TITLE = "DSMC"
VARIABLES = "ID" "X" "ρ" "v1" "Ttrans" "p" "p1" "q1" "mv1v1v1" "mvvv1v1"
ZONE T="Ma=9.0", I=800, J=1, K=1, F=POINT
1 -0.04995 8.83417e-05 2770.36 273.122 5.0245 5.02334 -1.19909 -1.96674 1438080.0
2 -0.04985 8.83417e-05 2770.36 273.119 5.02443 5.02334 -1.21681 -1.91014 1437980.0
3 -0.04975 8.83413e-05 2770.36 273.123 5.02449 5.02339 -1.21918 -1.96244 1438220.0
4 -0.04965 8.83419e-05 2770.36 273.121 5.0245 5.02336 -1.31177 -2.02697 1438490.0
5 -0.04955 8.83417e-05 2770.36 273.122 5.02449 5.02342 -1.3337 -2.06804 1438970.0
6 -0.04945 8.83425e-05 2770.36 273.124 5.02458 5.02352 -1.49955 -2.35124 1440030.0
7 -0.04935 8.83415e-05 2770.36 273.126 5.02455 5.0236 -1.59901 -2.50096 1440520.0
8 -0.04925 8.83415e-05 2770.36 273.128 5.02459 5.02353 -1.60248 -2.49187 1440720.0
9 -0.04915 8.83426e-05 2770.36 273.13 5.02469 5.02378 -1.73683 -2.68296 1441710.0
10 -0.04905 8.83415e-05 2770.36 273.128 5.02459 5.0236 -1.82447 -2.8265 1442230.0
11 -0.04895 8.83417e-05 2770.36 273.13 5.02463 5.02372 -1.96302 -2.96915 1442990.0
12 -0.04885 8.83419e-05 2770.36 273.132 5.0247 5.02368 -1.82771 -2.80692 1442530.0
13 -0.04875 8.83416e-05 2770.36 273.127 5.02459 5.0237 -1.92633 -2.99775 1443120.0
14 -0.04865 8.83417e-05 2770.36 273.131 5.02466 5.02378 -1.83284 -2.85688 1442630.0
15 -0.04855 8.83408e-05 2770.36 273.13 5.02459 5.02369 -1.9159 -3.05402 1443340.0
16 -0.04845 8.83427e-05 2770.36 273.132 5.02473 5.02392 -1.93501 -3.08579 1443520.0
17 -0.04835 8.8341e-05 2770.36 273.128 5.02457 5.02377 -2.01501 -3.19392 1444230.0
18 -0.04825 8.83417e-05 2770.36 273.133 5.02469 5.02381 -1.96325 -3.09128 1443540.0
19 -0.04815 8.83427e-05 2770.36 273.132 5.02474 5.02401 -2.07337 -3.30263 1444740.0
20 -0.04805 8.83407e-05 2770.36 273.135 5.02468 5.02384 -2.08003 -3.30437 1444620.0
21 -0.04795 8.83422e-05 2770.36 273.134 5.02475 5.02404 -2.27823 -3.55586 1445920.0
22 -0.04785 8.83421e-05 2770.36 273.136 5.02477 5.02406 -2.49732 -3.75959 1447110.0
23 -0.04775 8.83409e-05 2770.36 273.14 5.02477 5.02402 -2.53433 -3.85912 1447820.0
24 -0.04765 8.83422e-05 2770.36 273.143 5.0249 5.0242 -2.67233 -3.96113 1448390.0
25 -0.04755 8.83424e-05 2770.36 273.137 5.0248 5.02406 -2.59341 -3.93495 1448340.0
26 -0.04745 8.83415e-05 2770.36 273.141 5.02483 5.02414 -2.60288 -3.94178 1448410.0
27 -0.04735 8.83422e-05 2770.36 273.141 5.02486 5.02424 -2.81967 -4.26624 1450010.0
28 -0.04725 8.83421e-05 2770.36 273.143 5.0249 5.02429 -2.79157 -4.266 1450140.0
29 -0.04715 8.83412e-05 2770.36 273.142 5.02483 5.02424 -2.79553 -4.23455 1449940.0
30 -0.04705 8.83418e-05 2770.36 273.143 5.02487 5.02428 -2.98252 -4.51642 1451340.0
31 -0.04695 8.83417e-05 2770.36 273.147 5.02496 5.02438 -3.10895 -4.67069 1452250.0
32 -0.04685 8.83413e-05 2770.36 273.146 5.0249 5.02431 -3.17335 -4.75874 1452770.0
33 -0.04675 8.83416e-05 2770.36 273.146 5.02492 5.02442 -3.16706 -4.8147 1453230.0
34 -0.04665 8.8343e-05 2770.36 273.151 5.0251 5.02461 -3.39163 -5.11425 1454710.0
35 -0.04655 8.83418e-05 2770.36 273.151 5.02504 5.0246 -3.59456 -5.36011 1456050.0
36 -0.04645 8.83411e-05 2770.35 273.151 5.02499 5.02448 -3.42819 -5.18028 1455320.0
37 -0.04635 8.83414e-05 2770.35 273.15 5.02498 5.02452 -3.4001 -5.14886 1455330.0
38 -0.04625 8.83422e-05 2770.36 273.149 5.02502 5.02452 -3.53006 -5.33832 1456170.0
39 -0.04615 8.83426e-05 2770.36 273.153 5.02511 5.02477 -3.64056 -5.533 1457190.0
40 -0.04605 8.83406e-05 2770.35 273.154 5.02502 5.02467 -3.85267 -5.7751 1458540.0
41 -0.04595 8.83423e-05 2770.36 273.156 5.02515 5.02478 -3.84574 -5.83384 1458930.0
42 -0.04585 8.83419e-05 2770.35 273.158 5.02516 5.02478 -3.95456 -5.88696 1459560.0
43 -0.04575 8.83421e-05 2770.36 273.155 5.02512 5.02483 -3.98948 -5.97192 1460040.0
44 -0.04565 8.83421e-05 2770.35 273.159 5.0252 5.0249 -4.22645 -6.32509 1461470.0
45 -0.04555 8.83414e-05 2770.35 273.164 5.02526 5.02505 -4.32502 -6.45218 1462330.0
46 -0.04545 8.83414e-05 2770.35 273.161 5.02519 5.02488 -4.36825 -6.47735 1462720.0
47 -0.04535 8.83431e-05 2770.36 273.165 5.02537 5.0252 -4.57126 -6.67204 1464010.0
48 -0.04525 8.83417e-05 2770.35 273.166 5.0253 5.02516 -4.77338 -7.04696 1465560.0
49 -0.04515 8.83417e-05 2770.35 273.167 5.02533 5.0252 -4.63198 -6.89959 1465070.0
50 -0.04505 8.83422e-05 2770.36 273.169 5.02538 5.02526 -5.03635 -7.41391 1467430.0
51 -0.04495 8.83412e-05 2770.35 273.173 5.0254 5.02533 -5.06749 -7.53829 1468240.0
52 -0.04485 8.8342e-05 2770.35 273.171 5.0254 5.02539 -5.15042 -7.57005 1468710.0
53 -0.04475 8.83426e-05 2770.35 273.172 5.02546 5.02549 -5.09693 -7.6153 1468810.0
54 -0.04465 8.83413e-05 2770.35 273.174 5.02543 5.02547 -5.27008 -7.86411 1469540.0
55 -0.04455 8.83423e-05 2770.35 273.177 5.02555 5.02564 -5.4797 -8.18641 1471890.0
56 -0.04445 8.83422e-05 2770.35 273.177 5.02554 5.02567 -5.63141 -8.36346 1472840.0
57 -0.04435 8.83419e-05 2770.35 273.179 5.02555 5.02576 -5.82671 -8.61101 1474440.0
58 -0.04425 8.83418e-05 2770.35 273.185 5.02565 5.02592 -5.90008 -8.68089 1474800.0
59 -0.04415 8.83418e-05 2770.35 273.184 5.02563 5.02583 -6.05752 -8.97745 1476000.0
60 -0.04405 8.83428e-05 2770.35 273.184 5.0257 5.026 -6.07415 -9.02523 1477010.0
61 -0.04395 8.83414e-05 2770.35 273.187 5.02567 5.02593 -6.26077 -9.3103 1478260.0
62 -0.04385 8.83418e-05 2770.35 273.189 5.02573 5.02609 -6.50385 -9.63116 1479830.0
63 -0.04375 8.83425e-05 2770.35 273.191 5.0258 5.02618 -6.51581 -9.74226 1480590.0
64 -0.04365 8.83417e-05 2770.35 273.192 5.02578 5.02619 -6.64829 -9.94911 1481510.0
65 -0.04355 8.83422e-05 2770.35 273.197 5.02589 5.02636 -7.05083 -10.5442 1484440.0
66 -0.04345 8.83417e-05 2770.35 273.198 5.02589 5.02644 -7.07872 -10.5099 1484600.0
67 -0.04335 8.83419e-05 2770.35 273.201 5.02596 5.0265 -7.47856 -11.0841 1487710.0
68 -0.04325 8.83424e-05 2770.35 273.207 5.0261 5.02676 -7.76372 -11.433 1489570.0
69 -0.04315 8.83418e-05 2770.34 273.206 5.02604 5.02666 -7.93197 -11.6236 1490890.0
70 -0.04305 8.83422e-05 2770.35 273.213 5.0262 5.02691 -8.05131 -11.8823 1492380.0
71 -0.04295 8.83417e-05 2770.35 273.211 5.02613 5.02685 -8.29349 -12.2605 1494120.0
72 -0.04285 8.83418e-05 2770.35 273.215 5.02621 5.02702 -8.39381 -12.4513 1495320.0
73 -0.04275 8.83425e-05 2770.35 273.217 5.02629 5.02714 -8.62867 -12.7438 1497170.0
74 -0.04265 8.83429e-05 2770.35 273.221 5.02637 5.02724 -8.8065 -12.9906 1499160.0
75 -0.04255 8.83411e-05 2770.35 273.221 5.02628 5.0272 -8.91336 -13.2109 1499520.0
76 -0.04245 8.83416e-05 2770.35 273.227 5.02642 5.02745 -9.34913 -13.7299 1502790.0
77 -0.04235 8.8342e-05 2770.34 273.229 5.02648 5.02751 -9.46581 -14.0572 1504280.0
78 -0.04225 8.83428e-05 2770.35 273.231 5.02656 5.02769 -9.68925 -14.2974 1506060.0
79 -0.04215 8.83419e-05 2770.34 273.24 5.02667 5.0278 -10.3471 -15.0514 1510630.0
80 -0.04205 8.83418e-05 2770.34 273.243 5.02672 5.02793 -10.4191 -15.1839 1511440.0
81 -0.04195 8.83428e-05 2770.34 273.245 5.02681 5.02799 -10.7698 -15.7274 1514600.0
82 -0.04185 8.83429e-05 2770.34 273.247 5.02685 5.02808 -10.927 -15.9944 1515790.0
83 -0.04175 8.83412e-05 2770.34 273.246 5.02674 5.02795 -10.8753 -15.8633 1515950.0
84 -0.04165 8.83422e-05 2770.34 273.252 5.02691 5.02822 -11.243 -16.5021 1519200.0
85 -0.04155 8.83425e-05 2770.34 273.256 5.027 5.02835 -11.5692 -16.8627 1521130.0
86 -0.04145 8.83421e-05 2770.34 273.257 5.02699 5.0283 -11.4996 -16.9897 1521720.0
87 -0.04135 8.83425e-05 2770.34 273.261 5.02709 5.0286 -11.9271 -17.6228 1525090.0
88 -0.04125 8.83427e-05 2770.34 273.265 5.02718 5.02871 -12.2643 -17.9944 1527060.0
89 -0.04115 8.83414e-05 2770.34 273.267 5.02714 5.02867 -12.4819 -18.438 1529130.0
90 -0.04105 8.83429e-05 2770.34 273.278 5.02742 5.02919 -12.8809 -19.1903 1532850.0
91 -0.04095 8.83419e-05 2770.34 273.277 5.02735 5.02906 -13.2519 -19.5702 1534780.0
92 -0.04085 8.8343e-05 2770.34 273.286 5.02759 5.02944 -13.6158 -20.1063 1537760.0
93 -0.04075 8.83425e-05 2770.34 273.285 5.02754 5.02937 -13.9887 -20.5129 1540720.0
94 -0.04065 8.83421e-05 2770.34 273.29 5.0276 5.02938 -13.8889 -20.5134 1541390.0
95 -0.04055 8.83432e-05 2770.33 273.292 5.02771 5.02962 -14.2821 -21.0672 1543780.0
96 -0.04045 8.83423e-05 2770.34 273.301 5.02782 5.0299 -14.9439 -21.9703 1549110.0
97 -0.04035 8.83422e-05 2770.33 273.306 5.02791 5.02998 -15.2732 -22.4796 1551630.0
98 -0.04025 8.83429e-05 2770.34 273.306 5.02795 5.03005 -15.2916 -22.5942 1552120.0
99 -0.04015 8.83425e-05 2770.33 273.311 5.02801 5.03019 -15.7942 -23.4958 1556560.0
100 -0.04005 8.83427e-05 2770.34 273.323 5.02824 5.03058 -16.4375 -24.2214 1560480.0
101 -0.03995 8.83421e-05 2770.33 273.319 5.02814 5.03047 -16.4869 -24.4372 1561660.0
102 -0.03985 8.83429e-05 2770.33 273.331 5.02841 5.03087 -17.1002 -25.1736 1566380.0
103 -0.03975 8.83432e-05 2770.33 273.335 5.02849 5.03087 -17.3558 -25.556 1568320.0
104 -0.03965 8.83428e-05 2770.33 273.335 5.02848 5.03095 -17.6146 -25.9799 1571490.0
105 -0.03955 8.83428e-05 2770.33 273.345 5.02866 5.03127 -18.3086 -26.8096 1576240.0
106 -0.03945 8.83422e-05 2770.33 273.354 5.02879 5.03145 -18.7455 -27.421 1579850.0
107 -0.03935 8.8343e-05 2770.33 273.358 5.0289 5.0317 -19.3134 -28.172 1583340.0
108 -0.03925 8.83425e-05 2770.33 273.367 5.02904 5.03197 -19.8006 -29.2192 1588710.0
109 -0.03915 8.83432e-05 2770.33 273.37 5.02915 5.03216 -20.1562 -29.5936 1590350.0
110 -0.03905 8.83427e-05 2770.32 273.379 5.02927 5.03236 -20.6439 -30.2848 1595080.0
111 -0.03895 8.83433e-05 2770.32 273.389 5.02949 5.03273 -21.5799 -31.4458 1602290.0
112 -0.03885 8.83439e-05 2770.32 273.389 5.02953 5.03276 -21.5722 -31.6224 1602580.0
113 -0.03875 8.83422e-05 2770.32 273.393 5.02951 5.03297 -21.9026 -32.3268 1605450.0
114 -0.03865 8.83421e-05 2770.32 273.401 5.02965 5.03326 -22.3012 -33.2711 1609840.0
115 -0.03855 8.83432e-05 2770.32 273.412 5.02992 5.03361 -23.3424 -34.3525 1616510.0
116 -0.03845 8.83432e-05 2770.32 273.423 5.03011 5.0339 -24.0695 -35.3077 1622490.0
117 -0.03835 8.83427e-05 2770.32 273.43 5.03021 5.03397 -24.5264 -35.8804 1626290.0
118 -0.03825 8.83436e-05 2770.32 273.44 5.03045 5.03447 -25.3923 -37.1053 1632290.0
119 -0.03815 8.8343e-05 2770.32 273.446 5.03052 5.03465 -25.9843 -38.1548 1637800.0
120 -0.03805 8.83434e-05 2770.32 273.458 5.03076 5.03492 -26.661 -39.0062 1643410.0
121 -0.03795 8.83427e-05 2770.31 273.464 5.03085 5.03516 -27.2929 -39.9917 1648160.0
122 -0.03785 8.8344e-05 2770.31 273.482 5.03125 5.03581 -28.512 -41.5922 1656390.0
123 -0.03775 8.83424e-05 2770.31 273.486 5.03123 5.03579 -29.083 -42.3582 1662150.0
124 -0.03765 8.83436e-05 2770.31 273.5 5.03156 5.03631 -29.827 -43.1596 1667430.0
125 -0.03755 8.83431e-05 2770.31 273.503 5.03158 5.03643 -30.3333 -44.4901 1672900.0
126 -0.03745 8.83433e-05 2770.31 273.513 5.03178 5.03685 -30.9024 -45.4067 1678370.0
127 -0.03735 8.83437e-05 2770.31 273.521 5.03195 5.03709 -31.4826 -46.2867 1682480.0
128 -0.03725 8.83432e-05 2770.31 273.531 5.0321 5.03743 -32.4671 -47.5579 1690090.0
129 -0.03715 8.83435e-05 2770.3 273.551 5.03249 5.03803 -33.6481 -49.2766 1699500.0
130 -0.03705 8.83431e-05 2770.3 273.549 5.03243 5.03805 -33.8021 -49.7191 1701640.0
131 -0.03695 8.8345e-05 2770.3 273.571 5.03293 5.03871 -35.2528 -51.8386 1712880.0
132 -0.03685 8.83433e-05 2770.3 273.58 5.03301 5.039 -35.9258 -52.7931 1718250.0
133 -0.03675 8.8344e-05 2770.3 273.586 5.03316 5.03927 -36.3713 -53.6978 1723440.0
134 -0.03665 8.83437e-05 2770.3 273.601 5.03342 5.03977 -37.5748 -55.4184 1731170.0
135 -0.03655 8.8344e-05 2770.29 273.607 5.03355 5.04008 -38.111 -56.4055 1737620.0
136 -0.03645 8.83439e-05 2770.29 273.621 5.0338 5.04033 -39.0758 -57.5889 1744720.0
137 -0.03635 8.83441e-05 2770.29 273.636 5.03408 5.04089 -40.2941 -59.2403 1754630.0
138 -0.03625 8.83447e-05 2770.29 273.648 5.03434 5.04121 -41.0662 -60.3142 1760680.0
139 -0.03615 8.83437e-05 2770.29 273.669 5.03467 5.04197 -42.6622 -62.8315 1773020.0
140 -0.03605 8.83443e-05 2770.29 273.683 5.03496 5.04237 -43.8207 -64.2728 1781880.0
141 -0.03595 8.83444e-05 2770.28 273.702 5.03532 5.04307 -45.3052 -66.4195 1792120.0
142 -0.03585 8.83449e-05 2770.28 273.722 5.0357 5.04363 -46.6937 -68.6281 1805200.0
143 -0.03575 8.83445e-05 2770.28 273.731 5.03586 5.04392 -47.4405 -69.533 1810240.0
144 -0.03565 8.83447e-05 2770.28 273.746 5.03615 5.04445 -48.5871 -71.4884 1820220.0
145 -0.03555 8.83438e-05 2770.27 273.76 5.03635 5.04485 -49.6269 -73.2345 1829460.0
146 -0.03545 8.83445e-05 2770.27 273.778 5.03672 5.04534 -50.9251 -74.9537 1838670.0
147 -0.03535 8.83449e-05 2770.27 273.792 5.03701 5.04587 -51.9084 -76.4569 1847320.0
148 -0.03525 8.83446e-05 2770.27 273.809 5.03729 5.04635 -53.3121 -78.6109 1858940.0
149 -0.03515 8.83452e-05 2770.27 273.822 5.03758 5.04695 -54.3752 -80.2164 1868290.0
150 -0.03505 8.8344e-05 2770.26 273.847 5.03796 5.04747 -56.1827 -82.66 1881680.0
151 -0.03495 8.83451e-05 2770.26 273.858 5.03823 5.04809 -57.1127 -84.0506 1889080.0
152 -0.03485 8.83448e-05 2770.26 273.881 5.03864 5.04865 -58.6369 -86.4345 1901630.0
153 -0.03475 8.83453e-05 2770.26 273.899 5.039 5.04926 -60.1139 -88.4577 1913230.0
154 -0.03465 8.83448e-05 2770.25 273.921 5.03937 5.05002 -61.887 -91.209 1927530.0
155 -0.03455 8.8345e-05 2770.25 273.938 5.03969 5.05062 -63.155 -93.2239 1938790.0
156 -0.03445 8.83456e-05 2770.25 273.961 5.04015 5.05126 -64.6455 -95.3176 1949660.0
157 -0.03435 8.83451e-05 2770.24 273.987 5.04059 5.05211 -66.6261 -98.1685 1965210.0
158 -0.03425 8.83447e-05 2770.24 274.009 5.04098 5.05289 -68.5968 -101.213 1981520.0
159 -0.03415 8.83462e-05 2770.24 274.027 5.0414 5.05357 -69.7867 -103.274 1991460.0
160 -0.03405 8.8346e-05 2770.23 274.055 5.0419 5.05439 -71.7774 -106.18 2007760.0
161 -0.03395 8.83457e-05 2770.23 274.076 5.04227 5.05501 -73.6845 -108.793 2023270.0
162 -0.03385 8.83457e-05 2770.23 274.107 5.04283 5.05595 -75.8675 -111.805 2040780.0
163 -0.03375 8.83457e-05 2770.22 274.138 5.04341 5.05706 -78.2526 -115.32 2057060.0
164 -0.03365 8.83464e-05 2770.22 274.165 5.04396 5.05798 -80.1704 -118.215 2073740.0
165 -0.03355 8.83462e-05 2770.22 274.187 5.04435 5.05862 -82.005 -120.934 2088330.0
166 -0.03345 8.83457e-05 2770.22 274.212 5.04477 5.05936 -83.5338 -123.261 2102340.0
167 -0.03335 8.83464e-05 2770.21 274.232 5.04518 5.06017 -85.6436 -126.507 2119770.0
168 -0.03325 8.83476e-05 2770.21 274.259 5.04575 5.06091 -87.1616 -128.473 2132960.0
169 -0.03315 8.83465e-05 2770.2 274.285 5.04616 5.06163 -89.3644 -132.113 2152330.0
170 -0.03305 8.83465e-05 2770.2 274.318 5.04678 5.06277 -91.8011 -135.436 2169640.0
171 -0.03295 8.83468e-05 2770.19 274.346 5.04731 5.06363 -94.1577 -139.005 2190250.0
172 -0.03285 8.83463e-05 2770.19 274.376 5.04783 5.06453 -96.0721 -141.821 2205600.0
173 -0.03275 8.83471e-05 2770.19 274.413 5.04856 5.06591 -99.1535 -146.44 2229070.0
174 -0.03265 8.83474e-05 2770.18 274.449 5.04924 5.06706 -101.613 -150.044 2248180.0
175 -0.03255 8.83474e-05 2770.18 274.492 5.05002 5.06837 -105.023 -154.791 2275440.0
176 -0.03245 8.8348e-05 2770.17 274.52 5.05057 5.06937 -107.078 -158.049 2291750.0
177 -0.03235 8.83476e-05 2770.17 274.554 5.05117 5.07044 -109.501 -161.666 2312510.0
178 -0.03225 8.83478e-05 2770.16 274.594 5.05192 5.07169 -112.812 -165.961 2335970.0
179 -0.03215 8.83478e-05 2770.16 274.637 5.05271 5.07303 -115.716 -170.524 2361260.0
180 -0.03205 8.83477e-05 2770.15 274.675 5.0534 5.0743 -119.008 -175.508 2387770.0
181 -0.03195 8.83486e-05 2770.15 274.722 5.05433 5.07586 -122.331 -179.958 2412320.0
182 -0.03185 8.83489e-05 2770.14 274.762 5.05506 5.07709 -125.403 -184.645 2437390.0
183 -0.03175 8.83492e-05 2770.14 274.803 5.05584 5.07847 -128.566 -189.242 2462890.0
184 -0.03165 8.8348e-05 2770.13 274.847 5.05659 5.07993 -131.826 -194.327 2488100.0
185 -0.03155 8.83492e-05 2770.13 274.896 5.05756 5.08137 -135.507 -199.36 2517920.0
186 -0.03145 8.83495e-05 2770.12 274.933 5.05825 5.08251 -138.125 -203.111 2537940.0
187 -0.03135 8.83489e-05 2770.11 274.973 5.05896 5.08396 -141.665 -208.858 2569760.0
188 -0.03125 8.83504e-05 2770.11 275.02 5.0599 5.08549 -144.699 -213.628 2594600.0
189 -0.03115 8.83496e-05 2770.1 275.053 5.06048 5.0867 -147.526 -218.233 2617620.0
190 -0.03105 8.83496e-05 2770.1 275.111 5.06154 5.08841 -151.647 -223.932 2649540.0
191 -0.03095 8.83507e-05 2770.09 275.167 5.06263 5.09047 -156.165 -231.062 2686650.0
192 -0.03085 8.83505e-05 2770.08 275.225 5.06369 5.09241 -160.304 -237.08 2717430.0
193 -0.03075 8.83506e-05 2770.08 275.268 5.06448 5.09358 -163.634 -241.702 2746320.0
194 -0.03065 8.83519e-05 2770.07 275.327 5.06564 5.09542 -168.244 -248.238 2782960.0
195 -0.03055 8.83498e-05 2770.06 275.381 5.06652 5.09715 -172.246 -254.368 2815630.0
196 -0.03045 8.8352e-05 2770.05 275.439 5.06771 5.09916 -176.639 -260.997 2850790.0
197 -0.03035 8.83521e-05 2770.04 275.509 5.069 5.10153 -181.623 -268.605 2887360.0
198 -0.03025 8.83512e-05 2770.04 275.564 5.06997 5.10331 -185.797 -274.903 2921960.0
199 -0.03015 8.83516e-05 2770.02 275.63 5.07121 5.10565 -191.398 -283.575 2968650.0
200 -0.03005 8.83533e-05 2770.02 275.703 5.07264 5.108 -196.569 -290.898 3007760.0
201 -0.02995 8.83528e-05 2770.01 275.754 5.07356 5.10959 -200.305 -296.991 3039320.0
202 -0.02985 8.83536e-05 2770.0 275.829 5.07497 5.11205 -206.078 -305.527 3088840.0
203 -0.02975 8.83528e-05 2769.99 275.895 5.07614 5.11401 -211.07 -312.282 3125300.0
204 -0.02965 8.83541e-05 2769.98 275.958 5.07737 5.11623 -215.741 -319.579 3164790.0
205 -0.02955 8.83534e-05 2769.97 276.039 5.07883 5.11869 -221.793 -328.442 3212210.0
206 -0.02945 8.83551e-05 2769.96 276.116 5.08035 5.12139 -227.725 -337.421 3260350.0
207 -0.02935 8.83548e-05 2769.95 276.187 5.08164 5.12345 -233.29 -345.154 3305140.0
208 -0.02925 8.83545e-05 2769.95 276.251 5.08279 5.12558 -237.837 -352.492 3345100.0
209 -0.02915 8.83552e-05 2769.93 276.322 5.08413 5.12782 -243.45 -360.76 3390180.0
210 -0.02905 8.83558e-05 2769.92 276.404 5.08567 5.13063 -249.427 -370.032 3438920.0
211 -0.02895 8.83562e-05 2769.91 276.485 5.0872 5.13324 -255.654 -379.251 3488110.0
212 -0.02885 8.83556e-05 2769.9 276.577 5.08886 5.13598 -262.572 -388.891 3543050.0
213 -0.02875 8.83568e-05 2769.89 276.684 5.09089 5.13968 -270.891 -401.224 3607030.0
214 -0.02865 8.83568e-05 2769.87 276.78 5.09267 5.14267 -278.195 -411.972 3664450.0
215 -0.02855 8.8358e-05 2769.86 276.896 5.09486 5.14651 -286.631 -424.506 3730600.0
216 -0.02845 8.83575e-05 2769.84 276.994 5.09663 5.1495 -293.887 -434.674 3785770.0
217 -0.02835 8.83592e-05 2769.84 277.091 5.09852 5.153 -301.514 -446.688 3849230.0
218 -0.02825 8.83589e-05 2769.81 277.207 5.10063 5.15668 -310.342 -459.027 3917170.0
219 -0.02815 8.83595e-05 2769.8 277.322 5.10279 5.16041 -318.677 -471.373 3979960.0
220 -0.02805 8.83609e-05 2769.79 277.437 5.10498 5.16437 -327.488 -484.551 4050990.0
221 -0.02795 8.836e-05 2769.77 277.555 5.10709 5.16817 -336.801 -498.599 4127310.0
222 -0.02785 8.83611e-05 2769.76 277.671 5.1093 5.17183 -345.159 -510.629 4191960.0
223 -0.02775 8.83621e-05 2769.74 277.802 5.11177 5.17591 -355.335 -524.774 4271230.0
224 -0.02765 8.83613e-05 2769.72 277.914 5.11378 5.1795 -363.677 -537.466 4339300.0
225 -0.02755 8.83628e-05 2769.71 278.037 5.11613 5.18369 -372.873 -551.365 4412310.0
226 -0.02745 8.83629e-05 2769.69 278.139 5.11801 5.18694 -380.617 -563.476 4479720.0
227 -0.02735 8.83642e-05 2769.67 278.277 5.12064 5.19159 -390.928 -578.433 4557160.0
228 -0.02725 8.8365e-05 2769.66 278.434 5.12356 5.19667 -403.142 -596.221 4656070.0
229 -0.02715 8.83644e-05 2769.63 278.598 5.12656 5.20197 -415.198 -613.617 4744010.0
230 -0.02705 8.83651e-05 2769.61 278.75 5.12939 5.20706 -426.818 -630.948 4838240.0
231 -0.02695 8.8367e-05 2769.6 278.874 5.13178 5.211 -436.149 -645.142 4914780.0
232 -0.02685 8.83674e-05 2769.57 279.029 5.13465 5.21598 -447.677 -662.149 5007150.0
233 -0.02675 8.83676e-05 2769.55 279.174 5.13734 5.22078 -459.142 -679.331 5101350.0
234 -0.02665 8.83685e-05 2769.53 279.347 5.14057 5.22629 -471.686 -697.199 5197120.0
235 -0.02655 8.83692e-05 2769.51 279.507 5.14355 5.23168 -483.82 -715.98 5292640.0
236 -0.02645 8.83701e-05 2769.49 279.693 5.14704 5.23785 -498.141 -737.174 5409110.0
237 -0.02635 8.83701e-05 2769.45 279.892 5.15069 5.24425 -512.934 -758.324 5518930.0
238 -0.02625 8.83713e-05 2769.44 280.063 5.1539 5.25007 -525.839 -778.037 5623640.0
239 -0.02615 8.83726e-05 2769.41 280.206 5.15662 5.25484 -536.79 -795.369 5715270.0
240 -0.02605 8.83732e-05 2769.39 280.408 5.16038 5.26135 -551.837 -817.751 5836930.0
241 -0.02595 8.83735e-05 2769.36 280.609 5.16408 5.26772 -567.189 -839.434 5954900.0
242 -0.02585 8.83738e-05 2769.34 280.791 5.16746 5.2737 -581.04 -860.542 6066250.0
243 -0.02575 8.83756e-05 2769.31 281.001 5.17143 5.28045 -596.787 -883.497 6191910.0
244 -0.02565 8.83768e-05 2769.29 281.182 5.17483 5.28664 -610.444 -905.021 6304310.0
245 -0.02555 8.83766e-05 2769.26 281.393 5.17869 5.29355 -626.414 -928.744 6429690.0
246 -0.02545 8.83776e-05 2769.22 281.635 5.18321 5.30131 -644.685 -955.102 6571710.0
247 -0.02535 8.83791e-05 2769.19 281.856 5.18735 5.30859 -661.096 -979.859 6701870.0
248 -0.02525 8.83798e-05 2769.16 282.093 5.19176 5.31619 -679.174 -1006.1 6845450.0
249 -0.02515 8.83812e-05 2769.13 282.336 5.19632 5.32425 -697.442 -1033.28 6989340.0
250 -0.02505 8.83821e-05 2769.1 282.575 5.20076 5.332 -715.71 -1060.41 7134720.0
251 -0.02495 8.83826e-05 2769.07 282.819 5.20529 5.34017 -733.769 -1087.98 7278800.0
252 -0.02485 8.83849e-05 2769.03 283.082 5.21027 5.34877 -753.997 -1118.03 7439720.0
253 -0.02475 8.83853e-05 2768.99 283.387 5.2159 5.35817 -776.804 -1149.49 7613270.0
254 -0.02465 8.83862e-05 2768.95 283.679 5.22133 5.36822 -799.201 -1183.66 7789580.0
255 -0.02455 8.83884e-05 2768.91 283.967 5.22677 5.37761 -820.064 -1214.51 7949880.0
256 -0.02445 8.83893e-05 2768.87 284.259 5.23219 5.38738 -842.891 -1248.82 8133540.0
257 -0.02435 8.83908e-05 2768.83 284.567 5.23795 5.39778 -866.143 -1283.94 8316890.0
258 -0.02425 8.83915e-05 2768.79 284.853 5.24325 5.40729 -887.513 -1316.55 8486020.0
259 -0.02415 8.83933e-05 2768.75 285.158 5.24897 5.41713 -910.616 -1350.73 8674340.0
260 -0.02405 8.83946e-05 2768.7 285.506 5.25545 5.42848 -936.897 -1388.76 8874500.0
261 -0.02395 8.83974e-05 2768.66 285.829 5.26157 5.43976 -961.033 -1426.35 9065990.0
262 -0.02385 8.83975e-05 2768.61 286.155 5.26758 5.45012 -986.098 -1463.13 9266750.0
263 -0.02375 8.8399e-05 2768.57 286.53 5.27456 5.46208 -1014.33 -1503.54 9487190.0
264 -0.02365 8.83994e-05 2768.52 286.856 5.28059 5.47317 -1038.51 -1541.58 9680810.0
265 -0.02355 8.84026e-05 2768.47 287.267 5.28836 5.48677 -1069.65 -1587.45 9923430.0
266 -0.02345 8.84054e-05 2768.42 287.63 5.2952 5.49857 -1097.59 -1628.11 10144000.0
267 -0.02335 8.84047e-05 2768.36 288.02 5.30233 5.51142 -1126.67 -1672.36 10376300.0
268 -0.02325 8.84076e-05 2768.31 288.442 5.31028 5.525 -1158.33 -1718.17 10621700.0
269 -0.02315 8.84091e-05 2768.25 288.838 5.31766 5.53814 -1188.83 -1764.11 10865000.0
270 -0.02305 8.84107e-05 2768.19 289.271 5.32572 5.55276 -1220.92 -1812.71 11114800.0
271 -0.02295 8.84138e-05 2768.14 289.685 5.33354 5.56643 -1252.37 -1860.17 11367100.0
272 -0.02285 8.84146e-05 2768.07 290.147 5.34209 5.58209 -1286.98 -1912.38 11634000.0
273 -0.02275 8.84169e-05 2768.01 290.631 5.35115 5.59856 -1323.81 -1968.1 11921700.0
274 -0.02265 8.84189e-05 2767.94 291.11 5.36009 5.61403 -1359.86 -2020.66 12202400.0
275 -0.02255 8.84214e-05 2767.88 291.576 5.36883 5.62955 -1395.15 -2073.98 12485600.0
276 -0.02245 8.84234e-05 2767.81 292.105 5.37869 5.64675 -1435.1 -2132.49 12796000.0
277 -0.02235 8.84251e-05 2767.74 292.605 5.38799 5.66298 -1472.27 -2187.55 13088500.0
278 -0.02225 8.84285e-05 2767.66 293.162 5.39847 5.68215 -1515.24 -2252.62 13423000.0
279 -0.02215 8.84309e-05 2767.59 293.729 5.40905 5.70063 -1557.22 -2314.16 13751300.0
280 -0.02205 8.84315e-05 2767.51 294.296 5.41952 5.71927 -1600.28 -2377.89 14083400.0
281 -0.02195 8.84351e-05 2767.44 294.87 5.43031 5.73829 -1643.28 -2441.98 14422400.0
282 -0.02185 8.84386e-05 2767.36 295.473 5.44164 5.75764 -1689.12 -2508.84 14784000.0
283 -0.02175 8.84403e-05 2767.26 296.155 5.45431 5.7803 -1740.8 -2584.14 15177900.0
284 -0.02165 8.84425e-05 2767.18 296.764 5.46565 5.80048 -1785.96 -2652.3 15530000.0
285 -0.02155 8.84466e-05 2767.1 297.402 5.47766 5.82165 -1834.61 -2725.16 15918500.0
286 -0.02145 8.84493e-05 2767.0 298.098 5.49064 5.84495 -1887.25 -2803.91 16326200.0
287 -0.02135 8.84521e-05 2766.91 298.777 5.50333 5.86684 -1937.79 -2877.29 16714500.0
288 -0.02125 8.84558e-05 2766.82 299.444 5.51583 5.88925 -1988.84 -2955.61 17129600.0
289 -0.02115 8.84581e-05 2766.72 300.142 5.52883 5.91224 -2041.51 -3034.23 17543900.0
290 -0.02105 8.84611e-05 2766.62 300.935 5.54364 5.938 -2100.92 -3120.49 17998800.0
291 -0.02095 8.84642e-05 2766.51 301.722 5.55832 5.96377 -2160.6 -3208.76 18466600.0
292 -0.02085 8.84673e-05 2766.41 302.493 5.57272 5.98906 -2218.6 -3295.1 18922700.0
293 -0.02075 8.84716e-05 2766.3 303.3 5.58786 6.01613 -2279.21 -3386.27 19395500.0
294 -0.02065 8.84759e-05 2766.18 304.179 5.60433 6.04571 -2345.87 -3485.88 19912100.0
295 -0.02055 8.84784e-05 2766.05 305.057 5.62067 6.07523 -2412.11 -3585.69 20429000.0
296 -0.02045 8.84836e-05 2765.94 305.968 5.63779 6.10486 -2480.16 -3684.66 20952100.0
297 -0.02035 8.84863e-05 2765.81 306.836 5.65396 6.13383 -2545.94 -3784.28 21472800.0
298 -0.02025 8.84914e-05 2765.68 307.797 5.672 6.16633 -2618.82 -3893.89 22042400.0
299 -0.02015 8.84961e-05 2765.55 308.778 5.69038 6.19954 -2692.67 -4005.53 22615400.0
300 -0.02005 8.84997e-05 2765.41 309.811 5.70963 6.2335 -2770.41 -4119.96 23216000.0
301 -0.01995 8.85032e-05 2765.27 310.809 5.72825 6.26628 -2845.32 -4231.28 23800900.0
302 -0.01985 8.85092e-05 2765.12 311.915 5.74902 6.30359 -2929.01 -4356.53 24448900.0
303 -0.01975 8.85147e-05 2764.97 313.001 5.7694 6.33938 -3011.26 -4477.94 25089500.0
304 -0.01965 8.8518e-05 2764.83 314.063 5.78919 6.3749 -3090.26 -4597.57 25707400.0
305 -0.01955 8.85227e-05 2764.66 315.267 5.8117 6.41541 -3181.74 -4733.64 26413400.0
306 -0.01945 8.85294e-05 2764.51 316.467 5.83427 6.45484 -3272.01 -4866.78 27115000.0
307 -0.01935 8.85342e-05 2764.33 317.698 5.85726 6.49582 -3365.07 -5004.93 27834300.0
308 -0.01925 8.85399e-05 2764.16 318.962 5.88095 6.53842 -3459.41 -5146.68 28562400.0
309 -0.01915 8.85443e-05 2763.99 320.219 5.90442 6.57988 -3554.41 -5288.73 29309900.0
310 -0.01905 8.85525e-05 2763.82 321.514 5.92886 6.62245 -3651.92 -5432.57 30070200.0
311 -0.01895 8.85556e-05 2763.61 322.955 5.95562 6.6709 -3760.85 -5595.92 30912700.0
312 -0.01885 8.85634e-05 2763.43 324.323 5.98139 6.71649 -3863.22 -5748.94 31707900.0
313 -0.01875 8.85693e-05 2763.22 325.811 6.00922 6.7661 -3976.32 -5917.27 32587300.0
314 -0.01865 8.85768e-05 2763.02 327.333 6.03781 6.81739 -4089.9 -6087.27 33456400.0
315 -0.01855 8.85825e-05 2762.81 328.849 6.06616 6.86763 -4204.26 -6256.8 34344400.0
316 -0.01845 8.85898e-05 2762.6 330.399 6.09526 6.91954 -4320.98 -6432.39 35259700.0
317 -0.01835 8.85967e-05 2762.39 331.929 6.12396 6.97071 -4435.3 -6604.7 36149600.0
318 -0.01825 8.8603e-05 2762.16 333.61 6.15542 7.0265 -4562.79 -6793.51 37135900.0
319 -0.01815 8.86126e-05 2761.91 335.41 6.1893 7.08776 -4698.04 -6996.02 38171700.0
320 -0.01805 8.86193e-05 2761.66 337.278 6.22424 7.14915 -4838.83 -7201.07 39244400.0
321 -0.01795 8.86279e-05 2761.41 339.089 6.25826 7.21072 -4974.89 -7406.33 40296200.0
322 -0.01785 8.86363e-05 2761.15 340.966 6.29351 7.27319 -5116.29 -7617.06 41394200.0
323 -0.01775 8.86448e-05 2760.89 342.888 6.3296 7.33783 -5261.03 -7834.0 42514700.0
324 -0.01765 8.86538e-05 2760.61 344.909 6.36754 7.40517 -5412.56 -8059.59 43684600.0
325 -0.01755 8.86624e-05 2760.32 346.996 6.4067 7.47459 -5569.47 -8290.99 44882900.0
326 -0.01745 8.86725e-05 2760.03 349.178 6.44771 7.547 -5734.38 -8533.57 46156500.0
327 -0.01735 8.86815e-05 2759.73 351.305 6.48764 7.61901 -5894.24 -8774.69 47393600.0
328 -0.01725 8.86916e-05 2759.43 353.553 6.52991 7.69449 -6062.52 -9025.37 48683600.0
329 -0.01715 8.87011e-05 2759.11 355.849 6.57302 7.77101 -6235.17 -9282.34 50021500.0
330 -0.01705 8.87121e-05 2758.78 358.264 6.61844 7.85219 -6417.19 -9552.85 51418100.0
331 -0.01695 8.87235e-05 2758.45 360.665 6.66365 7.93235 -6597.0 -9820.96 52806500.0
332 -0.01685 8.87337e-05 2758.11 363.141 6.71017 8.01634 -6784.23 -10103.0 54262900.0
333 -0.01675 8.87454e-05 2757.74 365.788 6.75998 8.10542 -6980.82 -10395.4 55750200.0
334 -0.01665 8.8757e-05 2757.37 368.478 6.81058 8.19563 -7183.7 -10696.9 57314600.0
335 -0.01655 8.87703e-05 2756.98 371.287 6.86352 8.29085 -7394.77 -11011.7 58924200.0
336 -0.01645 8.8783e-05 2756.59 374.088 6.9163 8.38664 -7605.66 -11331.4 60558100.0
337 -0.01635 8.87952e-05 2756.2 376.961 6.97036 8.48285 -7820.04 -11651.3 62203100.0
338 -0.01625 8.88092e-05 2755.78 380.005 7.02777 8.5851 -8048.7 -11990.5 63952600.0
339 -0.01615 8.88218e-05 2755.35 383.128 7.08652 8.69025 -8283.01 -12340.4 65751100.0
340 -0.01605 8.88375e-05 2754.9 386.348 7.14734 8.7988 -8524.25 -12698.2 67588600.0
341 -0.01595 8.88524e-05 2754.44 389.726 7.21104 8.91254 -8779.02 -13076.4 69540200.0
342 -0.01585 8.88664e-05 2753.98 393.018 7.2731 9.02322 -9024.35 -13443.6 71426200.0
343 -0.01575 8.88824e-05 2753.49 396.597 7.34066 9.14514 -9293.18 -13846.2 73481300.0
344 -0.01565 8.88993e-05 2752.99 400.177 7.40832 9.26702 -9561.42 -14248.1 75532600.0
345 -0.01555 8.89162e-05 2752.45 404.08 7.482 9.39885 -9854.3 -14681.4 77750500.0
346 -0.01545 8.89337e-05 2751.94 407.751 7.55146 9.52437 -10128.1 -15096.3 79858600.0
347 -0.01535 8.89509e-05 2751.37 411.802 7.62795 9.66116 -10432.3 -15546.7 82170000.0
348 -0.01525 8.89688e-05 2750.8 415.959 7.70651 9.80172 -10743.3 -16008.6 84534900.0
349 -0.01515 8.89894e-05 2750.22 420.157 7.7861 9.94317 -11058.2 -16475.3 86937900.0
350 -0.01505 8.90082e-05 2749.61 424.577 7.86967 10.0925 -11388.5 -16964.8 89443500.0
351 -0.01495 8.9028e-05 2749.0 428.945 7.9524 10.2416 -11715.5 -17455.2 91942100.0
352 -0.01485 8.90499e-05 2748.35 433.579 8.04029 10.4 -12061.6 -17974.5 94575000.0
353 -0.01475 8.90696e-05 2747.7 438.197 8.12772 10.5586 -12408.3 -18498.7 97245600.0
354 -0.01465 8.90912e-05 2747.02 443.11 8.22084 10.7242 -12773.7 -19038.4 99998300.0
355 -0.01455 8.91159e-05 2746.3 448.266 8.31881 10.9007 -13158.4 -19612.6 102906000.0
356 -0.01445 8.9138e-05 2745.57 453.476 8.41757 11.0779 -13549.5 -20195.9 105890000.0
357 -0.01435 8.91635e-05 2744.82 458.815 8.51912 11.2617 -13947.0 -20792.8 108900000.0
358 -0.01425 8.91884e-05 2744.05 464.356 8.62441 11.4508 -14360.6 -21409.6 112032000.0
359 -0.01415 8.92138e-05 2743.25 470.099 8.73355 11.6456 -14789.0 -22043.9 115275000.0
360 -0.01405 8.9242e-05 2742.43 476.013 8.84623 11.8468 -15231.9 -22700.3 118629000.0
361 -0.01395 8.92682e-05 2741.57 482.095 8.96189 12.0539 -15681.8 -23367.0 121999000.0
362 -0.01385 8.92977e-05 2740.69 488.368 9.0815 12.2708 -16152.7 -24075.2 125587000.0
363 -0.01375 8.9326e-05 2739.81 494.676 9.20171 12.4866 -16619.9 -24772.9 129116000.0
364 -0.01365 8.93573e-05 2738.87 501.357 9.32924 12.7148 -17119.0 -25513.1 132886000.0
365 -0.01355 8.9389e-05 2737.9 508.251 9.46089 12.9515 -17632.5 -26277.8 136760000.0
366 -0.01345 8.942e-05 2736.92 515.264 9.59476 13.1908 -18152.0 -27049.2 140664000.0
367 -0.01335 8.94539e-05 2735.9 522.484 9.7329 13.4406 -18689.8 -27855.2 144731000.0
368 -0.01325 8.94891e-05 2734.86 529.855 9.87408 13.6953 -19237.1 -28675.8 148866000.0
369 -0.01315 8.95231e-05 2733.77 537.581 10.0219 13.9614 -19812.6 -29535.1 153215000.0
370 -0.01305 8.95618e-05 2732.64 545.672 10.1771 14.2381 -20411.8 -30417.7 157680000.0
371 -0.01295 8.95985e-05 2731.49 553.791 10.3328 14.5188 -21015.1 -31321.2 162246000.0
372 -0.01285 8.96368e-05 2730.33 562.042 10.4912 14.8016 -21626.2 -32228.8 166846000.0
373 -0.01275 8.96779e-05 2729.07 570.953 10.6624 15.109 -22286.1 -33206.9 171771000.0
374 -0.01265 8.97197e-05 2727.8 579.92 10.8349 15.4193 -22951.1 -34197.9 176771000.0
375 -0.01255 8.97627e-05 2726.5 589.023 11.0103 15.7358 -23624.3 -35206.7 181832000.0
376 -0.01245 8.9807e-05 2725.16 598.623 11.1952 16.0649 -24335.4 -36255.3 187162000.0
377 -0.01235 8.98533e-05 2723.73 608.553 11.3868 16.4117 -25068.3 -37349.8 192617000.0
378 -0.01225 8.99016e-05 2722.3 618.718 11.5832 16.7633 -25819.2 -38462.3 198223000.0
379 -0.01215 8.9951e-05 2720.79 629.298 11.7878 17.132 -26600.8 -39626.1 204053000.0
380 -0.01205 9.00017e-05 2719.27 639.913 11.9934 17.503 -27382.9 -40798.0 209913000.0
381 -0.01195 9.00545e-05 2717.65 651.202 12.2121 17.8971 -28214.7 -42033.4 216087000.0
382 -0.01185 9.01083e-05 2716.03 662.654 12.4343 18.2953 -29058.8 -43287.0 222386000.0
383 -0.01175 9.01662e-05 2714.3 674.688 12.6682 18.7161 -29944.9 -44601.5 228953000.0
384 -0.01165 9.02253e-05 2712.52 687.114 12.91 19.1513 -30856.9 -45953.7 235692000.0
385 -0.01155 9.02845e-05 2710.74 699.535 13.152 19.587 -31769.1 -47315.1 242493000.0
386 -0.01145 9.03468e-05 2708.86 712.65 13.4078 20.0452 -32732.0 -48738.7 249616000.0
387 -0.01135 9.04105e-05 2706.95 726.026 13.6691 20.5117 -33712.3 -50188.6 256887000.0
388 -0.01125 9.04777e-05 2704.99 739.718 13.9373 20.9931 -34716.0 -51680.2 264340000.0
389 -0.01115 9.05454e-05 2702.91 754.051 14.2179 21.4977 -35764.8 -53235.5 272076000.0
390 -0.01105 9.06164e-05 2700.79 768.75 14.5065 22.0154 -36836.7 -54825.6 279984000.0
391 -0.01095 9.06921e-05 2698.58 784.016 14.8069 22.5569 -37954.0 -56485.6 288230000.0
392 -0.01085 9.07663e-05 2696.36 799.373 15.1093 23.0984 -39071.6 -58146.0 296491000.0
393 -0.01075 9.08442e-05 2694.01 815.6 15.4292 23.672 -40256.0 -59896.5 305209000.0
394 -0.01065 9.09262e-05 2691.62 832.096 15.7555 24.256 -41453.3 -61667.4 313998000.0
395 -0.01055 9.10086e-05 2689.15 849.038 16.0909 24.8611 -42687.1 -63508.4 323119000.0
396 -0.01045 9.10978e-05 2686.54 866.933 16.4461 25.4961 -43981.9 -65413.6 332545000.0
397 -0.01035 9.11879e-05 2683.89 885.059 16.8066 26.1443 -45297.0 -67365.2 342200000.0
398 -0.01025 9.12819e-05 2681.11 904.131 17.1864 26.8227 -46675.1 -69391.1 352228000.0
399 -0.01015 9.13805e-05 2678.24 923.689 17.5772 27.5244 -48091.6 -71485.0 362575000.0
400 -0.01005 9.14784e-05 2675.35 943.446 17.9724 28.23 -49513.9 -73584.6 372958000.0
401 -0.00995 9.15821e-05 2672.33 964.103 18.3867 28.9668 -51003.5 -75770.4 383817000.0
402 -0.00985 9.16903e-05 2669.16 985.698 18.8208 29.7425 -52552.9 -78046.3 395021000.0
403 -0.00975 9.18015e-05 2665.96 1007.35 19.2575 30.5233 -54109.3 -80347.6 406380000.0
404 -0.00965 9.19168e-05 2662.59 1030.04 19.716 31.3467 -55733.4 -82747.9 418138000.0
405 -0.00955 9.20369e-05 2659.11 1053.4 20.1895 32.1945 -57403.4 -85210.9 430229000.0
406 -0.00945 9.216e-05 2655.59 1077.15 20.6724 33.0568 -59100.2 -87712.9 442537000.0
407 -0.00935 9.22872e-05 2651.9 1101.9 21.1764 33.9565 -60861.9 -90305.0 455260000.0
408 -0.00925 9.24193e-05 2648.1 1127.27 21.695 34.8835 -62661.6 -92956.4 468223000.0
409 -0.00915 9.25581e-05 2644.13 1153.83 22.2396 35.8531 -64546.8 -95717.4 481778000.0
410 -0.00905 9.27013e-05 2640.08 1180.87 22.796 36.8449 -66462.3 -98529.0 495545000.0
411 -0.00895 9.28465e-05 2635.95 1208.49 23.3656 37.853 -68409.8 -101377.0 509552000.0
412 -0.00885 9.30005e-05 2631.58 1237.42 23.9647 38.9193 -70448.6 -104359.0 524122000.0
413 -0.00875 9.31578e-05 2627.11 1267.06 24.5802 40.0102 -72529.8 -107396.0 539001000.0
414 -0.00865 9.33232e-05 2622.48 1297.6 25.2174 41.1426 -74668.9 -110523.0 554246000.0
415 -0.00855 9.34946e-05 2617.66 1329.24 25.8798 42.3196 -76881.2 -113751.0 569985000.0
416 -0.00845 9.36709e-05 2612.72 1361.75 26.5627 43.5239 -79143.7 -117033.0 586033000.0
417 -0.00835 9.38547e-05 2607.65 1394.97 27.264 44.7624 -81449.7 -120387.0 602404000.0
418 -0.00825 9.40433e-05 2602.35 1429.38 27.9928 46.0547 -83833.8 -123862.0 619302000.0
419 -0.00815 9.42391e-05 2596.98 1464.19 28.7341 47.3691 -86237.2 -127382.0 636397000.0
420 -0.00805 9.44411e-05 2591.42 1500.23 29.5045 48.7248 -88712.8 -130970.0 653872000.0
421 -0.00795 9.46539e-05 2585.6 1537.8 30.3115 50.1475 -91288.9 -134702.0 672012000.0
422 -0.00785 9.4873e-05 2579.63 1576.23 31.141 51.6064 -93916.1 -138501.0 690492000.0
423 -0.00775 9.51001e-05 2573.48 1615.59 31.9949 53.1079 -96589.5 -142371.0 709271000.0
424 -0.00765 9.53347e-05 2567.13 1655.95 32.8751 54.6572 -99324.3 -146336.0 728487000.0
425 -0.00755 9.55804e-05 2560.53 1698.01 33.797 56.2704 -102163.0 -150411.0 748279000.0
426 -0.00745 9.5835e-05 2553.75 1740.86 34.7421 57.9263 -105042.0 -154560.0 768400000.0
427 -0.00735 9.60995e-05 2546.72 1785.1 35.7235 59.6426 -108000.0 -158808.0 788979000.0
428 -0.00725 9.63735e-05 2539.45 1830.83 36.743 61.4167 -111041.0 -163148.0 810066000.0
429 -0.00715 9.6661e-05 2531.92 1877.83 37.7987 63.2594 -114159.0 -167610.0 831681000.0
430 -0.00705 9.69553e-05 2524.22 1925.56 38.8776 65.1352 -117293.0 -172085.0 853317000.0
431 -0.00695 9.72632e-05 2516.24 1974.93 40.0009 67.0859 -120533.0 -176706.0 875753000.0
432 -0.00685 9.75798e-05 2508.07 2025.19 41.1525 69.0793 -123806.0 -181361.0 898352000.0
433 -0.00675 9.79102e-05 2499.6 2077.08 42.3497 71.1491 -127167.0 -186127.0 921490000.0
434 -0.00665 9.82547e-05 2490.84 2130.39 43.5895 73.288 -130593.0 -190968.0 944994000.0
435 -0.00655 9.86085e-05 2481.88 2184.61 44.8599 75.4742 -134058.0 -195865.0 968808000.0
436 -0.00645 9.89811e-05 2472.59 2240.59 46.1831 77.7438 -137607.0 -200850.0 993067000.0
437 -0.00635 9.93657e-05 2463.01 2297.91 47.5487 80.0848 -141223.0 -205929.0 1017820000.0
438 -0.00625 9.97637e-05 2453.15 2356.58 48.9581 82.4901 -144891.0 -211050.0 1042850000.0
439 -0.00615 0.000100181 2442.96 2416.98 50.4228 84.9785 -148637.0 -216247.0 1068320000.0
440 -0.00605 0.000100612 2432.47 2478.38 51.9262 87.5365 -152407.0 -221496.0 1093990000.0
441 -0.00595 0.000101061 2421.67 2541.42 53.4849 90.1766 -156253.0 -226815.0 1120140000.0
442 -0.00585 0.000101529 2410.55 2605.97 55.0969 92.8917 -160152.0 -232170.0 1146610000.0
443 -0.00575 0.000102011 2399.1 2671.8 56.7571 95.6855 -164086.0 -237569.0 1173330000.0
444 -0.00565 0.000102519 2387.23 2739.36 58.4821 98.5854 -168077.0 -243029.0 1200360000.0
445 -0.00555 0.000103042 2375.1 2807.98 60.2531 101.546 -172094.0 -248493.0 1227630000.0
446 -0.00545 0.000103593 2362.51 2878.86 62.1038 104.625 -176200.0 -254021.0 1255420000.0
447 -0.00535 0.000104155 2349.72 2950.05 63.9853 107.739 -180250.0 -259455.0 1282840000.0
448 -0.00525 0.000104745 2336.52 3023.11 65.9415 110.968 -184385.0 -264981.0 1311020000.0
449 -0.00515 0.000105358 2322.92 3097.53 67.9596 114.285 -188515.0 -270456.0 1339090000.0
450 -0.00505 0.000105994 2308.97 3173.14 70.0387 117.691 -192652.0 -275918.0 1367290000.0
451 -0.00495 0.000106656 2294.63 3250.1 72.1859 121.192 -196806.0 -281357.0 1395710000.0
452 -0.00485 0.000107347 2279.88 3328.55 74.4076 124.795 -200965.0 -286754.0 1424200000.0
453 -0.00475 0.000108062 2264.79 3407.85 76.6872 128.477 -205090.0 -292075.0 1452640000.0
454 -0.00465 0.000108804 2249.34 3488.45 79.0399 132.246 -209212.0 -297330.0 1481260000.0
455 -0.00455 0.00010958 2233.4 3570.67 81.4802 136.141 -213337.0 -302524.0 1509960000.0
456 -0.00445 0.000110383 2217.15 3653.43 83.9792 140.103 -217390.0 -307585.0 1538450000.0
457 -0.00435 0.000111221 2200.47 3737.48 86.5634 144.178 -221419.0 -312550.0 1567020000.0
458 -0.00425 0.00011209 2183.4 3822.38 89.2214 148.344 -225388.0 -317378.0 1595470000.0
459 -0.00415 0.000112996 2165.89 3908.46 91.9679 152.619 -229308.0 -322065.0 1623890000.0
460 -0.00405 0.00011394 2147.95 3995.5 94.8021 156.997 -233154.0 -326575.0 1652130000.0
461 -0.00395 0.00011492 2129.62 4082.92 97.7095 161.472 -236890.0 -330917.0 1680190000.0
462 -0.00385 0.000115941 2110.86 4171.45 100.715 166.049 -240556.0 -335047.0 1708140000.0
463 -0.00375 0.000117007 2091.66 4260.54 103.811 170.735 -244104.0 -338956.0 1735840000.0
464 -0.00365 0.000118106 2072.15 4349.85 106.984 175.495 -247523.0 -342633.0 1763370000.0
465 -0.00355 0.000119256 2052.2 4439.65 110.255 180.366 -250812.0 -346038.0 1790590000.0
466 -0.00345 0.000120446 2031.93 4529.34 113.605 185.315 -253933.0 -349179.0 1817560000.0
467 -0.00335 0.00012168 2011.29 4619.34 117.049 190.348 -256899.0 -352007.0 1844190000.0
468 -0.00325 0.00012297 1990.24 4709.77 120.606 195.492 -259724.0 -354537.0 1870730000.0
469 -0.00315 0.000124305 1968.83 4799.67 124.243 200.71 -262320.0 -356715.0 1896770000.0
470 -0.00305 0.000125693 1947.09 4889.6 127.983 206.018 -264746.0 -358566.0 1922720000.0
471 -0.00295 0.000127139 1924.96 4979.41 131.834 211.42 -266954.0 -360014.0 1948260000.0
472 -0.00285 0.000128638 1902.52 5068.42 135.773 216.894 -268923.0 -361092.0 1973490000.0
473 -0.00275 0.00013019 1879.86 5156.85 139.807 222.426 -270672.0 -361789.0 1998560000.0
474 -0.00265 0.000131806 1856.79 5245.06 143.964 228.055 -272184.0 -362048.0 2023400000.0
475 -0.00255 0.000133478 1833.52 5331.49 148.193 233.732 -273386.0 -361895.0 2047790000.0
476 -0.00245 0.000135214 1810.0 5417.13 152.532 239.477 -274336.0 -361308.0 2072050000.0
477 -0.00235 0.000137009 1786.27 5501.71 156.97 245.26 -275017.0 -360272.0 2096110000.0
478 -0.00225 0.000138874 1762.31 5585.02 161.516 251.111 -275406.0 -358786.0 2120010000.0
479 -0.00215 0.000140803 1738.14 5666.96 166.163 257.007 -275495.0 -356841.0 2143750000.0
480 -0.00205 0.000142808 1713.74 5747.42 170.921 262.961 -275272.0 -354411.0 2167380000.0
481 -0.00195 0.000144869 1689.36 5825.72 175.75 268.911 -274741.0 -351573.0 2190910000.0
482 -0.00185 0.000147009 1664.78 5902.74 180.703 274.91 -273908.0 -348238.0 2214460000.0
483 -0.00175 0.000149221 1640.11 5977.56 185.748 280.933 -272743.0 -344456.0 2237990000.0
484 -0.00165 0.0001515 1615.4 6050.52 190.886 286.955 -271269.0 -340225.0 2261570000.0
485 -0.00155 0.000153853 1590.72 6121.1 196.112 292.983 -269486.0 -335600.0 2285360000.0
486 -0.00145 0.000156278 1566.03 6189.6 201.433 299.008 -267383.0 -330526.0 2309160000.0
487 -0.00135 0.000158783 1541.33 6256.0 206.857 305.037 -264971.0 -325021.0 2333170000.0
488 -0.00125 0.00016136 1516.71 6319.99 212.364 311.043 -262251.0 -319132.0 2357360000.0
489 -0.00115 0.000164006 1492.24 6381.06 217.932 317.017 -259209.0 -312905.0 2381780000.0
490 -0.00105 0.00016672 1467.95 6439.95 223.583 322.945 -255910.0 -306345.0 2406520000.0
491 -0.00095 0.000169525 1443.68 6496.62 229.346 328.873 -252316.0 -299380.0 2431570000.0
492 -0.00085 0.000172382 1419.74 6550.56 235.147 334.716 -248470.0 -292196.0 2456930000.0
493 -0.00075 0.000175316 1395.98 6601.94 241.025 340.516 -244355.0 -284725.0 2482670000.0
494 -0.00065 0.000178318 1372.46 6650.88 246.97 346.254 -240001.0 -277002.0 2508730000.0
495 -0.00055 0.000181395 1349.19 6696.95 252.972 351.943 -235386.0 -269044.0 2535120000.0
496 -0.00045 0.000184528 1326.28 6740.6 259.018 357.536 -230576.0 -260932.0 2561850000.0
497 -0.00035 0.000187721 1303.73 6781.86 265.113 363.048 -225596.0 -252698.0 2589020000.0
498 -0.00025 0.000190959 1281.63 6820.29 271.214 368.449 -220434.0 -244414.0 2616490000.0
499 -0.00015 0.000194257 1259.85 6856.91 277.38 373.766 -215142.0 -236008.0 2644370000.0
500 -5e-05 0.000197615 1238.44 6890.56 283.56 378.996 -209649.0 -227509.0 2672350000.0
501 5e-05 0.000201018 1217.49 6922.29 289.771 384.125 -204074.0 -219029.0 2700790000.0
502 0.00015 0.000204458 1197.01 6951.61 295.977 389.131 -198390.0 -210556.0 2729320000.0
503 0.00025 0.000207941 1176.95 6978.85 302.2 394.04 -192616.0 -202097.0 2758130000.0
504 0.00035 0.00021144 1157.49 7003.96 308.389 398.802 -186818.0 -193780.0 2786970000.0
505 0.00045 0.000214974 1138.44 7027.05 314.579 403.463 -180947.0 -185508.0 2815990000.0
506 0.00055 0.000218528 1119.94 7048.26 320.744 407.992 -175063.0 -177374.0 2844990000.0
507 0.00065 0.000222095 1101.95 7067.56 326.872 412.402 -169168.0 -169388.0 2874040000.0
508 0.00075 0.000225661 1084.54 7085.18 332.949 416.667 -163304.0 -161598.0 2902950000.0
509 0.00085 0.000229222 1067.68 7101.49 338.981 420.794 -157491.0 -154002.0 2931790000.0
510 0.00095 0.000232783 1051.36 7115.93 344.948 424.805 -151720.0 -146621.0 2960510000.0
511 0.00105 0.00023634 1035.53 7128.77 350.85 428.68 -145949.0 -139381.0 2988830000.0
512 0.00115 0.000239874 1020.28 7140.48 356.682 432.432 -140292.0 -132402.0 3016980000.0
513 0.00125 0.000243378 1005.58 7151.11 362.431 436.037 -134735.0 -125676.0 3044750000.0
514 0.00135 0.000246851 991.439 7160.16 368.066 439.514 -129256.0 -119202.0 3072110000.0
515 0.00145 0.000250282 977.85 7168.3 373.607 442.852 -123900.0 -112989.0 3099040000.0
516 0.00155 0.000253659 964.819 7175.45 379.026 446.058 -118673.0 -107065.0 3125520000.0
517 0.00165 0.000257 952.284 7182.02 384.37 449.15 -113579.0 -101338.0 3151560000.0
518 0.00175 0.000260291 940.249 7187.44 389.586 452.111 -108601.0 -95853.8 3176920000.0
519 0.00185 0.000263517 928.724 7192.13 394.672 454.949 -103752.0 -90625.8 3201750000.0
520 0.00195 0.000266673 917.745 7195.98 399.612 457.66 -99055.4 -85673.7 3225960000.0
521 0.00205 0.000269771 907.204 7199.57 404.456 460.258 -94512.4 -80939.8 3249530000.0
522 0.00215 0.000272805 897.114 7202.08 409.148 462.752 -90072.7 -76402.7 3272420000.0
523 0.00225 0.00027576 887.495 7204.25 413.703 465.122 -85800.3 -72106.9 3294590000.0
524 0.00235 0.000278629 878.361 7206.19 418.121 467.383 -81712.7 -68091.2 3316190000.0
525 0.00245 0.000281412 869.684 7207.54 422.376 469.534 -77769.7 -64305.5 3337070000.0
526 0.00255 0.000284122 861.37 7208.72 426.514 471.581 -73970.5 -60662.7 3357160000.0
527 0.00265 0.000286747 853.502 7209.28 430.487 473.542 -70324.3 -57264.0 3376660000.0
528 0.00275 0.000289287 846.004 7209.96 434.341 475.398 -66837.8 -54039.9 3395440000.0
529 0.00285 0.000291735 838.901 7209.72 438.002 477.152 -63457.5 -51008.2 3413340000.0
530 0.00295 0.0002941 832.164 7209.59 441.545 478.828 -60248.8 -48165.6 3430680000.0
531 0.00305 0.000296387 825.736 7209.4 444.967 480.422 -57179.7 -45455.7 3447350000.0
532 0.00315 0.000298584 819.661 7208.94 448.237 481.932 -54242.1 -42915.5 3463370000.0
533 0.00325 0.000300687 813.925 7208.49 451.366 483.358 -51455.4 -40531.6 3478680000.0
534 0.00335 0.000302704 808.497 7207.93 454.359 484.707 -48809.7 -38303.9 3493370000.0
535 0.00345 0.000304634 803.384 7207.27 457.213 485.986 -46295.9 -36201.5 3507410000.0
536 0.00355 0.000306498 798.499 7206.21 459.944 487.197 -43859.5 -34202.5 3520810000.0
537 0.00365 0.000308284 793.864 7205.0 462.546 488.349 -41531.9 -32295.7 3533540000.0
538 0.00375 0.000309985 789.518 7203.64 465.01 489.43 -39315.0 -30515.4 3545690000.0
539 0.00385 0.000311607 785.403 7202.51 467.37 490.463 -37235.3 -28858.8 3557400000.0
540 0.00395 0.000313148 781.539 7201.34 469.605 491.427 -35261.1 -27301.9 3568490000.0
541 0.00405 0.000314629 777.862 7200.01 471.738 492.341 -33369.5 -25801.5 3578970000.0
542 0.00415 0.000316017 774.449 7198.88 473.746 493.192 -31615.2 -24473.4 3589000000.0
543 0.00425 0.000317345 771.2 7197.5 475.644 494.005 -29925.4 -23192.0 3598580000.0
544 0.00435 0.00031861 768.145 7196.3 477.461 494.767 -28334.9 -21987.3 3607690000.0
545 0.00445 0.00031981 765.261 7195.11 479.181 495.492 -26825.2 -20846.7 3616360000.0
546 0.00455 0.000320967 762.503 7193.6 480.813 496.174 -25366.3 -19734.2 3624520000.0
547 0.00465 0.000322041 759.957 7192.38 482.34 496.818 -24012.3 -18735.6 3632370000.0
548 0.00475 0.000323061 757.56 7191.1 483.783 497.415 -22732.9 -17805.1 3639730000.0
549 0.00485 0.00032405 755.244 7189.94 485.185 497.992 -21520.0 -16873.6 3646830000.0
550 0.00495 0.000324981 753.08 7188.69 486.494 498.534 -20349.5 -15978.0 3653530000.0
551 0.00505 0.00032586 751.059 7187.44 487.725 499.039 -19254.5 -15163.3 3659820000.0
552 0.00515 0.000326694 749.132 7186.3 488.895 499.517 -18225.6 -14393.1 3665800000.0
553 0.00525 0.000327477 747.349 7185.08 489.983 499.972 -17241.1 -13680.5 3671490000.0
554 0.00535 0.000328214 745.66 7183.93 491.008 500.39 -16320.5 -12999.9 3676880000.0
555 0.00545 0.000328921 744.072 7182.75 491.985 500.793 -15435.4 -12327.6 3682010000.0
556 0.00555 0.000329579 742.574 7181.55 492.887 501.16 -14614.6 -11732.2 3686770000.0
557 0.00565 0.000330186 741.216 7180.62 493.73 501.511 -13858.5 -11221.4 3691440000.0
558 0.00575 0.000330767 739.91 7179.55 494.526 501.828 -13134.0 -10690.9 3695680000.0
559 0.00585 0.000331329 738.656 7178.58 495.299 502.15 -12442.1 -10161.5 3699900000.0
560 0.00595 0.000331851 737.492 7177.47 496.003 502.436 -11774.3 -9676.16 3703700000.0
561 0.00605 0.000332361 736.36 7176.4 496.692 502.723 -11132.8 -9182.36 3707430000.0
562 0.00615 0.000332839 735.305 7175.46 497.341 502.989 -10539.2 -8720.32 3710970000.0
563 0.00625 0.000333282 734.332 7174.59 497.941 503.229 -9984.88 -8304.56 3714260000.0
564 0.00635 0.000333687 733.438 7173.89 498.498 503.453 -9486.85 -7944.49 3717320000.0
565 0.00645 0.000334088 732.553 7173.08 499.041 503.675 -8985.92 -7554.7 3720370000.0
566 0.00655 0.000334459 731.743 7172.14 499.53 503.878 -8513.61 -7188.93 3723160000.0
567 0.00665 0.000334796 731.007 7171.22 499.969 504.064 -8077.27 -6885.45 3725770000.0
568 0.00675 0.000335133 730.258 7170.39 500.415 504.247 -7647.31 -6538.3 3728290000.0
569 0.00685 0.000335457 729.565 7169.76 500.854 504.422 -7247.64 -6228.25 3730700000.0
570 0.00695 0.000335743 728.952 7168.83 501.216 504.585 -6870.51 -5968.76 3732990000.0
571 0.00705 0.000336016 728.351 7168.48 501.6 504.729 -6542.37 -5698.47 3735130000.0
572 0.00715 0.000336282 727.774 7167.48 501.926 504.874 -6180.7 -5431.94 3737120000.0
573 0.00725 0.00033653 727.245 7166.84 502.252 505.015 -5855.04 -5165.55 3739160000.0
574 0.00735 0.00033676 726.742 7166.14 502.546 505.129 -5569.79 -4946.67 3740820000.0
575 0.00745 0.000336991 726.238 7165.36 502.836 505.258 -5254.03 -4691.44 3742610000.0
576 0.00755 0.000337205 725.786 7164.69 503.108 505.371 -4971.89 -4443.01 3744260000.0
577 0.00765 0.000337383 725.399 7164.39 503.352 505.47 -4760.84 -4308.42 3745800000.0
578 0.00775 0.00033756 725.025 7163.81 503.576 505.564 -4526.85 -4140.29 3747220000.0
579 0.00785 0.000337746 724.617 7163.2 503.811 505.665 -4277.55 -3901.6 3748700000.0
580 0.00795 0.000337903 724.283 7162.74 504.012 505.748 -4075.66 -3739.72 3749960000.0
581 0.00805 0.00033806 723.947 7162.23 504.21 505.829 -3872.1 -3561.28 3751200000.0
582 0.00815 0.000338207 723.637 7161.82 504.401 505.912 -3686.73 -3416.36 3752450000.0
583 0.00825 0.000338345 723.336 7161.37 504.574 505.984 -3499.26 -3252.95 3753580000.0
584 0.00835 0.000338469 723.082 7160.85 504.723 506.057 -3327.2 -3125.19 3754710000.0
585 0.00845 0.000338576 722.845 7160.46 504.855 506.108 -3186.38 -3033.24 3755650000.0
586 0.00855 0.000338705 722.573 7159.83 505.004 506.176 -3000.98 -2880.59 3756640000.0
587 0.00865 0.000338811 722.351 7159.44 505.133 506.232 -2865.3 -2787.19 3757490000.0
588 0.00875 0.000338927 722.099 7158.82 505.263 506.295 -2694.89 -2624.87 3758390000.0
589 0.00885 0.000339035 721.868 7158.77 505.42 506.352 -2569.3 -2482.48 3759260000.0
590 0.00895 0.000339117 721.704 7158.16 505.5 506.399 -2433.61 -2389.39 3760000000.0
591 0.00905 0.000339188 721.539 7158.06 505.598 506.431 -2349.15 -2327.69 3760710000.0
592 0.00915 0.00033929 721.324 7157.53 505.712 506.485 -2207.98 -2185.88 3761430000.0
593 0.00925 0.000339351 721.204 7157.06 505.77 506.523 -2108.12 -2138.21 3762160000.0
594 0.00935 0.00033942 721.05 7156.94 505.865 506.558 -2015.44 -2029.87 3762770000.0
595 0.00945 0.000339498 720.884 7156.67 505.962 506.6 -1925.47 -1945.17 3763440000.0
596 0.00955 0.000339566 720.747 7156.52 506.053 506.636 -1831.39 -1848.74 3764030000.0
597 0.00965 0.000339618 720.628 7156.33 506.116 506.661 -1766.88 -1802.24 3764540000.0
598 0.00975 0.000339666 720.528 7156.06 506.169 506.69 -1693.52 -1735.0 3765040000.0
599 0.00985 0.000339723 720.416 7155.72 506.23 506.715 -1609.91 -1664.01 3765520000.0
600 0.00995 0.000339791 720.264 7155.32 506.303 506.753 -1501.19 -1539.68 3766030000.0
601 0.01005 0.000339847 720.149 7155.17 506.376 506.782 -1436.97 -1449.75 3766530000.0
602 0.01015 0.000339886 720.059 7154.85 506.412 506.802 -1368.26 -1404.92 3766900000.0
603 0.01025 0.00033991 720.016 7154.7 506.437 506.814 -1340.65 -1406.83 3767270000.0
604 0.01035 0.000339951 719.92 7154.49 506.483 506.832 -1272.11 -1349.62 3767620000.0
605 0.01045 0.000340017 719.79 7154.14 506.557 506.877 -1179.3 -1224.96 3768070000.0
606 0.01055 0.000340049 719.715 7153.89 506.587 506.886 -1124.69 -1180.45 3768310000.0
607 0.01065 0.000340072 719.67 7153.81 506.615 506.904 -1089.31 -1173.52 3768660000.0
608 0.01075 0.000340106 719.595 7153.39 506.635 506.92 -1025.88 -1138.67 3768990000.0
609 0.01085 0.000340146 719.517 7153.17 506.68 506.944 -968.197 -1072.95 3769320000.0
610 0.01095 0.00034018 719.443 7152.96 506.716 506.957 -918.628 -1016.56 3769570000.0
611 0.01105 0.0003402 719.396 7152.92 506.742 506.969 -894.989 -1007.33 3769840000.0
612 0.01115 0.000340233 719.324 7152.92 506.791 506.982 -851.659 -934.868 3770090000.0
613 0.01125 0.000340268 719.259 7152.85 506.839 507.007 -810.977 -869.68 3770460000.0
614 0.01135 0.000340287 719.21 7152.8 506.863 507.019 -794.985 -868.754 3770720000.0
615 0.01145 0.000340308 719.168 7152.63 506.883 507.025 -763.045 -845.302 3770900000.0
616 0.01155 0.000340323 719.14 7152.5 506.896 507.033 -724.734 -830.833 3771090000.0
617 0.01165 0.000340329 719.126 7152.46 506.902 507.04 -718.397 -830.468 3771300000.0
618 0.01175 0.000340358 719.061 7152.38 506.939 507.052 -690.946 -780.119 3771490000.0
619 0.01185 0.000340367 719.051 7152.3 506.948 507.055 -666.826 -765.634 3771660000.0
620 0.01195 0.000340403 718.963 7152.19 506.993 507.079 -619.298 -688.291 3771920000.0
621 0.01205 0.000340424 718.924 7151.96 507.008 507.089 -583.18 -646.587 3772090000.0
622 0.01215 0.000340433 718.902 7151.92 507.019 507.095 -571.751 -649.581 3772270000.0
623 0.01225 0.000340437 718.893 7151.99 507.029 507.093 -568.294 -631.889 3772330000.0
624 0.01235 0.000340467 718.829 7151.56 507.044 507.111 -500.122 -584.966 3772510000.0
625 0.01245 0.000340493 718.775 7151.61 507.087 507.128 -474.527 -513.048 3772740000.0
626 0.01255 0.000340495 718.773 7151.3 507.067 507.124 -460.72 -539.196 3772740000.0
627 0.01265 0.000340494 718.771 7151.25 507.062 507.12 -450.189 -543.213 3772840000.0
628 0.01275 0.000340515 718.728 7151.17 507.088 507.14 -433.505 -501.817 3773120000.0
629 0.01285 0.000340535 718.69 7151.05 507.109 507.148 -391.722 -450.066 3773200000.0
630 0.01295 0.00034054 718.681 7150.88 507.104 507.149 -377.58 -446.21 3773290000.0
631 0.01305 0.000340551 718.654 7150.74 507.11 507.154 -351.19 -435.729 3773370000.0
632 0.01315 0.000340558 718.641 7150.66 507.115 507.159 -343.675 -412.557 3773480000.0
633 0.01325 0.000340566 718.621 7150.59 507.122 507.157 -328.607 -406.998 3773510000.0
634 0.01335 0.000340571 718.613 7150.52 507.125 507.167 -318.926 -410.645 3773600000.0
635 0.01345 0.000340574 718.601 7150.44 507.124 507.167 -305.374 -389.422 3773710000.0
636 0.01355 0.00034057 718.618 7150.19 507.1 507.162 -298.265 -408.241 3773750000.0
637 0.01365 0.0003406 718.55 7150.23 507.148 507.181 -257.505 -321.251 3773860000.0
638 0.01375 0.00034061 718.534 7150.4 507.175 507.183 -271.86 -309.153 3773990000.0
639 0.01385 0.000340609 718.529 7150.11 507.153 507.188 -236.496 -296.774 3774040000.0
640 0.01395 0.000340619 718.517 7150.18 507.173 507.194 -248.07 -297.184 3774180000.0
641 0.01405 0.000340611 718.526 7150.26 507.167 507.185 -243.8 -304.362 3774220000.0
642 0.01415 0.000340624 718.504 7150.1 507.175 507.198 -225.049 -281.98 3774320000.0
643 0.01425 0.000340631 718.487 7150.22 507.193 507.194 -238.132 -279.027 3774360000.0
644 0.01435 0.000340651 718.444 7150.24 507.224 507.206 -210.793 -227.69 3774450000.0
645 0.01445 0.000340653 718.444 7150.06 507.215 507.213 -189.974 -215.249 3774560000.0
646 0.01455 0.000340668 718.406 7149.8 507.218 507.214 -163.297 -173.605 3774530000.0
647 0.01465 0.000340676 718.391 7150.03 507.247 507.221 -167.615 -158.926 3774690000.0
648 0.01475 0.000340667 718.421 7150.04 507.233 507.218 -176.515 -196.19 3774720000.0
649 0.01485 0.000340682 718.372 7149.81 507.241 507.221 -139.803 -141.3 3774710000.0
650 0.01495 0.000340691 718.362 7149.82 507.254 507.225 -132.102 -118.193 3774760000.0
651 0.01505 0.000340686 718.368 7149.84 507.249 507.224 -142.012 -141.977 3774840000.0
652 0.01515 0.000340688 718.368 7149.74 507.244 507.228 -134.293 -144.488 3774870000.0
653 0.01525 0.00034068 718.39 7149.74 507.232 507.228 -135.854 -151.512 3774950000.0
654 0.01535 0.000340691 718.362 7149.67 507.244 507.226 -122.497 -119.61 3774890000.0
655 0.01545 0.000340688 718.365 7149.81 507.248 507.227 -139.933 -135.974 3774970000.0
656 0.01555 0.000340685 718.377 7149.83 507.246 507.221 -139.617 -137.228 3774950000.0
657 0.01565 0.000340687 718.37 7149.8 507.246 507.218 -137.532 -149.468 3774990000.0
658 0.01575 0.000340684 718.378 7149.69 507.234 507.228 -133.861 -164.132 3775100000.0
659 0.01585 0.000340684 718.38 7149.82 507.244 507.225 -146.173 -175.559 3775120000.0
660 0.01595 0.000340692 718.362 7149.75 507.251 507.231 -123.152 -153.562 3775210000.0
661 0.01605 0.000340694 718.356 7149.58 507.241 507.224 -112.005 -143.644 3775140000.0
662 0.01615 0.000340688 718.368 7149.64 507.236 507.229 -125.549 -171.541 3775210000.0
663 0.01625 0.000340702 718.345 7149.5 507.248 507.233 -92.1147 -119.761 3775220000.0
664 0.01635 0.00034071 718.324 7149.46 507.257 507.243 -83.4039 -118.299 3775290000.0
665 0.01645 0.000340705 718.332 7149.29 507.238 507.232 -73.9383 -130.606 3775180000.0
666 0.01655 0.000340705 718.338 7149.35 507.242 507.236 -85.8439 -148.167 3775280000.0
667 0.01665 0.000340708 718.33 7149.53 507.258 507.235 -91.4426 -132.493 3775260000.0
668 0.01675 0.000340734 718.27 7149.3 507.281 507.25 -38.7555 -58.7516 3775330000.0
669 0.01685 0.000340722 718.297 7149.32 507.264 507.241 -67.751 -110.172 3775270000.0
670 0.01695 0.000340721 718.302 7149.34 507.265 507.24 -63.2806 -104.128 3775300000.0
671 0.01705 0.000340724 718.297 7149.39 507.273 507.248 -68.2372 -113.578 3775430000.0
672 0.01715 0.000340734 718.275 7149.34 507.284 507.251 -55.493 -81.6961 3775410000.0
673 0.01725 0.000340728 718.296 7149.38 507.277 507.247 -59.7066 -92.9043 3775390000.0
674 0.01735 0.000340728 718.286 7149.33 507.274 507.246 -63.9328 -97.8466 3775370000.0
675 0.01745 0.000340715 718.316 7149.45 507.264 507.24 -79.32 -114.759 3775400000.0
676 0.01755 0.000340732 718.277 7149.3 507.278 507.246 -46.673 -57.6043 3775420000.0
677 0.01765 0.000340737 718.27 7149.45 507.296 507.253 -59.2495 -67.5667 3775490000.0
678 0.01775 0.000340727 718.283 7149.48 507.284 507.24 -74.94 -99.5073 3775390000.0
679 0.01785 0.000340733 718.284 7149.37 507.284 507.255 -55.6078 -78.8487 3775610000.0
680 0.01795 0.000340733 718.274 7149.43 507.29 507.249 -70.3852 -87.4926 3775530000.0
681 0.01805 0.00034072 718.306 7149.41 507.268 507.243 -76.6772 -118.25 3775570000.0
682 0.01815 0.000340728 718.282 7149.36 507.276 507.247 -62.6924 -93.8157 3775620000.0
683 0.01825 0.000340713 718.326 7149.58 507.269 507.241 -94.498 -131.893 3775610000.0
684 0.01835 0.000340723 718.298 7149.4 507.272 507.246 -73.4094 -106.896 3775640000.0
685 0.01845 0.000340729 718.286 7149.34 507.277 507.246 -70.183 -91.7575 3775600000.0
686 0.01855 0.000340737 718.272 7149.48 507.298 507.25 -60.6223 -47.7413 3775610000.0
687 0.01865 0.000340725 718.292 7149.47 507.28 507.242 -69.2114 -72.836 3775610000.0
688 0.01875 0.000340727 718.292 7149.51 507.285 507.242 -81.0088 -88.1757 3775610000.0
689 0.01885 0.000340721 718.295 7149.43 507.271 507.246 -79.8175 -103.621 3775620000.0
690 0.01895 0.000340723 718.301 7149.35 507.268 507.242 -63.5701 -77.2013 3775630000.0
691 0.01905 0.000340725 718.296 7149.3 507.268 507.244 -58.7283 -67.7289 3775640000.0
692 0.01915 0.000340727 718.29 7149.22 507.265 507.245 -59.5938 -72.0291 3775650000.0
693 0.01925 0.000340735 718.281 7149.18 507.274 507.247 -43.31 -43.5942 3775640000.0
694 0.01935 0.000340713 718.316 7149.42 507.259 507.233 -81.7584 -102.991 3775580000.0
695 0.01945 0.000340728 718.288 7149.39 507.279 507.246 -64.3072 -61.765 3775710000.0
696 0.01955 0.000340731 718.285 7149.37 507.281 507.249 -63.0972 -69.3664 3775710000.0
697 0.01965 0.000340722 718.3 7149.25 507.26 507.242 -63.9915 -82.8893 3775690000.0
698 0.01975 0.000340729 718.281 7149.27 507.272 507.247 -54.1892 -63.378 3775680000.0
699 0.01985 0.000340749 718.242 7149.02 507.284 507.254 -15.8067 -6.79984 3775670000.0
700 0.01995 0.000340764 718.222 7149.1 507.311 507.263 -5.8547 38.8282 3775770000.0
701 0.02005 0.000340747 718.248 7149.01 507.28 507.254 -20.6525 -9.4369 3775690000.0
702 0.02015 0.00034075 718.244 7149.07 507.289 507.255 -25.9636 -19.2393 3775700000.0
703 0.02025 0.000340761 718.211 7149.17 507.312 507.26 -5.58385 26.6598 3775760000.0
704 0.02035 0.000340762 718.219 7148.99 507.302 507.264 -8.78436 27.25 3775750000.0
705 0.02045 0.000340745 718.253 7149.05 507.279 507.252 -22.4369 -8.00317 3775680000.0
706 0.02055 0.000340736 718.27 7149.05 507.267 507.256 -23.1559 -41.4979 3775750000.0
707 0.02065 0.000340741 718.262 7148.96 507.268 507.25 -26.2084 -34.505 3775660000.0
708 0.02075 0.000340751 718.236 7149.0 507.285 507.255 -8.74436 -4.25826 3775690000.0
709 0.02085 0.000340757 718.226 7148.98 507.293 507.263 -0.983088 7.52521 3775740000.0
710 0.02095 0.00034075 718.242 7148.94 507.28 507.257 -7.79018 -2.89371 3775700000.0
711 0.02105 0.000340743 718.257 7149.07 507.279 507.253 -23.8291 -24.4188 3775680000.0
712 0.02115 0.000340738 718.262 7149.09 507.272 507.248 -36.9338 -37.3993 3775660000.0
713 0.02125 0.000340749 718.254 7148.97 507.281 507.26 -11.5719 -23.3871 3775770000.0
714 0.02135 0.000340742 718.249 7149.1 507.278 507.248 -29.0365 -36.5759 3775660000.0
715 0.02145 0.000340751 718.242 7149.02 507.286 507.259 -10.613 -14.4941 3775740000.0
716 0.02155 0.000340762 718.221 7148.98 507.301 507.259 -0.363411 24.1174 3775730000.0
717 0.02165 0.000340751 718.238 7149.18 507.299 507.256 -27.0854 0.234963 3775820000.0
718 0.02175 0.000340751 718.243 7149.17 507.297 507.257 -27.6647 -15.5504 3775800000.0
719 0.02185 0.000340749 718.247 7149.02 507.283 507.257 -15.4051 -30.1965 3775840000.0
720 0.02195 0.000340745 718.245 7149.16 507.288 507.253 -30.2972 -38.4809 3775840000.0
721 0.02205 0.000340742 718.262 7149.05 507.275 507.25 -27.5502 -55.2241 3775760000.0
722 0.02215 0.000340741 718.259 7149.12 507.279 507.251 -24.4349 -54.6558 3775790000.0
723 0.02225 0.000340731 718.286 7149.29 507.277 507.247 -52.0597 -75.5363 3775860000.0
724 0.02235 0.000340751 718.241 7149.01 507.286 507.254 -14.6533 -21.3439 3775790000.0
725 0.02245 0.000340749 718.24 7149.1 507.289 507.253 -20.9047 -20.2081 3775870000.0
726 0.02255 0.000340743 718.262 7149.25 507.291 507.252 -45.0668 -59.6883 3775880000.0
727 0.02265 0.000340762 718.212 7149.07 507.307 507.257 -4.05336 11.742 3775830000.0
728 0.02275 0.000340764 718.215 7149.11 507.313 507.266 -3.75696 5.29431 3775940000.0
729 0.02285 0.00034075 718.237 7149.14 507.294 507.255 -23.8858 -31.4991 3775880000.0
730 0.02295 0.000340739 718.26 7149.37 507.294 507.25 -52.7235 -62.2009 3775890000.0
731 0.02305 0.000340754 718.239 7149.06 507.293 507.261 -15.6307 -14.0324 3775940000.0
732 0.02315 0.000340749 718.24 7149.03 507.284 507.254 -14.8068 -31.0116 3775860000.0
733 0.02325 0.000340761 718.224 7148.98 507.298 507.264 -0.207843 3.38372 3775940000.0
734 0.02335 0.000340766 718.201 7148.88 507.3 507.262 13.3669 18.6307 3775910000.0
735 0.02345 0.000340757 718.224 7148.98 507.293 507.26 -6.77843 -12.0666 3775940000.0
736 0.02355 0.000340758 718.229 7149.13 507.305 507.265 -13.5039 -5.63088 3776020000.0
737 0.02365 0.000340762 718.215 7149.2 507.315 507.263 -12.5924 5.43273 3775970000.0
738 0.02375 0.000340777 718.178 7148.94 507.32 507.265 21.4965 45.1826 3775890000.0
739 0.02385 0.000340762 718.22 7148.98 507.3 507.262 -0.310481 0.535596 3775920000.0
740 0.02395 0.00034076 718.222 7148.95 507.294 507.262 -1.95911 -11.1794 3775930000.0
741 0.02405 0.000340761 718.218 7149.18 507.313 507.267 -12.1633 -7.15128 3776000000.0
742 0.02415 0.000340743 718.257 7149.08 507.279 507.249 -27.7091 -61.9587 3775810000.0
743 0.02425 0.000340745 718.252 7149.33 507.3 507.255 -41.8935 -58.0545 3775890000.0
744 0.02435 0.00034075 718.238 7149.16 507.296 507.26 -22.8731 -36.6917 3775960000.0
745 0.02445 0.000340752 718.231 7149.18 507.3 507.262 -27.5726 -40.4581 3775990000.0
746 0.02455 0.00034076 718.219 7148.91 507.291 507.256 2.96297 -8.04749 3775830000.0
747 0.02465 0.00034076 718.228 7148.93 507.293 507.265 6.32745 -3.01205 3775910000.0
748 0.02475 0.000340762 718.219 7148.8 507.288 507.263 6.59992 -11.5928 3775900000.0
749 0.02485 0.000340757 718.224 7149.02 507.296 507.258 -13.8175 -20.4276 3775850000.0
750 0.02495 0.000340748 718.243 7149.23 507.297 507.255 -33.5962 -45.1926 3775810000.0
751 0.02505 0.000340755 718.234 7148.94 507.287 507.256 -7.404 -29.4275 3775770000.0
752 0.02515 0.00034075 718.24 7149.06 507.288 507.258 -13.0873 -36.6393 3775760000.0
753 0.02525 0.00034075 718.241 7149.12 507.293 507.255 -18.5234 -32.2926 3775750000.0
754 0.02535 0.000340739 718.269 7149.28 507.287 507.257 -42.3551 -78.0509 3775810000.0
755 0.02545 0.000340764 718.208 7148.91 507.298 507.258 4.81346 -12.0633 3775730000.0
756 0.02555 0.000340762 718.215 7148.85 507.291 507.264 10.6989 -20.4183 3775780000.0
757 0.02565 0.000340742 718.259 7149.04 507.275 507.254 -22.8629 -62.9858 3775790000.0
758 0.02575 0.000340746 718.257 7149.03 507.28 507.255 -24.5184 -40.4186 3775780000.0
759 0.02585 0.000340743 718.253 7148.8 507.259 507.252 -6.01961 -57.6396 3775680000.0
760 0.02595 0.00034075 718.248 7149.03 507.285 507.258 -16.9536 -43.1929 3775750000.0
761 0.02605 0.000340767 718.203 7149.15 507.32 507.265 -2.87407 15.0425 3775760000.0
762 0.02615 0.000340777 718.189 7149.05 507.327 507.268 11.1411 37.2312 3775790000.0
763 0.02625 0.000340782 718.176 7149.1 507.338 507.272 3.06032 36.0072 3775830000.0
764 0.02635 0.000340777 718.183 7149.1 507.33 507.268 10.1288 38.1476 3775790000.0
765 0.02645 0.000340777 718.2 7149.04 507.327 507.277 12.4618 32.5152 3775870000.0
766 0.02655 0.000340751 718.237 7148.93 507.281 507.25 -6.19422 -22.9974 3775650000.0
767 0.02665 0.000340759 718.231 7149.14 507.306 507.26 -7.38645 -3.29544 3775760000.0
768 0.02675 0.000340751 718.241 7148.96 507.282 507.261 -14.7274 -36.9435 3775820000.0
769 0.02685 0.000340734 718.278 7148.86 507.25 507.248 -26.5167 -70.4327 3775690000.0
770 0.02695 0.000340739 718.267 7149.0 507.268 507.253 -30.8214 -56.1509 3775740000.0
771 0.02705 0.000340744 718.257 7148.97 507.272 507.255 -12.5736 -39.1509 3775760000.0
772 0.02715 0.000340741 718.272 7148.99 507.27 507.251 -22.8915 -44.419 3775730000.0
773 0.02725 0.000340738 718.274 7149.19 507.279 507.255 -35.4319 -56.9084 3775860000.0
774 0.02735 0.000340754 718.232 7148.93 507.284 507.258 -8.83083 -6.7166 3775840000.0
775 0.02745 0.000340748 718.254 7148.88 507.272 507.253 -7.75039 -18.799 3775800000.0
776 0.02755 0.000340736 718.275 7148.9 507.256 507.25 -17.9822 -48.0747 3775800000.0
777 0.02765 0.000340735 718.272 7149.0 507.261 507.252 -35.1511 -67.9762 3775850000.0
778 0.02775 0.000340734 718.283 7149.06 507.264 507.243 -32.5521 -52.0096 3775780000.0
779 0.02785 0.000340745 718.257 7148.92 507.271 507.26 -22.3351 -40.5458 3775880000.0
780 0.02795 0.000340756 718.232 7148.94 507.288 507.258 -0.0389938 4.81154 3775800000.0
781 0.02805 0.000340745 718.255 7148.73 507.257 507.253 -0.0506703 -35.8114 3775730000.0
782 0.02815 0.000340741 718.264 7148.7 507.249 507.251 -2.56047 -38.8607 3775740000.0
783 0.02825 0.000340745 718.26 7148.84 507.265 507.255 -13.3579 -27.6427 3775760000.0
784 0.02835 0.000340743 718.261 7148.82 507.26 507.253 -8.67002 -22.1174 3775720000.0
785 0.02845 0.000340751 718.241 7148.75 507.268 507.255 0.642037 -10.503 3775710000.0
786 0.02855 0.000340756 718.238 7148.76 507.276 507.26 11.0397 10.7356 3775760000.0
787 0.02865 0.000340741 718.271 7148.89 507.262 507.249 -14.2787 -25.261 3775690000.0
788 0.02875 0.000340747 718.247 7148.84 507.269 507.254 -7.75096 -6.12616 3775720000.0
789 0.02885 0.000340734 718.274 7149.03 507.262 507.242 -40.5197 -57.4058 3775640000.0
790 0.02895 0.000340746 718.262 7149.01 507.279 507.259 -20.5722 -25.6234 3775790000.0
791 0.02905 0.000340736 718.267 7149.08 507.268 507.248 -35.682 -39.0162 3775660000.0
792 0.02915 0.000340743 718.267 7148.9 507.266 507.256 -6.56309 -12.9739 3775750000.0
793 0.02925 0.00034072 718.311 7149.08 507.245 507.241 -52.5077 -80.5794 3775700000.0
794 0.02935 0.000340726 718.296 7149.05 507.252 507.243 -48.3469 -72.2628 3775680000.0
795 0.02945 0.000340739 718.261 7149.04 507.271 507.246 -25.6304 -39.2919 3775710000.0
796 0.02955 0.000340727 718.291 7149.21 507.264 507.242 -60.4474 -89.0205 3775700000.0
797 0.02965 0.000340751 718.246 7148.89 507.278 507.259 -3.36799 -5.74013 3775780000.0
798 0.02975 0.00034076 718.218 7148.8 507.285 507.257 10.7854 32.7383 3775680000.0
799 0.02985 0.000340745 718.253 7148.81 507.262 507.255 -0.186828 -15.5928 3775740000.0
800 0.02995 0.000340749 718.248 7149.0 507.283 507.254 -8.76987 -0.154951 3775700000.0
