TITLE = "DSMC"
VARIABLES = "ID" "X" "rho" "v1" "Ttrans" "p" "p1" "q1" "mv1v1v1" "mvvv1v1"
ZONE T="Ma=3.6_inv", I=1000, J=1, K=1, F=POINT
1000 -0.02995 0.000287012 -341.177 1340.11 80.096 80.096 1.55438 2.12107 111768000.0
999 -0.02985 0.000287012 -341.176 1340.11 80.096 80.0952 2.11041 3.67026 111767000.0
998 -0.02975 0.000286993 -341.2 1340.14 80.0925 80.0936 4.32857 7.65636 111769000.0
997 -0.02965 0.000287007 -341.183 1340.12 80.095 80.0958 3.08139 5.6152 111770000.0
996 -0.02955 0.000287029 -341.156 1340.15 80.1027 80.0978 1.85642 0.39154 111771000.0
995 -0.02945 0.000287027 -341.158 1340.12 80.1007 80.0979 1.01169 0.898037 111770000.0
994 -0.02935 0.000287035 -341.148 1340.11 80.102 80.0989 -0.572898 -1.9584 111769000.0
993 -0.02925 0.000287038 -341.146 1340.12 80.1034 80.0991 0.399737 -0.732416 111770000.0
992 -0.02915 0.000287014 -341.174 1340.14 80.0982 80.0971 2.7189 5.42088 111769000.0
991 -0.02905 0.000287011 -341.178 1340.16 80.0988 80.0958 3.85455 5.3802 111768000.0
990 -0.02895 0.000287032 -341.15 1340.15 80.104 80.0981 1.58539 -0.503042 111769000.0
989 -0.02885 0.000287029 -341.156 1340.14 80.1022 80.0975 1.14281 -0.0241475 111767000.0
988 -0.02875 0.000287028 -341.156 1340.18 80.1044 80.0984 2.98033 1.15362 111770000.0
987 -0.02865 0.000287044 -341.136 1340.12 80.1057 80.0998 -0.752985 -3.94219 111769000.0
986 -0.02855 0.000287021 -341.165 1340.09 80.097 80.0966 0.155565 -0.355155 111765000.0
985 -0.02845 0.000287024 -341.162 1340.09 80.0979 80.0974 0.533104 0.416282 111764000.0
984 -0.02835 0.000287043 -341.138 1340.07 80.1022 80.0998 -2.63376 -5.54507 111767000.0
983 -0.02825 0.000287028 -341.155 1340.1 80.0995 80.0984 0.657275 -0.438797 111768000.0
982 -0.02815 0.000287017 -341.171 1340.13 80.0987 80.097 2.82115 0.784472 111766000.0
981 -0.02805 0.000287003 -341.188 1340.08 80.0918 80.0946 2.54172 3.64433 111761000.0
980 -0.02795 0.000287012 -341.174 1340.04 80.092 80.0965 0.202359 1.87882 111763000.0
979 -0.02785 0.000287003 -341.185 1340.02 80.0877 80.0959 0.459888 4.23323 111762000.0
978 -0.02775 0.00028701 -341.177 1340.05 80.0919 80.0966 -0.0966777 2.8218 111763000.0
977 -0.02765 0.000287015 -341.17 1340.06 80.0937 80.0964 0.52922 2.70673 111760000.0
976 -0.02755 0.000287021 -341.164 1340.06 80.0956 80.0986 0.040602 2.424 111765000.0
975 -0.02745 0.000287048 -341.13 1340.03 80.1014 80.1007 -3.05555 -2.39758 111763000.0
974 -0.02735 0.000287054 -341.123 1340.03 80.1025 80.1015 -4.21527 -4.91281 111765000.0
973 -0.02725 0.000287053 -341.124 1340.06 80.1044 80.1019 -2.2264 -2.8262 111767000.0
972 -0.02715 0.00028706 -341.115 1340.03 80.1049 80.1029 -5.09584 -5.53464 111766000.0
971 -0.02705 0.000287055 -341.123 1340.13 80.1089 80.1016 -0.734284 -1.92898 111767000.0
970 -0.02695 0.00028707 -341.102 1340.09 80.1109 80.1041 -3.7964 -5.9095 111769000.0
969 -0.02685 0.000287055 -341.119 1340.09 80.1067 80.1019 -2.35434 -2.15082 111769000.0
968 -0.02675 0.00028702 -341.16 1340.2 80.1032 80.0982 4.07402 6.75144 111769000.0
967 -0.02665 0.000287042 -341.134 1340.19 80.1092 80.1009 1.72352 1.87622 111771000.0
966 -0.02655 0.00028704 -341.134 1340.12 80.1044 80.0995 -0.71696 1.24128 111768000.0
965 -0.02645 0.000287042 -341.134 1340.07 80.1017 80.1009 -1.08832 2.24906 111768000.0
964 -0.02635 0.000287049 -341.126 1340.09 80.1051 80.1013 -1.84988 -0.518135 111769000.0
963 -0.02625 0.000287046 -341.127 1340.15 80.1081 80.1012 0.581921 0.678044 111770000.0
962 -0.02615 0.000287053 -341.121 1340.13 80.1086 80.1026 -0.43273 0.854855 111771000.0
961 -0.02605 0.000287043 -341.133 1340.13 80.1055 80.1002 -0.107952 2.2814 111770000.0
960 -0.02595 0.00028703 -341.147 1340.13 80.1024 80.0984 1.46803 5.12461 111770000.0
959 -0.02585 0.000287027 -341.151 1340.17 80.1038 80.0988 2.95537 6.64944 111772000.0
958 -0.02575 0.000287014 -341.168 1340.2 80.1018 80.0968 5.89172 10.7385 111768000.0
957 -0.02565 0.00028703 -341.149 1340.13 80.1022 80.0986 1.96824 5.82565 111769000.0
956 -0.02555 0.000287043 -341.134 1340.18 80.1084 80.1003 2.33748 3.68371 111772000.0
955 -0.02545 0.000287031 -341.146 1340.18 80.1053 80.0996 3.36293 5.9013 111775000.0
954 -0.02535 0.000287016 -341.166 1340.17 80.1003 80.0982 4.15701 10.019 111772000.0
953 -0.02525 0.000287032 -341.147 1340.25 80.1103 80.1005 5.6666 6.01292 111775000.0
952 -0.02515 0.000287021 -341.159 1340.2 80.104 80.098 4.62233 7.60101 111770000.0
951 -0.02505 0.000287023 -341.157 1340.23 80.106 80.0982 5.59942 7.51118 111771000.0
950 -0.02495 0.000287029 -341.152 1340.22 80.1071 80.0995 5.4409 6.69202 111773000.0
949 -0.02485 0.00028704 -341.139 1340.26 80.1126 80.1004 4.63272 2.63533 111775000.0
948 -0.02475 0.000287039 -341.138 1340.2 80.1089 80.1006 3.32167 2.15417 111777000.0
947 -0.02465 0.000287055 -341.12 1340.17 80.1112 80.1016 1.00781 0.0290828 111775000.0
946 -0.02455 0.000287045 -341.133 1340.21 80.1111 80.102 2.94733 2.26919 111781000.0
945 -0.02445 0.000287045 -341.131 1340.22 80.1119 80.1013 3.67112 2.1425 111781000.0
944 -0.02435 0.000287064 -341.11 1340.17 80.1143 80.1035 0.616943 -1.65543 111782000.0
943 -0.02425 0.00028704 -341.14 1340.2 80.1092 80.1002 3.46477 3.81846 111778000.0
942 -0.02415 0.000287027 -341.156 1340.2 80.1056 80.0991 4.3253 6.50533 111777000.0
941 -0.02405 0.000287046 -341.135 1340.23 80.1129 80.101 4.05967 3.63115 111778000.0
940 -0.02395 0.000287056 -341.123 1340.16 80.1111 80.1029 0.722696 1.64761 111780000.0
939 -0.02385 0.000287059 -341.118 1340.2 80.1143 80.102 1.96162 0.957945 111780000.0
938 -0.02375 0.000287048 -341.131 1340.22 80.1121 80.1006 3.44393 3.99264 111777000.0
937 -0.02365 0.000287043 -341.135 1340.16 80.1079 80.1008 2.82749 4.37574 111777000.0
936 -0.02355 0.000287041 -341.142 1340.19 80.1089 80.1008 3.2667 3.21266 111779000.0
935 -0.02345 0.00028702 -341.161 1340.17 80.1017 80.0982 3.98464 7.51925 111776000.0
934 -0.02335 0.000287015 -341.172 1340.19 80.1016 80.0977 5.35849 8.3009 111774000.0
933 -0.02325 0.000287018 -341.165 1340.17 80.1011 80.0976 4.74769 7.53881 111772000.0
932 -0.02315 0.000287024 -341.16 1340.22 80.1057 80.0989 5.67357 6.04947 111777000.0
931 -0.02305 0.000287023 -341.158 1340.17 80.1025 80.0977 4.34317 5.784 111775000.0
930 -0.02295 0.000287025 -341.156 1340.16 80.1023 80.0982 3.46434 4.79568 111776000.0
929 -0.02285 0.000287028 -341.153 1340.15 80.1028 80.0994 3.20639 5.4888 111778000.0
928 -0.02275 0.000287044 -341.133 1340.15 80.1074 80.0999 2.2774 2.64854 111775000.0
927 -0.02265 0.000287021 -341.163 1340.13 80.0994 80.0979 3.08417 8.38732 111774000.0
926 -0.02255 0.000287037 -341.144 1340.13 80.1043 80.1002 2.16996 4.34386 111775000.0
925 -0.02245 0.000287029 -341.152 1340.14 80.1027 80.0986 2.46623 5.14315 111772000.0
924 -0.02235 0.000287035 -341.143 1340.13 80.1033 80.0998 1.6959 4.20739 111772000.0
923 -0.02225 0.000287052 -341.123 1340.12 80.1075 80.1021 0.0370987 0.700394 111774000.0
922 -0.02215 0.000287044 -341.133 1340.13 80.1058 80.0996 0.967697 2.8213 111770000.0
921 -0.02205 0.00028705 -341.125 1340.14 80.1079 80.1014 0.44201 0.601272 111771000.0
920 -0.02195 0.000287054 -341.122 1340.09 80.1064 80.1015 -1.20617 0.662914 111770000.0
919 -0.02185 0.000287049 -341.126 1340.02 80.1011 80.1 -2.76743 0.855565 111766000.0
918 -0.02175 0.000287052 -341.126 1340.06 80.1039 80.1004 -1.29858 0.580271 111764000.0
917 -0.02165 0.000287044 -341.134 1339.98 80.0971 80.1002 -3.49941 0.783376 111763000.0
916 -0.02155 0.000287049 -341.127 1340.03 80.1014 80.1007 -1.85178 0.354704 111766000.0
915 -0.02145 0.000287061 -341.116 1340.04 80.1054 80.1019 -2.34106 -1.79067 111765000.0
914 -0.02135 0.000287058 -341.115 1340.06 80.1059 80.1018 -1.33478 -0.831818 111765000.0
913 -0.02125 0.000287068 -341.106 1340.04 80.1071 80.1017 -3.45514 -5.0091 111764000.0
912 -0.02115 0.000287068 -341.105 1340.02 80.106 80.1026 -3.57408 -3.81495 111767000.0
911 -0.02105 0.000287036 -341.142 1340.07 80.1 80.0997 0.307693 2.93691 111768000.0
910 -0.02095 0.000287039 -341.137 1340.08 80.1015 80.0988 0.918872 3.17148 111766000.0
909 -0.02085 0.000287051 -341.123 1340.05 80.1031 80.1005 -1.70121 -0.402502 111768000.0
908 -0.02075 0.000287059 -341.118 1340.0 80.1023 80.1006 -3.75832 -2.41406 111766000.0
907 -0.02065 0.000287057 -341.117 1340.05 80.1049 80.1011 -2.29623 -2.78579 111765000.0
906 -0.02055 0.000287059 -341.116 1340.04 80.1047 80.1009 -2.10996 -1.87592 111765000.0
905 -0.02045 0.000287064 -341.109 1340.09 80.109 80.1022 -1.51781 -3.70205 111766000.0
904 -0.02035 0.00028705 -341.125 1340.11 80.1068 80.1008 0.10141 -0.176255 111765000.0
903 -0.02025 0.000287054 -341.119 1340.09 80.1061 80.1004 -0.647404 -0.936494 111763000.0
902 -0.02015 0.000287055 -341.122 1340.09 80.1063 80.1012 -1.18455 -1.89007 111763000.0
901 -0.02005 0.000287045 -341.131 1340.11 80.105 80.1004 0.952141 0.405011 111765000.0
900 -0.01995 0.000287034 -341.143 1340.11 80.1023 80.0976 2.01177 2.73076 111761000.0
899 -0.01985 0.000287054 -341.119 1340.11 80.1078 80.1008 0.419878 -2.6263 111766000.0
898 -0.01975 0.000287041 -341.138 1340.08 80.1024 80.1002 0.00254555 -2.0468 111766000.0
897 -0.01965 0.000287042 -341.135 1340.09 80.103 80.1 1.0626 -0.29627 111766000.0
896 -0.01955 0.000287024 -341.156 1340.18 80.1031 80.0972 4.60375 2.8512 111766000.0
895 -0.01945 0.000287044 -341.133 1340.08 80.1029 80.0983 -0.117674 -2.80778 111764000.0
894 -0.01935 0.000287034 -341.147 1340.03 80.0975 80.0988 -0.220688 -0.204782 111764000.0
893 -0.01925 0.00028704 -341.136 1340.04 80.0996 80.1 -0.284508 -1.52595 111767000.0
892 -0.01915 0.000287021 -341.16 1340.1 80.0978 80.0977 3.60026 4.37057 111763000.0
891 -0.01905 0.000287049 -341.129 1340.06 80.1031 80.1011 -0.758865 -2.92645 111765000.0
890 -0.01895 0.000287048 -341.131 1340.06 80.1028 80.1001 -0.259448 -1.52961 111765000.0
889 -0.01885 0.000287064 -341.106 1340.08 80.1088 80.1026 -0.918821 -5.0438 111768000.0
888 -0.01875 0.000287067 -341.106 1340.1 80.1106 80.1021 -1.15863 -6.80347 111768000.0
887 -0.01865 0.000287055 -341.12 1340.07 80.1053 80.1006 -1.33639 -5.63317 111765000.0
886 -0.01855 0.00028705 -341.127 1340.07 80.104 80.1008 -0.485783 -4.32105 111765000.0
885 -0.01845 0.000287043 -341.133 1340.04 80.1003 80.1 -0.719327 -2.98949 111762000.0
884 -0.01835 0.000287054 -341.122 1340.06 80.1046 80.101 -0.519714 -3.49651 111765000.0
883 -0.01825 0.000287074 -341.094 1340.03 80.1086 80.1038 -3.0949 -7.78606 111768000.0
882 -0.01815 0.00028707 -341.103 1340.04 80.108 80.1038 -3.33618 -7.40499 111767000.0
881 -0.01805 0.000287061 -341.112 1340.02 80.1044 80.1023 -2.24839 -4.14624 111763000.0
880 -0.01795 0.000287069 -341.104 1340.06 80.1087 80.1035 -2.38922 -5.58632 111765000.0
879 -0.01785 0.000287076 -341.096 1340.07 80.1115 80.1038 -2.08659 -7.73611 111765000.0
878 -0.01775 0.000287056 -341.119 1340.07 80.1056 80.101 -0.99273 -3.01811 111763000.0
877 -0.01765 0.000287044 -341.136 1340.04 80.1007 80.0996 0.2862 -0.233575 111762000.0
876 -0.01755 0.000287032 -341.147 1340.05 80.0983 80.0985 1.32461 3.23478 111761000.0
875 -0.01745 0.000287062 -341.113 1340.06 80.1069 80.1018 -0.885288 -2.50589 111762000.0
874 -0.01735 0.000287051 -341.128 1340.04 80.1026 80.1009 -0.564991 0.396664 111759000.0
873 -0.01725 0.000287061 -341.115 1340.03 80.1047 80.102 -1.56448 -1.19027 111761000.0
872 -0.01715 0.000287073 -341.103 1340.01 80.107 80.1032 -4.01781 -4.41423 111759000.0
871 -0.01705 0.000287073 -341.101 1340.02 80.1076 80.1034 -3.49078 -4.97012 111760000.0
870 -0.01695 0.000287059 -341.116 1340.06 80.1058 80.1 -0.596557 -1.01631 111759000.0
869 -0.01685 0.000287068 -341.106 1340.08 80.1096 80.1025 -1.72266 -4.2307 111763000.0
868 -0.01675 0.000287058 -341.121 1340.04 80.1045 80.102 -0.960765 -1.2009 111761000.0
867 -0.01665 0.000287065 -341.109 1339.99 80.1036 80.103 -3.83899 -4.50669 111761000.0
866 -0.01655 0.000287074 -341.099 1339.98 80.1058 80.104 -4.15908 -5.34462 111762000.0
865 -0.01645 0.000287073 -341.099 1340.02 80.1073 80.1028 -2.90195 -4.12957 111760000.0
864 -0.01635 0.000287064 -341.111 1340.1 80.1096 80.1016 0.539299 -1.97197 111762000.0
863 -0.01625 0.000287084 -341.088 1340.02 80.1106 80.105 -3.36039 -5.07907 111763000.0
862 -0.01615 0.000287047 -341.13 1340.08 80.1038 80.1002 1.79735 2.93095 111761000.0
861 -0.01605 0.000287052 -341.126 1340.06 80.1038 80.0997 0.459798 2.37491 111760000.0
860 -0.01595 0.000287063 -341.112 1340.08 80.1084 80.1027 0.2803 -0.19161 111764000.0
859 -0.01585 0.00028706 -341.116 1340.09 80.1082 80.102 0.287211 0.279804 111761000.0
858 -0.01575 0.000287046 -341.131 1340.12 80.1059 80.0996 3.01591 2.61002 111759000.0
857 -0.01565 0.000287052 -341.127 1340.04 80.103 80.1007 -0.270046 1.03605 111758000.0
856 -0.01555 0.000287061 -341.112 1340.03 80.1048 80.101 -1.19016 -0.900075 111756000.0
855 -0.01545 0.00028707 -341.104 1340.03 80.1075 80.1047 -1.66986 -2.03341 111762000.0
854 -0.01535 0.000287083 -341.087 1340.06 80.1128 80.1043 -2.76098 -6.75177 111760000.0
853 -0.01525 0.000287075 -341.098 1340.09 80.1123 80.1033 -0.139799 -4.12625 111765000.0
852 -0.01515 0.000287081 -341.09 1340.06 80.1124 80.1037 -1.57616 -5.59922 111765000.0
851 -0.01505 0.000287077 -341.095 1340.06 80.1108 80.1039 -0.909267 -2.91178 111764000.0
850 -0.01495 0.000287065 -341.109 1340.04 80.1067 80.1021 -0.950187 -2.37967 111760000.0
849 -0.01485 0.000287082 -341.088 1340.01 80.1093 80.1043 -3.12631 -5.15399 111761000.0
848 -0.01475 0.000287071 -341.104 1340.0 80.1056 80.1037 -2.59753 -2.23538 111763000.0
847 -0.01465 0.000287056 -341.12 1340.07 80.1055 80.1015 1.28381 2.71225 111763000.0
846 -0.01455 0.000287051 -341.125 1340.11 80.1068 80.1011 2.68765 4.29975 111764000.0
845 -0.01445 0.000287035 -341.145 1340.11 80.1023 80.0977 4.23918 7.29976 111761000.0
844 -0.01435 0.000287031 -341.151 1340.07 80.099 80.0977 3.92415 7.92571 111760000.0
843 -0.01425 0.000287033 -341.149 1340.08 80.0998 80.0978 3.38718 5.66763 111759000.0
842 -0.01415 0.000287045 -341.132 1340.08 80.1036 80.0999 2.64278 3.44444 111760000.0
841 -0.01405 0.000287045 -341.133 1340.11 80.105 80.0995 2.62513 1.47998 111760000.0
840 -0.01395 0.000287034 -341.146 1340.11 80.1018 80.0984 4.5518 4.83018 111758000.0
839 -0.01385 0.000287037 -341.145 1340.1 80.1023 80.0989 4.32939 5.59588 111759000.0
838 -0.01375 0.000287038 -341.143 1340.1 80.1023 80.098 4.05573 5.40852 111758000.0
837 -0.01365 0.000287028 -341.156 1340.14 80.102 80.0983 5.34839 6.30574 111758000.0
836 -0.01355 0.000287026 -341.158 1340.14 80.1017 80.0976 6.49313 7.52866 111757000.0
835 -0.01345 0.000287032 -341.152 1340.16 80.1046 80.099 6.37963 6.52155 111758000.0
834 -0.01335 0.000287024 -341.16 1340.16 80.102 80.0961 7.00668 7.93549 111755000.0
833 -0.01325 0.000287013 -341.174 1340.13 80.0972 80.096 7.23048 9.98248 111755000.0
832 -0.01315 0.00028702 -341.164 1340.22 80.1045 80.097 9.10625 7.44218 111757000.0
831 -0.01305 0.000287001 -341.185 1340.17 80.0966 80.0938 9.53802 12.3267 111754000.0
830 -0.01295 0.000287024 -341.16 1340.11 80.0994 80.0968 5.99686 5.94675 111755000.0
829 -0.01285 0.000287026 -341.157 1340.07 80.0973 80.097 4.51058 4.28978 111754000.0
828 -0.01275 0.00028703 -341.151 1340.04 80.0969 80.0963 3.21597 3.70001 111752000.0
827 -0.01265 0.000287043 -341.139 1340.05 80.1013 80.0995 1.94578 0.529078 111755000.0
826 -0.01255 0.000287036 -341.143 1340.05 80.099 80.0982 3.28954 2.23735 111754000.0
825 -0.01245 0.000287036 -341.147 1340.03 80.0974 80.0992 2.2065 3.66838 111755000.0
824 -0.01235 0.00028704 -341.139 1340.03 80.0988 80.0982 1.92365 2.77652 111751000.0
823 -0.01225 0.000287044 -341.136 1340.0 80.0984 80.099 1.03168 0.552885 111752000.0
822 -0.01215 0.000287037 -341.147 1340.09 80.1016 80.0993 4.50643 3.50794 111755000.0
821 -0.01205 0.000287042 -341.138 1340.12 80.105 80.0989 4.40399 1.39754 111754000.0
820 -0.01195 0.000287029 -341.154 1340.08 80.0987 80.0975 4.70274 5.6967 111749000.0
819 -0.01185 0.000287024 -341.163 1340.09 80.0977 80.0967 6.01604 7.42624 111749000.0
818 -0.01175 0.000287034 -341.148 1340.08 80.1003 80.099 4.29765 5.41719 111749000.0
817 -0.01165 0.000287019 -341.168 1340.11 80.0979 80.0956 6.5972 8.24346 111745000.0
816 -0.01155 0.000287018 -341.17 1340.05 80.0938 80.0955 5.1143 6.61063 111742000.0
815 -0.01145 0.000287021 -341.165 1340.0 80.0919 80.0966 3.0674 5.76172 111739000.0
814 -0.01135 0.000287006 -341.184 1340.01 80.0885 80.0949 5.77366 8.6266 111737000.0
813 -0.01125 0.000287 -341.188 1340.0 80.0863 80.0927 5.96909 10.1138 111731000.0
812 -0.01115 0.000287 -341.189 1340.05 80.0893 80.0939 6.54314 9.52464 111734000.0
811 -0.01105 0.000287 -341.188 1340.06 80.0895 80.094 7.35847 10.2817 111735000.0
810 -0.01095 0.000287005 -341.185 1340.13 80.0953 80.0951 8.75318 9.71502 111738000.0
809 -0.01085 0.000287011 -341.175 1340.15 80.0977 80.0949 9.36106 9.42207 111735000.0
808 -0.01075 0.000286991 -341.201 1340.21 80.0958 80.0934 12.1603 12.9729 111735000.0
807 -0.01065 0.000286991 -341.2 1340.16 80.0933 80.0917 11.3308 11.9005 111730000.0
806 -0.01055 0.000286979 -341.216 1340.1 80.0861 80.0916 10.3312 13.5401 111728000.0
805 -0.01045 0.000286991 -341.203 1340.16 80.0929 80.0936 11.217 9.37359 111731000.0
804 -0.01035 0.000286973 -341.221 1340.16 80.0878 80.0913 11.9958 12.0924 111724000.0
803 -0.01025 0.000286983 -341.211 1340.14 80.0897 80.0919 11.5618 11.1908 111720000.0
802 -0.01015 0.000286973 -341.223 1340.18 80.089 80.0917 13.6546 12.9513 111721000.0
801 -0.01005 0.000286954 -341.249 1340.17 80.0834 80.0892 15.1408 16.9074 111714000.0
800 -0.00995 0.000286944 -341.258 1340.22 80.0836 80.0877 17.3451 19.3562 111714000.0
799 -0.00985 0.000286956 -341.244 1340.15 80.0828 80.0897 14.4802 15.1619 111710000.0
798 -0.00975 0.000286943 -341.261 1340.21 80.0824 80.0876 16.8889 18.1356 111708000.0
797 -0.00965 0.000286928 -341.278 1340.21 80.0788 80.0865 19.7154 22.77 111704000.0
796 -0.00955 0.000286924 -341.284 1340.25 80.0797 80.0861 20.0784 22.8345 111699000.0
795 -0.00945 0.000286915 -341.292 1340.26 80.0778 80.0842 21.8535 24.5251 111695000.0
794 -0.00935 0.000286918 -341.29 1340.21 80.0758 80.0851 19.1626 22.9091 111689000.0
793 -0.00925 0.000286885 -341.329 1340.23 80.0673 80.0811 23.0867 31.024 111682000.0
792 -0.00915 0.000286875 -341.339 1340.29 80.0682 80.0795 25.9662 30.8831 111676000.0
791 -0.00905 0.000286865 -341.349 1340.24 80.0626 80.0783 25.3948 32.2284 111670000.0
790 -0.00895 0.000286883 -341.328 1340.29 80.0707 80.0817 25.1028 26.7424 111668000.0
789 -0.00885 0.000286866 -341.348 1340.34 80.069 80.0786 28.033 28.5449 111662000.0
788 -0.00875 0.000286828 -341.392 1340.35 80.0591 80.0739 32.4116 35.2005 111654000.0
787 -0.00865 0.000286795 -341.429 1340.41 80.0531 80.071 37.541 41.0428 111649000.0
786 -0.00855 0.000286788 -341.44 1340.39 80.0502 80.0711 37.1827 41.0246 111643000.0
785 -0.00845 0.000286768 -341.46 1340.47 80.0495 80.0681 41.4922 43.855 111636000.0
784 -0.00835 0.000286738 -341.497 1340.44 80.0389 80.0637 43.8432 46.8668 111625000.0
783 -0.00825 0.000286728 -341.508 1340.46 80.0378 80.0622 45.2752 45.5029 111617000.0
782 -0.00815 0.000286705 -341.536 1340.39 80.0269 80.0613 44.8619 49.0273 111608000.0
781 -0.00805 0.000286671 -341.575 1340.44 80.0204 80.0562 49.2084 54.5431 111597000.0
780 -0.00795 0.000286645 -341.606 1340.49 80.0162 80.0533 53.8564 58.0532 111590000.0
779 -0.00785 0.000286596 -341.663 1340.55 80.0062 80.0482 60.4224 67.848 111580000.0
778 -0.00775 0.000286589 -341.671 1340.57 80.005 80.0475 61.1249 65.3177 111568000.0
777 -0.00765 0.000286565 -341.7 1340.59 79.9998 80.0454 64.494 67.2934 111559000.0
776 -0.00755 0.000286537 -341.728 1340.63 79.9942 80.0416 68.0289 69.0843 111545000.0
775 -0.00745 0.000286491 -341.786 1340.65 79.9828 80.0365 73.6571 74.2487 111531000.0
774 -0.00735 0.000286434 -341.854 1340.68 79.9684 80.0294 79.0946 82.7593 111513000.0
773 -0.00725 0.000286419 -341.867 1340.65 79.9627 80.0277 79.6013 79.0066 111496000.0
772 -0.00715 0.00028635 -341.95 1340.71 79.9468 80.0199 87.6888 89.6003 111477000.0
771 -0.00705 0.000286291 -342.017 1340.82 79.9369 80.0139 96.3159 95.7508 111461000.0
770 -0.00695 0.000286226 -342.092 1340.86 79.9212 80.0057 103.557 102.622 111439000.0
769 -0.00685 0.000286168 -342.159 1340.88 79.9063 79.9997 109.639 107.623 111419000.0
768 -0.00675 0.000286115 -342.222 1340.91 79.8933 79.9933 115.585 110.266 111396000.0
767 -0.00665 0.000286028 -342.325 1340.9 79.8684 79.983 123.994 121.114 111369000.0
766 -0.00655 0.000285964 -342.401 1340.97 79.8544 79.976 131.474 123.662 111346000.0
765 -0.00645 0.000285895 -342.481 1341.02 79.838 79.9686 139.199 128.887 111320000.0
764 -0.00635 0.000285778 -342.618 1341.04 79.8067 79.9554 150.747 143.448 111286000.0
763 -0.00625 0.000285686 -342.729 1341.06 79.7822 79.945 160.068 150.298 111254000.0
762 -0.00615 0.000285575 -342.856 1341.11 79.7544 79.9309 172.793 159.375 111215000.0
761 -0.00605 0.000285462 -342.99 1341.18 79.7268 79.9188 184.457 167.065 111179000.0
760 -0.00595 0.000285322 -343.158 1341.29 79.6946 79.9014 201.645 180.557 111136000.0
759 -0.00585 0.000285181 -343.324 1341.33 79.6574 79.8873 215.946 194.051 111096000.0
758 -0.00575 0.000285044 -343.483 1341.33 79.6193 79.8712 228.355 205.141 111050000.0
757 -0.00565 0.000284883 -343.674 1341.44 79.5809 79.8534 246.618 218.732 111004000.0
756 -0.00555 0.000284717 -343.873 1341.48 79.5366 79.8329 263.741 230.881 110948000.0
755 -0.00545 0.000284525 -344.099 1341.59 79.4896 79.8113 284.83 247.974 110895000.0
754 -0.00535 0.00028435 -344.307 1341.61 79.4416 79.7921 302.087 258.929 110836000.0
753 -0.00525 0.00028412 -344.58 1341.72 79.3844 79.7649 326.681 278.276 110771000.0
752 -0.00515 0.000283884 -344.86 1341.76 79.3204 79.7376 350.251 295.937 110700000.0
751 -0.00505 0.000283631 -345.164 1341.9 79.2578 79.7073 378.208 315.477 110624000.0
750 -0.00495 0.000283356 -345.489 1341.92 79.1822 79.6763 404.12 336.412 110541000.0
749 -0.00485 0.000283058 -345.845 1341.96 79.1012 79.6416 433.539 358.473 110453000.0
748 -0.00475 0.000282741 -346.228 1342.03 79.0173 79.6039 466.879 382.116 110360000.0
747 -0.00465 0.000282407 -346.629 1342.16 78.9313 79.5648 501.909 404.147 110263000.0
746 -0.00455 0.000282023 -347.09 1342.15 78.8237 79.5197 538.497 432.648 110152000.0
745 -0.00445 0.000281638 -347.559 1342.2 78.7185 79.4749 576.101 457.006 110040000.0
744 -0.00435 0.000281196 -348.094 1342.19 78.5942 79.4218 618.417 487.572 109908000.0
743 -0.00425 0.000280724 -348.666 1342.26 78.4668 79.3679 665.272 520.527 109777000.0
742 -0.00415 0.00028023 -349.269 1342.21 78.3255 79.3079 711.336 550.647 109629000.0
741 -0.00405 0.00027968 -349.945 1342.21 78.1718 79.2425 764.673 587.235 109471000.0
740 -0.00395 0.000279073 -350.689 1342.23 78.0038 79.1696 823.997 629.134 109301000.0
739 -0.00385 0.000278422 -351.494 1342.21 77.8205 79.0918 886.459 674.477 109119000.0
738 -0.00375 0.000277714 -352.374 1342.19 77.6214 79.0063 954.689 723.202 108922000.0
737 -0.00365 0.000276966 -353.309 1342.15 77.41 78.9149 1027.09 772.956 108711000.0
736 -0.00355 0.000276134 -354.352 1342.16 77.1778 78.8125 1108.8 833.307 108485000.0
735 -0.00345 0.00027527 -355.445 1342.14 76.9354 78.7077 1193.15 890.008 108245000.0
734 -0.00335 0.000274321 -356.65 1342.06 76.6655 78.5903 1286.17 958.635 107982000.0
733 -0.00325 0.000273323 -357.928 1341.91 76.3781 78.4659 1380.17 1022.93 107701000.0
732 -0.00315 0.000272225 -359.35 1341.66 76.0572 78.3281 1483.73 1099.45 107396000.0
731 -0.00305 0.000271039 -360.89 1341.6 75.7221 78.1775 1601.63 1182.68 107071000.0
730 -0.00295 0.000269759 -362.57 1341.4 75.3536 78.015 1726.27 1275.69 106724000.0
729 -0.00285 0.000268417 -364.351 1341.17 74.966 77.8418 1857.17 1369.11 106349000.0
728 -0.00275 0.000266944 -366.323 1340.87 74.5378 77.6502 2000.88 1479.07 105948000.0
727 -0.00265 0.000265382 -368.44 1340.53 74.0826 77.445 2153.9 1595.8 105520000.0
726 -0.00255 0.000263706 -370.737 1340.15 73.5941 77.222 2319.23 1723.89 105061000.0
725 -0.00245 0.000261902 -373.244 1339.7 73.0658 76.9784 2497.75 1866.52 104569000.0
724 -0.00235 0.00025998 -375.954 1339.19 72.5024 76.7164 2689.93 2022.27 104042000.0
723 -0.00225 0.00025795 -378.854 1338.62 71.9057 76.4353 2893.98 2187.35 103486000.0
722 -0.00215 0.000255787 -382.002 1337.9 71.2645 76.1296 3110.46 2367.82 102887000.0
721 -0.00205 0.000253492 -385.393 1337.15 70.5852 75.8028 3344.91 2567.6 102256000.0
720 -0.00195 0.000251081 -389.024 1336.2 69.8641 75.4512 3590.03 2779.14 101581000.0
719 -0.00185 0.000248489 -393.004 1335.27 69.0952 75.0663 3860.31 3022.62 100869000.0
718 -0.00175 0.000245787 -397.244 1334.08 68.2829 74.6575 4141.33 3279.46 100113000.0
717 -0.00165 0.000242929 -401.83 1332.74 67.4209 74.2153 4441.0 3563.66 99313000.0
716 -0.00155 0.00023995 -406.722 1331.22 66.5184 73.7433 4755.48 3865.84 98470500.0
715 -0.00145 0.00023681 -412.012 1329.55 65.5656 73.2345 5093.51 4204.6 97585700.0
714 -0.00135 0.000233551 -417.649 1327.65 64.5707 72.6927 5447.03 4565.9 96659600.0
713 -0.00125 0.00023015 -423.704 1325.53 63.5286 72.111 5820.8 4960.28 95687600.0
712 -0.00115 0.000226622 -430.164 1323.18 62.4438 71.49 6212.48 5384.02 94674400.0
711 -0.00105 0.000222982 -437.05 1320.55 61.3189 70.8301 6623.78 5841.27 93624600.0
710 -0.00095 0.000219228 -444.383 1317.5 60.1473 70.1282 7048.04 6329.29 92530600.0
709 -0.00085 0.000215396 -452.131 1313.99 58.9384 69.3859 7482.88 6844.22 91395700.0
708 -0.00075 0.000211463 -460.364 1310.21 57.6962 68.5986 7938.16 7395.68 90232800.0
707 -0.00065 0.000207423 -469.143 1305.98 56.4108 67.7599 8409.44 7989.94 89033500.0
706 -0.00055 0.000203341 -478.366 1301.2 55.0983 66.8812 8887.6 8609.25 87809600.0
705 -0.00045 0.000199219 -488.047 1295.94 53.7632 65.9587 9373.64 9253.93 86562300.0
704 -0.00035 0.000195035 -498.292 1290.1 52.397 64.9836 9871.1 9936.26 85293100.0
703 -0.00025 0.000190822 -509.045 1283.65 51.0088 63.9622 10373.0 10647.2 84008700.0
702 -0.00015 0.000186564 -520.405 1276.61 49.5973 62.8838 10884.3 11393.8 82715800.0
701 -5e-05 0.000182257 -532.421 1268.64 48.1498 61.7434 11397.6 12182.3 81408600.0
700 5e-05 0.00017794 -545.328 1259.46 46.6687 60.4936 11907.9 13007.2 80052900.0
699 0.00015 0.000173866 -558.36 1249.15 45.2269 59.2045 12369.5 13762.8 78653400.0
698 0.00025 0.000169919 -571.587 1238.0 43.8059 57.899 12799.7 14487.2 77260100.0
697 0.00035 0.000166071 -585.075 1225.94 42.3966 56.5658 13199.7 15185.9 75865000.0
696 0.00045 0.000162342 -598.757 1213.12 41.0113 55.2152 13568.9 15849.1 74479800.0
695 0.00055 0.000158734 -612.602 1199.41 39.6468 53.8488 13901.6 16472.1 73097200.0
694 0.00065 0.000155227 -626.665 1184.81 38.2988 52.4607 14199.9 17061.2 71721200.0
693 0.00075 0.000151831 -640.909 1169.46 36.9755 51.0569 14464.1 17608.1 70353600.0
692 0.00085 0.000148569 -655.193 1153.35 35.683 49.6481 14687.9 18101.5 68991400.0
691 0.00095 0.000145435 -669.527 1136.51 34.4199 48.2353 14871.3 18540.7 67634700.0
690 0.00105 0.000142417 -683.913 1118.88 33.1828 46.817 15012.3 18924.5 66276200.0
689 0.00115 0.000139529 -698.266 1100.59 31.9785 45.4022 15111.6 19248.8 64920200.0
688 0.00125 0.000136762 -712.584 1081.66 30.8054 43.9926 15169.6 19515.3 63565500.0
687 0.00135 0.000134117 -726.817 1062.06 29.6622 42.5893 15182.8 19719.5 62200900.0
686 0.00145 0.000131599 -740.899 1042.01 28.5558 41.2031 15156.9 19863.4 60838400.0
685 0.00155 0.000129194 -754.861 1021.55 27.4834 39.8277 15093.8 19946.9 59471600.0
684 0.00165 0.000126907 -768.633 1000.74 26.4468 38.4716 14992.9 19970.0 58098700.0
683 0.00175 0.000124746 -782.103 979.66 25.449 37.1446 14854.5 19931.7 56719200.0
682 0.00185 0.000122692 -795.35 958.342 24.4853 35.8407 14682.8 19840.4 55334400.0
681 0.00195 0.000120741 -808.336 936.86 23.5558 34.5611 14479.6 19695.4 53940200.0
680 0.00205 0.000118893 -821.043 915.336 22.6625 33.3103 14249.5 19502.1 52544100.0
679 0.00215 0.000117149 -833.391 893.865 21.8063 32.0943 13993.2 19261.2 51143500.0
678 0.00225 0.000115497 -845.447 872.379 20.982 30.9075 13713.0 18979.0 49737700.0
677 0.00235 0.000113941 -857.108 851.142 20.1955 29.7593 13413.6 18657.9 48333200.0
676 0.00245 0.000112472 -868.419 830.019 19.4403 28.6454 13095.0 18303.6 46927000.0
675 0.00255 0.000111089 -879.341 809.255 18.7208 27.569 12763.3 17918.1 45525700.0
674 0.00265 0.000109785 -889.89 788.753 18.0323 26.5306 12418.9 17508.3 44131500.0
673 0.00275 0.000108556 -900.069 768.633 17.3757 25.5283 12064.9 17075.7 42743800.0
672 0.00285 0.000107397 -909.875 748.922 16.7494 24.5626 11704.8 16626.0 41370700.0
671 0.00295 0.000106302 -919.337 729.634 16.1516 23.6307 11340.2 16161.5 40011400.0
670 0.00305 0.000105273 -928.41 710.77 15.5817 22.7371 10970.2 15684.9 38662200.0
669 0.00315 0.000104312 -937.047 692.541 15.0435 21.8863 10602.5 15202.9 37339300.0
668 0.00325 0.000103402 -945.377 674.745 14.529 21.0663 10234.5 14714.9 36035200.0
667 0.00335 0.000102543 -953.363 657.481 14.0398 20.2796 9868.48 14222.8 34751000.0
666 0.00345 0.000101734 -961.013 640.64 13.5722 19.5258 9503.24 13731.5 33488100.0
665 0.00355 0.000100978 -968.286 624.474 13.1314 18.8095 9145.31 13243.0 32255800.0
664 0.00365 0.000100266 -975.223 608.842 12.7124 18.1265 8793.19 12760.3 31054200.0
663 0.00375 9.95922e-05 -981.875 593.727 12.3135 17.4709 8446.44 12280.0 29875800.0
662 0.00385 9.8961e-05 -988.198 579.175 11.9356 16.8482 8107.59 11809.6 28731200.0
661 0.00395 9.83657e-05 -994.231 565.141 11.5763 16.2539 7775.88 11346.6 27615200.0
660 0.00405 9.78077e-05 -999.967 551.675 11.2364 15.6889 7453.28 10893.7 26531800.0
659 0.00415 9.7278e-05 -1005.45 538.705 10.9128 15.1486 7138.92 10450.3 25480700.0
658 0.00425 9.67775e-05 -1010.7 526.22 10.605 14.6314 6833.16 10016.3 24460400.0
657 0.00435 9.63147e-05 -1015.6 514.435 10.3179 14.1485 6541.2 9599.5 23483200.0
656 0.00445 9.58748e-05 -1020.31 503.011 10.0427 13.6851 6255.14 9192.25 22530700.0
655 0.00455 9.54595e-05 -1024.78 492.065 9.78163 13.2434 5978.68 8796.44 21610300.0
654 0.00465 9.50709e-05 -1029.01 481.679 9.5362 12.8269 5714.32 8415.78 20728500.0
653 0.00475 9.47005e-05 -1033.07 471.651 9.30127 12.4272 5457.11 8045.87 19874300.0
652 0.00485 9.43526e-05 -1036.92 462.069 9.07885 12.0478 5209.49 7688.21 19050900.0
651 0.00495 9.40272e-05 -1040.54 453.032 8.87059 11.6913 4974.28 7346.42 18266200.0
650 0.00505 9.37193e-05 -1043.99 444.347 8.67203 11.351 4746.85 7015.86 17508500.0
649 0.00515 9.34273e-05 -1047.28 436.028 8.48316 11.0264 4527.55 6696.44 16777700.0
648 0.00525 9.31542e-05 -1050.38 428.143 8.30541 10.7213 4318.82 6392.3 16081800.0
647 0.00535 9.2899e-05 -1053.28 420.685 8.13837 10.4345 4120.03 6102.15 15417100.0
646 0.00545 9.26544e-05 -1056.09 413.491 7.97815 10.1578 3927.5 5820.26 14774500.0
645 0.00555 9.24263e-05 -1058.72 406.688 7.82757 9.89817 3744.55 5551.92 14161800.0
644 0.00565 9.2209e-05 -1061.24 400.163 7.68386 9.65022 3568.37 5294.16 13573700.0
643 0.00575 9.20039e-05 -1063.63 393.977 7.54825 9.41481 3400.81 5047.23 13012500.0
642 0.00585 9.18099e-05 -1065.89 388.078 7.41955 9.1915 3240.2 4810.67 12474200.0
641 0.00595 9.16263e-05 -1068.04 382.434 7.29704 8.97951 3086.09 4584.4 11958300.0
640 0.00605 9.14546e-05 -1070.07 377.12 7.18215 8.78031 2940.47 4369.69 11469300.0
639 0.00615 9.12938e-05 -1071.97 372.063 7.0734 8.59239 2801.34 4165.19 11001500.0
638 0.00625 9.11412e-05 -1073.78 367.286 6.97089 8.41359 2669.56 3969.5 10557000.0
637 0.00635 9.09969e-05 -1075.51 362.717 6.87329 8.24333 2543.41 3782.32 10131600.0
636 0.00645 9.08591e-05 -1077.15 358.36 6.78044 8.08197 2422.72 3603.9 9724650.0
635 0.00655 9.07293e-05 -1078.7 354.224 6.69261 7.92895 2307.72 3433.44 9336860.0
634 0.00665 9.06038e-05 -1080.21 350.184 6.60712 7.77958 2195.36 3267.37 8959480.0
633 0.00675 9.04896e-05 -1081.58 346.499 6.52936 7.64444 2092.48 3114.53 8610180.0
632 0.00685 9.03798e-05 -1082.91 342.922 6.45411 7.51408 1992.21 2966.84 8271620.0
631 0.00695 9.02759e-05 -1084.17 339.516 6.38266 7.38919 1896.99 2825.34 7949760.0
630 0.00705 9.01753e-05 -1085.39 336.232 6.31389 7.26911 1804.7 2688.78 7638020.0
629 0.00715 9.0082e-05 -1086.53 333.143 6.2494 7.15688 1717.67 2560.04 7343260.0
628 0.00725 8.99944e-05 -1087.59 330.248 6.18907 7.05191 1636.13 2439.18 7066540.0
627 0.00735 8.99115e-05 -1088.6 327.536 6.13259 6.95229 1559.7 2323.8 6804890.0
626 0.00745 8.9834e-05 -1089.55 324.95 6.07894 6.85886 1486.72 2214.91 6555920.0
625 0.00755 8.97593e-05 -1090.47 322.432 6.0268 6.76823 1415.37 2109.55 6313810.0
624 0.00765 8.96874e-05 -1091.35 320.026 5.97704 6.68151 1347.23 2008.42 6082400.0
623 0.00775 8.96194e-05 -1092.18 317.767 5.93034 6.59952 1283.14 1912.5 5863720.0
622 0.00785 8.95567e-05 -1092.95 315.639 5.88651 6.52292 1222.69 1822.25 5657260.0
621 0.00795 8.9497e-05 -1093.69 313.612 5.84482 6.45029 1165.07 1736.43 5460130.0
620 0.00805 8.94393e-05 -1094.41 311.631 5.80416 6.37942 1108.64 1652.96 5268080.0
619 0.00815 8.93839e-05 -1095.09 309.766 5.76585 6.31274 1055.49 1574.07 5086910.0
618 0.00825 8.93321e-05 -1095.73 308.003 5.7297 6.24964 1005.21 1499.11 4914940.0
617 0.00835 8.92851e-05 -1096.32 306.357 5.69608 6.19111 958.142 1428.83 4753220.0
616 0.00845 8.92389e-05 -1096.89 304.785 5.66392 6.13513 913.204 1361.92 4598740.0
615 0.00855 8.91947e-05 -1097.44 303.267 5.63292 6.08084 869.911 1297.22 4450420.0
614 0.00865 8.91527e-05 -1097.96 301.83 5.6036 6.02958 828.724 1235.69 4309010.0
613 0.00875 8.91124e-05 -1098.45 300.456 5.57557 5.98064 789.363 1176.93 4173680.0
612 0.00885 8.90757e-05 -1098.91 299.176 5.54953 5.93543 752.719 1122.28 4047710.0
611 0.00895 8.90399e-05 -1099.36 297.933 5.52425 5.8915 717.078 1069.4 3925300.0
610 0.00905 8.90071e-05 -1099.77 296.792 5.50105 5.85054 684.297 1019.85 3811690.0
609 0.00915 8.89745e-05 -1100.17 295.676 5.47837 5.81087 652.231 971.875 3701010.0
608 0.00925 8.89451e-05 -1100.55 294.623 5.45705 5.77393 621.935 926.927 3596570.0
607 0.00935 8.89148e-05 -1100.92 293.593 5.43612 5.73731 592.357 882.891 3495140.0
606 0.00945 8.8888e-05 -1101.25 292.654 5.4171 5.70407 565.354 842.342 3401330.0
605 0.00955 8.88623e-05 -1101.58 291.741 5.39865 5.67192 539.092 803.067 3310670.0
604 0.00965 8.88366e-05 -1101.89 290.866 5.38089 5.64102 513.938 765.493 3223800.0
603 0.00975 8.88138e-05 -1102.19 290.036 5.36417 5.61193 490.027 729.713 3140890.0
602 0.00985 8.87901e-05 -1102.48 289.219 5.34762 5.58341 466.431 695.059 3059960.0
601 0.00995 8.87689e-05 -1102.74 288.468 5.33246 5.55695 444.811 662.646 2985220.0
600 0.01005 8.87491e-05 -1102.99 287.774 5.31845 5.53254 424.798 632.53 2915400.0
599 0.01015 8.87307e-05 -1103.24 287.083 5.30457 5.50875 404.794 603.27 2846450.0
598 0.01025 8.87112e-05 -1103.47 286.426 5.29128 5.48522 385.977 574.751 2781090.0
597 0.01035 8.86939e-05 -1103.69 285.804 5.27877 5.46386 367.981 548.309 2719000.0
596 0.01045 8.86777e-05 -1103.89 285.231 5.26721 5.44382 351.334 523.336 2660830.0
595 0.01055 8.8662e-05 -1104.09 284.659 5.25572 5.42399 334.909 499.031 2604240.0
594 0.01065 8.86465e-05 -1104.28 284.122 5.2449 5.405 319.413 475.855 2550560.0
593 0.01075 8.86321e-05 -1104.46 283.621 5.23478 5.38756 304.808 454.106 2499540.0
592 0.01085 8.86192e-05 -1104.63 283.138 5.22511 5.37071 290.846 433.322 2451140.0
591 0.01095 8.86061e-05 -1104.79 282.677 5.21584 5.35488 277.571 413.678 2404900.0
590 0.01105 8.85942e-05 -1104.94 282.255 5.20735 5.34006 265.297 395.147 2361610.0
589 0.01115 8.85819e-05 -1105.1 281.821 5.19863 5.32465 252.82 376.449 2318600.0
588 0.01125 8.85704e-05 -1105.24 281.421 5.19056 5.31054 241.157 358.959 2277820.0
587 0.01135 8.85597e-05 -1105.37 281.048 5.18307 5.29738 230.418 342.759 2240340.0
586 0.01145 8.85498e-05 -1105.5 280.683 5.17574 5.28461 219.783 326.826 2202970.0
585 0.01155 8.85402e-05 -1105.62 280.338 5.16884 5.27281 209.802 312.112 2168430.0
584 0.01165 8.8531e-05 -1105.73 280.012 5.16228 5.26176 200.308 298.292 2135220.0
583 0.01175 8.85225e-05 -1105.85 279.679 5.15565 5.25028 190.696 284.004 2101960.0
582 0.01185 8.8514e-05 -1105.95 279.391 5.14984 5.24022 182.366 271.404 2072670.0
581 0.01195 8.85064e-05 -1106.05 279.12 5.1444 5.23081 174.479 259.426 2044800.0
580 0.01205 8.84996e-05 -1106.14 278.842 5.1389 5.22149 166.445 247.74 2016820.0
579 0.01215 8.84913e-05 -1106.24 278.559 5.1332 5.21173 158.221 235.865 1988820.0
578 0.01225 8.84853e-05 -1106.32 278.328 5.12858 5.20378 151.519 225.75 1965080.0
577 0.01235 8.84782e-05 -1106.4 278.097 5.12393 5.19571 144.821 215.605 1941400.0
576 0.01245 8.84722e-05 -1106.48 277.877 5.11952 5.1881 138.419 206.108 1918960.0
575 0.01255 8.84664e-05 -1106.55 277.666 5.11529 5.18084 132.371 197.08 1897860.0
574 0.01265 8.84609e-05 -1106.62 277.468 5.11134 5.17407 126.576 188.402 1877260.0
573 0.01275 8.84561e-05 -1106.69 277.276 5.10751 5.1674 120.989 180.043 1857570.0
572 0.01285 8.84503e-05 -1106.76 277.092 5.10379 5.16089 115.64 172.01 1838760.0
571 0.01295 8.84458e-05 -1106.82 276.917 5.10031 5.15469 110.56 164.298 1820930.0
570 0.01305 8.84408e-05 -1106.87 276.753 5.097 5.14909 105.798 157.168 1803860.0
569 0.01315 8.84369e-05 -1106.93 276.592 5.0938 5.14369 101.123 150.42 1787540.0
568 0.01325 8.84324e-05 -1106.98 276.435 5.09066 5.13831 96.5957 143.709 1771790.0
567 0.01335 8.84282e-05 -1107.04 276.275 5.08747 5.13262 91.9872 136.77 1755730.0
566 0.01345 8.84245e-05 -1107.09 276.146 5.08488 5.12808 88.2082 130.956 1742190.0
565 0.01355 8.842e-05 -1107.13 276.001 5.08196 5.12309 83.9987 124.949 1727800.0
564 0.01365 8.84172e-05 -1107.18 275.879 5.07955 5.11896 80.4338 119.646 1715090.0
563 0.01375 8.84136e-05 -1107.22 275.757 5.07709 5.11476 76.9001 114.398 1702690.0
562 0.01385 8.84109e-05 -1107.26 275.65 5.07498 5.11089 73.7389 109.518 1691130.0
561 0.01395 8.84071e-05 -1107.3 275.542 5.07276 5.10693 70.6421 104.736 1680190.0
560 0.01405 8.84042e-05 -1107.34 275.426 5.07047 5.10307 67.2962 99.9066 1668550.0
559 0.01415 8.84019e-05 -1107.37 275.326 5.06849 5.0998 64.366 95.7074 1658360.0
558 0.01425 8.8399e-05 -1107.4 275.229 5.06653 5.09645 61.5406 91.4587 1648330.0
557 0.01435 8.83967e-05 -1107.44 275.13 5.06459 5.09324 58.659 87.4104 1638450.0
556 0.01445 8.83946e-05 -1107.46 275.048 5.06295 5.09046 56.3051 83.758 1629750.0
555 0.01455 8.83921e-05 -1107.5 274.959 5.06117 5.08733 53.7269 79.8451 1620780.0
554 0.01465 8.83894e-05 -1107.52 274.88 5.05956 5.08456 51.3249 76.3024 1612410.0
553 0.01475 8.83879e-05 -1107.55 274.805 5.0581 5.08216 49.2302 73.2893 1604860.0
552 0.01485 8.83859e-05 -1107.57 274.734 5.05669 5.07969 47.1213 70.1368 1597360.0
551 0.01495 8.83838e-05 -1107.6 274.667 5.05532 5.07732 45.2 67.1831 1590410.0
550 0.01505 8.83829e-05 -1107.62 274.611 5.05425 5.07551 43.567 64.6636 1584280.0
549 0.01515 8.83812e-05 -1107.64 274.546 5.05295 5.07338 41.671 61.934 1577620.0
548 0.01525 8.83789e-05 -1107.66 274.476 5.05154 5.07096 39.6223 58.9311 1570630.0
547 0.01535 8.83775e-05 -1107.69 274.413 5.0503 5.06885 37.8678 56.34 1564410.0
546 0.01545 8.83753e-05 -1107.7 274.359 5.04918 5.06691 36.2531 53.9623 1558700.0
545 0.01555 8.83744e-05 -1107.72 274.299 5.04801 5.06498 34.5055 51.4691 1552730.0
544 0.01565 8.83723e-05 -1107.74 274.248 5.04696 5.06321 33.0476 49.1984 1547410.0
543 0.01575 8.83718e-05 -1107.76 274.201 5.04606 5.06153 31.6043 47.049 1542440.0
542 0.01585 8.837e-05 -1107.78 274.152 5.04505 5.05976 30.2673 44.9787 1537510.0
541 0.01595 8.83687e-05 -1107.79 274.108 5.04417 5.0581 28.9051 42.8719 1532830.0
540 0.01605 8.83679e-05 -1107.8 274.073 5.04348 5.05702 27.8853 41.3137 1528970.0
539 0.01615 8.83666e-05 -1107.82 274.028 5.04257 5.05549 26.6379 39.5325 1524520.0
538 0.01625 8.8366e-05 -1107.83 273.992 5.04189 5.05423 25.5533 37.8848 1520580.0
537 0.01635 8.83648e-05 -1107.85 273.955 5.04113 5.05292 24.4336 36.2355 1516630.0
536 0.01645 8.8364e-05 -1107.86 273.919 5.04042 5.05178 23.4136 34.7955 1512890.0
535 0.01655 8.83638e-05 -1107.87 273.889 5.03986 5.05097 22.5021 33.5538 1509610.0
534 0.01665 8.83626e-05 -1107.88 273.858 5.03922 5.04991 21.6781 32.3347 1506580.0
533 0.01675 8.83612e-05 -1107.89 273.822 5.03847 5.04853 20.5858 30.6826 1502820.0
532 0.01685 8.83606e-05 -1107.9 273.791 5.03787 5.04738 19.7179 29.3572 1499800.0
531 0.01695 8.83596e-05 -1107.91 273.763 5.03731 5.04649 18.9117 28.2026 1496880.0
530 0.01705 8.83592e-05 -1107.92 273.735 5.03677 5.04562 18.0981 27.0618 1493980.0
529 0.01715 8.83583e-05 -1107.93 273.709 5.03624 5.04462 17.3171 25.817 1491210.0
528 0.01725 8.83576e-05 -1107.94 273.683 5.03571 5.04367 16.6054 24.7109 1488580.0
527 0.01735 8.83571e-05 -1107.95 273.658 5.03523 5.0428 15.8252 23.5871 1485850.0
526 0.01745 8.83564e-05 -1107.96 273.63 5.03468 5.04187 15.0648 22.5178 1483260.0
525 0.01755 8.83557e-05 -1107.96 273.613 5.03433 5.04129 14.543 21.7275 1481290.0
524 0.01765 8.8355e-05 -1107.97 273.594 5.03394 5.04071 13.9946 20.9306 1479230.0
523 0.01775 8.83549e-05 -1107.98 273.578 5.03363 5.04017 13.5194 20.1497 1477520.0
522 0.01785 8.83537e-05 -1107.98 273.559 5.03321 5.03945 12.9548 19.2698 1475420.0
521 0.01795 8.83539e-05 -1107.99 273.539 5.03286 5.03872 12.3967 18.4253 1473460.0
520 0.01805 8.83527e-05 -1108.0 273.519 5.03243 5.03795 11.8516 17.5731 1471390.0
519 0.01815 8.83527e-05 -1108.0 273.504 5.03214 5.03739 11.3578 16.7994 1469650.0
518 0.01825 8.83518e-05 -1108.01 273.484 5.03173 5.03678 10.8133 16.0502 1467690.0
517 0.01835 8.83515e-05 -1108.01 273.469 5.03143 5.03631 10.3128 15.3126 1466030.0
516 0.01845 8.83513e-05 -1108.02 273.453 5.03113 5.03567 9.93084 14.7475 1464550.0
515 0.01855 8.83511e-05 -1108.02 273.445 5.03097 5.03541 9.65515 14.2976 1463440.0
514 0.01865 8.83502e-05 -1108.03 273.424 5.03053 5.03477 9.05659 13.4725 1461510.0
513 0.01875 8.83498e-05 -1108.03 273.411 5.03027 5.03431 8.71759 12.9289 1460220.0
512 0.01885 8.83499e-05 -1108.04 273.403 5.03013 5.0342 8.44101 12.532 1459250.0
511 0.01895 8.83495e-05 -1108.04 273.389 5.02985 5.03372 8.05673 11.9961 1457850.0
510 0.01905 8.83493e-05 -1108.05 273.379 5.02966 5.03335 7.70102 11.4059 1456670.0
509 0.01915 8.83491e-05 -1108.05 273.37 5.02948 5.03316 7.48034 11.0886 1455830.0
508 0.01925 8.8349e-05 -1108.05 273.356 5.02922 5.03271 7.09494 10.5358 1454530.0
507 0.01935 8.83486e-05 -1108.06 273.346 5.029 5.03227 6.73266 10.0161 1453370.0
506 0.01945 8.83485e-05 -1108.06 273.334 5.02878 5.0318 6.40086 9.49974 1452220.0
505 0.01955 8.83487e-05 -1108.06 273.327 5.02866 5.03172 6.18286 9.21198 1451410.0
504 0.01965 8.83476e-05 -1108.06 273.318 5.02844 5.03137 5.96666 8.83561 1450550.0
503 0.01975 8.8348e-05 -1108.07 273.312 5.02835 5.0312 5.76437 8.51778 1449770.0
502 0.01985 8.8348e-05 -1108.07 273.304 5.0282 5.03079 5.53182 8.16845 1448840.0
501 0.01995 8.8347e-05 -1108.07 273.3 5.02806 5.03046 5.37002 7.82309 1448180.0
500 0.02005 8.83466e-05 -1108.08 273.287 5.02781 5.03001 5.07493 7.42358 1447270.0
499 0.02015 8.83463e-05 -1108.08 273.28 5.02765 5.02963 4.8624 7.0747 1446480.0
498 0.02025 8.83465e-05 -1108.08 273.275 5.02757 5.02936 4.64591 6.75158 1445720.0
497 0.02035 8.8346e-05 -1108.09 273.266 5.02737 5.02912 4.44115 6.48047 1444960.0
496 0.02045 8.83452e-05 -1108.09 273.256 5.02716 5.02865 4.19564 6.05171 1444150.0
495 0.02055 8.83465e-05 -1108.09 273.252 5.02715 5.02856 4.02929 5.77993 1443560.0
494 0.02065 8.83456e-05 -1108.09 273.248 5.02704 5.02848 3.98499 5.71172 1443290.0
493 0.02075 8.83456e-05 -1108.09 273.248 5.02703 5.0285 3.9108 5.66278 1442920.0
492 0.02085 8.83456e-05 -1108.09 273.241 5.02691 5.02821 3.73126 5.35402 1442280.0
491 0.02095 8.83455e-05 -1108.1 273.232 5.02674 5.02797 3.46431 5.00105 1441510.0
490 0.02105 8.8345e-05 -1108.09 273.231 5.02668 5.02789 3.42677 4.94462 1441170.0
489 0.02115 8.83457e-05 -1108.1 273.227 5.02664 5.02787 3.26806 4.70089 1440670.0
488 0.02125 8.83453e-05 -1108.1 273.221 5.02652 5.02771 3.13554 4.58234 1440170.0
487 0.02135 8.83454e-05 -1108.1 273.217 5.02645 5.02759 3.03057 4.43137 1439770.0
486 0.02145 8.83451e-05 -1108.1 273.214 5.02638 5.02757 2.94072 4.27384 1439430.0
485 0.02155 8.83454e-05 -1108.1 273.211 5.02635 5.02742 2.81281 4.02599 1438980.0
484 0.02165 8.83453e-05 -1108.1 273.206 5.02624 5.02717 2.69238 3.82578 1438460.0
483 0.02175 8.83446e-05 -1108.11 273.201 5.02611 5.02691 2.51767 3.53009 1437940.0
482 0.02185 8.83444e-05 -1108.1 273.201 5.02609 5.02701 2.52553 3.59607 1437830.0
481 0.02195 8.83451e-05 -1108.11 273.196 5.02605 5.02682 2.34358 3.24956 1437330.0
480 0.02205 8.83442e-05 -1108.11 273.192 5.02591 5.02662 2.26395 3.14811 1436910.0
479 0.02215 8.83447e-05 -1108.11 273.19 5.02591 5.02672 2.20014 3.12173 1436750.0
478 0.02225 8.83454e-05 -1108.11 273.188 5.02591 5.02681 2.13373 3.11813 1436500.0
477 0.02235 8.83439e-05 -1108.11 273.183 5.02574 5.0265 1.97368 2.87769 1436070.0
476 0.02245 8.83453e-05 -1108.11 273.178 5.02573 5.02642 1.83483 2.71246 1435650.0
475 0.02255 8.83445e-05 -1108.11 273.178 5.02568 5.02633 1.81973 2.7152 1435500.0
474 0.02265 8.83443e-05 -1108.11 273.176 5.02564 5.02624 1.76777 2.59776 1435270.0
473 0.02275 8.83446e-05 -1108.11 273.172 5.02558 5.02617 1.66532 2.46217 1434970.0
472 0.02285 8.83437e-05 -1108.11 273.171 5.02551 5.026 1.62002 2.40423 1434680.0
471 0.02295 8.83445e-05 -1108.12 273.166 5.02546 5.02585 1.45282 2.17359 1434270.0
470 0.02305 8.83437e-05 -1108.12 273.166 5.02542 5.02583 1.45118 2.12747 1434200.0
469 0.02315 8.83438e-05 -1108.12 273.161 5.02533 5.02562 1.34098 1.90848 1433800.0
468 0.02325 8.83443e-05 -1108.12 273.159 5.02532 5.02556 1.28804 1.81702 1433570.0
467 0.02335 8.83435e-05 -1108.12 273.159 5.02528 5.02563 1.26565 1.87519 1433560.0
466 0.02345 8.83433e-05 -1108.12 273.155 5.0252 5.02544 1.21028 1.74727 1433340.0
465 0.02355 8.83431e-05 -1108.12 273.154 5.02516 5.02518 1.13213 1.65443 1433000.0
464 0.02365 8.83429e-05 -1108.12 273.149 5.02507 5.02504 1.06738 1.50687 1432750.0
463 0.02375 8.8344e-05 -1108.12 273.155 5.02523 5.02541 1.10904 1.61067 1432910.0
462 0.02385 8.83431e-05 -1108.12 273.148 5.02506 5.02526 1.08583 1.60091 1432720.0
461 0.02395 8.83433e-05 -1108.12 273.153 5.02515 5.02533 1.02905 1.48644 1432660.0
460 0.02405 8.8343e-05 -1108.12 273.149 5.02507 5.0252 1.01425 1.4688 1432450.0
459 0.02415 8.83429e-05 -1108.13 273.145 5.02499 5.025 0.916886 1.24502 1432220.0
458 0.02425 8.83432e-05 -1108.13 273.147 5.02503 5.02506 0.930325 1.30741 1432170.0
457 0.02435 8.83429e-05 -1108.12 273.144 5.02496 5.02504 0.827217 1.17269 1431890.0
456 0.02445 8.83439e-05 -1108.13 273.145 5.02504 5.02505 0.846813 1.13953 1431860.0
455 0.02455 8.83427e-05 -1108.13 273.139 5.02487 5.02494 0.737698 1.09779 1431580.0
454 0.02465 8.83425e-05 -1108.13 273.139 5.02485 5.02485 0.681277 1.00459 1431450.0
453 0.02475 8.83434e-05 -1108.13 273.137 5.02486 5.02487 0.650044 0.951995 1431290.0
452 0.02485 8.83426e-05 -1108.13 273.137 5.02483 5.02494 0.673565 1.01377 1431320.0
451 0.02495 8.83441e-05 -1108.12 273.137 5.0249 5.02515 0.666587 1.06708 1431330.0
450 0.02505 8.83425e-05 -1108.12 273.141 5.02489 5.02526 0.705971 1.16942 1431430.0
449 0.02515 8.83438e-05 -1108.13 273.135 5.02484 5.02509 0.567138 0.932383 1431130.0
448 0.02525 8.8343e-05 -1108.12 273.133 5.02478 5.02494 0.558562 0.881155 1430990.0
447 0.02535 8.83437e-05 -1108.12 273.136 5.02486 5.02512 0.600749 0.99804 1431120.0
446 0.02545 8.83437e-05 -1108.13 273.135 5.02484 5.02503 0.520703 0.865538 1430940.0
445 0.02555 8.83432e-05 -1108.13 273.132 5.02475 5.02494 0.490585 0.783789 1430790.0
444 0.02565 8.83433e-05 -1108.13 273.132 5.02477 5.02489 0.464955 0.731725 1430740.0
443 0.02575 8.83433e-05 -1108.13 273.132 5.02477 5.02496 0.514136 0.838072 1430780.0
442 0.02585 8.83431e-05 -1108.13 273.131 5.02474 5.02486 0.457566 0.728121 1430600.0
441 0.02595 8.83432e-05 -1108.13 273.131 5.02475 5.02491 0.46495 0.73517 1430600.0
440 0.02605 8.8343e-05 -1108.13 273.128 5.02468 5.02473 0.372997 0.589694 1430370.0
439 0.02615 8.83431e-05 -1108.13 273.125 5.02463 5.0246 0.33505 0.475323 1430250.0
438 0.02625 8.83434e-05 -1108.13 273.127 5.02468 5.02461 0.341561 0.488735 1430260.0
437 0.02635 8.83432e-05 -1108.13 273.124 5.02461 5.02445 0.28766 0.398704 1430050.0
436 0.02645 8.83423e-05 -1108.13 273.126 5.0246 5.02443 0.347543 0.455257 1430130.0
435 0.02655 8.8343e-05 -1108.13 273.124 5.0246 5.02443 0.302926 0.423106 1430060.0
434 0.02665 8.83426e-05 -1108.13 273.125 5.0246 5.02442 0.250668 0.339493 1429940.0
433 0.02675 8.83432e-05 -1108.13 273.123 5.0246 5.02459 0.241591 0.360804 1429960.0
432 0.02685 8.83431e-05 -1108.13 273.122 5.02458 5.02458 0.242222 0.41422 1429920.0
431 0.02695 8.83426e-05 -1108.13 273.123 5.02455 5.02462 0.252196 0.442753 1429930.0
430 0.02705 8.83426e-05 -1108.13 273.126 5.02461 5.02467 0.266308 0.447285 1429910.0
429 0.02715 8.83431e-05 -1108.13 273.123 5.0246 5.02468 0.259542 0.396727 1429840.0
428 0.02725 8.83427e-05 -1108.13 273.125 5.02461 5.02468 0.293135 0.476647 1429860.0
427 0.02735 8.83432e-05 -1108.13 273.121 5.02456 5.02448 0.215244 0.293824 1429580.0
426 0.02745 8.83425e-05 -1108.13 273.122 5.02454 5.02446 0.207289 0.276119 1429550.0
425 0.02755 8.83434e-05 -1108.13 273.123 5.02461 5.02457 0.195848 0.264881 1429600.0
424 0.02765 8.83425e-05 -1108.13 273.124 5.02458 5.02455 0.212734 0.295523 1429540.0
423 0.02775 8.8343e-05 -1108.13 273.121 5.02455 5.02457 0.189346 0.28031 1429550.0
422 0.02785 8.83429e-05 -1108.13 273.122 5.02455 5.02457 0.206552 0.335587 1429510.0
421 0.02795 8.83428e-05 -1108.13 273.123 5.02457 5.02455 0.210612 0.379536 1429520.0
420 0.02805 8.83426e-05 -1108.13 273.123 5.02457 5.02457 0.205664 0.358495 1429470.0
419 0.02815 8.83428e-05 -1108.13 273.123 5.02457 5.02469 0.221185 0.384334 1429470.0
418 0.02825 8.83425e-05 -1108.13 273.124 5.02458 5.02462 0.236887 0.353598 1429410.0
417 0.02835 8.83433e-05 -1108.13 273.123 5.0246 5.02466 0.254451 0.386247 1429440.0
416 0.02845 8.83431e-05 -1108.13 273.126 5.02464 5.02482 0.339231 0.538236 1429610.0
415 0.02855 8.83431e-05 -1108.13 273.124 5.02461 5.0248 0.296818 0.493125 1429520.0
414 0.02865 8.83433e-05 -1108.13 273.124 5.02462 5.02477 0.281377 0.452688 1429530.0
413 0.02875 8.83435e-05 -1108.13 273.124 5.02463 5.02471 0.271326 0.455843 1429450.0
412 0.02885 8.83429e-05 -1108.13 273.122 5.02456 5.02471 0.23845 0.390481 1429430.0
411 0.02895 8.83436e-05 -1108.13 273.123 5.02462 5.02461 0.215931 0.324467 1429360.0
410 0.02905 8.83425e-05 -1108.13 273.123 5.02455 5.02453 0.233926 0.346554 1429350.0
409 0.02915 8.83435e-05 -1108.13 273.126 5.02467 5.02475 0.303702 0.509099 1429500.0
408 0.02925 8.83428e-05 -1108.13 273.126 5.02463 5.02476 0.306099 0.483134 1429440.0
407 0.02935 8.83438e-05 -1108.13 273.127 5.02471 5.02493 0.359884 0.603023 1429600.0
406 0.02945 8.83436e-05 -1108.13 273.125 5.02465 5.02474 0.286393 0.477526 1429370.0
405 0.02955 8.83435e-05 -1108.13 273.127 5.02468 5.02487 0.308816 0.555256 1429470.0
404 0.02965 8.83433e-05 -1108.13 273.124 5.02462 5.02473 0.234541 0.400836 1429300.0
403 0.02975 8.83431e-05 -1108.13 273.125 5.02463 5.02482 0.27309 0.473174 1429370.0
402 0.02985 8.83433e-05 -1108.13 273.124 5.02463 5.02476 0.257963 0.439508 1429310.0
401 0.02995 8.83436e-05 -1108.13 273.125 5.02465 5.02483 0.26936 0.468909 1429350.0
400 0.03005 8.83436e-05 -1108.13 273.123 5.02462 5.02477 0.256436 0.460454 1429320.0
399 0.03015 8.83432e-05 -1108.13 273.125 5.02464 5.02491 0.230153 0.41984 1429370.0
398 0.03025 8.83431e-05 -1108.13 273.12 5.02453 5.02473 0.176949 0.338796 1429150.0
397 0.03035 8.8344e-05 -1108.13 273.122 5.02462 5.02487 0.229031 0.445366 1429290.0
396 0.03045 8.83443e-05 -1108.13 273.127 5.02474 5.02505 0.298568 0.585107 1429500.0
395 0.03055 8.83432e-05 -1108.13 273.124 5.02462 5.02485 0.241865 0.506304 1429330.0
394 0.03065 8.83433e-05 -1108.13 273.121 5.02456 5.0248 0.236022 0.457517 1429250.0
393 0.03075 8.83435e-05 -1108.13 273.121 5.02457 5.02472 0.216756 0.450642 1429160.0
392 0.03085 8.83434e-05 -1108.13 273.125 5.02464 5.02476 0.286782 0.510833 1429310.0
391 0.03095 8.83439e-05 -1108.13 273.124 5.02465 5.02482 0.287613 0.527992 1429320.0
390 0.03105 8.83434e-05 -1108.13 273.124 5.02464 5.02483 0.298383 0.557663 1429320.0
389 0.03115 8.83435e-05 -1108.13 273.125 5.02465 5.02476 0.265961 0.481167 1429230.0
388 0.03125 8.83436e-05 -1108.13 273.123 5.02462 5.02473 0.267651 0.456497 1429210.0
387 0.03135 8.83434e-05 -1108.13 273.124 5.02462 5.02465 0.251348 0.428822 1429190.0
386 0.03145 8.83435e-05 -1108.13 273.12 5.02456 5.02455 0.202901 0.323096 1429010.0
385 0.03155 8.83429e-05 -1108.13 273.121 5.02453 5.02445 0.219631 0.354696 1429010.0
384 0.03165 8.83435e-05 -1108.13 273.12 5.02456 5.02445 0.191664 0.295765 1429000.0
383 0.03175 8.83428e-05 -1108.13 273.117 5.02445 5.0243 0.144857 0.208302 1428840.0
382 0.03185 8.83433e-05 -1108.13 273.119 5.02453 5.02437 0.128822 0.223946 1428900.0
381 0.03195 8.83426e-05 -1108.13 273.117 5.02446 5.02416 0.10816 0.199669 1428800.0
380 0.03205 8.83426e-05 -1108.13 273.12 5.0245 5.02421 0.127352 0.234331 1428910.0
379 0.03215 8.83433e-05 -1108.13 273.12 5.02454 5.0242 0.178979 0.277957 1428940.0
378 0.03225 8.83428e-05 -1108.13 273.119 5.0245 5.02411 0.164967 0.274319 1428880.0
377 0.03235 8.83422e-05 -1108.13 273.118 5.02445 5.02399 0.0736861 0.0539457 1428690.0
376 0.03245 8.83437e-05 -1108.14 273.115 5.02447 5.02392 0.0651274 0.0371946 1428600.0
375 0.03255 8.83423e-05 -1108.13 273.117 5.02443 5.0239 0.0634914 0.0506356 1428590.0
374 0.03265 8.83435e-05 -1108.13 273.12 5.02456 5.02416 0.197896 0.271332 1428860.0
373 0.03275 8.83425e-05 -1108.13 273.121 5.02452 5.02417 0.201773 0.309846 1428930.0
372 0.03285 8.8343e-05 -1108.13 273.117 5.02447 5.02398 0.102751 0.157461 1428650.0
371 0.03295 8.83428e-05 -1108.13 273.119 5.0245 5.02404 0.159914 0.256473 1428790.0
370 0.03305 8.83431e-05 -1108.13 273.12 5.02453 5.02417 0.244952 0.413183 1429000.0
369 0.03315 8.83431e-05 -1108.13 273.121 5.02456 5.0242 0.27284 0.413393 1429050.0
368 0.03325 8.83438e-05 -1108.13 273.118 5.02454 5.02415 0.187079 0.290161 1428870.0
367 0.03335 8.83427e-05 -1108.13 273.119 5.02449 5.02409 0.148808 0.201965 1428770.0
366 0.03345 8.83425e-05 -1108.13 273.119 5.02449 5.02416 0.191287 0.280213 1428850.0
365 0.03355 8.83424e-05 -1108.13 273.12 5.02449 5.02421 0.211645 0.329429 1428900.0
364 0.03365 8.83428e-05 -1108.13 273.12 5.02451 5.0242 0.187793 0.305559 1428850.0
363 0.03375 8.83431e-05 -1108.13 273.119 5.02451 5.02425 0.201478 0.326844 1428890.0
362 0.03385 8.83427e-05 -1108.13 273.117 5.02446 5.02406 0.128318 0.140988 1428730.0
361 0.03395 8.83423e-05 -1108.13 273.117 5.02444 5.02414 0.14485 0.188026 1428840.0
360 0.03405 8.83428e-05 -1108.13 273.116 5.02445 5.02418 0.122874 0.107176 1428770.0
359 0.03415 8.83428e-05 -1108.13 273.117 5.02445 5.02413 0.129466 0.132928 1428750.0
358 0.03425 8.83427e-05 -1108.13 273.117 5.02447 5.02418 0.103335 0.12119 1428790.0
357 0.03435 8.8342e-05 -1108.13 273.121 5.02449 5.02428 0.158457 0.202901 1428890.0
356 0.03445 8.83426e-05 -1108.13 273.119 5.0245 5.02437 0.146299 0.197951 1428930.0
355 0.03455 8.83423e-05 -1108.13 273.115 5.0244 5.02424 0.127032 0.163584 1428870.0
354 0.03465 8.83428e-05 -1108.13 273.12 5.02452 5.02432 0.130743 0.178362 1428900.0
353 0.03475 8.83423e-05 -1108.13 273.116 5.02442 5.02418 0.0550661 0.0635183 1428710.0
352 0.03485 8.83421e-05 -1108.13 273.114 5.02437 5.02419 -0.00166515 -0.0359715 1428620.0
351 0.03495 8.83425e-05 -1108.13 273.115 5.0244 5.0241 -0.0109422 -0.0458059 1428560.0
350 0.03505 8.83422e-05 -1108.13 273.115 5.0244 5.02412 0.049574 6.17193e-05 1428640.0
349 0.03515 8.83432e-05 -1108.14 273.116 5.02446 5.024 -0.0131617 -0.108201 1428570.0
348 0.03525 8.83422e-05 -1108.14 273.115 5.02438 5.024 0.036702 -0.0144539 1428600.0
347 0.03535 8.83418e-05 -1108.13 273.115 5.02437 5.0239 -0.023178 -0.111635 1428510.0
346 0.03545 8.83423e-05 -1108.14 273.114 5.02438 5.02396 -0.0135517 -0.0690815 1428560.0
345 0.03555 8.83423e-05 -1108.13 273.114 5.02437 5.02393 -0.0074498 -0.0699804 1428550.0
344 0.03565 8.83424e-05 -1108.13 273.114 5.02437 5.02397 0.0027583 -0.0125094 1428580.0
343 0.03575 8.83426e-05 -1108.13 273.116 5.02443 5.02399 0.0109144 -0.0354073 1428560.0
342 0.03585 8.83419e-05 -1108.13 273.114 5.02436 5.02401 0.0497093 0.0236391 1428590.0
341 0.03595 8.83422e-05 -1108.13 273.119 5.02446 5.02417 0.0524202 0.0490773 1428660.0
340 0.03605 8.83422e-05 -1108.13 273.116 5.02441 5.02421 0.127166 0.164201 1428730.0
339 0.03615 8.83427e-05 -1108.13 273.118 5.02447 5.02419 0.0903877 0.0946398 1428690.0
338 0.03625 8.83421e-05 -1108.13 273.116 5.0244 5.02412 0.0308671 0.0132123 1428580.0
337 0.03635 8.83424e-05 -1108.13 273.115 5.0244 5.02412 0.00566482 -0.0461209 1428550.0
336 0.03645 8.83425e-05 -1108.13 273.114 5.02438 5.0242 0.00930276 0.00832146 1428610.0
335 0.03655 8.83426e-05 -1108.13 273.119 5.02448 5.02451 0.111976 0.236641 1428850.0
334 0.03665 8.83426e-05 -1108.13 273.119 5.02449 5.02456 0.127763 0.24013 1428920.0
333 0.03675 8.8342e-05 -1108.13 273.119 5.02445 5.02451 0.147397 0.240652 1428910.0
332 0.03685 8.83432e-05 -1108.13 273.12 5.02454 5.02454 0.12907 0.20306 1428880.0
331 0.03695 8.83433e-05 -1108.13 273.119 5.02452 5.02455 0.157037 0.252718 1428890.0
330 0.03705 8.83425e-05 -1108.13 273.119 5.02449 5.02458 0.122028 0.211625 1428860.0
329 0.03715 8.8343e-05 -1108.13 273.12 5.02453 5.02475 0.155106 0.297241 1428950.0
328 0.03725 8.83437e-05 -1108.12 273.124 5.02464 5.0249 0.208139 0.371011 1429110.0
327 0.03735 8.83434e-05 -1108.12 273.123 5.0246 5.02503 0.20039 0.373521 1429200.0
326 0.03745 8.83434e-05 -1108.12 273.119 5.02453 5.02483 0.160425 0.284909 1429010.0
325 0.03755 8.83435e-05 -1108.13 273.12 5.02455 5.02473 0.0988868 0.17829 1428890.0
324 0.03765 8.83433e-05 -1108.13 273.121 5.02457 5.02472 0.145631 0.205342 1428910.0
323 0.03775 8.83437e-05 -1108.13 273.12 5.02457 5.02472 0.150261 0.207969 1428930.0
322 0.03785 8.8343e-05 -1108.13 273.119 5.02451 5.02457 0.150439 0.205542 1428850.0
321 0.03795 8.83433e-05 -1108.13 273.119 5.02453 5.02468 0.119307 0.16483 1428860.0
320 0.03805 8.83432e-05 -1108.13 273.117 5.02449 5.02455 0.0525939 0.0538169 1428720.0
319 0.03815 8.83432e-05 -1108.13 273.115 5.02444 5.02442 0.0128192 -0.0463626 1428570.0
318 0.03825 8.83431e-05 -1108.13 273.115 5.02444 5.02435 0.0330705 -0.0622793 1428560.0
317 0.03835 8.83429e-05 -1108.13 273.115 5.02443 5.02426 0.0227596 -0.11408 1428510.0
316 0.03845 8.8343e-05 -1108.13 273.114 5.02441 5.02418 0.0276616 -0.110575 1428450.0
315 0.03855 8.83427e-05 -1108.13 273.115 5.02442 5.02419 0.0314534 -0.0859559 1428470.0
314 0.03865 8.83431e-05 -1108.13 273.115 5.02445 5.02419 0.00633746 -0.110163 1428440.0
313 0.03875 8.83431e-05 -1108.13 273.113 5.02441 5.02426 0.0331514 -0.0472119 1428510.0
312 0.03885 8.83424e-05 -1108.13 273.114 5.02438 5.02409 -0.0239862 -0.113633 1428390.0
311 0.03895 8.83432e-05 -1108.13 273.115 5.02444 5.02411 0.0362902 -0.0315812 1428480.0
310 0.03905 8.83428e-05 -1108.13 273.117 5.02446 5.02423 0.0984666 0.133829 1428660.0
309 0.03915 8.8343e-05 -1108.13 273.119 5.02451 5.02426 0.112193 0.154947 1428710.0
308 0.03925 8.83435e-05 -1108.13 273.117 5.02451 5.02415 0.0771836 0.0297899 1428550.0
307 0.03935 8.83422e-05 -1108.13 273.114 5.02437 5.02402 0.0429166 -0.0152611 1428410.0
306 0.03945 8.83429e-05 -1108.13 273.112 5.02437 5.02399 -0.039027 -0.158711 1428340.0
305 0.03955 8.83422e-05 -1108.14 273.11 5.0243 5.02391 -0.0448121 -0.184779 1428260.0
304 0.03965 8.83425e-05 -1108.14 273.113 5.02438 5.02397 -0.000360293 -0.08789 1428390.0
303 0.03975 8.83427e-05 -1108.14 273.112 5.02437 5.02398 0.0148183 -0.00325493 1428450.0
302 0.03985 8.83425e-05 -1108.14 273.113 5.02437 5.02399 -0.0385932 -0.128594 1428320.0
301 0.03995 8.83427e-05 -1108.14 273.11 5.02432 5.02385 -0.0530159 -0.172611 1428260.0
300 0.04005 8.83423e-05 -1108.14 273.111 5.02432 5.02379 -0.0389232 -0.130276 1428270.0
299 0.04015 8.83428e-05 -1108.14 273.112 5.02438 5.02387 -0.029854 -0.131862 1428350.0
298 0.04025 8.83421e-05 -1108.14 273.108 5.02425 5.02366 -0.114457 -0.280295 1428160.0
297 0.04035 8.83423e-05 -1108.14 273.11 5.0243 5.02382 -0.0637649 -0.164835 1428300.0
296 0.04045 8.83427e-05 -1108.14 273.106 5.02426 5.02381 -0.0625402 -0.169131 1428300.0
295 0.04055 8.83419e-05 -1108.14 273.109 5.02426 5.02373 -0.0777544 -0.225567 1428200.0
294 0.04065 8.8342e-05 -1108.14 273.108 5.02424 5.02365 -0.0681646 -0.227686 1428210.0
293 0.04075 8.83417e-05 -1108.14 273.108 5.02424 5.02353 -0.122293 -0.313237 1428120.0
292 0.04085 8.83423e-05 -1108.14 273.111 5.02433 5.02366 -0.0732297 -0.220848 1428230.0
291 0.04095 8.83429e-05 -1108.14 273.11 5.02435 5.02389 0.017092 -0.01236 1428420.0
290 0.04105 8.83417e-05 -1108.14 273.113 5.02432 5.02379 -0.00623312 -0.0176246 1428380.0
289 0.04115 8.83423e-05 -1108.14 273.113 5.02436 5.02381 0.0153321 0.0163663 1428400.0
288 0.04125 8.83423e-05 -1108.14 273.112 5.02434 5.0238 0.0133653 0.0585109 1428420.0
287 0.04135 8.83423e-05 -1108.14 273.11 5.0243 5.02374 -0.0356011 -0.0357616 1428290.0
286 0.04145 8.83424e-05 -1108.14 273.111 5.02433 5.02372 -0.0425614 -0.0545358 1428290.0
285 0.04155 8.83411e-05 -1108.14 273.11 5.02424 5.02359 -0.0454137 -0.0791015 1428260.0
284 0.04165 8.83419e-05 -1108.14 273.11 5.02429 5.02348 -0.0394576 -0.113431 1428200.0
283 0.04175 8.83419e-05 -1108.14 273.108 5.02424 5.02342 -0.0601667 -0.222803 1428100.0
282 0.04185 8.83416e-05 -1108.14 273.112 5.02431 5.02357 0.0104944 -0.0814075 1428260.0
281 0.04195 8.8342e-05 -1108.14 273.11 5.02429 5.02351 -0.00332453 -0.0833493 1428230.0
280 0.04205 8.83414e-05 -1108.14 273.111 5.02428 5.02358 -0.0316628 -0.188869 1428230.0
279 0.04215 8.83427e-05 -1108.14 273.112 5.02437 5.02373 0.0165511 -0.103094 1428330.0
278 0.04225 8.83421e-05 -1108.14 273.113 5.02436 5.02381 0.041536 -0.0528426 1428430.0
277 0.04235 8.83423e-05 -1108.14 273.114 5.02437 5.02386 0.0712603 -0.000237296 1428480.0
276 0.04245 8.83415e-05 -1108.14 273.111 5.02428 5.02372 0.0364833 -0.0655368 1428390.0
275 0.04255 8.83422e-05 -1108.14 273.115 5.02439 5.02386 0.0721218 0.00179394 1428540.0
274 0.04265 8.83424e-05 -1108.14 273.111 5.02433 5.02363 -0.000643319 -0.129268 1428300.0
273 0.04275 8.83421e-05 -1108.14 273.113 5.02435 5.02367 -0.0214722 -0.138266 1428340.0
272 0.04285 8.83418e-05 -1108.14 273.109 5.02426 5.02344 -0.0499121 -0.170278 1428200.0
271 0.04295 8.8341e-05 -1108.14 273.109 5.02422 5.02327 -0.0343877 -0.172144 1428120.0
270 0.04305 8.83419e-05 -1108.14 273.109 5.02426 5.02349 -0.0427964 -0.148181 1428170.0
269 0.04315 8.83417e-05 -1108.14 273.11 5.02427 5.02348 -0.0910086 -0.217689 1428140.0
268 0.04325 8.83419e-05 -1108.14 273.11 5.02429 5.02353 -0.0485265 -0.133223 1428150.0
267 0.04335 8.83416e-05 -1108.14 273.11 5.02427 5.02357 -0.0325827 -0.0885157 1428230.0
266 0.04345 8.83426e-05 -1108.14 273.11 5.02433 5.02371 -0.0316506 -0.0548394 1428250.0
265 0.04355 8.83417e-05 -1108.14 273.108 5.02424 5.02341 -0.0933658 -0.189687 1428090.0
264 0.04365 8.83414e-05 -1108.14 273.108 5.02422 5.02345 -0.0423206 -0.126288 1428150.0
263 0.04375 8.83415e-05 -1108.14 273.112 5.0243 5.02361 0.00923947 0.00117885 1428300.0
262 0.04385 8.83414e-05 -1108.14 273.109 5.02424 5.02341 -0.0559475 -0.134631 1428140.0
261 0.04395 8.83422e-05 -1108.14 273.11 5.0243 5.02346 -0.0399907 -0.112928 1428120.0
260 0.04405 8.83423e-05 -1108.14 273.11 5.0243 5.0235 -0.0316264 -0.116169 1428160.0
259 0.04415 8.83417e-05 -1108.14 273.11 5.02428 5.02348 -0.0105821 -0.0793402 1428200.0
258 0.04425 8.83421e-05 -1108.14 273.111 5.02432 5.02357 -0.0125585 -0.0701054 1428270.0
257 0.04435 8.83422e-05 -1108.14 273.113 5.02435 5.02374 0.0320258 0.0409927 1428380.0
256 0.04445 8.83419e-05 -1108.14 273.111 5.02431 5.02366 -0.00119095 0.00302202 1428290.0
255 0.04455 8.83421e-05 -1108.14 273.111 5.02431 5.02372 -0.00993518 0.0419744 1428310.0
254 0.04465 8.83425e-05 -1108.14 273.112 5.02435 5.02375 -0.03578 -0.0336337 1428330.0
253 0.04475 8.8342e-05 -1108.14 273.111 5.0243 5.02365 -0.00302512 0.02451 1428330.0
252 0.04485 8.83419e-05 -1108.14 273.11 5.02429 5.02373 -0.0142932 -0.0417627 1428310.0
251 0.04495 8.83425e-05 -1108.14 273.113 5.02437 5.0238 -0.0285182 -0.0731206 1428350.0
250 0.04505 8.83417e-05 -1108.14 273.111 5.02429 5.02381 0.00193635 -0.0307261 1428370.0
249 0.04515 8.83426e-05 -1108.14 273.109 5.0243 5.02377 -0.0225744 -0.0878015 1428350.0
248 0.04525 8.83418e-05 -1108.14 273.112 5.02431 5.02389 0.0265391 0.0447077 1428510.0
247 0.04535 8.83424e-05 -1108.14 273.114 5.02439 5.02397 0.0528114 0.0569896 1428580.0
246 0.04545 8.83421e-05 -1108.14 273.111 5.02431 5.02381 0.0531897 0.0397173 1428440.0
245 0.04555 8.83423e-05 -1108.14 273.113 5.02436 5.02387 0.019901 -0.015968 1428440.0
244 0.04565 8.83415e-05 -1108.14 273.111 5.02428 5.02376 0.0179391 -0.0220621 1428320.0
243 0.04575 8.83422e-05 -1108.14 273.112 5.02434 5.02376 0.0134573 -0.0426614 1428380.0
242 0.04585 8.83424e-05 -1108.14 273.112 5.02434 5.02381 0.0138221 -0.0437972 1428360.0
241 0.04595 8.83421e-05 -1108.14 273.113 5.02435 5.02392 0.0759333 0.069812 1428530.0
240 0.04605 8.83422e-05 -1108.14 273.113 5.02436 5.02393 0.0550498 0.0233385 1428540.0
239 0.04615 8.83417e-05 -1108.14 273.113 5.02432 5.02379 0.0721075 0.0122582 1428500.0
238 0.04625 8.83417e-05 -1108.14 273.113 5.02432 5.02371 0.076694 0.0144586 1428500.0
237 0.04635 8.8342e-05 -1108.14 273.115 5.02438 5.0237 0.117448 0.0529009 1428550.0
236 0.04645 8.83424e-05 -1108.14 273.115 5.02441 5.0238 0.108368 0.0621328 1428590.0
235 0.04655 8.83407e-05 -1108.14 273.113 5.02428 5.02358 0.0519323 -0.0776278 1428400.0
234 0.04665 8.83413e-05 -1108.14 273.114 5.02432 5.02374 0.0965437 -0.00810166 1428460.0
233 0.04675 8.83419e-05 -1108.14 273.114 5.02436 5.02371 0.085234 -0.0211779 1428460.0
232 0.04685 8.83416e-05 -1108.14 273.114 5.02434 5.02372 0.0724008 -0.0363904 1428470.0
231 0.04695 8.83416e-05 -1108.14 273.11 5.02426 5.02358 0.0275735 -0.132284 1428300.0
230 0.04705 8.83415e-05 -1108.14 273.112 5.0243 5.02368 0.0386766 -0.0984512 1428360.0
229 0.04715 8.83414e-05 -1108.14 273.113 5.02431 5.02371 0.0464013 -0.0735337 1428420.0
228 0.04725 8.8342e-05 -1108.14 273.114 5.02435 5.02379 0.0606891 -0.0852683 1428460.0
227 0.04735 8.83415e-05 -1108.14 273.115 5.02436 5.02395 0.136636 0.0351857 1428640.0
226 0.04745 8.83415e-05 -1108.14 273.112 5.0243 5.02376 0.0656261 -0.0768637 1428470.0
225 0.04755 8.83419e-05 -1108.14 273.116 5.02439 5.0239 0.0921884 -0.0756304 1428570.0
224 0.04765 8.83412e-05 -1108.14 273.117 5.02437 5.0239 0.137493 0.0436795 1428690.0
223 0.04775 8.83414e-05 -1108.14 273.115 5.02434 5.02388 0.103735 -0.0135526 1428610.0
222 0.04785 8.83418e-05 -1108.14 273.116 5.0244 5.02404 0.132271 0.040949 1428750.0
221 0.04795 8.83415e-05 -1108.14 273.117 5.02438 5.024 0.120023 0.021234 1428690.0
220 0.04805 8.83416e-05 -1108.14 273.114 5.02435 5.02394 0.0566519 -0.0971918 1428590.0
219 0.04815 8.83413e-05 -1108.14 273.111 5.02426 5.0237 0.0323805 -0.172462 1428410.0
218 0.04825 8.83418e-05 -1108.14 273.113 5.02433 5.02377 0.0236699 -0.150778 1428470.0
217 0.04835 8.83417e-05 -1108.14 273.113 5.02432 5.02383 0.0370302 -0.115124 1428510.0
216 0.04845 8.83413e-05 -1108.14 273.11 5.02424 5.02372 -0.00151037 -0.143986 1428370.0
215 0.04855 8.83416e-05 -1108.14 273.11 5.02427 5.02375 -0.0632516 -0.248265 1428310.0
214 0.04865 8.83419e-05 -1108.14 273.112 5.02431 5.0239 -0.0243495 -0.17625 1428420.0
213 0.04875 8.83423e-05 -1108.14 273.117 5.02443 5.02406 0.0163666 -0.101086 1428580.0
212 0.04885 8.83424e-05 -1108.13 273.116 5.02442 5.02428 0.0796525 0.0618303 1428720.0
211 0.04895 8.83419e-05 -1108.13 273.113 5.02433 5.0241 0.0179831 -0.0078041 1428540.0
210 0.04905 8.83425e-05 -1108.13 273.117 5.02444 5.02425 0.066684 0.0930091 1428690.0
209 0.04915 8.83422e-05 -1108.13 273.117 5.02443 5.02434 0.1155 0.216842 1428820.0
208 0.04925 8.83424e-05 -1108.13 273.119 5.02447 5.02432 0.0680616 0.0868228 1428740.0
207 0.04935 8.83423e-05 -1108.13 273.116 5.02442 5.02422 0.0599428 0.0268334 1428610.0
206 0.04945 8.83421e-05 -1108.13 273.116 5.02441 5.02431 0.0985674 0.153372 1428690.0
205 0.04955 8.83422e-05 -1108.13 273.116 5.0244 5.02435 0.0758234 0.145233 1428700.0
204 0.04965 8.83419e-05 -1108.13 273.116 5.02439 5.02432 0.0940719 0.171969 1428730.0
203 0.04975 8.83424e-05 -1108.13 273.116 5.02443 5.02433 0.0999297 0.179167 1428690.0
202 0.04985 8.83423e-05 -1108.13 273.117 5.02443 5.02432 0.0582738 0.0735904 1428630.0
201 0.04995 8.83423e-05 -1108.13 273.117 5.02444 5.02433 0.118346 0.164868 1428720.0
200 0.05005 8.83421e-05 -1108.13 273.119 5.02446 5.02432 0.117041 0.171086 1428750.0
199 0.05015 8.83424e-05 -1108.13 273.12 5.02449 5.02442 0.151463 0.238354 1428830.0
198 0.05025 8.83423e-05 -1108.13 273.121 5.0245 5.02439 0.182081 0.27401 1428890.0
197 0.05035 8.83421e-05 -1108.13 273.12 5.02449 5.0243 0.136298 0.15454 1428770.0
196 0.05045 8.83419e-05 -1108.13 273.119 5.02444 5.02422 0.13735 0.127276 1428750.0
195 0.05055 8.83421e-05 -1108.13 273.119 5.02445 5.02412 0.107485 0.0432184 1428650.0
194 0.05065 8.83416e-05 -1108.13 273.118 5.0244 5.02415 0.136686 0.14284 1428720.0
193 0.05075 8.83421e-05 -1108.13 273.119 5.02447 5.02427 0.163844 0.193712 1428820.0
192 0.05085 8.83415e-05 -1108.13 273.12 5.02445 5.02424 0.133539 0.113247 1428730.0
191 0.05095 8.83422e-05 -1108.13 273.121 5.02449 5.02436 0.175985 0.22887 1428820.0
190 0.05105 8.83418e-05 -1108.13 273.123 5.02451 5.02446 0.212959 0.286598 1428990.0
189 0.05115 8.83425e-05 -1108.13 273.122 5.02453 5.02448 0.197233 0.253411 1428950.0
188 0.05125 8.83417e-05 -1108.13 273.12 5.02446 5.02437 0.183762 0.210374 1428860.0
187 0.05135 8.83423e-05 -1108.13 273.119 5.02448 5.02432 0.125183 0.0915291 1428750.0
186 0.05145 8.83423e-05 -1108.13 273.121 5.02451 5.02436 0.104775 0.0660043 1428750.0
185 0.05155 8.83417e-05 -1108.13 273.121 5.02447 5.02443 0.14403 0.150632 1428800.0
184 0.05165 8.83426e-05 -1108.13 273.123 5.02456 5.02453 0.104637 0.0877926 1428810.0
183 0.05175 8.83423e-05 -1108.12 273.122 5.02453 5.02452 0.151144 0.16996 1428840.0
182 0.05185 8.83422e-05 -1108.13 273.123 5.02454 5.02459 0.160322 0.214075 1428940.0
181 0.05195 8.83431e-05 -1108.13 273.122 5.02457 5.0246 0.125707 0.127549 1428870.0
180 0.05205 8.83421e-05 -1108.13 273.121 5.0245 5.02445 0.102975 0.0711652 1428800.0
179 0.05215 8.83422e-05 -1108.13 273.119 5.02447 5.0244 0.0911425 -0.00688928 1428750.0
178 0.05225 8.83422e-05 -1108.13 273.119 5.02446 5.02426 0.0406539 -0.0859535 1428660.0
177 0.05235 8.83421e-05 -1108.13 273.115 5.02438 5.02408 0.0165253 -0.0900334 1428580.0
176 0.05245 8.8342e-05 -1108.13 273.116 5.02441 5.02404 0.03078 -0.07141 1428580.0
175 0.05255 8.83422e-05 -1108.13 273.119 5.02446 5.02408 -0.018989 -0.146186 1428520.0
174 0.05265 8.83426e-05 -1108.13 273.116 5.02444 5.02405 -0.0321767 -0.159529 1428440.0
173 0.05275 8.83424e-05 -1108.13 273.116 5.02443 5.02401 -0.00250316 -0.106468 1428500.0
172 0.05285 8.83424e-05 -1108.13 273.118 5.02446 5.02408 0.0560339 -0.0266363 1428560.0
171 0.05295 8.83425e-05 -1108.13 273.117 5.02445 5.02407 0.0643345 0.0268326 1428550.0
170 0.05305 8.83426e-05 -1108.13 273.122 5.02454 5.02427 0.0813537 0.0588193 1428710.0
169 0.05315 8.83429e-05 -1108.13 273.121 5.02453 5.02424 0.0834638 0.0801284 1428640.0
168 0.05325 8.83417e-05 -1108.13 273.12 5.02445 5.02416 0.108256 0.127283 1428640.0
167 0.05335 8.83429e-05 -1108.13 273.122 5.02456 5.02442 0.146694 0.230674 1428770.0
166 0.05345 8.83427e-05 -1108.13 273.121 5.02454 5.02436 0.149775 0.229742 1428760.0
165 0.05355 8.83419e-05 -1108.13 273.123 5.02452 5.02436 0.142974 0.213748 1428800.0
164 0.05365 8.8343e-05 -1108.13 273.125 5.02462 5.02453 0.221313 0.31068 1428930.0
163 0.05375 8.83426e-05 -1108.12 273.124 5.02459 5.02454 0.251409 0.331378 1428960.0
162 0.05385 8.8343e-05 -1108.13 273.127 5.02466 5.0246 0.196615 0.235544 1428900.0
161 0.05395 8.83426e-05 -1108.13 273.124 5.02458 5.02442 0.208548 0.208415 1428790.0
160 0.05405 8.83426e-05 -1108.13 273.122 5.02454 5.02424 0.150676 0.078738 1428590.0
159 0.05415 8.83427e-05 -1108.13 273.123 5.02456 5.02427 0.215589 0.181971 1428680.0
158 0.05425 8.83427e-05 -1108.13 273.126 5.02461 5.02434 0.224934 0.164863 1428740.0
157 0.05435 8.83429e-05 -1108.13 273.124 5.02459 5.02429 0.196268 0.156662 1428690.0
156 0.05445 8.83423e-05 -1108.13 273.123 5.02454 5.02428 0.221211 0.194875 1428710.0
155 0.05455 8.83425e-05 -1108.13 273.127 5.02462 5.02438 0.197511 0.175021 1428700.0
154 0.05465 8.8343e-05 -1108.13 273.125 5.02461 5.02432 0.166695 0.132794 1428660.0
153 0.05475 8.83426e-05 -1108.13 273.123 5.02457 5.02427 0.170572 0.199187 1428670.0
152 0.05485 8.83427e-05 -1108.13 273.124 5.02458 5.02427 0.159373 0.153043 1428620.0
151 0.05495 8.83426e-05 -1108.13 273.122 5.02455 5.02422 0.106196 0.104851 1428560.0
150 0.05505 8.8343e-05 -1108.13 273.121 5.02455 5.02431 0.117941 0.123756 1428570.0
149 0.05515 8.83436e-05 -1108.13 273.123 5.02462 5.02445 0.137036 0.137229 1428690.0
148 0.05525 8.83423e-05 -1108.13 273.123 5.02455 5.02429 0.100931 0.0838158 1428540.0
147 0.05535 8.83432e-05 -1108.13 273.124 5.02462 5.02453 0.151193 0.179162 1428670.0
146 0.05545 8.83433e-05 -1108.12 273.123 5.02461 5.02458 0.179905 0.22482 1428730.0
145 0.05555 8.83436e-05 -1108.12 273.126 5.02467 5.02463 0.224925 0.289249 1428820.0
144 0.05565 8.83428e-05 -1108.12 273.127 5.02465 5.02461 0.204194 0.269368 1428780.0
143 0.05575 8.83433e-05 -1108.12 273.125 5.02464 5.02455 0.223854 0.29641 1428710.0
142 0.05585 8.83431e-05 -1108.12 273.124 5.02461 5.02451 0.175257 0.220568 1428630.0
141 0.05595 8.83429e-05 -1108.12 273.125 5.02461 5.0246 0.152759 0.219571 1428670.0
140 0.05605 8.83431e-05 -1108.13 273.122 5.02458 5.0245 0.142552 0.188009 1428610.0
139 0.05615 8.83435e-05 -1108.12 273.123 5.02461 5.02458 0.151934 0.259248 1428670.0
138 0.05625 8.83437e-05 -1108.13 273.12 5.02458 5.0245 0.0807272 0.156664 1428560.0
137 0.05635 8.83431e-05 -1108.12 273.12 5.02453 5.02441 0.0737333 0.154266 1428530.0
136 0.05645 8.83433e-05 -1108.12 273.119 5.02453 5.02443 0.0722341 0.181976 1428550.0
135 0.05655 8.83433e-05 -1108.13 273.12 5.02455 5.02448 0.0767633 0.204902 1428570.0
134 0.05665 8.83434e-05 -1108.13 273.12 5.02456 5.02446 0.0821074 0.197853 1428540.0
133 0.05675 8.83437e-05 -1108.12 273.123 5.02462 5.0247 0.147083 0.337851 1428700.0
132 0.05685 8.83434e-05 -1108.12 273.123 5.02461 5.02455 0.150721 0.3217 1428660.0
131 0.05695 8.83435e-05 -1108.12 273.122 5.0246 5.02463 0.158375 0.269959 1428700.0
130 0.05705 8.83442e-05 -1108.12 273.127 5.02472 5.02476 0.15562 0.264173 1428730.0
129 0.05715 8.83435e-05 -1108.12 273.124 5.02463 5.02473 0.166638 0.25913 1428690.0
128 0.05725 8.83427e-05 -1108.12 273.125 5.0246 5.02464 0.15943 0.255697 1428690.0
127 0.05735 8.83442e-05 -1108.12 273.124 5.02467 5.02476 0.218482 0.32237 1428850.0
126 0.05745 8.83434e-05 -1108.12 273.126 5.02466 5.02458 0.206957 0.241164 1428750.0
125 0.05755 8.83435e-05 -1108.13 273.123 5.02462 5.02437 0.148818 0.0689269 1428540.0
124 0.05765 8.83425e-05 -1108.12 273.125 5.0246 5.02433 0.147207 0.0143818 1428570.0
123 0.05775 8.83429e-05 -1108.13 273.123 5.02458 5.02427 0.13823 -0.0147748 1428480.0
122 0.05785 8.83429e-05 -1108.12 273.123 5.02457 5.02431 0.159166 0.0929909 1428570.0
121 0.05795 8.83433e-05 -1108.13 273.123 5.02461 5.02437 0.179676 0.108775 1428610.0
120 0.05805 8.83431e-05 -1108.13 273.125 5.02462 5.02447 0.172895 0.093867 1428690.0
119 0.05815 8.83437e-05 -1108.12 273.124 5.02465 5.0245 0.184989 0.0980324 1428680.0
118 0.05825 8.83426e-05 -1108.12 273.126 5.02461 5.02447 0.188436 0.127872 1428720.0
117 0.05835 8.83433e-05 -1108.12 273.124 5.02462 5.02443 0.220338 0.197803 1428740.0
116 0.05845 8.83427e-05 -1108.13 273.123 5.02456 5.0243 0.135672 0.0396235 1428560.0
115 0.05855 8.83438e-05 -1108.12 273.123 5.02463 5.02435 0.168216 0.0922351 1428620.0
114 0.05865 8.83429e-05 -1108.13 273.124 5.0246 5.02423 0.157596 0.0619577 1428500.0
113 0.05875 8.8343e-05 -1108.13 273.123 5.02459 5.02426 0.116281 0.02509 1428490.0
112 0.05885 8.83429e-05 -1108.12 273.124 5.02459 5.02424 0.164815 0.0927489 1428550.0
111 0.05895 8.83438e-05 -1108.12 273.126 5.02468 5.02442 0.175623 0.15976 1428670.0
110 0.05905 8.8343e-05 -1108.12 273.125 5.02462 5.02439 0.217449 0.247132 1428690.0
109 0.05915 8.83431e-05 -1108.12 273.128 5.02468 5.02447 0.25676 0.26261 1428780.0
108 0.05925 8.83433e-05 -1108.13 273.127 5.02468 5.02433 0.215372 0.197125 1428670.0
107 0.05935 8.83434e-05 -1108.12 273.125 5.02465 5.02436 0.212699 0.242675 1428740.0
106 0.05945 8.83428e-05 -1108.12 273.124 5.02459 5.02426 0.205269 0.176187 1428630.0
105 0.05955 8.83433e-05 -1108.13 273.125 5.02464 5.0244 0.161475 0.107813 1428630.0
104 0.05965 8.83432e-05 -1108.12 273.124 5.02462 5.02443 0.186439 0.176662 1428640.0
103 0.05975 8.83431e-05 -1108.12 273.122 5.02458 5.0244 0.162409 0.116009 1428610.0
102 0.05985 8.8343e-05 -1108.12 273.127 5.02465 5.02449 0.22334 0.208323 1428710.0
101 0.05995 8.83435e-05 -1108.12 273.125 5.02465 5.02451 0.254932 0.255486 1428750.0
100 0.06005 8.83428e-05 -1108.12 273.129 5.02468 5.02448 0.267384 0.258564 1428740.0
99 0.06015 8.83431e-05 -1108.13 273.126 5.02464 5.0244 0.245316 0.180019 1428650.0
98 0.06025 8.83424e-05 -1108.12 273.128 5.02463 5.02441 0.299315 0.259964 1428710.0
97 0.06035 8.8343e-05 -1108.12 273.127 5.02467 5.02442 0.302932 0.297025 1428740.0
96 0.06045 8.83426e-05 -1108.13 273.126 5.02461 5.02422 0.233246 0.125574 1428500.0
95 0.06055 8.83435e-05 -1108.12 273.126 5.02466 5.02417 0.224114 0.111657 1428440.0
94 0.06065 8.8343e-05 -1108.13 273.123 5.02458 5.02412 0.188892 0.0210679 1428390.0
93 0.06075 8.83425e-05 -1108.13 273.126 5.02461 5.02413 0.209366 0.081609 1428430.0
92 0.06085 8.83434e-05 -1108.12 273.124 5.02463 5.02422 0.204013 0.10379 1428460.0
91 0.06095 8.8343e-05 -1108.13 273.126 5.02463 5.02419 0.180425 0.0947168 1428400.0
90 0.06105 8.83428e-05 -1108.13 273.123 5.02457 5.02414 0.158182 0.0131568 1428310.0
89 0.06115 8.83434e-05 -1108.13 273.126 5.02467 5.02435 0.194387 0.0930948 1428470.0
88 0.06125 8.83432e-05 -1108.12 273.126 5.02464 5.02444 0.195457 0.151008 1428550.0
87 0.06135 8.83431e-05 -1108.12 273.124 5.02461 5.02438 0.211317 0.149987 1428510.0
86 0.06145 8.83431e-05 -1108.12 273.126 5.02464 5.02446 0.172507 0.101364 1428510.0
85 0.06155 8.83432e-05 -1108.12 273.123 5.0246 5.02435 0.14834 0.0752736 1428420.0
84 0.06165 8.83429e-05 -1108.12 273.123 5.02458 5.02432 0.192393 0.150559 1428450.0
83 0.06175 8.83432e-05 -1108.12 273.131 5.02474 5.02458 0.292755 0.337206 1428730.0
82 0.06185 8.83428e-05 -1108.12 273.127 5.02465 5.02444 0.213703 0.163232 1428540.0
81 0.06195 8.83436e-05 -1108.12 273.126 5.02467 5.02433 0.192323 0.155755 1428450.0
80 0.06205 8.83419e-05 -1108.12 273.125 5.02457 5.02404 0.153798 0.0620696 1428290.0
79 0.06215 8.83434e-05 -1108.13 273.122 5.0246 5.02411 0.125656 0.0370675 1428240.0
78 0.06225 8.83433e-05 -1108.12 273.128 5.02468 5.02439 0.267367 0.332344 1428570.0
77 0.06235 8.83429e-05 -1108.12 273.129 5.02468 5.02436 0.269609 0.367377 1428580.0
76 0.06245 8.83432e-05 -1108.12 273.126 5.02466 5.02437 0.260226 0.358773 1428530.0
75 0.06255 8.83426e-05 -1108.12 273.132 5.02472 5.02448 0.338291 0.502674 1428740.0
74 0.06265 8.83431e-05 -1108.12 273.133 5.02478 5.02454 0.381473 0.607715 1428740.0
73 0.06275 8.8343e-05 -1108.12 273.132 5.02476 5.02444 0.357151 0.49277 1428640.0
72 0.06285 8.83431e-05 -1108.12 273.13 5.02472 5.0244 0.306423 0.423542 1428490.0
71 0.06295 8.83427e-05 -1108.12 273.131 5.02471 5.02447 0.351103 0.541537 1428540.0
70 0.06305 8.83427e-05 -1108.12 273.133 5.02475 5.02451 0.350636 0.504049 1428630.0
69 0.06315 8.83433e-05 -1108.12 273.131 5.02475 5.02458 0.37732 0.530387 1428660.0
68 0.06325 8.83427e-05 -1108.12 273.129 5.02467 5.02447 0.343618 0.446167 1428530.0
67 0.06335 8.83434e-05 -1108.12 273.13 5.02474 5.02459 0.331608 0.414799 1428520.0
66 0.06345 8.83431e-05 -1108.12 273.128 5.02468 5.02445 0.289549 0.325529 1428400.0
65 0.06355 8.8343e-05 -1108.12 273.132 5.02474 5.02462 0.363187 0.472638 1428620.0
64 0.06365 8.83443e-05 -1108.12 273.131 5.02481 5.02478 0.379865 0.514764 1428670.0
63 0.06375 8.83431e-05 -1108.12 273.13 5.02472 5.02454 0.348977 0.424268 1428500.0
62 0.06385 8.83434e-05 -1108.12 273.129 5.02471 5.02449 0.362586 0.464757 1428480.0
61 0.06395 8.83436e-05 -1108.12 273.131 5.02477 5.02449 0.35386 0.475795 1428490.0
60 0.06405 8.83437e-05 -1108.12 273.133 5.02481 5.02464 0.383027 0.592899 1428600.0
59 0.06415 8.83438e-05 -1108.12 273.131 5.02479 5.02454 0.389486 0.636352 1428560.0
58 0.06425 8.83429e-05 -1108.12 273.132 5.02475 5.02453 0.399569 0.662344 1428590.0
57 0.06435 8.83437e-05 -1108.12 273.133 5.02481 5.02471 0.45939 0.796863 1428790.0
56 0.06445 8.83436e-05 -1108.12 273.136 5.02486 5.02468 0.457667 0.819396 1428780.0
55 0.06455 8.83438e-05 -1108.12 273.135 5.02484 5.0246 0.45898 0.759479 1428690.0
54 0.06465 8.83434e-05 -1108.12 273.132 5.02478 5.0244 0.43201 0.70072 1428560.0
53 0.06475 8.83425e-05 -1108.12 273.132 5.02473 5.02431 0.420215 0.647315 1428540.0
52 0.06485 8.83435e-05 -1108.12 273.133 5.0248 5.02431 0.426839 0.616803 1428470.0
51 0.06495 8.83436e-05 -1108.12 273.13 5.02475 5.02413 0.350541 0.445028 1428230.0
50 0.06505 8.83435e-05 -1108.12 273.133 5.02479 5.02424 0.365671 0.526225 1428330.0
49 0.06515 8.83428e-05 -1108.12 273.133 5.02476 5.02426 0.379444 0.556394 1428350.0
48 0.06525 8.83442e-05 -1108.12 273.134 5.02486 5.02433 0.395358 0.577816 1428360.0
47 0.06535 8.83434e-05 -1108.12 273.127 5.02469 5.02405 0.325186 0.452306 1428110.0
46 0.06545 8.83433e-05 -1108.12 273.131 5.02475 5.02417 0.347791 0.508684 1428200.0
45 0.06555 8.83432e-05 -1108.12 273.13 5.02473 5.02408 0.352571 0.510256 1428140.0
44 0.06565 8.83438e-05 -1108.12 273.131 5.02479 5.02412 0.340013 0.441648 1428140.0
43 0.06575 8.83432e-05 -1108.12 273.129 5.0247 5.02393 0.312869 0.454551 1428050.0
42 0.06585 8.83432e-05 -1108.13 273.128 5.02468 5.02393 0.280841 0.443827 1428010.0
41 0.06595 8.83423e-05 -1108.12 273.128 5.02464 5.02376 0.26251 0.382437 1427880.0
40 0.06605 8.83434e-05 -1108.12 273.129 5.02472 5.0239 0.372924 0.587398 1428100.0
39 0.06615 8.83429e-05 -1108.13 273.129 5.0247 5.02382 0.326706 0.537124 1428030.0
38 0.06625 8.83438e-05 -1108.13 273.126 5.02468 5.02376 0.283895 0.441619 1427910.0
37 0.06635 8.83427e-05 -1108.13 273.129 5.02467 5.02382 0.305554 0.521759 1428000.0
36 0.06645 8.83434e-05 -1108.12 273.131 5.02475 5.02392 0.371993 0.653581 1428100.0
35 0.06655 8.83427e-05 -1108.13 273.129 5.02468 5.02379 0.34934 0.623149 1427980.0
34 0.06665 8.83434e-05 -1108.13 273.128 5.02469 5.02382 0.319924 0.597133 1427920.0
33 0.06675 8.83433e-05 -1108.13 273.126 5.02465 5.02367 0.324721 0.657501 1427860.0
32 0.06685 8.83429e-05 -1108.13 273.128 5.02468 5.02379 0.327702 0.646003 1427910.0
31 0.06695 8.83428e-05 -1108.13 273.13 5.02471 5.02391 0.435375 0.811787 1428090.0
30 0.06705 8.83434e-05 -1108.13 273.13 5.02473 5.02395 0.417034 0.743054 1428090.0
29 0.06715 8.83432e-05 -1108.12 273.131 5.02475 5.02392 0.421403 0.791285 1428080.0
28 0.06725 8.83427e-05 -1108.13 273.127 5.02464 5.0236 0.324107 0.603314 1427800.0
27 0.06735 8.83426e-05 -1108.13 273.128 5.02465 5.02364 0.380812 0.69659 1427840.0
26 0.06745 8.83431e-05 -1108.13 273.129 5.02469 5.02371 0.410402 0.760826 1427940.0
25 0.06755 8.83424e-05 -1108.13 273.128 5.02464 5.02363 0.380103 0.661028 1427900.0
24 0.06765 8.83427e-05 -1108.13 273.126 5.02463 5.02342 0.322167 0.532603 1427720.0
23 0.06775 8.83426e-05 -1108.13 273.127 5.02464 5.02351 0.36674 0.657862 1427870.0
22 0.06785 8.83429e-05 -1108.13 273.128 5.02467 5.02355 0.402887 0.663325 1427870.0
21 0.06795 8.83427e-05 -1108.13 273.125 5.0246 5.02339 0.339388 0.573945 1427740.0
20 0.06805 8.83425e-05 -1108.13 273.128 5.02464 5.02353 0.378993 0.697476 1427810.0
19 0.06815 8.83436e-05 -1108.13 273.129 5.02474 5.02386 0.41536 0.844864 1428030.0
18 0.06825 8.83423e-05 -1108.13 273.125 5.02458 5.02359 0.319174 0.701375 1427740.0
17 0.06835 8.83434e-05 -1108.13 273.125 5.02464 5.02378 0.303837 0.68957 1427770.0
16 0.06845 8.83434e-05 -1108.13 273.126 5.02466 5.02387 0.342254 0.770426 1427830.0
15 0.06855 8.83432e-05 -1108.13 273.126 5.02465 5.02383 0.327513 0.790005 1427770.0
14 0.06865 8.83433e-05 -1108.13 273.125 5.02464 5.02379 0.292442 0.728935 1427740.0
13 0.06875 8.8343e-05 -1108.13 273.124 5.0246 5.0238 0.311195 0.739354 1427730.0
12 0.06885 8.83435e-05 -1108.12 273.127 5.02469 5.02411 0.351417 0.7971 1427970.0
11 0.06895 8.83428e-05 -1108.13 273.125 5.02462 5.02398 0.381 0.776997 1427870.0
10 0.06905 8.83436e-05 -1108.12 273.129 5.02473 5.02409 0.404823 0.847092 1427950.0
9 0.06915 8.83432e-05 -1108.13 273.125 5.02463 5.02387 0.381413 0.75784 1427730.0
8 0.06925 8.83432e-05 -1108.13 273.127 5.02467 5.02383 0.4266 0.815333 1427790.0
7 0.06935 8.83431e-05 -1108.13 273.128 5.02468 5.02376 0.398228 0.773521 1427710.0
6 0.06945 8.8343e-05 -1108.13 273.124 5.0246 5.02359 0.374508 0.751225 1427590.0
5 0.06955 8.83423e-05 -1108.13 273.123 5.02455 5.02348 0.351012 0.78043 1427500.0
4 0.06965 8.83434e-05 -1108.13 273.124 5.02462 5.02362 0.342737 0.770488 1427550.0
3 0.06975 8.83426e-05 -1108.13 273.124 5.02458 5.02358 0.354303 0.786855 1427540.0
2 0.06985 8.83426e-05 -1108.13 273.127 5.02463 5.0236 0.384519 0.793373 1427540.0
1 0.06995 8.83426e-05 -1108.13 273.118 5.02448 5.02326 0.239156 0.500738 1427130.0
