TITLE = "DSMC"
VARIABLES = "ID" "X" "rho" "v1" "Ttrans" "p" "p1" "q1" "mv1v1v1" "mvvv1v1"
ZONE T="Ma=3.6_inv", I=1000, J=1, K=1, F=POINT
1000 -0.02995 0.000286952 -341.177 1340.61 80.1088 80.1041 -1.13757 -0.34569 111810000.0
999 -0.02985 0.000286955 -341.176 1340.64 80.1116 80.1045 -0.994304 -2.64743 111813000.0
998 -0.02975 0.000286972 -341.156 1340.63 80.1159 80.107 -1.74777 -8.23512 111819000.0
997 -0.02965 0.000286957 -341.174 1340.64 80.1121 80.1043 -0.463362 -5.14646 111816000.0
996 -0.02955 0.000286949 -341.182 1340.58 80.1062 80.1044 -1.71677 -4.06188 111817000.0
995 -0.02945 0.000286958 -341.174 1340.59 80.1095 80.1055 -2.37371 -6.18868 111817000.0
994 -0.02935 0.000286953 -341.179 1340.62 80.1099 80.1044 -0.991753 -4.84114 111815000.0
993 -0.02925 0.000286932 -341.203 1340.63 80.1043 80.1025 1.22597 0.344974 111813000.0
992 -0.02915 0.000286932 -341.205 1340.58 80.102 80.1006 -0.256999 -1.49686 111808000.0
991 -0.02905 0.000286905 -341.235 1340.55 80.0921 80.099 0.429675 4.212 111807000.0
990 -0.02895 0.000286932 -341.206 1340.54 80.0995 80.1022 -0.945966 -0.888786 111811000.0
989 -0.02885 0.000286942 -341.192 1340.53 80.1014 80.1037 -2.98822 -3.023 111811000.0
988 -0.02875 0.000286938 -341.202 1340.59 80.104 80.1027 -0.0499266 0.339569 111813000.0
987 -0.02865 0.000286954 -341.178 1340.63 80.1111 80.1032 -0.184245 -3.20698 111813000.0
986 -0.02855 0.000286928 -341.211 1340.67 80.1056 80.1009 2.32769 1.34616 111813000.0
985 -0.02845 0.000286926 -341.212 1340.67 80.1052 80.1006 2.91571 1.46588 111812000.0
984 -0.02835 0.000286938 -341.199 1340.58 80.1031 80.1033 -1.20731 -0.59613 111813000.0
983 -0.02825 0.000286931 -341.204 1340.55 80.0999 80.1019 -0.931061 1.19109 111811000.0
982 -0.02815 0.000286938 -341.199 1340.64 80.107 80.1026 1.1196 0.984013 111815000.0
981 -0.02805 0.000286951 -341.184 1340.6 80.108 80.1032 -1.04487 0.192486 111815000.0
980 -0.02795 0.000286928 -341.211 1340.66 80.1055 80.1013 3.19942 5.73547 111815000.0
979 -0.02785 0.000286936 -341.202 1340.68 80.1091 80.1027 2.60747 3.04043 111819000.0
978 -0.02775 0.000286933 -341.204 1340.66 80.1068 80.102 2.41264 4.5144 111817000.0
977 -0.02765 0.000286936 -341.203 1340.62 80.1053 80.1023 1.2869 6.27904 111817000.0
976 -0.02755 0.000286966 -341.164 1340.64 80.1146 80.1052 -1.72147 -1.6471 111819000.0
975 -0.02745 0.000286934 -341.204 1340.64 80.106 80.1019 2.17307 6.20651 111819000.0
974 -0.02735 0.000286948 -341.19 1340.62 80.1086 80.1039 0.0551687 3.80247 111820000.0
973 -0.02725 0.000286945 -341.192 1340.71 80.1129 80.1025 2.8511 4.78984 111819000.0
972 -0.02715 0.000286947 -341.189 1340.62 80.1079 80.1023 -0.128266 2.79396 111817000.0
971 -0.02705 0.000286922 -341.22 1340.63 80.1019 80.0995 2.51752 8.44627 111813000.0
970 -0.02695 0.000286947 -341.191 1340.64 80.1096 80.1025 0.532253 1.53305 111817000.0
969 -0.02685 0.000286948 -341.191 1340.68 80.1117 80.1022 1.76955 1.93497 111817000.0
968 -0.02675 0.000286928 -341.216 1340.66 80.1053 80.1 3.31959 7.41111 111816000.0
967 -0.02665 0.00028693 -341.215 1340.67 80.1065 80.1015 3.35449 7.41713 111817000.0
966 -0.02655 0.000286934 -341.21 1340.63 80.1054 80.1005 1.58204 5.71023 111814000.0
965 -0.02645 0.000286923 -341.223 1340.68 80.1051 80.0999 3.99969 7.83671 111814000.0
964 -0.02635 0.000286927 -341.219 1340.65 80.1044 80.1005 3.09237 7.29227 111813000.0
963 -0.02625 0.000286938 -341.207 1340.55 80.1016 80.1012 -0.677508 4.71812 111810000.0
962 -0.02615 0.000286936 -341.208 1340.62 80.1054 80.1013 1.55841 4.29197 111811000.0
961 -0.02605 0.000286952 -341.189 1340.64 80.1109 80.1034 0.291583 0.915181 111812000.0
960 -0.02595 0.000286942 -341.198 1340.63 80.1075 80.1016 1.28421 4.07467 111809000.0
959 -0.02585 0.000286955 -341.186 1340.58 80.1082 80.1034 -1.63012 -0.682784 111809000.0
958 -0.02575 0.000286952 -341.186 1340.59 80.1078 80.1042 -1.14943 0.846591 111809000.0
957 -0.02565 0.000286957 -341.181 1340.6 80.11 80.1043 -1.35632 -1.41984 111809000.0
956 -0.02555 0.000286955 -341.184 1340.58 80.1081 80.1039 -1.68642 0.743085 111808000.0
955 -0.02545 0.000286964 -341.174 1340.68 80.1164 80.1048 0.306641 -2.12798 111814000.0
954 -0.02535 0.00028695 -341.189 1340.61 80.1082 80.1032 -0.847604 -0.742306 111811000.0
953 -0.02525 0.000286959 -341.177 1340.62 80.1115 80.1034 -0.897847 -1.67922 111811000.0
952 -0.02515 0.000286946 -341.194 1340.67 80.1106 80.1017 1.09768 0.54788 111810000.0
951 -0.02505 0.000286944 -341.194 1340.7 80.1123 80.1028 3.01955 1.92436 111813000.0
950 -0.02495 0.000286935 -341.206 1340.64 80.1059 80.1009 1.61642 3.50571 111809000.0
949 -0.02485 0.000286933 -341.211 1340.58 80.1021 80.1006 0.203243 3.39012 111809000.0
948 -0.02475 0.000286927 -341.215 1340.58 80.1005 80.1006 1.19799 5.33182 111809000.0
947 -0.02465 0.000286917 -341.228 1340.61 80.099 80.1 3.19384 6.83785 111809000.0
946 -0.02455 0.000286933 -341.208 1340.61 80.1035 80.1014 1.23079 3.0977 111811000.0
945 -0.02445 0.00028693 -341.213 1340.63 80.1043 80.1008 2.7674 3.57534 111813000.0
944 -0.02435 0.000286929 -341.214 1340.62 80.1035 80.1002 2.61855 5.2113 111811000.0
943 -0.02425 0.000286955 -341.181 1340.71 80.1157 80.1038 2.34092 -0.955802 111816000.0
942 -0.02415 0.000286946 -341.192 1340.63 80.1086 80.1036 1.79305 2.23415 111816000.0
941 -0.02405 0.00028695 -341.185 1340.61 80.1086 80.1042 -0.160183 0.888251 111814000.0
940 -0.02395 0.000286968 -341.164 1340.59 80.1125 80.107 -2.14987 -3.3931 111817000.0
939 -0.02385 0.00028695 -341.186 1340.65 80.111 80.1038 0.991022 -0.150761 111813000.0
938 -0.02375 0.000286943 -341.192 1340.62 80.1069 80.1027 1.02071 4.10067 111813000.0
937 -0.02365 0.000286956 -341.177 1340.61 80.1101 80.1036 -0.927854 -0.730569 111812000.0
936 -0.02355 0.000286952 -341.185 1340.61 80.1088 80.1042 -0.927006 -0.16363 111814000.0
935 -0.02345 0.000286957 -341.177 1340.62 80.1112 80.1038 -0.760421 -0.87359 111815000.0
934 -0.02335 0.00028695 -341.187 1340.56 80.1056 80.1023 -1.2134 0.135934 111809000.0
933 -0.02325 0.000286955 -341.182 1340.58 80.1083 80.1032 -1.26014 -0.343004 111812000.0
932 -0.02315 0.000286938 -341.203 1340.64 80.1067 80.1023 1.50088 2.87853 111813000.0
931 -0.02305 0.000286949 -341.188 1340.61 80.108 80.1027 0.313101 0.07233 111810000.0
930 -0.02295 0.00028695 -341.19 1340.6 80.1079 80.103 -0.0620006 -2.10203 111810000.0
929 -0.02285 0.00028695 -341.188 1340.61 80.1083 80.1031 -0.206203 -2.00367 111812000.0
928 -0.02275 0.000286944 -341.195 1340.6 80.1062 80.102 1.21544 1.43315 111811000.0
927 -0.02265 0.000286952 -341.186 1340.67 80.1126 80.1042 1.36315 -0.275091 111816000.0
926 -0.02255 0.000286946 -341.196 1340.6 80.1065 80.103 0.306058 0.750086 111814000.0
925 -0.02245 0.000286973 -341.159 1340.68 80.1188 80.1068 -0.0595567 -6.83805 111818000.0
924 -0.02235 0.000286974 -341.16 1340.59 80.1142 80.1073 -2.52249 -6.78403 111817000.0
923 -0.02225 0.000286975 -341.161 1340.61 80.1155 80.1062 -2.04399 -6.58016 111815000.0
922 -0.02215 0.000286965 -341.172 1340.6 80.1118 80.1057 -1.78087 -4.52408 111814000.0
921 -0.02205 0.000286977 -341.16 1340.61 80.1158 80.1068 -2.89788 -8.84769 111814000.0
920 -0.02195 0.000286953 -341.184 1340.61 80.1096 80.1035 -0.329926 -3.9322 111809000.0
919 -0.02185 0.000286963 -341.175 1340.57 80.1095 80.1052 -2.46041 -7.35983 111810000.0
918 -0.02175 0.000286952 -341.185 1340.6 80.1087 80.1039 -0.345473 -3.80851 111808000.0
917 -0.02165 0.000286956 -341.181 1340.59 80.1092 80.1048 -0.784106 -3.32184 111810000.0
916 -0.02155 0.000286946 -341.194 1340.56 80.1046 80.1044 -1.06425 0.525378 111809000.0
915 -0.02145 0.000286948 -341.188 1340.56 80.1048 80.1035 -1.79678 -0.636461 111806000.0
914 -0.02135 0.000286948 -341.189 1340.51 80.1019 80.1041 -2.76397 0.53204 111807000.0
913 -0.02125 0.000286936 -341.204 1340.51 80.0983 80.1021 -2.02587 3.54422 111803000.0
912 -0.02115 0.00028693 -341.211 1340.55 80.0995 80.1022 0.340802 4.47005 111804000.0
911 -0.02105 0.000286928 -341.216 1340.61 80.1022 80.1019 1.83962 3.60285 111805000.0
910 -0.02095 0.000286941 -341.2 1340.63 80.1072 80.1036 2.08598 0.67128 111807000.0
909 -0.02085 0.000286935 -341.206 1340.64 80.1063 80.1026 3.35126 3.25931 111805000.0
908 -0.02075 0.000286933 -341.209 1340.64 80.1057 80.1019 2.68325 3.21066 111803000.0
907 -0.02065 0.00028694 -341.198 1340.63 80.1072 80.1024 2.45678 2.45278 111804000.0
906 -0.02055 0.000286948 -341.194 1340.64 80.1098 80.1045 1.39791 1.39554 111808000.0
905 -0.02045 0.000286956 -341.184 1340.61 80.1101 80.1053 0.672108 1.88343 111808000.0
904 -0.02035 0.000286962 -341.176 1340.68 80.1164 80.1052 1.8784 1.22341 111810000.0
903 -0.02025 0.000286957 -341.182 1340.6 80.1103 80.1058 0.299327 2.71792 111811000.0
902 -0.02015 0.000286968 -341.168 1340.65 80.1161 80.1069 0.206361 0.255241 111812000.0
901 -0.02005 0.00028695 -341.188 1340.65 80.1111 80.1039 1.96403 4.3821 111809000.0
900 -0.01995 0.000286944 -341.198 1340.61 80.107 80.1034 1.35167 4.42027 111809000.0
899 -0.01985 0.000286944 -341.196 1340.67 80.1101 80.1043 3.14834 3.93451 111811000.0
898 -0.01975 0.000286947 -341.19 1340.63 80.1088 80.1036 1.61467 2.95458 111809000.0
897 -0.01965 0.000286959 -341.18 1340.64 80.113 80.1048 0.302978 -0.705615 111811000.0
896 -0.01955 0.00028695 -341.187 1340.71 80.1147 80.1036 3.89582 2.11857 111812000.0
895 -0.01945 0.000286951 -341.186 1340.69 80.1134 80.1046 2.36858 0.323732 111813000.0
894 -0.01935 0.000286947 -341.192 1340.73 80.1151 80.1041 4.91704 1.94819 111814000.0
893 -0.01925 0.000286941 -341.198 1340.73 80.113 80.1022 5.18198 3.774 111813000.0
892 -0.01915 0.000286933 -341.208 1340.72 80.1101 80.1028 4.9611 4.72726 111815000.0
891 -0.01905 0.000286953 -341.183 1340.67 80.1129 80.1044 2.39578 0.410578 111816000.0
890 -0.01895 0.000286939 -341.199 1340.61 80.1051 80.102 1.15181 2.21341 111811000.0
889 -0.01885 0.000286934 -341.207 1340.67 80.1073 80.1022 3.62685 3.9518 111813000.0
888 -0.01875 0.000286919 -341.223 1340.69 80.1046 80.1002 6.03023 7.58447 111811000.0
887 -0.01865 0.000286933 -341.208 1340.69 80.1084 80.1022 4.58118 3.52964 111814000.0
886 -0.01855 0.000286942 -341.195 1340.65 80.1086 80.1038 2.20916 0.731941 111814000.0
885 -0.01845 0.000286942 -341.198 1340.65 80.1087 80.1034 2.16828 0.032116 111813000.0
884 -0.01835 0.000286937 -341.2 1340.7 80.1103 80.1026 4.08843 1.5316 111812000.0
883 -0.01825 0.000286945 -341.191 1340.65 80.1096 80.1042 2.43043 0.890562 111814000.0
882 -0.01815 0.000286947 -341.191 1340.65 80.1101 80.1043 1.84802 1.84071 111813000.0
881 -0.01805 0.000286942 -341.196 1340.66 80.1093 80.1035 2.46084 4.03214 111811000.0
880 -0.01795 0.00028696 -341.172 1340.65 80.1135 80.1045 0.0866425 -0.710984 111809000.0
879 -0.01785 0.000286982 -341.148 1340.61 80.1177 80.1087 -2.87592 -5.94198 111813000.0
878 -0.01775 0.000286969 -341.161 1340.63 80.1148 80.1068 -1.37117 -1.84991 111810000.0
877 -0.01765 0.000286959 -341.172 1340.65 80.1137 80.106 0.0392582 -0.929246 111811000.0
876 -0.01755 0.000286955 -341.179 1340.66 80.1129 80.1039 0.878419 0.57572 111807000.0
875 -0.01745 0.00028695 -341.181 1340.66 80.1114 80.1049 1.54424 1.59026 111810000.0
874 -0.01735 0.000286958 -341.173 1340.69 80.1157 80.1055 1.02717 -0.952516 111812000.0
873 -0.01725 0.000286953 -341.18 1340.61 80.1094 80.1052 -0.947229 0.73415 111811000.0
872 -0.01715 0.000286963 -341.167 1340.66 80.1152 80.1065 -0.384865 -0.459313 111815000.0
871 -0.01705 0.000286964 -341.165 1340.68 80.1163 80.1065 0.280952 1.73615 111814000.0
870 -0.01695 0.000286955 -341.177 1340.64 80.1119 80.1052 0.744783 2.63712 111813000.0
869 -0.01685 0.000286953 -341.178 1340.68 80.1137 80.1047 1.31647 2.37443 111813000.0
868 -0.01675 0.000286952 -341.182 1340.62 80.1099 80.1051 0.320246 3.32006 111813000.0
867 -0.01665 0.000286932 -341.207 1340.64 80.1053 80.1027 2.1336 7.60719 111811000.0
866 -0.01655 0.000286921 -341.22 1340.64 80.102 80.1012 3.47419 10.1425 111808000.0
865 -0.01645 0.000286928 -341.208 1340.6 80.1015 80.1012 1.5571 7.43052 111805000.0
864 -0.01635 0.000286944 -341.192 1340.66 80.1099 80.103 2.04256 3.46313 111810000.0
863 -0.01625 0.000286931 -341.207 1340.61 80.1034 80.1023 1.1248 6.69084 111807000.0
862 -0.01615 0.000286953 -341.18 1340.63 80.1105 80.1045 -0.0237133 1.8488 111809000.0
861 -0.01605 0.00028696 -341.171 1340.62 80.112 80.1051 -0.697928 -1.22754 111809000.0
860 -0.01595 0.00028698 -341.149 1340.57 80.1143 80.107 -4.65275 -4.79197 111809000.0
859 -0.01585 0.000286976 -341.153 1340.52 80.1105 80.1075 -5.40004 -4.45311 111809000.0
858 -0.01575 0.000286956 -341.179 1340.6 80.1094 80.105 -1.3371 0.517122 111810000.0
857 -0.01565 0.000286955 -341.178 1340.64 80.1116 80.1035 0.847483 0.4345 111809000.0
856 -0.01555 0.000286957 -341.18 1340.64 80.1126 80.1047 -0.057641 1.30199 111813000.0
855 -0.01545 0.000286946 -341.188 1340.69 80.112 80.1024 2.67536 5.07635 111812000.0
854 -0.01535 0.000286942 -341.197 1340.76 80.115 80.1026 4.93107 5.24971 111815000.0
853 -0.01525 0.000286938 -341.199 1340.71 80.1115 80.1017 3.61574 4.2912 111813000.0
852 -0.01515 0.000286944 -341.193 1340.62 80.1076 80.1029 0.985551 3.48602 111809000.0
851 -0.01505 0.000286954 -341.183 1340.62 80.1101 80.1036 -0.416444 0.882707 111809000.0
850 -0.01495 0.000286962 -341.171 1340.67 80.1154 80.1042 0.636783 -0.652318 111811000.0
849 -0.01485 0.000286962 -341.173 1340.67 80.1154 80.1049 0.901563 0.663758 111813000.0
848 -0.01475 0.000286949 -341.189 1340.7 80.1135 80.1032 2.81452 1.88901 111812000.0
847 -0.01465 0.000286974 -341.16 1340.7 80.1207 80.1059 0.0753154 -4.6722 111810000.0
846 -0.01455 0.000286953 -341.18 1340.67 80.1128 80.1038 1.25311 0.468489 111808000.0
845 -0.01445 0.000286967 -341.164 1340.65 80.1154 80.1065 -1.22095 -2.1392 111810000.0
844 -0.01435 0.000286976 -341.155 1340.63 80.1173 80.1079 -2.33774 -3.46292 111810000.0
843 -0.01425 0.000286955 -341.178 1340.6 80.1094 80.1042 -1.02843 0.684138 111805000.0
842 -0.01415 0.000286954 -341.179 1340.57 80.107 80.1039 -2.23864 0.340824 111802000.0
841 -0.01405 0.000286949 -341.187 1340.7 80.1135 80.1039 2.26948 1.48607 111809000.0
840 -0.01395 0.000286941 -341.195 1340.66 80.1091 80.104 1.82249 3.80392 111809000.0
839 -0.01385 0.000286947 -341.19 1340.63 80.1092 80.1032 0.486995 1.98675 111807000.0
838 -0.01375 0.000286949 -341.185 1340.61 80.1082 80.1037 -0.669679 0.550464 111805000.0
837 -0.01365 0.000286949 -341.186 1340.65 80.1105 80.1038 0.961995 0.609314 111805000.0
836 -0.01355 0.000286951 -341.182 1340.64 80.1106 80.104 0.566719 0.471416 111806000.0
835 -0.01345 0.000286934 -341.2 1340.7 80.1092 80.1026 2.95398 4.00221 111807000.0
834 -0.01335 0.000286928 -341.21 1340.7 80.1075 80.1016 4.51302 7.64564 111803000.0
833 -0.01325 0.000286912 -341.229 1340.73 80.1047 80.0993 6.3059 11.3787 111801000.0
832 -0.01315 0.000286923 -341.215 1340.7 80.1063 80.1009 4.698 8.4839 111802000.0
831 -0.01305 0.000286925 -341.213 1340.71 80.1072 80.101 4.27383 8.20628 111801000.0
830 -0.01295 0.000286925 -341.214 1340.67 80.1053 80.1009 3.69401 8.36001 111800000.0
829 -0.01285 0.000286913 -341.229 1340.72 80.1049 80.0995 6.40329 11.3336 111801000.0
828 -0.01275 0.000286914 -341.226 1340.81 80.1102 80.0997 8.99077 9.95231 111804000.0
827 -0.01265 0.000286919 -341.217 1340.81 80.1118 80.1008 8.60584 8.61158 111803000.0
826 -0.01255 0.000286931 -341.205 1340.73 80.1103 80.1025 4.0459 4.52803 111802000.0
825 -0.01245 0.000286905 -341.235 1340.77 80.1055 80.0992 8.1561 10.6473 111800000.0
824 -0.01235 0.000286938 -341.195 1340.75 80.1136 80.1039 4.00458 2.64109 111802000.0
823 -0.01225 0.000286927 -341.208 1340.68 80.1062 80.1015 3.90957 4.42972 111799000.0
822 -0.01215 0.000286919 -341.217 1340.71 80.1056 80.1008 5.07612 5.74238 111795000.0
821 -0.01205 0.00028692 -341.216 1340.7 80.1054 80.1015 4.5779 4.71642 111793000.0
820 -0.01195 0.000286923 -341.208 1340.69 80.1059 80.1021 4.1659 4.4106 111794000.0
819 -0.01185 0.000286899 -341.239 1340.68 80.0985 80.0991 5.69771 8.86609 111789000.0
818 -0.01175 0.000286895 -341.244 1340.65 80.0958 80.0983 5.57834 7.70906 111787000.0
817 -0.01165 0.00028686 -341.285 1340.69 80.0883 80.0947 10.1752 16.4665 111783000.0
816 -0.01155 0.000286883 -341.261 1340.67 80.0935 80.0966 6.65872 9.33887 111784000.0
815 -0.01145 0.000286907 -341.229 1340.68 80.1006 80.1 4.80371 4.45863 111785000.0
814 -0.01135 0.000286906 -341.231 1340.65 80.0983 80.1006 3.97568 5.40937 111784000.0
813 -0.01125 0.000286904 -341.233 1340.62 80.0963 80.0988 3.56743 4.3132 111781000.0
812 -0.01115 0.000286893 -341.248 1340.67 80.0961 80.0982 5.79814 7.1836 111783000.0
811 -0.01105 0.000286881 -341.261 1340.71 80.0953 80.0965 8.24552 8.79048 111780000.0
810 -0.01095 0.000286876 -341.266 1340.72 80.0942 80.0954 8.57697 9.15819 111778000.0
809 -0.01085 0.000286867 -341.276 1340.75 80.0937 80.0949 10.6706 12.3204 111778000.0
808 -0.01075 0.000286867 -341.277 1340.83 80.0985 80.0949 13.2445 12.0485 111780000.0
807 -0.01065 0.000286849 -341.297 1340.84 80.0943 80.0926 15.2986 16.942 111777000.0
806 -0.01055 0.000286843 -341.306 1340.82 80.0909 80.0927 14.8436 18.3317 111773000.0
805 -0.01045 0.000286848 -341.299 1340.84 80.0938 80.0926 15.6518 16.4415 111771000.0
804 -0.01035 0.000286838 -341.31 1340.91 80.0949 80.0916 18.6357 17.899 111770000.0
803 -0.01025 0.000286822 -341.327 1340.95 80.0934 80.09 21.6898 20.9713 111769000.0
802 -0.01015 0.000286803 -341.353 1340.94 80.0871 80.0872 22.7315 24.1706 111762000.0
801 -0.01005 0.000286809 -341.342 1340.94 80.0888 80.0876 22.078 21.4661 111760000.0
800 -0.00995 0.000286805 -341.351 1340.89 80.0849 80.087 20.6206 21.366 111755000.0
799 -0.00985 0.000286802 -341.352 1340.96 80.0878 80.0872 22.8982 22.5708 111755000.0
798 -0.00975 0.000286792 -341.364 1340.9 80.0818 80.0854 23.0281 24.9938 111748000.0
797 -0.00965 0.000286782 -341.373 1340.94 80.0817 80.085 24.6089 25.8484 111746000.0
796 -0.00955 0.000286768 -341.392 1341.04 80.0837 80.084 28.6999 29.2774 111745000.0
795 -0.00945 0.000286755 -341.405 1340.97 80.0756 80.0823 27.6548 30.5499 111738000.0
794 -0.00935 0.000286732 -341.434 1340.95 80.068 80.0779 29.8596 34.0448 111731000.0
793 -0.00925 0.000286719 -341.451 1340.97 80.0653 80.0779 30.8748 35.921 111727000.0
792 -0.00915 0.000286697 -341.475 1341.0 80.0607 80.0747 33.878 39.1405 111719000.0
791 -0.00905 0.000286698 -341.474 1340.96 80.0588 80.0747 32.8918 39.8459 111716000.0
790 -0.00895 0.000286678 -341.5 1340.97 80.054 80.0729 34.9768 43.0075 111710000.0
789 -0.00885 0.000286689 -341.487 1340.96 80.0567 80.0739 34.5588 38.3102 111705000.0
788 -0.00875 0.000286667 -341.511 1340.95 80.05 80.0724 36.1838 41.102 111699000.0
787 -0.00865 0.00028664 -341.545 1340.93 80.0411 80.0677 37.5287 43.5722 111688000.0
786 -0.00855 0.000286634 -341.551 1341.01 80.0442 80.0682 41.3204 45.395 111685000.0
785 -0.00845 0.000286626 -341.56 1341.03 80.0434 80.067 41.7094 43.0244 111678000.0
784 -0.00835 0.000286579 -341.62 1341.0 80.0282 80.0614 45.4109 52.3316 111665000.0
783 -0.00825 0.000286565 -341.633 1341.1 80.0302 80.0601 49.9786 53.4719 111658000.0
782 -0.00815 0.000286549 -341.652 1341.15 80.0289 80.0573 52.9133 54.0312 111649000.0
781 -0.00805 0.000286522 -341.685 1341.19 80.0234 80.054 56.7455 57.6123 111639000.0
780 -0.00795 0.000286487 -341.724 1341.21 80.0153 80.0505 60.2538 62.0573 111629000.0
779 -0.00785 0.000286475 -341.741 1341.22 80.0122 80.0487 61.7869 60.6933 111618000.0
778 -0.00775 0.000286424 -341.801 1341.25 79.9997 80.0429 67.6572 68.7242 111605000.0
777 -0.00765 0.000286396 -341.834 1341.27 79.9934 80.0393 71.1285 71.6015 111589000.0
776 -0.00755 0.000286349 -341.89 1341.28 79.9809 80.0342 75.9313 77.1292 111576000.0
775 -0.00745 0.000286286 -341.968 1341.38 79.9688 80.0269 85.2751 85.9429 111561000.0
774 -0.00735 0.000286223 -342.039 1341.44 79.955 80.0195 92.3236 92.6647 111544000.0
773 -0.00725 0.000286187 -342.084 1341.51 79.9489 80.0147 97.975 95.5111 111525000.0
772 -0.00715 0.000286125 -342.159 1341.5 79.9311 80.0081 104.102 103.291 111506000.0
771 -0.00705 0.000286082 -342.213 1341.51 79.9197 80.0023 108.188 105.356 111487000.0
770 -0.00695 0.000286016 -342.293 1341.52 79.9018 79.9939 114.627 111.479 111464000.0
769 -0.00685 0.000285944 -342.376 1341.52 79.8816 79.9861 121.453 120.147 111442000.0
768 -0.00675 0.00028591 -342.415 1341.58 79.8758 79.9824 126.335 118.868 111422000.0
767 -0.00665 0.000285812 -342.531 1341.64 79.8523 79.9706 137.316 131.709 111391000.0
766 -0.00655 0.000285739 -342.621 1341.66 79.8327 79.9613 145.08 136.435 111362000.0
765 -0.00645 0.000285652 -342.722 1341.69 79.8102 79.9515 154.463 144.346 111334000.0
764 -0.00635 0.000285568 -342.824 1341.76 79.791 79.9418 164.02 151.827 111303000.0
763 -0.00625 0.000285467 -342.946 1341.82 79.7664 79.9303 176.065 160.993 111271000.0
762 -0.00615 0.000285357 -343.079 1341.87 79.7382 79.9171 187.018 170.015 111234000.0
761 -0.00605 0.000285226 -343.231 1341.87 79.7018 79.9002 200.528 183.3 111190000.0
760 -0.00595 0.000285078 -343.413 1341.97 79.6665 79.8832 216.805 196.79 111147000.0
759 -0.00585 0.000284933 -343.584 1342.01 79.6288 79.8665 232.4 210.157 111104000.0
758 -0.00575 0.0002848 -343.745 1342.05 79.5941 79.8501 246.36 218.881 111055000.0
757 -0.00565 0.000284631 -343.95 1342.1 79.5496 79.8297 263.867 232.976 111003000.0
756 -0.00555 0.000284462 -344.156 1342.19 79.5074 79.8093 282.423 245.265 110949000.0
755 -0.00545 0.00028427 -344.386 1342.19 79.4539 79.7864 301.333 261.817 110887000.0
754 -0.00535 0.000284067 -344.634 1342.21 79.3983 79.762 321.6 278.446 110824000.0
753 -0.00525 0.000283845 -344.903 1342.31 79.3422 79.7355 345.87 296.114 110755000.0
752 -0.00515 0.000283582 -345.221 1342.36 79.2717 79.7029 372.1 319.42 110678000.0
751 -0.00505 0.000283334 -345.527 1342.37 79.2031 79.6734 396.88 337.194 110601000.0
750 -0.00495 0.000283053 -345.871 1342.39 79.1256 79.6383 425.033 358.452 110513000.0
749 -0.00485 0.000282742 -346.25 1342.42 79.0402 79.6006 455.458 381.761 110419000.0
748 -0.00475 0.000282429 -346.631 1342.37 78.95 79.563 483.842 401.206 110318000.0
747 -0.00465 0.000282098 -347.038 1342.43 78.861 79.5236 518.226 422.814 110215000.0
746 -0.00455 0.0002817 -347.531 1342.46 78.7517 79.475 557.733 453.631 110100000.0
745 -0.00445 0.000281303 -348.023 1342.43 78.6386 79.4264 595.772 480.43 109979000.0
744 -0.00435 0.000280859 -348.569 1342.43 78.5145 79.371 639.567 510.376 109844000.0
743 -0.00425 0.000280362 -349.19 1342.48 78.3784 79.3106 689.338 547.883 109702000.0
742 -0.00415 0.000279834 -349.848 1342.47 78.2307 79.2446 741.804 587.199 109546000.0
741 -0.00405 0.000279273 -350.552 1342.46 78.0726 79.1749 795.456 624.885 109384000.0
740 -0.00395 0.000278673 -351.303 1342.41 77.9023 79.1006 853.737 663.935 109208000.0
739 -0.00385 0.000278004 -352.15 1342.36 77.7125 79.0152 918.499 709.956 109016000.0
738 -0.00375 0.000277278 -353.074 1342.27 77.5043 78.9241 988.28 763.615 108809000.0
737 -0.00365 0.000276517 -354.042 1342.23 77.2889 78.829 1062.44 817.585 108594000.0
736 -0.00355 0.00027569 -355.104 1342.2 77.0561 78.7235 1145.4 876.66 108361000.0
735 -0.00345 0.000274814 -356.234 1342.04 76.8023 78.6099 1228.79 935.347 108105000.0
734 -0.00335 0.000273849 -357.49 1341.88 76.5234 78.4861 1321.28 1004.17 107832000.0
733 -0.00325 0.000272839 -358.814 1341.77 76.2347 78.3543 1421.6 1074.09 107543000.0
732 -0.00315 0.000271723 -360.286 1341.54 75.9101 78.2084 1528.43 1154.68 107228000.0
731 -0.00305 0.000270538 -361.867 1341.32 75.5664 78.0519 1644.52 1238.96 106893000.0
730 -0.00295 0.000269249 -363.594 1341.04 75.1908 77.8813 1770.16 1337.17 106529000.0
729 -0.00285 0.000267893 -365.435 1340.67 74.7916 77.6987 1901.61 1434.92 106143000.0
728 -0.00275 0.000266411 -367.469 1340.3 74.3575 77.4977 2047.58 1549.19 105729000.0
727 -0.00265 0.000264842 -369.645 1339.96 73.9009 77.2819 2204.35 1670.57 105289000.0
726 -0.00255 0.000263156 -372.017 1339.46 73.4027 77.0484 2370.5 1805.16 104815000.0
725 -0.00245 0.000261373 -374.551 1338.83 72.8711 76.7964 2545.85 1946.04 104307000.0
724 -0.00235 0.00025947 -377.301 1338.15 72.3039 76.525 2734.86 2101.81 103768000.0
723 -0.00225 0.000257436 -380.279 1337.41 71.6975 76.2311 2938.76 2273.96 103194000.0
722 -0.00215 0.000255272 -383.502 1336.6 71.0517 75.912 3158.08 2461.42 102579000.0
721 -0.00205 0.000252992 -386.961 1335.66 70.3675 75.5709 3389.97 2665.51 101929000.0
720 -0.00195 0.000250588 -390.676 1334.55 69.6409 75.2041 3635.46 2884.24 101237000.0
719 -0.00185 0.000248026 -394.708 1333.36 68.8675 74.8062 3900.47 3130.31 100505000.0
718 -0.00175 0.000245353 -399.009 1331.97 68.0547 74.3813 4177.06 3389.76 99728800.0
717 -0.00165 0.000242546 -403.627 1330.43 67.198 73.9266 4471.31 3673.85 98914500.0
716 -0.00155 0.000239585 -408.618 1328.65 66.2889 73.4347 4783.82 3986.81 98050800.0
715 -0.00145 0.000236511 -413.924 1326.72 65.3435 72.9115 5111.78 4317.84 97147200.0
714 -0.00135 0.000233303 -419.619 1324.58 64.3531 72.3522 5458.8 4680.21 96201500.0
713 -0.00125 0.000229954 -425.73 1322.22 63.3162 71.7504 5825.08 5074.69 95208600.0
712 -0.00115 0.000226513 -432.196 1319.53 62.2419 71.1145 6204.41 5491.63 94176200.0
711 -0.00105 0.000222957 -439.091 1316.54 61.126 70.4377 6599.63 5938.27 93103100.0
710 -0.00095 0.000219305 -446.402 1313.11 59.9679 69.7192 7005.39 6412.44 91985900.0
709 -0.00085 0.000215549 -454.184 1309.34 58.7718 68.9561 7429.37 6921.65 90833100.0
708 -0.00075 0.000211711 -462.415 1305.22 57.5437 68.148 7867.3 7460.46 89646200.0
707 -0.00065 0.000207803 -471.113 1300.61 56.2819 67.295 8314.04 8027.17 88423000.0
706 -0.00055 0.000203866 -480.208 1295.48 54.9977 66.4026 8764.39 8612.42 87171700.0
705 -0.00045 0.000199885 -489.77 1289.83 53.6887 65.4658 9222.21 9224.07 85897100.0
704 -0.00035 0.000195879 -499.79 1283.51 52.3548 64.4832 9678.61 9854.8 84592100.0
703 -0.00025 0.000191846 -510.298 1276.63 51.0023 63.4556 10140.5 10510.9 83274400.0
702 -0.00015 0.00018783 -521.207 1269.14 49.6412 62.3868 10597.5 11175.5 81939100.0
701 -5e-05 0.000183838 -532.529 1260.92 48.2716 61.2784 11047.1 11848.4 80593900.0
700 5e-05 0.000179862 -544.297 1252.03 46.8947 60.1272 11489.1 12527.7 79241100.0
699 0.00015 0.000175937 -556.442 1242.4 45.5185 58.9386 11918.2 13205.9 77881700.0
698 0.00025 0.000172076 -568.925 1231.91 44.1439 57.7182 12326.3 13874.2 76519400.0
697 0.00035 0.00016828 -581.761 1220.66 42.7755 56.4629 12716.1 14531.7 75159500.0
696 0.00045 0.000164561 -594.906 1208.55 41.4156 55.1772 13080.2 15170.5 73799100.0
695 0.00055 0.000160937 -608.305 1195.57 40.0683 53.8673 13414.8 15783.2 72442600.0
694 0.00065 0.000157413 -621.921 1181.91 38.7432 52.5363 13722.5 16362.1 71093600.0
693 0.00075 0.000153984 -635.761 1167.35 37.4322 51.1831 13996.0 16907.2 69748000.0
692 0.00085 0.000150665 -649.779 1151.96 36.1426 49.8137 14234.9 17411.7 68406600.0
691 0.00095 0.000147475 -663.828 1135.84 34.8823 48.4405 14433.2 17862.9 67068200.0
690 0.00105 0.000144391 -678.006 1118.91 33.6438 47.0549 14594.4 18269.5 65733200.0
689 0.00115 0.000141438 -692.157 1101.4 32.4402 45.6718 14716.9 18617.7 64403000.0
688 0.00125 0.0001386 -706.33 1083.19 31.2635 44.2873 14799.0 18913.2 63073700.0
687 0.00135 0.000135893 -720.405 1064.33 30.1191 42.912 14838.1 19147.0 61738600.0
686 0.00145 0.000133301 -734.407 1044.94 29.0065 41.5436 14838.2 19322.4 60401900.0
685 0.00155 0.000130832 -748.271 1025.18 27.9308 40.189 14802.4 19439.1 59065800.0
684 0.00165 0.00012848 -761.964 1004.87 26.8853 38.8514 14724.5 19497.6 57719300.0
683 0.00175 0.00012625 -775.428 984.375 25.8798 37.5361 14614.1 19497.2 56373000.0
682 0.00185 0.000124118 -788.745 963.522 24.9038 36.2349 14469.3 19443.9 55018500.0
681 0.00195 0.000122104 -801.751 942.451 23.9639 34.9638 14290.2 19336.3 53655500.0
680 0.00205 0.00012019 -814.52 921.313 23.0592 33.7161 14083.8 19178.3 52288400.0
679 0.00215 0.000118375 -827.008 900.081 22.1877 32.4962 13850.3 18974.4 50918300.0
678 0.00225 0.000116668 -839.109 879.017 21.356 31.3142 13594.0 18726.6 49548500.0
677 0.00235 0.000115054 -850.865 858.034 20.5578 30.1654 13315.5 18439.0 48176200.0
676 0.00245 0.000113533 -862.284 837.136 19.7919 29.05 13016.6 18116.0 46800900.0
675 0.00255 0.000112096 -873.327 816.614 19.0623 27.9704 12705.5 17761.2 45434300.0
674 0.00265 0.000110736 -884.054 796.202 18.3605 26.9229 12377.8 17379.3 44067900.0
673 0.00275 0.000109456 -894.389 776.249 17.6934 25.9131 12042.5 16973.9 42715000.0
672 0.00285 0.000108255 -904.321 756.54 17.0549 24.9423 11694.0 16547.7 41361800.0
671 0.00295 0.000107118 -913.914 737.26 16.4457 24.0049 11340.5 16105.0 40022800.0
670 0.00305 0.00010605 -923.12 718.391 15.8651 23.1057 10982.1 15650.5 38697700.0
669 0.00315 0.000105042 -931.978 700.081 15.3137 22.24 10624.7 15185.7 37395600.0
668 0.00325 0.000104091 -940.484 682.141 14.7862 21.4087 10262.9 14713.6 36104400.0
667 0.00335 0.000103204 -948.569 664.9 14.2897 20.6186 9906.89 14239.2 34843600.0
666 0.00345 0.000102368 -956.316 648.114 13.8161 19.8613 9551.58 13762.6 33602100.0
665 0.00355 0.00010158 -963.741 631.864 13.3659 19.1362 9201.03 13287.6 32388700.0
664 0.00365 0.000100833 -970.881 616.049 12.9356 18.438 8852.87 12812.4 31194500.0
663 0.00375 0.000100129 -977.695 600.781 12.5269 17.772 8510.13 12341.8 30027600.0
662 0.00385 9.94692e-05 -984.186 586.047 12.1392 17.1379 8174.08 11878.6 28890400.0
661 0.00395 9.88454e-05 -990.393 571.854 11.7709 16.5312 7845.65 11421.1 27783000.0
660 0.00405 9.82583e-05 -996.308 558.188 11.4214 15.953 7524.77 10972.3 26705400.0
659 0.00415 9.77101e-05 -1001.9 545.124 11.0919 15.4064 7213.94 10535.0 25663200.0
658 0.00425 9.71886e-05 -1007.28 532.492 10.777 14.8812 6910.12 10106.1 24649000.0
657 0.00435 9.67025e-05 -1012.34 520.435 10.4803 14.3866 6616.25 9690.51 23669200.0
656 0.00445 9.62452e-05 -1017.16 508.918 10.1999 13.9157 6333.09 9286.37 22723800.0
655 0.00455 9.58085e-05 -1021.78 497.766 9.93114 13.4633 6056.46 8891.8 21805600.0
654 0.00465 9.54032e-05 -1026.13 487.205 9.67931 13.0385 5791.66 8512.24 20923600.0
653 0.00475 9.50153e-05 -1030.31 476.98 9.43764 12.6298 5533.52 8142.18 20067800.0
652 0.00485 9.46529e-05 -1034.26 467.314 9.21112 12.2443 5287.63 7786.28 19249400.0
651 0.00495 9.43143e-05 -1037.97 458.097 8.99715 11.8813 5051.26 7445.26 18463400.0
650 0.00505 9.39938e-05 -1041.51 449.268 8.79376 11.5358 4823.24 7115.74 17705700.0
649 0.00515 9.36917e-05 -1044.87 440.864 8.60152 11.2071 4605.07 6797.94 16978700.0
648 0.00525 9.34028e-05 -1048.1 432.789 8.41793 10.8916 4394.45 6490.2 16278300.0
647 0.00535 9.31337e-05 -1051.13 425.12 8.24496 10.5954 4193.05 6196.85 15607900.0
646 0.00545 9.28793e-05 -1054.01 417.796 8.08077 10.314 3999.63 5914.99 14964200.0
645 0.00555 9.26388e-05 -1056.75 410.793 7.92475 10.0465 3813.94 5643.97 14345900.0
644 0.00565 9.2411e-05 -1059.34 404.154 7.77751 9.79266 3637.17 5384.38 13755700.0
643 0.00575 9.2196e-05 -1061.82 397.758 7.6366 9.55105 3465.79 5134.86 13185800.0
642 0.00585 9.1994e-05 -1064.16 391.719 7.50418 9.32206 3303.61 4896.38 12644400.0
641 0.00595 9.18016e-05 -1066.38 385.952 7.37824 9.10421 3148.27 4667.9 12126200.0
640 0.00605 9.16216e-05 -1068.48 380.491 7.25959 8.8997 3000.55 4450.94 11632400.0
639 0.00615 9.14495e-05 -1070.49 375.248 7.14611 8.70328 2858.23 4241.33 11156400.0
638 0.00625 9.12903e-05 -1072.36 370.343 7.04042 8.52068 2724.7 4044.33 10707700.0
637 0.00635 9.11389e-05 -1074.13 365.674 6.94013 8.34727 2597.12 3855.92 10278900.0
636 0.00645 9.09954e-05 -1075.84 361.175 6.84396 8.1805 2474.02 3674.42 9866560.0
635 0.00655 9.08574e-05 -1077.46 356.899 6.75266 8.02175 2356.66 3500.67 9472250.0
634 0.00665 9.07284e-05 -1079.0 352.838 6.66635 7.87162 2244.95 3335.01 9096430.0
633 0.00675 9.06063e-05 -1080.45 348.975 6.5845 7.72946 2138.42 3177.33 8737590.0
632 0.00685 9.04895e-05 -1081.85 345.237 6.50556 7.59292 2035.03 3025.47 8391270.0
631 0.00695 9.03808e-05 -1083.14 341.783 6.43274 7.46611 1939.53 2883.31 8068470.0
630 0.00705 9.02782e-05 -1084.37 338.487 6.36349 7.34602 1848.03 2747.62 7759210.0
629 0.00715 9.0181e-05 -1085.55 335.312 6.297 7.23106 1759.85 2617.7 7462230.0
628 0.00725 9.00893e-05 -1086.66 332.342 6.23489 7.1229 1676.99 2494.22 7181090.0
627 0.00735 9.00011e-05 -1087.72 329.484 6.17521 7.01896 1597.38 2375.95 6911750.0
626 0.00745 8.99187e-05 -1088.71 326.778 6.11888 6.92149 1521.72 2264.09 6655920.0
625 0.00755 8.98403e-05 -1089.67 324.195 6.06523 6.82788 1449.46 2156.47 6411150.0
624 0.00765 8.97642e-05 -1090.59 321.725 6.01393 6.73805 1380.27 2053.19 6176360.0
623 0.00775 8.96946e-05 -1091.45 319.388 5.96561 6.65442 1314.69 1956.32 5954090.0
622 0.00785 8.96283e-05 -1092.25 317.204 5.92044 6.57596 1253.38 1864.86 5744990.0
621 0.00795 8.95645e-05 -1093.03 315.092 5.87682 6.4999 1194.02 1776.5 5543180.0
620 0.00805 8.95054e-05 -1093.75 313.097 5.83577 6.4291 1137.84 1693.51 5352270.0
619 0.00815 8.94476e-05 -1094.45 311.198 5.79662 6.36104 1084.33 1613.96 5170160.0
618 0.00825 8.93931e-05 -1095.12 309.371 5.75908 6.29536 1032.88 1537.08 4994930.0
617 0.00835 8.93424e-05 -1095.75 307.637 5.72356 6.23397 983.887 1464.67 4827940.0
616 0.00845 8.92941e-05 -1096.33 306.034 5.69065 6.17704 938.608 1397.39 4673220.0
615 0.00855 8.92488e-05 -1096.89 304.487 5.65902 6.12191 894.864 1332.1 4523280.0
614 0.00865 8.92055e-05 -1097.43 303.019 5.629 6.06948 853.357 1270.04 4381000.0
613 0.00875 8.9164e-05 -1097.94 301.617 5.60034 6.01978 813.555 1210.78 4244470.0
612 0.00885 8.91235e-05 -1098.44 300.256 5.57255 5.97123 775.117 1153.28 4113210.0
611 0.00895 8.90855e-05 -1098.91 298.959 5.5461 5.92527 738.315 1098.65 3987850.0
610 0.00905 8.90487e-05 -1099.36 297.719 5.52082 5.88124 703.167 1046.4 3867930.0
609 0.00915 8.9015e-05 -1099.77 296.587 5.49775 5.84129 670.992 998.134 3756950.0
608 0.00925 8.89833e-05 -1100.17 295.468 5.47507 5.80203 639.217 951.287 3648400.0
607 0.00935 8.89524e-05 -1100.55 294.418 5.4537 5.76493 609.458 906.971 3546530.0
606 0.00945 8.8924e-05 -1100.9 293.438 5.43381 5.73033 581.508 865.272 3450140.0
605 0.00955 8.88965e-05 -1101.24 292.5 5.41478 5.69755 554.741 825.656 3357950.0
604 0.00965 8.88713e-05 -1101.55 291.615 5.39686 5.66665 529.56 788.12 3270810.0
603 0.00975 8.88463e-05 -1101.86 290.748 5.37929 5.63632 504.919 751.452 3186210.0
602 0.00985 8.88234e-05 -1102.15 289.941 5.36299 5.608 481.89 716.984 3106320.0
601 0.00995 8.88001e-05 -1102.44 289.163 5.34719 5.58031 459.732 683.652 3030040.0
600 0.01005 8.8778e-05 -1102.71 288.403 5.33181 5.55374 438.06 651.775 2956070.0
599 0.01015 8.87576e-05 -1102.96 287.69 5.31741 5.52872 417.713 621.53 2885920.0
598 0.01025 8.87392e-05 -1103.19 287.051 5.3045 5.50636 399.432 594.022 2822150.0
597 0.01035 8.87204e-05 -1103.43 286.401 5.29136 5.48351 380.909 566.34 2758080.0
596 0.01045 8.87024e-05 -1103.65 285.777 5.27877 5.46169 363.037 539.878 2696760.0
595 0.01055 8.86859e-05 -1103.86 285.191 5.26697 5.44109 346.392 514.817 2639480.0
594 0.01065 8.86701e-05 -1104.06 284.641 5.25587 5.42194 330.65 491.483 2584960.0
593 0.01075 8.86542e-05 -1104.25 284.105 5.24502 5.40321 315.375 468.868 2532270.0
592 0.01085 8.86401e-05 -1104.43 283.606 5.23499 5.38582 301.058 447.515 2482780.0
591 0.01095 8.86267e-05 -1104.6 283.129 5.22538 5.36923 287.477 427.34 2435690.0
590 0.01105 8.86132e-05 -1104.76 282.676 5.21624 5.35317 274.495 407.759 2390570.0
589 0.01115 8.86015e-05 -1104.92 282.245 5.20759 5.33819 262.158 389.222 2347510.0
588 0.01125 8.85896e-05 -1105.06 281.843 5.19947 5.32415 250.696 372.014 2307620.0
587 0.01135 8.85787e-05 -1105.2 281.435 5.1913 5.31013 239.026 354.814 2267390.0
586 0.01145 8.85682e-05 -1105.33 281.083 5.1842 5.29804 228.946 339.691 2231860.0
585 0.01155 8.85583e-05 -1105.46 280.707 5.17669 5.28521 218.213 324.011 2195050.0
584 0.01165 8.85482e-05 -1105.58 280.362 5.16974 5.27318 208.282 309.309 2160580.0
583 0.01175 8.85384e-05 -1105.7 280.027 5.16299 5.26157 198.572 294.955 2126980.0
582 0.01185 8.85302e-05 -1105.8 279.728 5.15701 5.25138 190.205 282.429 2097520.0
581 0.01195 8.85224e-05 -1105.9 279.451 5.15144 5.24178 182.179 270.281 2068990.0
580 0.01205 8.85141e-05 -1106.01 279.161 5.14562 5.23187 173.836 258.099 2040180.0
579 0.01215 8.85064e-05 -1106.1 278.883 5.14004 5.22215 165.916 246.259 2012620.0
578 0.01225 8.84997e-05 -1106.19 278.628 5.13496 5.21334 158.557 235.249 1986920.0
577 0.01235 8.84916e-05 -1106.28 278.385 5.13 5.20495 151.592 224.961 1962510.0
576 0.01245 8.84854e-05 -1106.36 278.159 5.12548 5.19704 145.083 215.175 1939640.0
575 0.01255 8.84809e-05 -1106.44 277.938 5.12114 5.18967 138.754 205.841 1917380.0
574 0.01265 8.84733e-05 -1106.51 277.721 5.1167 5.18199 132.489 196.51 1895460.0
573 0.01275 8.8468e-05 -1106.58 277.522 5.11274 5.17513 126.812 188.02 1875420.0
572 0.01285 8.84622e-05 -1106.66 277.311 5.10851 5.1677 120.769 179.06 1854700.0
571 0.01295 8.84562e-05 -1106.73 277.119 5.10464 5.16088 115.272 170.946 1835560.0
570 0.01305 8.84518e-05 -1106.79 276.949 5.10125 5.15504 110.357 163.479 1818330.0
569 0.01315 8.84476e-05 -1106.85 276.785 5.09798 5.1496 105.671 156.529 1801660.0
568 0.01325 8.84429e-05 -1106.9 276.618 5.09464 5.14392 100.908 149.567 1785180.0
567 0.01335 8.84376e-05 -1106.96 276.455 5.09133 5.13821 96.1486 142.499 1768690.0
566 0.01345 8.84346e-05 -1107.01 276.318 5.08863 5.13364 92.2006 136.628 1754610.0
565 0.01355 8.84297e-05 -1107.06 276.175 5.08572 5.12838 88.1552 130.305 1740330.0
564 0.01365 8.84264e-05 -1107.11 276.039 5.08301 5.1238 84.2988 124.759 1726780.0
563 0.01375 8.84229e-05 -1107.15 275.915 5.08054 5.11971 80.6641 119.475 1714000.0
562 0.01385 8.84192e-05 -1107.19 275.79 5.07803 5.11541 77.0786 114.142 1701530.0
561 0.01395 8.84165e-05 -1107.23 275.68 5.07584 5.11166 73.8976 109.407 1690140.0
560 0.01405 8.84135e-05 -1107.27 275.566 5.07357 5.10789 70.7129 104.709 1679000.0
559 0.01415 8.841e-05 -1107.31 275.462 5.07145 5.10435 67.6672 100.194 1668200.0
558 0.01425 8.84071e-05 -1107.35 275.352 5.06927 5.1005 64.5262 95.5241 1657360.0
557 0.01435 8.84044e-05 -1107.38 275.253 5.0673 5.09719 61.6582 91.3682 1647300.0
556 0.01445 8.84022e-05 -1107.41 275.166 5.06556 5.09439 59.1763 87.707 1638390.0
555 0.01455 8.83992e-05 -1107.45 275.069 5.06361 5.09093 56.3768 83.5446 1628750.0
554 0.01465 8.83969e-05 -1107.48 274.981 5.06185 5.08791 53.8402 79.7675 1619890.0
553 0.01475 8.8395e-05 -1107.5 274.908 5.0604 5.08555 51.79 76.7086 1612520.0
552 0.01485 8.8393e-05 -1107.53 274.833 5.05891 5.08303 49.6601 73.5052 1604980.0
551 0.01495 8.83906e-05 -1107.55 274.765 5.05751 5.08032 47.5977 70.3036 1597480.0
550 0.01505 8.83885e-05 -1107.59 274.682 5.05586 5.0774 45.3123 66.9014 1589740.0
549 0.01515 8.83867e-05 -1107.61 274.621 5.05464 5.0753 43.5508 64.195 1583340.0
548 0.01525 8.83848e-05 -1107.63 274.553 5.05328 5.07317 41.5857 61.3766 1576480.0
547 0.01535 8.83828e-05 -1107.65 274.49 5.05201 5.07104 39.7645 58.7064 1570130.0
546 0.01545 8.83818e-05 -1107.67 274.43 5.05085 5.06904 38.0505 56.1807 1564260.0
545 0.01555 8.83805e-05 -1107.69 274.377 5.04979 5.0673 36.5285 53.986 1558710.0
544 0.01565 8.83779e-05 -1107.71 274.323 5.04865 5.06533 34.946 51.691 1553110.0
543 0.01575 8.8377e-05 -1107.73 274.275 5.04772 5.06373 33.563 49.5516 1548120.0
542 0.01585 8.83757e-05 -1107.74 274.224 5.04671 5.06209 32.1461 47.5753 1543080.0
541 0.01595 8.8374e-05 -1107.76 274.175 5.04571 5.06051 30.7442 45.4816 1538200.0
540 0.01605 8.83733e-05 -1107.77 274.133 5.0449 5.05916 29.5038 43.7444 1533740.0
539 0.01615 8.83724e-05 -1107.79 274.094 5.04412 5.05797 28.3271 41.945 1529650.0
538 0.01625 8.83698e-05 -1107.8 274.041 5.04299 5.05599 26.8954 39.8761 1524720.0
537 0.01635 8.83688e-05 -1107.82 273.997 5.04214 5.05438 25.5581 37.9738 1520160.0
536 0.01645 8.83684e-05 -1107.83 273.962 5.04147 5.05335 24.6366 36.5911 1516760.0
535 0.01655 8.83661e-05 -1107.84 273.927 5.04069 5.05196 23.6029 34.9187 1513030.0
534 0.01665 8.83657e-05 -1107.86 273.889 5.03997 5.05072 22.4617 33.358 1509200.0
533 0.01675 8.83643e-05 -1107.87 273.854 5.03924 5.04954 21.4962 31.8693 1505770.0
532 0.01685 8.83643e-05 -1107.88 273.822 5.03865 5.04857 20.6065 30.48 1502620.0
531 0.01695 8.83631e-05 -1107.89 273.798 5.03815 5.04764 19.825 29.2339 1499810.0
530 0.01705 8.83615e-05 -1107.9 273.766 5.03747 5.04649 19.0142 28.052 1496830.0
529 0.01715 8.83618e-05 -1107.91 273.74 5.037 5.04566 18.2242 26.9068 1494120.0
528 0.01725 8.83598e-05 -1107.92 273.71 5.03634 5.04459 17.3248 25.581 1491030.0
527 0.01735 8.83603e-05 -1107.93 273.682 5.03586 5.04367 16.5597 24.4311 1488340.0
526 0.01745 8.8359e-05 -1107.94 273.661 5.03539 5.04296 15.9776 23.5503 1486110.0
525 0.01755 8.8358e-05 -1107.95 273.638 5.03491 5.04212 15.2649 22.5125 1483670.0
524 0.01765 8.83579e-05 -1107.95 273.621 5.03459 5.04148 14.8061 21.7516 1481730.0
523 0.01775 8.8357e-05 -1107.96 273.591 5.034 5.04041 13.9421 20.5051 1478910.0
522 0.01785 8.83562e-05 -1107.97 273.57 5.03356 5.03978 13.3916 19.6638 1476890.0
521 0.01795 8.83562e-05 -1107.98 273.551 5.03322 5.03904 12.7688 18.6876 1474760.0
520 0.01805 8.8355e-05 -1107.98 273.531 5.03277 5.03835 12.2591 17.9155 1472840.0
519 0.01815 8.83549e-05 -1107.99 273.517 5.0325 5.03804 11.767 17.2641 1471130.0
518 0.01825 8.83547e-05 -1107.99 273.494 5.03208 5.03729 11.1598 16.4473 1469120.0
517 0.01835 8.8354e-05 -1108.0 273.481 5.0318 5.03689 10.8513 15.9849 1467820.0
516 0.01845 8.83545e-05 -1108.0 273.466 5.03155 5.03653 10.4363 15.4127 1466330.0
515 0.01855 8.83529e-05 -1108.01 273.449 5.03115 5.03582 9.82975 14.5615 1464360.0
514 0.01865 8.83528e-05 -1108.02 273.433 5.03084 5.03524 9.41514 13.9307 1462870.0
513 0.01875 8.83524e-05 -1108.02 273.422 5.03062 5.03477 9.06159 13.3638 1461560.0
512 0.01885 8.83517e-05 -1108.03 273.406 5.03029 5.03406 8.60593 12.6727 1459980.0
511 0.01895 8.83516e-05 -1108.03 273.392 5.03003 5.03367 8.25542 12.1888 1458700.0
510 0.01905 8.83512e-05 -1108.03 273.38 5.02979 5.03331 7.88692 11.7307 1457400.0
509 0.01915 8.83506e-05 -1108.04 273.37 5.02956 5.0331 7.60843 11.3309 1456430.0
508 0.01925 8.83509e-05 -1108.04 273.361 5.02941 5.03275 7.36748 10.9632 1455350.0
507 0.01935 8.83499e-05 -1108.05 273.349 5.02913 5.03238 7.07868 10.5704 1454320.0
506 0.01945 8.83495e-05 -1108.05 273.339 5.02894 5.03204 6.67438 10.0192 1453170.0
505 0.01955 8.83499e-05 -1108.05 273.329 5.02876 5.03175 6.48269 9.65491 1452300.0
504 0.01965 8.83491e-05 -1108.06 273.315 5.02846 5.03106 6.11929 9.08461 1451060.0
503 0.01975 8.83487e-05 -1108.06 273.306 5.02829 5.03079 5.84924 8.73441 1450090.0
502 0.01985 8.8349e-05 -1108.06 273.302 5.02821 5.0307 5.66279 8.47564 1449450.0
501 0.01995 8.83487e-05 -1108.07 273.293 5.02803 5.03027 5.42015 8.09219 1448490.0
500 0.02005 8.83474e-05 -1108.07 273.285 5.02781 5.02991 5.18191 7.68051 1447630.0
499 0.02015 8.83483e-05 -1108.07 273.28 5.02778 5.02977 5.01035 7.43067 1447040.0
498 0.02025 8.8348e-05 -1108.07 273.27 5.02758 5.02951 4.7962 7.15011 1446230.0
497 0.02035 8.83474e-05 -1108.08 273.263 5.02741 5.02922 4.5523 6.8304 1445430.0
496 0.02045 8.83474e-05 -1108.08 273.254 5.02724 5.02889 4.31964 6.46439 1444660.0
495 0.02055 8.83468e-05 -1108.08 273.245 5.02703 5.02859 4.10875 6.16038 1443890.0
494 0.02065 8.83466e-05 -1108.09 273.239 5.02692 5.02836 3.80749 5.75186 1443050.0
493 0.02075 8.83462e-05 -1108.09 273.231 5.02676 5.02811 3.63482 5.51379 1442380.0
492 0.02085 8.83463e-05 -1108.09 273.23 5.02674 5.02813 3.59154 5.44006 1442060.0
491 0.02095 8.83467e-05 -1108.09 273.22 5.02658 5.02784 3.39275 5.16441 1441400.0
490 0.02105 8.83457e-05 -1108.09 273.22 5.02653 5.02787 3.28943 5.03309 1441020.0
489 0.02115 8.8346e-05 -1108.09 273.214 5.02644 5.02767 3.12958 4.83782 1440540.0
488 0.02125 8.83452e-05 -1108.09 273.206 5.02624 5.02734 2.91799 4.56136 1439820.0
487 0.02135 8.83463e-05 -1108.1 273.203 5.02625 5.02746 2.87502 4.50183 1439580.0
486 0.02145 8.83449e-05 -1108.1 273.201 5.02612 5.02723 2.69481 4.21702 1439050.0
485 0.02155 8.83456e-05 -1108.1 273.199 5.02612 5.02721 2.6583 4.12004 1438820.0
484 0.02165 8.83452e-05 -1108.1 273.196 5.02605 5.02703 2.57742 3.89924 1438460.0
483 0.02175 8.83449e-05 -1108.1 273.189 5.02591 5.02688 2.41103 3.71646 1437930.0
482 0.02185 8.8345e-05 -1108.1 273.18 5.02575 5.02651 2.21305 3.41112 1437280.0
481 0.02195 8.83443e-05 -1108.11 273.181 5.02573 5.02632 2.15886 3.27551 1436900.0
480 0.02205 8.83444e-05 -1108.11 273.175 5.02562 5.02613 2.02655 3.05205 1436530.0
479 0.02215 8.8344e-05 -1108.11 273.172 5.02555 5.02608 1.96608 2.95873 1436290.0
478 0.02225 8.83441e-05 -1108.11 273.171 5.02552 5.02604 1.84411 2.84305 1435920.0
477 0.02235 8.83434e-05 -1108.11 273.161 5.02531 5.02581 1.71244 2.64783 1435460.0
476 0.02245 8.83443e-05 -1108.11 273.164 5.02541 5.02583 1.72309 2.64836 1435350.0
475 0.02255 8.83434e-05 -1108.11 273.163 5.02535 5.02577 1.67567 2.55622 1435190.0
474 0.02265 8.83437e-05 -1108.11 273.158 5.02527 5.02567 1.60115 2.39474 1434890.0
473 0.02275 8.83434e-05 -1108.11 273.158 5.02526 5.02577 1.57292 2.41298 1434760.0
472 0.02285 8.83437e-05 -1108.11 273.158 5.02527 5.02575 1.51777 2.31626 1434610.0
471 0.02295 8.83439e-05 -1108.11 273.151 5.02516 5.02548 1.40164 2.1351 1434150.0
470 0.02305 8.83437e-05 -1108.12 273.151 5.02514 5.02544 1.35563 2.05074 1433990.0
469 0.02315 8.83427e-05 -1108.11 273.149 5.02504 5.02534 1.32996 2.03792 1433840.0
468 0.02325 8.83438e-05 -1108.11 273.152 5.02516 5.02551 1.33659 2.05943 1433790.0
467 0.02335 8.83437e-05 -1108.11 273.146 5.02505 5.02539 1.25031 1.94293 1433470.0
466 0.02345 8.83435e-05 -1108.11 273.146 5.02505 5.02539 1.18912 1.86082 1433320.0
465 0.02355 8.83439e-05 -1108.12 273.143 5.02501 5.02522 1.15429 1.76316 1433080.0
464 0.02365 8.8343e-05 -1108.11 273.142 5.02494 5.02515 1.07931 1.68313 1432920.0
463 0.02375 8.83439e-05 -1108.12 273.143 5.02501 5.02535 1.10956 1.78899 1432910.0
462 0.02385 8.83434e-05 -1108.12 273.141 5.02493 5.02524 1.01675 1.61023 1432650.0
461 0.02395 8.83433e-05 -1108.12 273.139 5.02489 5.02509 0.983475 1.49255 1432470.0
460 0.02405 8.83438e-05 -1108.12 273.138 5.0249 5.02514 0.957894 1.44445 1432410.0
459 0.02415 8.83428e-05 -1108.12 273.135 5.02478 5.02502 0.917946 1.37891 1432160.0
458 0.02425 8.83425e-05 -1108.12 273.132 5.02471 5.02491 0.828927 1.27048 1431930.0
457 0.02435 8.83433e-05 -1108.12 273.133 5.02478 5.025 0.813274 1.24153 1431870.0
456 0.02445 8.83432e-05 -1108.12 273.13 5.02472 5.02495 0.7792 1.18121 1431750.0
455 0.02455 8.83437e-05 -1108.12 273.132 5.02479 5.025 0.819754 1.23555 1431770.0
454 0.02465 8.83426e-05 -1108.12 273.127 5.02464 5.02475 0.765363 1.10321 1431540.0
453 0.02475 8.83428e-05 -1108.12 273.131 5.02472 5.02478 0.79327 1.10563 1431520.0
452 0.02485 8.83434e-05 -1108.12 273.131 5.02475 5.02492 0.780251 1.13204 1431520.0
451 0.02495 8.83422e-05 -1108.12 273.132 5.0247 5.02488 0.807956 1.16777 1431450.0
450 0.02505 8.83433e-05 -1108.12 273.131 5.02474 5.02508 0.807394 1.16795 1431460.0
449 0.02515 8.83434e-05 -1108.12 273.13 5.02474 5.02509 0.777252 1.18868 1431370.0
448 0.02525 8.83433e-05 -1108.12 273.126 5.02466 5.02505 0.728876 1.11687 1431160.0
447 0.02535 8.83431e-05 -1108.12 273.128 5.02467 5.02506 0.711245 1.09297 1431120.0
446 0.02545 8.83432e-05 -1108.12 273.127 5.02468 5.02507 0.687401 1.03926 1431050.0
445 0.02555 8.83422e-05 -1108.12 273.123 5.02455 5.02484 0.608941 0.86498 1430750.0
444 0.02565 8.83428e-05 -1108.12 273.12 5.02452 5.02467 0.529969 0.75959 1430600.0
443 0.02575 8.8343e-05 -1108.12 273.12 5.02452 5.02465 0.539328 0.736036 1430510.0
442 0.02585 8.83421e-05 -1108.13 273.119 5.02446 5.02447 0.479265 0.611333 1430350.0
441 0.02595 8.83426e-05 -1108.12 273.12 5.02451 5.02462 0.539223 0.749562 1430450.0
440 0.02605 8.83433e-05 -1108.12 273.118 5.02452 5.0246 0.478719 0.615798 1430310.0
439 0.02615 8.83425e-05 -1108.12 273.12 5.0245 5.02471 0.525266 0.71547 1430390.0
438 0.02625 8.8343e-05 -1108.12 273.118 5.02449 5.02466 0.519377 0.71102 1430310.0
437 0.02635 8.8343e-05 -1108.12 273.118 5.02449 5.02472 0.48436 0.625443 1430250.0
436 0.02645 8.83427e-05 -1108.12 273.121 5.02453 5.02481 0.5449 0.754035 1430380.0
435 0.02655 8.8343e-05 -1108.12 273.117 5.02448 5.02472 0.483384 0.579944 1430170.0
434 0.02665 8.83428e-05 -1108.12 273.12 5.02451 5.02472 0.499159 0.54712 1430170.0
433 0.02675 8.83428e-05 -1108.12 273.119 5.0245 5.02467 0.462565 0.508067 1430000.0
432 0.02685 8.83434e-05 -1108.12 273.119 5.02454 5.02482 0.468788 0.589487 1430060.0
431 0.02695 8.83424e-05 -1108.12 273.119 5.02447 5.02478 0.450856 0.610286 1430020.0
430 0.02705 8.83433e-05 -1108.12 273.117 5.0245 5.02484 0.47225 0.624774 1430000.0
429 0.02715 8.83432e-05 -1108.12 273.118 5.02449 5.02476 0.438428 0.538913 1429910.0
428 0.02725 8.83434e-05 -1108.12 273.119 5.02453 5.02479 0.477785 0.608945 1429990.0
427 0.02735 8.83428e-05 -1108.12 273.117 5.02446 5.02457 0.448318 0.553582 1429820.0
426 0.02745 8.83423e-05 -1108.12 273.114 5.02439 5.0245 0.382543 0.472634 1429680.0
425 0.02755 8.83431e-05 -1108.12 273.116 5.02447 5.02463 0.370617 0.476817 1429750.0
424 0.02765 8.83427e-05 -1108.12 273.113 5.02439 5.02454 0.385228 0.452809 1429640.0
423 0.02775 8.83428e-05 -1108.12 273.114 5.02441 5.02453 0.358881 0.407636 1429630.0
422 0.02785 8.83429e-05 -1108.12 273.113 5.02439 5.02448 0.375327 0.444095 1429600.0
421 0.02795 8.83424e-05 -1108.12 273.114 5.02438 5.02441 0.3238 0.371479 1429480.0
420 0.02805 8.8343e-05 -1108.13 273.111 5.02437 5.02441 0.301028 0.291949 1429350.0
419 0.02815 8.83432e-05 -1108.12 273.112 5.0244 5.02461 0.3602 0.461325 1429540.0
418 0.02825 8.83424e-05 -1108.12 273.115 5.0244 5.02461 0.360171 0.476554 1429570.0
417 0.02835 8.83425e-05 -1108.12 273.113 5.02437 5.02453 0.308682 0.386764 1429440.0
416 0.02845 8.8343e-05 -1108.13 273.108 5.02431 5.02429 0.192736 0.158687 1429110.0
415 0.02855 8.83418e-05 -1108.12 273.109 5.02426 5.02436 0.22523 0.240569 1429270.0
414 0.02865 8.83427e-05 -1108.12 273.111 5.02435 5.02454 0.21031 0.27385 1429310.0
413 0.02875 8.83425e-05 -1108.12 273.111 5.02433 5.02458 0.254283 0.354817 1429400.0
412 0.02885 8.83427e-05 -1108.12 273.11 5.02433 5.02451 0.227633 0.298579 1429310.0
411 0.02895 8.8343e-05 -1108.12 273.11 5.02434 5.02461 0.171855 0.203501 1429270.0
410 0.02905 8.83421e-05 -1108.12 273.109 5.02428 5.02456 0.178399 0.230188 1429220.0
409 0.02915 8.83419e-05 -1108.12 273.108 5.02424 5.02445 0.142031 0.151171 1429070.0
408 0.02925 8.83427e-05 -1108.12 273.104 5.02422 5.02444 0.115371 0.147117 1429100.0
407 0.02935 8.83421e-05 -1108.12 273.106 5.02422 5.02447 0.0988769 0.11647 1429130.0
406 0.02945 8.83421e-05 -1108.12 273.106 5.02422 5.02451 0.141141 0.164655 1429120.0
405 0.02955 8.83427e-05 -1108.12 273.106 5.02425 5.02451 0.10941 0.117009 1429110.0
404 0.02965 8.83415e-05 -1108.12 273.105 5.02417 5.02451 0.0716193 0.0659166 1429100.0
403 0.02975 8.83423e-05 -1108.13 273.102 5.02416 5.02432 0.0234202 -0.0765587 1428890.0
402 0.02985 8.8342e-05 -1108.12 273.103 5.02416 5.02433 0.0471099 -0.0823558 1428960.0
401 0.02995 8.83425e-05 -1108.13 273.103 5.0242 5.02429 0.0309177 -0.129001 1428880.0
400 0.03005 8.83418e-05 -1108.13 273.104 5.02417 5.02429 0.0590039 -0.0944756 1428960.0
399 0.03015 8.83423e-05 -1108.13 273.106 5.02424 5.02436 0.107746 -0.018937 1428980.0
398 0.03025 8.83419e-05 -1108.13 273.103 5.02416 5.02423 0.0547591 -0.0899175 1428910.0
397 0.03035 8.83417e-05 -1108.13 273.105 5.02418 5.02426 0.0562903 -0.0795799 1428930.0
396 0.03045 8.83423e-05 -1108.13 273.106 5.02423 5.02425 0.0944795 0.0110323 1428900.0
395 0.03055 8.83416e-05 -1108.12 273.105 5.02418 5.02424 0.0704911 0.0172511 1428910.0
394 0.03065 8.83421e-05 -1108.12 273.107 5.02423 5.02432 0.0570351 -0.00377273 1428880.0
393 0.03075 8.83424e-05 -1108.13 273.105 5.02422 5.02426 0.0656585 -0.0188814 1428860.0
392 0.03085 8.83418e-05 -1108.12 273.107 5.02421 5.0243 0.0904001 0.0037608 1428930.0
391 0.03095 8.83423e-05 -1108.13 273.105 5.02422 5.0242 0.0618271 -0.0661529 1428840.0
390 0.03105 8.83426e-05 -1108.13 273.104 5.02422 5.0243 0.065734 -0.0102149 1428870.0
389 0.03115 8.83423e-05 -1108.13 273.107 5.02424 5.02438 0.0902701 0.0733993 1428990.0
388 0.03125 8.83419e-05 -1108.12 273.105 5.02419 5.02419 0.0565987 -0.0129857 1428860.0
387 0.03135 8.83423e-05 -1108.13 273.105 5.02422 5.02412 0.0342112 -0.067435 1428810.0
386 0.03145 8.83426e-05 -1108.13 273.106 5.02425 5.02425 0.124198 0.0796095 1428990.0
385 0.03155 8.83423e-05 -1108.12 273.107 5.02426 5.02432 0.12722 0.0927765 1429010.0
384 0.03165 8.83424e-05 -1108.13 273.106 5.02425 5.02429 0.132632 0.106015 1429010.0
383 0.03175 8.83423e-05 -1108.13 273.108 5.02427 5.02438 0.101877 0.115637 1429030.0
382 0.03185 8.83418e-05 -1108.13 273.106 5.0242 5.0243 0.0948136 0.101985 1428960.0
381 0.03195 8.83435e-05 -1108.12 273.108 5.02434 5.02456 0.166684 0.228454 1429130.0
380 0.03205 8.83428e-05 -1108.13 273.109 5.0243 5.02448 0.180745 0.290609 1429130.0
379 0.03215 8.83422e-05 -1108.12 273.105 5.02422 5.02432 0.0972047 0.135327 1428930.0
378 0.03225 8.83431e-05 -1108.13 273.103 5.02423 5.02432 0.107581 0.140536 1428900.0
377 0.03235 8.83426e-05 -1108.13 273.107 5.02427 5.0245 0.159716 0.229749 1429100.0
376 0.03245 8.83423e-05 -1108.12 273.108 5.02427 5.02441 0.130161 0.21151 1429040.0
375 0.03255 8.83421e-05 -1108.13 273.103 5.02417 5.02414 0.0869607 0.103921 1428840.0
374 0.03265 8.83424e-05 -1108.12 273.106 5.02424 5.02427 0.0961661 0.108299 1428870.0
373 0.03275 8.8343e-05 -1108.13 273.108 5.02432 5.02442 0.163797 0.235381 1428990.0
372 0.03285 8.83422e-05 -1108.12 273.109 5.02428 5.02441 0.165447 0.245303 1428990.0
371 0.03295 8.8343e-05 -1108.12 273.108 5.02431 5.02445 0.198639 0.309204 1429070.0
370 0.03305 8.83426e-05 -1108.12 273.109 5.0243 5.0245 0.141551 0.248938 1429040.0
369 0.03315 8.83426e-05 -1108.12 273.112 5.02435 5.02461 0.216436 0.38256 1429240.0
368 0.03325 8.83429e-05 -1108.12 273.11 5.02433 5.02461 0.186197 0.293732 1429100.0
367 0.03335 8.83427e-05 -1108.12 273.115 5.02442 5.0248 0.273364 0.474949 1429310.0
366 0.03345 8.83431e-05 -1108.12 273.109 5.02434 5.02452 0.19272 0.321022 1429050.0
365 0.03355 8.83426e-05 -1108.12 273.108 5.02428 5.02453 0.171632 0.272745 1429000.0
364 0.03365 8.8343e-05 -1108.12 273.109 5.02432 5.02452 0.13016 0.226376 1428960.0
363 0.03375 8.83432e-05 -1108.12 273.109 5.02433 5.0245 0.151259 0.250395 1428930.0
362 0.03385 8.83433e-05 -1108.12 273.111 5.02439 5.0247 0.185027 0.344404 1429110.0
361 0.03395 8.83434e-05 -1108.12 273.11 5.02437 5.02475 0.227742 0.482489 1429170.0
360 0.03405 8.8343e-05 -1108.12 273.108 5.0243 5.02448 0.138538 0.328182 1428940.0
359 0.03415 8.8343e-05 -1108.13 273.109 5.02434 5.02451 0.167361 0.377286 1429000.0
358 0.03425 8.83427e-05 -1108.12 273.107 5.02427 5.02438 0.154196 0.331517 1428910.0
357 0.03435 8.83437e-05 -1108.13 273.107 5.02434 5.02456 0.159181 0.382616 1429020.0
356 0.03445 8.83428e-05 -1108.13 273.108 5.02429 5.02448 0.130142 0.331106 1428980.0
355 0.03455 8.83435e-05 -1108.13 273.103 5.02425 5.02446 0.115646 0.338671 1428960.0
354 0.03465 8.83432e-05 -1108.12 273.105 5.02426 5.02439 0.10338 0.327096 1428920.0
353 0.03475 8.83434e-05 -1108.12 273.106 5.0243 5.02454 0.126643 0.362753 1429070.0
352 0.03485 8.8344e-05 -1108.13 273.105 5.02432 5.0246 0.127352 0.353736 1429030.0
351 0.03495 8.83427e-05 -1108.12 273.106 5.02426 5.02452 0.0943969 0.275617 1428940.0
350 0.03505 8.83433e-05 -1108.13 273.105 5.02427 5.02453 0.125405 0.290806 1428950.0
349 0.03515 8.83434e-05 -1108.12 273.105 5.02427 5.02456 0.14672 0.334054 1428990.0
348 0.03525 8.83433e-05 -1108.12 273.107 5.02431 5.02447 0.149987 0.301813 1428930.0
347 0.03535 8.8343e-05 -1108.13 273.104 5.02424 5.02438 0.12088 0.262977 1428860.0
346 0.03545 8.83433e-05 -1108.13 273.105 5.02427 5.02438 0.144923 0.298089 1428900.0
345 0.03555 8.83427e-05 -1108.13 273.103 5.02419 5.02428 0.0974684 0.200116 1428800.0
344 0.03565 8.83429e-05 -1108.13 273.103 5.02422 5.02426 0.0546463 0.127221 1428700.0
343 0.03575 8.83422e-05 -1108.13 273.101 5.02414 5.02419 0.0137653 0.0991792 1428610.0
342 0.03585 8.83427e-05 -1108.13 273.101 5.02417 5.02419 -0.0109631 0.0250528 1428580.0
341 0.03595 8.83427e-05 -1108.13 273.1 5.02414 5.02418 0.0248626 0.0817931 1428600.0
340 0.03605 8.83428e-05 -1108.13 273.101 5.02417 5.02413 -0.0394436 -0.0385398 1428550.0
339 0.03615 8.83426e-05 -1108.13 273.098 5.02411 5.02397 -0.0193123 -0.0335024 1428480.0
338 0.03625 8.83426e-05 -1108.13 273.102 5.02417 5.02408 -0.0154679 -0.0411639 1428570.0
337 0.03635 8.83425e-05 -1108.13 273.101 5.02415 5.0241 0.00890777 0.0211364 1428640.0
336 0.03645 8.83425e-05 -1108.13 273.101 5.02416 5.02411 0.0439731 0.0858537 1428680.0
335 0.03655 8.83422e-05 -1108.13 273.097 5.02407 5.02396 -0.00513323 -0.0391758 1428560.0
334 0.03665 8.83423e-05 -1108.13 273.099 5.02411 5.02384 -0.0365655 -0.125752 1428450.0
333 0.03675 8.83425e-05 -1108.13 273.098 5.0241 5.02386 -0.00915349 -0.0465719 1428570.0
332 0.03685 8.83419e-05 -1108.13 273.1 5.0241 5.02389 0.0142787 -0.030541 1428620.0
331 0.03695 8.83418e-05 -1108.13 273.1 5.0241 5.02376 0.00239292 -0.074352 1428560.0
330 0.03705 8.83416e-05 -1108.13 273.098 5.02405 5.02371 -0.0199959 -0.079837 1428540.0
329 0.03715 8.83418e-05 -1108.13 273.097 5.02405 5.02375 -0.0505959 -0.138474 1428500.0
328 0.03725 8.83414e-05 -1108.14 273.097 5.02401 5.02357 -0.12076 -0.281777 1428330.0
327 0.03735 8.83416e-05 -1108.13 273.097 5.02403 5.02355 -0.101889 -0.241401 1428270.0
326 0.03745 8.83415e-05 -1108.14 273.096 5.024 5.02347 -0.100867 -0.251342 1428250.0
325 0.03755 8.83416e-05 -1108.13 273.097 5.02404 5.0236 -0.0329939 -0.145571 1428390.0
324 0.03765 8.83416e-05 -1108.13 273.097 5.02403 5.02362 -0.0288465 -0.0980313 1428450.0
323 0.03775 8.83427e-05 -1108.13 273.103 5.02419 5.024 0.0326939 0.00235088 1428640.0
322 0.03785 8.83418e-05 -1108.13 273.101 5.02411 5.02386 0.0222357 -0.0176123 1428540.0
321 0.03795 8.83422e-05 -1108.13 273.101 5.02414 5.02398 0.00065028 -0.0383243 1428570.0
320 0.03805 8.83422e-05 -1108.13 273.102 5.02415 5.02388 0.0147726 0.025399 1428560.0
319 0.03815 8.83418e-05 -1108.13 273.101 5.02411 5.02383 0.0265766 0.0861406 1428610.0
318 0.03825 8.8342e-05 -1108.13 273.101 5.02413 5.02388 -0.00424859 0.0229123 1428570.0
317 0.03835 8.8342e-05 -1108.13 273.1 5.02411 5.02381 0.00919567 0.0565008 1428620.0
316 0.03845 8.83422e-05 -1108.13 273.103 5.02417 5.02405 0.0835908 0.184024 1428790.0
315 0.03855 8.83421e-05 -1108.13 273.1 5.02411 5.02384 0.00913358 0.00619268 1428600.0
314 0.03865 8.8342e-05 -1108.13 273.103 5.02416 5.02393 0.0333765 0.0711082 1428710.0
313 0.03875 8.83424e-05 -1108.13 273.101 5.02414 5.02397 0.00367436 0.0251785 1428630.0
312 0.03885 8.83414e-05 -1108.13 273.101 5.02408 5.02381 -0.0120931 -0.0172241 1428510.0
311 0.03895 8.8342e-05 -1108.13 273.098 5.02407 5.0238 -0.0152476 -0.0240825 1428510.0
310 0.03905 8.83419e-05 -1108.13 273.102 5.02413 5.02404 0.0634645 0.157846 1428740.0
309 0.03915 8.8342e-05 -1108.13 273.1 5.02412 5.02409 0.0758177 0.16765 1428740.0
308 0.03925 8.83424e-05 -1108.13 273.101 5.02415 5.02405 -0.0116156 0.00804219 1428610.0
307 0.03935 8.83416e-05 -1108.13 273.099 5.02405 5.02409 0.00427216 0.0568156 1428630.0
306 0.03945 8.83427e-05 -1108.13 273.102 5.02417 5.0242 0.0479046 0.098751 1428690.0
305 0.03955 8.83423e-05 -1108.13 273.101 5.02415 5.02415 0.024728 0.0307702 1428630.0
304 0.03965 8.83419e-05 -1108.13 273.099 5.02408 5.02417 0.0469446 0.112254 1428680.0
303 0.03975 8.83415e-05 -1108.13 273.099 5.02406 5.02413 0.0237516 0.0258313 1428590.0
302 0.03985 8.83425e-05 -1108.13 273.102 5.02417 5.02429 0.0767516 0.131396 1428700.0
301 0.03995 8.83424e-05 -1108.13 273.104 5.02421 5.02442 0.0916245 0.190651 1428790.0
300 0.04005 8.83423e-05 -1108.12 273.106 5.02423 5.02443 0.0872558 0.174392 1428790.0
299 0.04015 8.83421e-05 -1108.13 273.102 5.02414 5.02429 0.0694186 0.136983 1428660.0
298 0.04025 8.83417e-05 -1108.12 273.103 5.02414 5.02422 0.0752622 0.171309 1428670.0
297 0.04035 8.83423e-05 -1108.13 273.103 5.02417 5.02419 0.0558959 0.114372 1428620.0
296 0.04045 8.83423e-05 -1108.13 273.101 5.02413 5.02419 0.0400807 0.108731 1428630.0
295 0.04055 8.83425e-05 -1108.13 273.103 5.02419 5.02426 0.0423839 0.103817 1428680.0
294 0.04065 8.83426e-05 -1108.13 273.104 5.02421 5.02436 0.107586 0.188994 1428780.0
293 0.04075 8.83425e-05 -1108.13 273.101 5.02415 5.02421 0.0933625 0.145509 1428650.0
292 0.04085 8.83421e-05 -1108.13 273.104 5.02418 5.02431 0.0837299 0.13988 1428670.0
291 0.04095 8.83421e-05 -1108.13 273.102 5.02415 5.02425 0.0818568 0.155191 1428650.0
290 0.04105 8.83422e-05 -1108.13 273.102 5.02415 5.02417 0.113637 0.181175 1428720.0
289 0.04115 8.83427e-05 -1108.13 273.108 5.02428 5.02436 0.206268 0.314833 1428920.0
288 0.04125 8.8343e-05 -1108.13 273.106 5.02427 5.02428 0.140094 0.261947 1428800.0
287 0.04135 8.83425e-05 -1108.13 273.104 5.02421 5.02436 0.128267 0.262152 1428820.0
286 0.04145 8.83433e-05 -1108.12 273.104 5.02424 5.02442 0.113729 0.277372 1428810.0
285 0.04155 8.83435e-05 -1108.13 273.103 5.02425 5.02451 0.0822247 0.226181 1428760.0
284 0.04165 8.83425e-05 -1108.12 273.103 5.02419 5.02438 0.100274 0.261326 1428730.0
283 0.04175 8.83434e-05 -1108.13 273.103 5.02424 5.02446 0.100496 0.188637 1428710.0
282 0.04185 8.83432e-05 -1108.12 273.105 5.02427 5.02452 0.126291 0.249462 1428820.0
281 0.04195 8.8343e-05 -1108.12 273.108 5.0243 5.02467 0.198981 0.355143 1428960.0
280 0.04205 8.83435e-05 -1108.12 273.108 5.02434 5.02463 0.149046 0.282341 1428840.0
279 0.04215 8.83429e-05 -1108.12 273.108 5.02431 5.02461 0.200666 0.329691 1428930.0
278 0.04225 8.83434e-05 -1108.12 273.108 5.02433 5.0245 0.197067 0.317038 1428900.0
277 0.04235 8.83423e-05 -1108.13 273.108 5.02427 5.02446 0.213952 0.364367 1428910.0
276 0.04245 8.83439e-05 -1108.12 273.11 5.0244 5.02466 0.236041 0.438515 1429060.0
275 0.04255 8.8343e-05 -1108.12 273.111 5.02437 5.0246 0.274376 0.491672 1429050.0
274 0.04265 8.83425e-05 -1108.12 273.106 5.02425 5.02433 0.193604 0.329953 1428870.0
273 0.04275 8.83433e-05 -1108.13 273.106 5.02429 5.02428 0.158913 0.239506 1428770.0
272 0.04285 8.83429e-05 -1108.12 273.106 5.02427 5.02434 0.146962 0.246457 1428790.0
271 0.04295 8.83428e-05 -1108.12 273.107 5.02428 5.02436 0.180934 0.282491 1428820.0
270 0.04305 8.83437e-05 -1108.13 273.106 5.02432 5.02435 0.169019 0.220928 1428810.0
269 0.04315 8.83426e-05 -1108.13 273.104 5.02421 5.02409 0.151774 0.144727 1428690.0
268 0.04325 8.83426e-05 -1108.13 273.104 5.02422 5.02414 0.132262 0.110018 1428670.0
267 0.04335 8.83428e-05 -1108.13 273.106 5.02426 5.02426 0.143255 0.190611 1428770.0
266 0.04345 8.83436e-05 -1108.13 273.104 5.02427 5.02423 0.134606 0.195757 1428710.0
265 0.04355 8.83424e-05 -1108.13 273.1 5.02413 5.02399 0.0782418 0.101389 1428600.0
264 0.04365 8.83428e-05 -1108.13 273.104 5.02423 5.02414 0.111444 0.200812 1428750.0
263 0.04375 8.83424e-05 -1108.13 273.105 5.02423 5.02412 0.138235 0.220836 1428750.0
262 0.04385 8.83432e-05 -1108.13 273.101 5.02419 5.02389 0.116811 0.139373 1428600.0
261 0.04395 8.83418e-05 -1108.13 273.099 5.02408 5.02368 0.0642219 0.0421229 1428380.0
260 0.04405 8.83427e-05 -1108.13 273.103 5.0242 5.02384 0.0908031 0.105521 1428510.0
259 0.04415 8.83424e-05 -1108.13 273.1 5.02413 5.02364 0.0597707 0.0255039 1428380.0
258 0.04425 8.83421e-05 -1108.13 273.1 5.0241 5.02365 0.0506665 -0.00940568 1428360.0
257 0.04435 8.83414e-05 -1108.13 273.102 5.0241 5.0237 0.0881329 0.0465667 1428440.0
256 0.04445 8.83425e-05 -1108.13 273.101 5.02415 5.02372 0.0271504 -0.0563335 1428360.0
255 0.04455 8.83421e-05 -1108.13 273.102 5.02414 5.02369 0.112798 0.115774 1428460.0
254 0.04465 8.83416e-05 -1108.13 273.102 5.02412 5.02366 0.0872443 0.082187 1428410.0
253 0.04475 8.83426e-05 -1108.13 273.103 5.0242 5.02369 0.101518 0.111311 1428420.0
252 0.04485 8.83426e-05 -1108.13 273.103 5.0242 5.02361 0.101151 0.110349 1428420.0
251 0.04495 8.83422e-05 -1108.13 273.107 5.02424 5.0237 0.125886 0.115985 1428500.0
250 0.04505 8.83428e-05 -1108.13 273.106 5.02426 5.02373 0.214605 0.271209 1428630.0
249 0.04515 8.83426e-05 -1108.13 273.105 5.02424 5.02367 0.135435 0.158064 1428490.0
248 0.04525 8.83418e-05 -1108.13 273.102 5.02413 5.02351 0.0564959 0.030012 1428310.0
247 0.04535 8.83431e-05 -1108.13 273.103 5.02423 5.0236 0.0772904 0.0863075 1428360.0
246 0.04545 8.8343e-05 -1108.13 273.103 5.02422 5.02364 0.0743961 0.118117 1428430.0
245 0.04555 8.83425e-05 -1108.13 273.101 5.02416 5.02344 0.0442985 -0.0203673 1428240.0
244 0.04565 8.83429e-05 -1108.13 273.102 5.02419 5.02355 0.0167428 -0.0034858 1428270.0
243 0.04575 8.83424e-05 -1108.13 273.101 5.02414 5.02347 0.0354099 -0.0124566 1428210.0
242 0.04585 8.83424e-05 -1108.13 273.102 5.02416 5.02349 0.0155675 -0.0676218 1428210.0
241 0.04595 8.83426e-05 -1108.13 273.104 5.02422 5.02363 0.048598 0.00769457 1428330.0
240 0.04605 8.83424e-05 -1108.13 273.102 5.02417 5.02358 0.077841 0.0970524 1428320.0
239 0.04615 8.83425e-05 -1108.13 273.103 5.02419 5.02359 0.0748877 0.125861 1428360.0
238 0.04625 8.83426e-05 -1108.13 273.104 5.0242 5.02361 0.0835891 0.13107 1428390.0
237 0.04635 8.83422e-05 -1108.13 273.101 5.02414 5.02338 0.00847797 -0.0586466 1428190.0
236 0.04645 8.83427e-05 -1108.14 273.098 5.02411 5.0233 -0.0381111 -0.163501 1428030.0
235 0.04655 8.83426e-05 -1108.13 273.101 5.02416 5.02348 0.0015431 -0.011464 1428160.0
234 0.04665 8.83423e-05 -1108.13 273.1 5.02413 5.02341 -0.0193715 -0.0405531 1428140.0
233 0.04675 8.83433e-05 -1108.13 273.099 5.02416 5.02341 0.0107106 -0.0144489 1428190.0
232 0.04685 8.83425e-05 -1108.13 273.103 5.02418 5.02341 0.0646016 0.100041 1428280.0
231 0.04695 8.83427e-05 -1108.13 273.104 5.02421 5.02353 0.115556 0.156314 1428400.0
230 0.04705 8.83431e-05 -1108.13 273.102 5.02421 5.02358 0.0590239 0.101953 1428400.0
229 0.04715 8.83431e-05 -1108.13 273.105 5.02425 5.02374 0.0947145 0.184343 1428490.0
228 0.04725 8.83436e-05 -1108.13 273.103 5.02426 5.02377 0.0829103 0.174171 1428510.0
227 0.04735 8.8343e-05 -1108.13 273.102 5.02419 5.0237 0.0639795 0.141299 1428410.0
226 0.04745 8.83427e-05 -1108.13 273.105 5.02424 5.02387 0.13031 0.239511 1428560.0
225 0.04755 8.83429e-05 -1108.13 273.106 5.02428 5.02395 0.153413 0.290833 1428680.0
224 0.04765 8.83437e-05 -1108.12 273.106 5.02431 5.02404 0.166392 0.317454 1428720.0
223 0.04775 8.83433e-05 -1108.13 273.105 5.02427 5.02398 0.181143 0.300322 1428700.0
222 0.04785 8.83431e-05 -1108.13 273.106 5.02427 5.02399 0.127607 0.19605 1428630.0
221 0.04795 8.83435e-05 -1108.13 273.104 5.02426 5.02392 0.107262 0.120622 1428570.0
220 0.04805 8.83429e-05 -1108.13 273.102 5.0242 5.02385 0.149771 0.152533 1428570.0
219 0.04815 8.83432e-05 -1108.12 273.105 5.02426 5.02396 0.182267 0.256244 1428670.0
218 0.04825 8.83433e-05 -1108.13 273.107 5.02431 5.02402 0.223532 0.341649 1428740.0
217 0.04835 8.83431e-05 -1108.13 273.106 5.02427 5.02388 0.179299 0.251131 1428670.0
216 0.04845 8.83431e-05 -1108.13 273.105 5.02425 5.02389 0.192807 0.269141 1428640.0
215 0.04855 8.83424e-05 -1108.13 273.103 5.02419 5.02372 0.0865159 0.0822849 1428390.0
214 0.04865 8.83429e-05 -1108.13 273.102 5.02419 5.02388 0.124231 0.192923 1428470.0
213 0.04875 8.83433e-05 -1108.13 273.108 5.02432 5.02418 0.180956 0.282943 1428750.0
212 0.04885 8.83431e-05 -1108.13 273.105 5.02426 5.02403 0.165882 0.287107 1428640.0
211 0.04895 8.83427e-05 -1108.13 273.106 5.02425 5.02403 0.0954997 0.181872 1428520.0
210 0.04905 8.83431e-05 -1108.12 273.103 5.02423 5.0241 0.167677 0.301625 1428620.0
209 0.04915 8.83433e-05 -1108.12 273.105 5.02428 5.02401 0.149094 0.271975 1428540.0
208 0.04925 8.83434e-05 -1108.13 273.107 5.02432 5.02413 0.152088 0.273446 1428610.0
207 0.04935 8.83426e-05 -1108.13 273.102 5.02418 5.02388 0.146818 0.181064 1428470.0
206 0.04945 8.83429e-05 -1108.13 273.103 5.02421 5.02388 0.147168 0.178224 1428450.0
205 0.04955 8.83432e-05 -1108.12 273.105 5.02426 5.02404 0.178628 0.245386 1428610.0
204 0.04965 8.83433e-05 -1108.13 273.104 5.02426 5.02396 0.141795 0.167005 1428520.0
203 0.04975 8.83427e-05 -1108.13 273.106 5.02425 5.02389 0.102573 0.131505 1428480.0
202 0.04985 8.83432e-05 -1108.13 273.104 5.02426 5.02402 0.176205 0.330683 1428580.0
201 0.04995 8.83435e-05 -1108.12 273.105 5.02429 5.02415 0.180761 0.343875 1428670.0
200 0.05005 8.8343e-05 -1108.13 273.106 5.02428 5.02406 0.182583 0.339091 1428630.0
199 0.05015 8.83426e-05 -1108.13 273.106 5.02425 5.02398 0.179419 0.302714 1428610.0
198 0.05025 8.83437e-05 -1108.13 273.105 5.0243 5.02403 0.187839 0.362743 1428630.0
197 0.05035 8.83428e-05 -1108.13 273.107 5.02427 5.02407 0.241503 0.406653 1428720.0
196 0.05045 8.83433e-05 -1108.13 273.105 5.02427 5.0239 0.190497 0.298367 1428580.0
195 0.05055 8.83432e-05 -1108.13 273.103 5.02424 5.02372 0.0887757 0.0772909 1428350.0
194 0.05065 8.83435e-05 -1108.13 273.104 5.02425 5.02384 0.100022 0.0971068 1428410.0
193 0.05075 8.8343e-05 -1108.13 273.103 5.02422 5.02382 0.112769 0.125875 1428410.0
192 0.05085 8.83436e-05 -1108.13 273.108 5.02434 5.02404 0.175631 0.270463 1428560.0
191 0.05095 8.83427e-05 -1108.12 273.107 5.02426 5.02407 0.258043 0.433015 1428650.0
190 0.05105 8.83432e-05 -1108.12 273.109 5.02434 5.02417 0.287462 0.475874 1428750.0
189 0.05115 8.83434e-05 -1108.13 273.111 5.02439 5.02429 0.336905 0.565306 1428830.0
188 0.05125 8.83436e-05 -1108.12 273.111 5.0244 5.02429 0.308196 0.557369 1428820.0
187 0.05135 8.83435e-05 -1108.12 273.11 5.02438 5.02435 0.351626 0.573722 1428900.0
186 0.05145 8.8343e-05 -1108.12 273.111 5.02437 5.02428 0.317478 0.528542 1428810.0
185 0.05155 8.83436e-05 -1108.12 273.111 5.0244 5.02447 0.367092 0.627564 1428980.0
184 0.05165 8.83442e-05 -1108.12 273.111 5.02443 5.02453 0.37405 0.641166 1428990.0
183 0.05175 8.83434e-05 -1108.12 273.112 5.02441 5.02448 0.36605 0.62071 1428950.0
182 0.05185 8.83432e-05 -1108.12 273.112 5.0244 5.02437 0.324921 0.546048 1428900.0
181 0.05195 8.83438e-05 -1108.12 273.11 5.0244 5.02439 0.374934 0.621802 1428940.0
180 0.05205 8.83438e-05 -1108.12 273.11 5.02438 5.02433 0.369836 0.596991 1428890.0
179 0.05215 8.83432e-05 -1108.13 273.112 5.02439 5.02429 0.381748 0.643682 1428940.0
178 0.05225 8.83432e-05 -1108.12 273.112 5.02438 5.02426 0.352729 0.51946 1428890.0
177 0.05235 8.83429e-05 -1108.12 273.111 5.02436 5.02423 0.350636 0.474649 1428820.0
176 0.05245 8.83437e-05 -1108.12 273.111 5.02441 5.0243 0.350217 0.470175 1428810.0
175 0.05255 8.83435e-05 -1108.12 273.111 5.02439 5.0242 0.342865 0.435875 1428810.0
174 0.05265 8.83433e-05 -1108.13 273.109 5.02435 5.02417 0.290075 0.355862 1428700.0
173 0.05275 8.83424e-05 -1108.13 273.106 5.02423 5.02389 0.233362 0.286942 1428470.0
172 0.05285 8.83428e-05 -1108.13 273.106 5.02426 5.02385 0.225772 0.249033 1428460.0
171 0.05295 8.83425e-05 -1108.13 273.108 5.02429 5.02398 0.267422 0.372522 1428600.0
170 0.05305 8.83427e-05 -1108.13 273.103 5.0242 5.02382 0.1652 0.176439 1428410.0
169 0.05315 8.83429e-05 -1108.13 273.103 5.02421 5.02374 0.157811 0.149526 1428370.0
168 0.05325 8.83424e-05 -1108.13 273.107 5.02426 5.02383 0.216986 0.255191 1428510.0
167 0.05335 8.83434e-05 -1108.13 273.108 5.02433 5.02395 0.223896 0.277386 1428560.0
166 0.05345 8.83431e-05 -1108.13 273.105 5.02426 5.02387 0.190991 0.188296 1428440.0
165 0.05355 8.83433e-05 -1108.13 273.107 5.0243 5.02391 0.231703 0.230858 1428500.0
164 0.05365 8.83433e-05 -1108.13 273.107 5.02431 5.02393 0.245557 0.294375 1428560.0
163 0.05375 8.83429e-05 -1108.13 273.105 5.02424 5.02377 0.18131 0.165736 1428350.0
162 0.05385 8.83425e-05 -1108.13 273.105 5.02423 5.02369 0.166914 0.173759 1428400.0
161 0.05395 8.8343e-05 -1108.13 273.107 5.02429 5.02388 0.212968 0.255395 1428570.0
160 0.05405 8.83426e-05 -1108.13 273.105 5.02424 5.02365 0.180333 0.182786 1428400.0
159 0.05415 8.83425e-05 -1108.13 273.107 5.02426 5.02378 0.203624 0.200131 1428480.0
158 0.05425 8.83426e-05 -1108.13 273.104 5.02421 5.02374 0.176088 0.179947 1428430.0
157 0.05435 8.8343e-05 -1108.13 273.102 5.02419 5.02351 0.071434 -0.0309888 1428170.0
156 0.05445 8.83421e-05 -1108.13 273.102 5.02415 5.02358 0.0921205 0.00571279 1428230.0
155 0.05455 8.83437e-05 -1108.13 273.1 5.02419 5.0236 0.0508726 -0.094836 1428130.0
154 0.05465 8.83423e-05 -1108.13 273.1 5.02412 5.02339 0.00760451 -0.116158 1428010.0
153 0.05475 8.83426e-05 -1108.13 273.1 5.02413 5.02343 0.0255402 -0.116767 1428090.0
152 0.05485 8.83427e-05 -1108.13 273.101 5.02417 5.0236 0.0968192 0.0257174 1428240.0
151 0.05495 8.83426e-05 -1108.13 273.101 5.02415 5.02356 0.0708303 0.010238 1428170.0
150 0.05505 8.83428e-05 -1108.13 273.101 5.02417 5.02349 0.0506599 -0.019336 1428130.0
149 0.05515 8.83422e-05 -1108.13 273.1 5.02412 5.0235 0.0618698 0.0316487 1428120.0
148 0.05525 8.83421e-05 -1108.13 273.102 5.02414 5.02348 0.0654663 0.0626486 1428160.0
147 0.05535 8.83426e-05 -1108.13 273.102 5.02418 5.02359 0.102276 0.110846 1428210.0
146 0.05545 8.83426e-05 -1108.13 273.101 5.02416 5.02355 0.0781233 0.0485284 1428140.0
145 0.05555 8.83433e-05 -1108.13 273.102 5.02422 5.02376 0.115323 0.129749 1428300.0
144 0.05565 8.83427e-05 -1108.13 273.102 5.02419 5.02372 0.106056 0.109259 1428200.0
143 0.05575 8.83422e-05 -1108.13 273.101 5.02413 5.02353 0.0585958 0.000448596 1428100.0
142 0.05585 8.83428e-05 -1108.13 273.1 5.02415 5.02351 0.077611 0.0259868 1428080.0
141 0.05595 8.83431e-05 -1108.13 273.102 5.02419 5.02356 0.0850923 0.0228742 1428090.0
140 0.05605 8.8342e-05 -1108.13 273.104 5.02418 5.02368 0.130055 0.100449 1428130.0
139 0.05615 8.83432e-05 -1108.13 273.106 5.02429 5.02383 0.146202 0.148422 1428260.0
138 0.05625 8.83429e-05 -1108.13 273.105 5.02425 5.0238 0.141014 0.129522 1428210.0
137 0.05635 8.83423e-05 -1108.13 273.102 5.02417 5.02371 0.156984 0.1144 1428210.0
136 0.05645 8.83427e-05 -1108.13 273.104 5.02422 5.02382 0.115081 0.0321036 1428170.0
135 0.05655 8.83419e-05 -1108.13 273.105 5.0242 5.02385 0.142807 0.108905 1428210.0
134 0.05665 8.83429e-05 -1108.13 273.106 5.02427 5.02391 0.186399 0.215709 1428340.0
133 0.05675 8.83423e-05 -1108.13 273.107 5.02425 5.024 0.263786 0.374059 1428460.0
132 0.05685 8.83437e-05 -1108.13 273.106 5.02432 5.02404 0.223898 0.321382 1428430.0
131 0.05695 8.83422e-05 -1108.12 273.106 5.02422 5.02398 0.19177 0.260319 1428370.0
130 0.05705 8.83428e-05 -1108.13 273.103 5.02421 5.02395 0.112875 0.119912 1428270.0
129 0.05715 8.83424e-05 -1108.13 273.107 5.02425 5.02404 0.167538 0.232468 1428370.0
128 0.05725 8.83434e-05 -1108.13 273.102 5.02421 5.02402 0.123454 0.165384 1428310.0
127 0.05735 8.8343e-05 -1108.13 273.104 5.02424 5.02401 0.156766 0.24132 1428350.0
126 0.05745 8.83427e-05 -1108.13 273.105 5.02423 5.02399 0.165317 0.2757 1428360.0
125 0.05755 8.83428e-05 -1108.13 273.105 5.02425 5.024 0.15156 0.270248 1428330.0
124 0.05765 8.83428e-05 -1108.13 273.103 5.0242 5.02404 0.13153 0.214084 1428300.0
123 0.05775 8.83431e-05 -1108.13 273.102 5.02421 5.02401 0.091539 0.144567 1428200.0
122 0.05785 8.83434e-05 -1108.13 273.101 5.0242 5.02395 0.0763602 0.114955 1428210.0
121 0.05795 8.83425e-05 -1108.13 273.101 5.02415 5.02391 0.0339475 0.0461384 1428170.0
120 0.05805 8.83435e-05 -1108.13 273.102 5.02423 5.02398 0.0558318 0.0735429 1428200.0
119 0.05815 8.83427e-05 -1108.13 273.099 5.02413 5.0239 0.08261 0.0956438 1428200.0
118 0.05825 8.8343e-05 -1108.13 273.102 5.02419 5.02394 0.0676328 0.108728 1428210.0
117 0.05835 8.83428e-05 -1108.13 273.102 5.02419 5.02394 0.132749 0.205114 1428280.0
116 0.05845 8.83428e-05 -1108.13 273.105 5.02424 5.02401 0.160432 0.281471 1428380.0
115 0.05855 8.83434e-05 -1108.13 273.101 5.0242 5.02386 0.0665395 0.0810382 1428160.0
114 0.05865 8.83435e-05 -1108.13 273.099 5.02417 5.02372 0.0257489 0.021191 1427990.0
113 0.05875 8.83424e-05 -1108.13 273.1 5.02413 5.02366 0.025584 0.0728541 1428000.0
112 0.05885 8.83433e-05 -1108.13 273.099 5.02416 5.02364 0.00564081 0.0175987 1427960.0
111 0.05895 8.83431e-05 -1108.13 273.101 5.02419 5.02369 0.0353638 0.0917306 1428030.0
110 0.05905 8.83428e-05 -1108.13 273.104 5.02422 5.02381 0.139819 0.270806 1428220.0
109 0.05915 8.83426e-05 -1108.13 273.1 5.02414 5.02358 0.149471 0.226231 1428170.0
108 0.05925 8.83428e-05 -1108.13 273.1 5.02415 5.02352 0.132075 0.176925 1428090.0
107 0.05935 8.83428e-05 -1108.13 273.102 5.02419 5.02347 0.126083 0.159802 1428060.0
106 0.05945 8.83426e-05 -1108.14 273.104 5.02421 5.02348 0.196228 0.239061 1428170.0
105 0.05955 8.83425e-05 -1108.13 273.102 5.02417 5.02334 0.149985 0.15192 1428070.0
104 0.05965 8.83426e-05 -1108.14 273.103 5.02419 5.02333 0.134637 0.120406 1428030.0
103 0.05975 8.83425e-05 -1108.13 273.102 5.02418 5.02328 0.125363 0.0791866 1428010.0
102 0.05985 8.83425e-05 -1108.14 273.103 5.0242 5.02329 0.156261 0.0932881 1428020.0
101 0.05995 8.83427e-05 -1108.13 273.105 5.02424 5.02341 0.201731 0.207809 1428150.0
100 0.06005 8.83423e-05 -1108.13 273.107 5.02425 5.02346 0.234276 0.295625 1428220.0
99 0.06015 8.83431e-05 -1108.13 273.105 5.02426 5.02361 0.239099 0.289315 1428240.0
98 0.06025 8.83431e-05 -1108.13 273.107 5.02429 5.02361 0.200171 0.268212 1428240.0
97 0.06035 8.83422e-05 -1108.13 273.106 5.02423 5.02369 0.191461 0.242054 1428230.0
96 0.06045 8.83435e-05 -1108.13 273.103 5.02425 5.02368 0.135633 0.142634 1428090.0
95 0.06055 8.83426e-05 -1108.13 273.106 5.02425 5.02374 0.181524 0.260001 1428150.0
94 0.06065 8.83431e-05 -1108.13 273.106 5.02428 5.02369 0.136619 0.217306 1428120.0
93 0.06075 8.83427e-05 -1108.13 273.103 5.0242 5.02353 0.139622 0.149842 1427970.0
92 0.06085 8.83423e-05 -1108.13 273.105 5.02422 5.02358 0.187101 0.267682 1428100.0
91 0.06095 8.83429e-05 -1108.13 273.106 5.02427 5.02354 0.149622 0.235257 1428080.0
90 0.06105 8.83422e-05 -1108.13 273.104 5.02418 5.02353 0.172568 0.278839 1428140.0
89 0.06115 8.83423e-05 -1108.13 273.104 5.02419 5.0236 0.176554 0.3257 1428190.0
88 0.06125 8.83428e-05 -1108.13 273.107 5.02429 5.02375 0.216351 0.397762 1428330.0
87 0.06135 8.83419e-05 -1108.13 273.107 5.02422 5.02363 0.200892 0.353238 1428200.0
86 0.06145 8.83429e-05 -1108.13 273.106 5.02426 5.02375 0.216767 0.383043 1428230.0
85 0.06155 8.83423e-05 -1108.13 273.106 5.02424 5.02372 0.247554 0.446986 1428240.0
84 0.06165 8.83426e-05 -1108.13 273.11 5.02432 5.02391 0.269371 0.453024 1428330.0
83 0.06175 8.83436e-05 -1108.13 273.111 5.0244 5.02407 0.32785 0.569554 1428430.0
82 0.06185 8.8343e-05 -1108.13 273.111 5.02436 5.02395 0.326625 0.551673 1428370.0
81 0.06195 8.83429e-05 -1108.13 273.108 5.02431 5.02385 0.304742 0.532845 1428310.0
80 0.06205 8.83427e-05 -1108.13 273.109 5.02432 5.02376 0.269543 0.389762 1428190.0
79 0.06215 8.8343e-05 -1108.13 273.111 5.02436 5.02391 0.326613 0.496116 1428300.0
78 0.06225 8.83433e-05 -1108.13 273.111 5.02438 5.02391 0.335499 0.553461 1428310.0
77 0.06235 8.83428e-05 -1108.13 273.111 5.02435 5.02377 0.318828 0.485679 1428190.0
76 0.06245 8.83434e-05 -1108.13 273.112 5.02441 5.02398 0.393721 0.63201 1428320.0
75 0.06255 8.83434e-05 -1108.12 273.113 5.02443 5.02401 0.367746 0.642645 1428370.0
74 0.06265 8.83438e-05 -1108.13 273.117 5.02452 5.02424 0.441003 0.738057 1428530.0
73 0.06275 8.83439e-05 -1108.12 273.114 5.02447 5.02426 0.437363 0.753446 1428470.0
72 0.06285 8.83435e-05 -1108.13 273.112 5.02442 5.02409 0.381702 0.622535 1428320.0
71 0.06295 8.8344e-05 -1108.13 273.115 5.0245 5.0241 0.397304 0.610007 1428340.0
70 0.06305 8.83441e-05 -1108.13 273.113 5.02446 5.0242 0.404591 0.616703 1428360.0
69 0.06315 8.83434e-05 -1108.12 273.116 5.02448 5.02412 0.391691 0.628205 1428290.0
68 0.06325 8.8343e-05 -1108.13 273.111 5.02436 5.02394 0.345744 0.517888 1428130.0
67 0.06335 8.83438e-05 -1108.13 273.113 5.02444 5.02393 0.35376 0.507315 1428160.0
66 0.06345 8.83431e-05 -1108.13 273.115 5.02444 5.024 0.384434 0.562932 1428230.0
65 0.06355 8.83438e-05 -1108.13 273.115 5.02448 5.02396 0.391802 0.568941 1428210.0
64 0.06365 8.83433e-05 -1108.13 273.109 5.02435 5.02362 0.264727 0.28181 1427900.0
63 0.06375 8.83424e-05 -1108.13 273.108 5.02426 5.02355 0.244146 0.232092 1427840.0
62 0.06385 8.83427e-05 -1108.13 273.111 5.02435 5.02359 0.265495 0.289265 1427900.0
61 0.06395 8.83427e-05 -1108.13 273.111 5.02434 5.02343 0.254804 0.254933 1427820.0
60 0.06405 8.83427e-05 -1108.13 273.11 5.02433 5.02351 0.2947 0.330092 1427880.0
59 0.06415 8.83428e-05 -1108.13 273.111 5.02436 5.02354 0.31963 0.397908 1427960.0
58 0.06425 8.83426e-05 -1108.13 273.113 5.02439 5.02373 0.359008 0.517849 1428080.0
57 0.06435 8.83426e-05 -1108.13 273.113 5.02438 5.0236 0.332823 0.446041 1427970.0
56 0.06445 8.83437e-05 -1108.13 273.11 5.02438 5.02352 0.33131 0.473919 1427950.0
55 0.06455 8.83423e-05 -1108.13 273.112 5.02433 5.02351 0.336298 0.443869 1427950.0
54 0.06465 8.83428e-05 -1108.13 273.111 5.02435 5.02351 0.270141 0.397712 1427880.0
53 0.06475 8.83428e-05 -1108.13 273.112 5.02437 5.02359 0.306368 0.439955 1427970.0
52 0.06485 8.83426e-05 -1108.13 273.11 5.02433 5.02349 0.319453 0.492295 1427900.0
51 0.06495 8.8343e-05 -1108.13 273.111 5.02437 5.02369 0.308483 0.484224 1428040.0
50 0.06505 8.83421e-05 -1108.13 273.11 5.02429 5.02344 0.278621 0.418976 1427900.0
49 0.06515 8.83423e-05 -1108.14 273.109 5.02428 5.02341 0.218599 0.311378 1427820.0
48 0.06525 8.83413e-05 -1108.14 273.106 5.02418 5.02321 0.190559 0.241041 1427650.0
47 0.06535 8.83421e-05 -1108.14 273.108 5.02427 5.02329 0.207606 0.291406 1427720.0
46 0.06545 8.83432e-05 -1108.13 273.109 5.02433 5.02354 0.231272 0.332267 1427810.0
45 0.06555 8.83419e-05 -1108.13 273.11 5.02429 5.02351 0.245961 0.370126 1427840.0
44 0.06565 8.83422e-05 -1108.13 273.108 5.02427 5.02345 0.242995 0.370825 1427760.0
43 0.06575 8.83421e-05 -1108.14 273.108 5.02426 5.02342 0.229486 0.352991 1427750.0
42 0.06585 8.83423e-05 -1108.14 273.105 5.02422 5.02341 0.179642 0.301337 1427650.0
41 0.06595 8.83418e-05 -1108.13 273.108 5.02424 5.02338 0.227283 0.382295 1427690.0
40 0.06605 8.83435e-05 -1108.14 273.108 5.02434 5.02352 0.222486 0.388678 1427770.0
39 0.06615 8.83423e-05 -1108.13 273.111 5.02432 5.02351 0.243871 0.425004 1427810.0
38 0.06625 8.83425e-05 -1108.13 273.109 5.0243 5.02348 0.26598 0.419519 1427860.0
37 0.06635 8.83426e-05 -1108.13 273.112 5.02436 5.02353 0.305839 0.504021 1427870.0
36 0.06645 8.83429e-05 -1108.13 273.112 5.02437 5.02353 0.323686 0.536394 1427900.0
35 0.06655 8.83429e-05 -1108.13 273.116 5.02444 5.0237 0.390522 0.681395 1428080.0
34 0.06665 8.83431e-05 -1108.13 273.112 5.02439 5.0237 0.34927 0.650059 1428010.0
33 0.06675 8.83427e-05 -1108.13 273.112 5.02436 5.02356 0.262935 0.504283 1427770.0
32 0.06685 8.83428e-05 -1108.14 273.108 5.0243 5.02334 0.228457 0.461806 1427650.0
31 0.06695 8.83424e-05 -1108.14 273.11 5.02431 5.02326 0.217804 0.437404 1427620.0
30 0.06705 8.83424e-05 -1108.13 273.112 5.02435 5.02351 0.283599 0.596514 1427850.0
29 0.06715 8.83426e-05 -1108.14 273.109 5.0243 5.02343 0.239604 0.509656 1427680.0
28 0.06725 8.83425e-05 -1108.13 273.11 5.02431 5.02346 0.277506 0.556534 1427740.0
27 0.06735 8.8342e-05 -1108.13 273.108 5.02426 5.02347 0.262826 0.545685 1427690.0
26 0.06745 8.83428e-05 -1108.13 273.112 5.02437 5.02364 0.285337 0.570373 1427790.0
25 0.06755 8.8343e-05 -1108.13 273.11 5.02434 5.02351 0.26612 0.528265 1427650.0
24 0.06765 8.8343e-05 -1108.13 273.111 5.02437 5.02361 0.286716 0.561442 1427690.0
23 0.06775 8.8343e-05 -1108.13 273.115 5.02443 5.02371 0.384734 0.755532 1427890.0
22 0.06785 8.83422e-05 -1108.13 273.113 5.02436 5.02362 0.361979 0.705549 1427800.0
21 0.06795 8.83434e-05 -1108.13 273.116 5.02447 5.02393 0.414726 0.802692 1427970.0
20 0.06805 8.83428e-05 -1108.13 273.117 5.02447 5.02391 0.434609 0.865679 1428020.0
19 0.06815 8.83428e-05 -1108.13 273.114 5.02441 5.02385 0.376835 0.766074 1427850.0
18 0.06825 8.83427e-05 -1108.13 273.111 5.02434 5.02366 0.326856 0.70088 1427690.0
17 0.06835 8.83426e-05 -1108.13 273.114 5.02439 5.02376 0.347885 0.749333 1427760.0
16 0.06845 8.83429e-05 -1108.13 273.113 5.0244 5.02365 0.37715 0.741297 1427670.0
15 0.06855 8.83423e-05 -1108.13 273.116 5.02442 5.0239 0.46017 0.948233 1427980.0
14 0.06865 8.83428e-05 -1108.13 273.118 5.02448 5.02384 0.454233 0.906816 1427880.0
13 0.06875 8.83427e-05 -1108.13 273.115 5.02442 5.02379 0.419567 0.838058 1427820.0
12 0.06885 8.83431e-05 -1108.13 273.118 5.0245 5.02388 0.459659 0.910191 1427860.0
11 0.06895 8.8342e-05 -1108.13 273.114 5.02437 5.02372 0.385996 0.821277 1427660.0
10 0.06905 8.83438e-05 -1108.13 273.115 5.02449 5.02393 0.371792 0.836997 1427740.0
9 0.06915 8.83424e-05 -1108.13 273.115 5.0244 5.02392 0.408973 0.910914 1427750.0
8 0.06925 8.83425e-05 -1108.13 273.114 5.02439 5.02383 0.367205 0.821154 1427630.0
7 0.06935 8.83429e-05 -1108.13 273.116 5.02446 5.02387 0.38143 0.800953 1427650.0
6 0.06945 8.83431e-05 -1108.13 273.117 5.02448 5.02392 0.41641 0.863551 1427700.0
5 0.06955 8.83427e-05 -1108.13 273.117 5.02445 5.02391 0.423049 0.867256 1427730.0
4 0.06965 8.83431e-05 -1108.13 273.116 5.02446 5.02376 0.432947 0.859315 1427660.0
3 0.06975 8.83429e-05 -1108.13 273.116 5.02445 5.02379 0.402522 0.867895 1427610.0
2 0.06985 8.83426e-05 -1108.13 273.114 5.0244 5.02362 0.326859 0.713646 1427400.0
1 0.06995 8.83423e-05 -1108.14 273.107 5.02425 5.02313 0.140619 0.339923 1426850.0
