TITLE = "DSMC"
VARIABLES = "ID" "X" "rho" "v1" "Ttrans" "p" "p1" "q1" "mv1v1v1" "mvvv1v1"
ZONE T="Ma=6.0_inv", I=800, J=1, K=1, F=POINT
800 -0.02995 0.000326413 -500.211 3305.79 224.705 224.692 7.51492 10.827 773432000.0
799 -0.02985 0.00032641 -500.218 3305.76 224.7 224.689 8.27238 10.6497 773409000.0
798 -0.02975 0.000326404 -500.224 3305.7 224.693 224.688 5.79355 11.4276 773410000.0
797 -0.02965 0.000326401 -500.228 3305.59 224.683 224.688 1.72383 14.1134 773408000.0
796 -0.02955 0.00032642 -500.199 3305.64 224.7 224.694 -2.00602 -3.06853 773416000.0
795 -0.02945 0.00032641 -500.217 3305.7 224.697 224.689 4.9811 4.56287 773404000.0
794 -0.02935 0.000326409 -500.22 3305.76 224.7 224.691 8.63398 4.11978 773422000.0
793 -0.02925 0.000326402 -500.225 3305.86 224.702 224.688 16.3871 15.0772 773414000.0
792 -0.02915 0.000326401 -500.233 3305.79 224.697 224.687 13.5505 16.0629 773406000.0
791 -0.02905 0.000326399 -500.23 3305.79 224.695 224.688 10.7975 13.2731 773414000.0
790 -0.02895 0.000326424 -500.196 3305.74 224.709 224.693 1.38887 -7.89849 773402000.0
789 -0.02885 0.000326413 -500.209 3305.79 224.704 224.69 9.22853 3.76095 773407000.0
788 -0.02875 0.00032643 -500.183 3305.8 224.717 224.694 1.59834 -13.9282 773420000.0
787 -0.02865 0.000326426 -500.19 3305.73 224.709 224.693 -1.30461 -10.9709 773402000.0
786 -0.02855 0.000326425 -500.191 3305.74 224.709 224.692 1.63843 -8.22264 773395000.0
785 -0.02845 0.000326417 -500.206 3305.72 224.703 224.69 2.39994 -4.38222 773387000.0
784 -0.02835 0.000326419 -500.202 3305.64 224.699 224.692 0.528278 0.486072 773392000.0
783 -0.02825 0.000326412 -500.217 3305.77 224.703 224.69 9.00627 4.06947 773406000.0
782 -0.02815 0.000326426 -500.188 3305.67 224.706 224.696 -0.32596 -6.92754 773428000.0
781 -0.02805 0.000326427 -500.19 3305.68 224.707 224.692 -1.99173 -7.83464 773405000.0
780 -0.02795 0.000326412 -500.213 3305.7 224.698 224.689 5.55904 2.69291 773398000.0
779 -0.02785 0.00032641 -500.213 3305.69 224.696 224.689 5.21615 0.68779 773389000.0
778 -0.02775 0.000326412 -500.209 3305.75 224.702 224.688 7.06911 0.786229 773377000.0
777 -0.02765 0.000326421 -500.199 3305.67 224.702 224.693 -0.745478 0.608517 773391000.0
776 -0.02755 0.000326414 -500.21 3305.75 224.703 224.69 7.82489 6.96088 773384000.0
775 -0.02745 0.000326418 -500.198 3305.78 224.708 224.693 7.93688 5.40446 773407000.0
774 -0.02735 0.000326417 -500.207 3305.83 224.71 224.692 10.0464 10.1879 773406000.0
773 -0.02725 0.000326424 -500.191 3305.75 224.71 224.693 8.60054 11.1982 773393000.0
772 -0.02715 0.000326425 -500.191 3305.74 224.71 224.694 3.01314 7.09235 773397000.0
771 -0.02705 0.000326422 -500.194 3305.75 224.708 224.692 5.94486 12.3379 773383000.0
770 -0.02695 0.000326424 -500.19 3305.74 224.709 224.693 3.82438 4.41125 773384000.0
769 -0.02685 0.000326409 -500.213 3305.73 224.698 224.687 7.09503 13.1546 773370000.0
768 -0.02675 0.000326414 -500.207 3305.72 224.701 224.691 6.67204 14.5398 773386000.0
767 -0.02665 0.000326424 -500.195 3305.66 224.704 224.692 2.50218 9.09687 773393000.0
766 -0.02655 0.000326415 -500.202 3305.69 224.699 224.691 2.81147 13.2392 773406000.0
765 -0.02645 0.000326439 -500.168 3305.72 224.718 224.697 -2.201 -3.66053 773414000.0
764 -0.02635 0.000326444 -500.161 3305.66 224.718 224.698 -7.13781 -7.77729 773414000.0
763 -0.02625 0.000326418 -500.204 3305.81 224.71 224.692 9.02761 17.7477 773402000.0
762 -0.02615 0.000326441 -500.163 3305.63 224.713 224.695 -3.04838 -1.90129 773383000.0
761 -0.02605 0.000326453 -500.145 3305.62 224.721 224.701 -10.3121 -13.0135 773409000.0
760 -0.02595 0.000326439 -500.172 3305.57 224.707 224.695 -9.55717 -2.51863 773389000.0
759 -0.02585 0.000326424 -500.189 3305.69 224.706 224.693 2.27184 9.72259 773393000.0
758 -0.02575 0.000326431 -500.177 3305.63 224.706 224.692 -5.01052 0.349561 773385000.0
757 -0.02565 0.000326438 -500.176 3305.53 224.704 224.699 -10.0458 -3.86049 773411000.0
756 -0.02555 0.000326422 -500.195 3305.58 224.697 224.693 -0.845098 11.7061 773393000.0
755 -0.02545 0.000326433 -500.182 3305.62 224.707 224.698 -6.55993 3.01001 773426000.0
754 -0.02535 0.000326429 -500.18 3305.67 224.708 224.693 1.50852 8.07565 773397000.0
753 -0.02525 0.000326435 -500.179 3305.66 224.712 224.696 -2.64638 4.77704 773414000.0
752 -0.02515 0.000326428 -500.186 3305.71 224.71 224.692 2.53455 11.6627 773399000.0
751 -0.02505 0.000326442 -500.167 3305.65 224.715 224.698 -5.16385 -0.442856 773407000.0
750 -0.02495 0.000326438 -500.171 3305.68 224.715 224.695 -3.84036 0.25155 773404000.0
749 -0.02485 0.00032645 -500.15 3305.57 224.715 224.7 -14.0423 -3.94866 773411000.0
748 -0.02475 0.000326445 -500.164 3305.63 224.715 224.698 -6.73975 -0.656847 773408000.0
747 -0.02465 0.000326444 -500.162 3305.57 224.711 224.697 -9.82932 -3.31846 773411000.0
746 -0.02455 0.000326465 -500.128 3305.47 224.718 224.701 -23.9471 -25.9308 773396000.0
745 -0.02445 0.000326459 -500.14 3305.51 224.717 224.699 -15.9002 -21.2857 773374000.0
744 -0.02435 0.000326453 -500.147 3305.59 224.719 224.7 -10.049 -21.3459 773397000.0
743 -0.02425 0.000326445 -500.164 3305.57 224.712 224.699 -10.4539 -14.0172 773381000.0
742 -0.02415 0.000326441 -500.166 3305.47 224.702 224.696 -9.15546 -5.91823 773376000.0
741 -0.02405 0.000326441 -500.169 3305.47 224.703 224.696 -11.3095 -11.4786 773381000.0
740 -0.02395 0.000326433 -500.179 3305.55 224.703 224.693 -5.0698 -5.56252 773389000.0
739 -0.02385 0.000326434 -500.178 3305.62 224.708 224.696 -3.11369 -7.1926 773401000.0
738 -0.02375 0.000326446 -500.158 3305.63 224.717 224.698 -7.22405 -17.675 773398000.0
737 -0.02365 0.00032644 -500.168 3305.6 224.71 224.696 -4.98979 -4.35902 773405000.0
736 -0.02355 0.000326447 -500.158 3305.54 224.711 224.698 -11.7408 -18.329 773391000.0
735 -0.02345 0.000326465 -500.131 3305.65 224.731 224.701 -12.6923 -34.7298 773410000.0
734 -0.02335 0.000326432 -500.183 3305.6 224.705 224.694 -2.1478 -7.25809 773389000.0
733 -0.02325 0.000326445 -500.161 3305.49 224.706 224.698 -12.4221 -17.5533 773394000.0
732 -0.02315 0.000326448 -500.157 3305.51 224.71 224.698 -12.0768 -20.5302 773387000.0
731 -0.02305 0.000326439 -500.168 3305.55 224.707 224.695 -7.49743 -12.3704 773387000.0
730 -0.02295 0.000326445 -500.161 3305.54 224.71 224.697 -7.92696 -9.67328 773385000.0
729 -0.02285 0.000326447 -500.162 3305.5 224.709 224.697 -13.3708 -12.7783 773386000.0
728 -0.02275 0.000326443 -500.161 3305.52 224.707 224.695 -10.4032 -11.9151 773373000.0
727 -0.02265 0.000326447 -500.163 3305.5 224.708 224.698 -10.8988 -10.3024 773392000.0
726 -0.02255 0.000326459 -500.139 3305.53 224.719 224.7 -13.6709 -20.7839 773400000.0
725 -0.02245 0.000326457 -500.141 3305.7 224.729 224.698 -5.42916 -17.7264 773398000.0
724 -0.02235 0.000326458 -500.143 3305.6 224.723 224.699 -10.6398 -20.1689 773392000.0
723 -0.02225 0.000326456 -500.145 3305.56 224.718 224.7 -9.93575 -16.1731 773393000.0
722 -0.02215 0.000326461 -500.141 3305.49 224.717 224.7 -16.0954 -21.7169 773387000.0
721 -0.02205 0.000326454 -500.147 3305.55 224.716 224.699 -9.63486 -13.8786 773384000.0
720 -0.02195 0.000326461 -500.139 3305.54 224.721 224.702 -13.0452 -18.1788 773398000.0
719 -0.02185 0.000326454 -500.15 3305.55 224.717 224.697 -8.1911 -9.19326 773386000.0
718 -0.02175 0.000326446 -500.162 3305.56 224.711 224.698 -6.66795 -4.80592 773393000.0
717 -0.02165 0.000326446 -500.163 3305.57 224.713 224.695 -7.24356 -5.42402 773374000.0
716 -0.02155 0.000326444 -500.166 3305.47 224.705 224.696 -11.4963 -2.34339 773377000.0
715 -0.02145 0.000326449 -500.155 3305.61 224.718 224.696 -7.32156 -13.3056 773376000.0
714 -0.02135 0.000326443 -500.162 3305.57 224.711 224.694 -3.46963 -1.40907 773367000.0
713 -0.02125 0.000326455 -500.151 3305.48 224.713 224.699 -13.5901 -10.7214 773369000.0
712 -0.02115 0.000326466 -500.128 3305.39 224.714 224.7 -22.1352 -24.0993 773371000.0
711 -0.02105 0.000326468 -500.128 3305.42 224.717 224.701 -20.1182 -26.9673 773368000.0
710 -0.02095 0.000326458 -500.146 3305.44 224.712 224.698 -15.7157 -19.4717 773361000.0
709 -0.02085 0.00032646 -500.144 3305.46 224.714 224.701 -16.6859 -22.5054 773372000.0
708 -0.02075 0.000326448 -500.159 3305.52 224.711 224.695 -7.47159 -13.2504 773349000.0
707 -0.02065 0.000326449 -500.158 3305.52 224.712 224.697 -10.3041 -16.4334 773358000.0
706 -0.02055 0.00032644 -500.169 3305.59 224.71 224.695 -5.7168 -4.33347 773360000.0
705 -0.02045 0.000326426 -500.194 3305.56 224.698 224.69 1.24359 11.7758 773336000.0
704 -0.02035 0.000326423 -500.198 3305.7 224.706 224.691 10.5011 13.0443 773361000.0
703 -0.02025 0.000326436 -500.177 3305.65 224.711 224.692 1.87614 3.58446 773361000.0
702 -0.02015 0.000326438 -500.176 3305.57 224.708 224.694 -3.36067 3.52686 773354000.0
701 -0.02005 0.000326426 -500.193 3305.56 224.698 224.69 1.38206 17.9293 773340000.0
700 -0.01995 0.00032643 -500.186 3305.57 224.702 224.693 -0.847373 15.7934 773359000.0
699 -0.01985 0.000326444 -500.166 3305.62 224.715 224.694 -0.142543 4.77439 773353000.0
698 -0.01975 0.000326437 -500.179 3305.61 224.709 224.695 0.0544257 9.64552 773384000.0
697 -0.01965 0.000326445 -500.167 3305.59 224.713 224.696 -3.34836 1.56206 773376000.0
696 -0.01955 0.000326427 -500.19 3305.57 224.699 224.69 2.33213 17.3784 773354000.0
695 -0.01945 0.000326439 -500.175 3305.59 224.709 224.696 0.581697 14.2496 773376000.0
694 -0.01935 0.000326446 -500.165 3305.7 224.722 224.694 1.34329 3.65224 773361000.0
693 -0.01925 0.000326446 -500.161 3305.61 224.715 224.696 -1.20339 5.85794 773363000.0
692 -0.01915 0.000326456 -500.151 3305.67 224.727 224.698 -1.82911 -7.86217 773369000.0
691 -0.01905 0.00032644 -500.173 3305.73 224.72 224.695 8.26133 7.77949 773362000.0
690 -0.01895 0.000326453 -500.153 3305.56 224.717 224.697 -7.96262 -8.68227 773357000.0
689 -0.01885 0.000326462 -500.136 3305.48 224.717 224.699 -12.2548 -12.4594 773342000.0
688 -0.01875 0.000326452 -500.158 3305.51 224.713 224.697 -10.5735 -8.78816 773350000.0
687 -0.01865 0.000326449 -500.16 3305.55 224.713 224.695 -4.41788 -6.37447 773332000.0
686 -0.01855 0.000326454 -500.15 3305.49 224.713 224.695 -8.94986 -15.6993 773328000.0
685 -0.01845 0.000326436 -500.178 3305.64 224.71 224.693 3.16261 -0.371042 773339000.0
684 -0.01835 0.000326436 -500.183 3305.6 224.708 224.691 0.954797 -5.25339 773330000.0
683 -0.01825 0.000326437 -500.178 3305.57 224.706 224.694 0.559348 -7.54699 773331000.0
682 -0.01815 0.000326435 -500.179 3305.61 224.708 224.693 5.75165 2.06406 773322000.0
681 -0.01805 0.000326442 -500.171 3305.59 224.711 224.695 -0.355118 -5.65153 773335000.0
680 -0.01795 0.000326447 -500.162 3305.45 224.705 224.695 -7.77993 -6.75614 773317000.0
679 -0.01785 0.000326456 -500.146 3305.42 224.71 224.696 -13.5225 -17.6741 773308000.0
678 -0.01775 0.000326448 -500.164 3305.54 224.712 224.695 -5.48873 -7.74979 773318000.0
677 -0.01765 0.00032644 -500.172 3305.59 224.71 224.693 -0.00202889 -3.04628 773316000.0
676 -0.01755 0.000326441 -500.171 3305.65 224.715 224.693 3.4817 -6.86287 773334000.0
675 -0.01745 0.000326441 -500.175 3305.62 224.713 224.692 1.12198 -11.0024 773323000.0
674 -0.01735 0.000326443 -500.168 3305.69 224.719 224.695 5.80253 -5.08111 773336000.0
673 -0.01725 0.000326427 -500.195 3305.64 224.704 224.691 8.54244 2.84275 773329000.0
672 -0.01715 0.000326433 -500.185 3305.53 224.701 224.69 -0.0735806 -5.42954 773323000.0
671 -0.01705 0.000326438 -500.179 3305.44 224.698 224.692 -5.83102 -13.8193 773313000.0
670 -0.01695 0.000326443 -500.168 3305.5 224.705 224.693 -5.20778 -16.9808 773323000.0
669 -0.01685 0.00032644 -500.179 3305.46 224.701 224.694 -5.35644 -14.7506 773317000.0
668 -0.01675 0.000326422 -500.204 3305.55 224.695 224.69 3.32544 -1.06611 773315000.0
667 -0.01665 0.000326411 -500.219 3305.6 224.69 224.687 10.4735 11.1928 773314000.0
666 -0.01655 0.00032642 -500.204 3305.54 224.692 224.688 7.16582 8.21139 773307000.0
665 -0.01645 0.00032642 -500.205 3305.6 224.697 224.689 7.94281 2.3083 773319000.0
664 -0.01635 0.00032644 -500.176 3305.53 224.706 224.694 1.35449 -14.5792 773333000.0
663 -0.01625 0.000326425 -500.198 3305.53 224.696 224.689 4.11992 -5.25579 773317000.0
662 -0.01615 0.000326405 -500.228 3305.56 224.684 224.685 9.8676 12.7838 773320000.0
661 -0.01605 0.000326411 -500.222 3305.55 224.687 224.688 10.1337 15.2798 773324000.0
660 -0.01595 0.000326425 -500.2 3305.43 224.689 224.689 -2.26223 6.05683 773305000.0
659 -0.01585 0.000326418 -500.208 3305.42 224.683 224.689 -0.858315 13.015 773304000.0
658 -0.01575 0.000326425 -500.2 3305.41 224.687 224.69 -3.88732 5.64463 773293000.0
657 -0.01565 0.000326425 -500.197 3305.5 224.693 224.688 2.86338 11.0168 773287000.0
656 -0.01555 0.000326414 -500.215 3305.5 224.686 224.687 5.71972 17.3154 773287000.0
655 -0.01545 0.000326449 -500.166 3305.42 224.705 224.698 -11.1256 -10.5952 773308000.0
654 -0.01535 0.000326461 -500.141 3305.33 224.707 224.697 -16.2303 -18.8764 773288000.0
653 -0.01525 0.000326437 -500.182 3305.52 224.703 224.694 -1.7013 2.25978 773284000.0
652 -0.01515 0.000326432 -500.186 3305.53 224.701 224.69 1.44604 5.58995 773268000.0
651 -0.01505 0.000326424 -500.199 3305.5 224.693 224.69 2.80886 12.7499 773279000.0
650 -0.01495 0.000326419 -500.21 3305.57 224.694 224.69 7.56169 14.6212 773278000.0
649 -0.01485 0.000326427 -500.197 3305.51 224.696 224.691 1.48179 6.14942 773266000.0
648 -0.01475 0.000326425 -500.199 3305.59 224.7 224.692 7.43961 12.9409 773282000.0
647 -0.01465 0.000326416 -500.214 3305.59 224.694 224.69 9.94886 18.3323 773278000.0
646 -0.01455 0.000326416 -500.212 3305.67 224.699 224.686 15.7829 19.7591 773262000.0
645 -0.01445 0.000326417 -500.208 3305.65 224.698 224.689 12.0045 11.0998 773277000.0
644 -0.01435 0.000326427 -500.198 3305.64 224.705 224.693 8.72298 3.70009 773277000.0
643 -0.01425 0.00032639 -500.25 3305.9 224.696 224.681 35.265 35.9628 773265000.0
642 -0.01415 0.000326387 -500.258 3305.86 224.692 224.681 34.0345 34.4695 773265000.0
641 -0.01405 0.000326389 -500.252 3305.83 224.691 224.682 29.4602 32.999 773275000.0
640 -0.01395 0.000326387 -500.257 3305.79 224.687 224.681 29.6778 38.396 773264000.0
639 -0.01385 0.00032639 -500.25 3305.8 224.69 224.68 31.495 36.9151 773248000.0
638 -0.01375 0.000326379 -500.269 3305.8 224.682 224.681 35.1954 48.9957 773254000.0
637 -0.01365 0.000326375 -500.276 3305.85 224.683 224.676 37.0323 50.288 773228000.0
636 -0.01355 0.000326387 -500.257 3305.8 224.688 224.682 35.3734 43.6243 773224000.0
635 -0.01345 0.000326401 -500.235 3305.74 224.693 224.686 21.488 25.6349 773222000.0
634 -0.01335 0.000326406 -500.224 3305.7 224.694 224.688 18.0254 21.493 773221000.0
633 -0.01325 0.000326406 -500.222 3305.72 224.695 224.687 21.9512 25.3469 773205000.0
632 -0.01315 0.000326396 -500.243 3305.74 224.69 224.686 26.235 32.9549 773191000.0
631 -0.01305 0.000326392 -500.242 3305.82 224.692 224.684 28.7073 35.0881 773174000.0
630 -0.01295 0.000326382 -500.265 3305.88 224.69 224.685 36.6766 45.8086 773183000.0
629 -0.01285 0.000326393 -500.243 3305.75 224.688 224.683 25.916 29.345 773160000.0
628 -0.01275 0.000326396 -500.239 3305.8 224.694 224.687 28.9228 27.306 773170000.0
627 -0.01265 0.000326395 -500.243 3305.79 224.692 224.687 27.6339 27.1547 773158000.0
626 -0.01255 0.000326394 -500.237 3305.8 224.693 224.685 29.1522 30.8813 773150000.0
625 -0.01245 0.000326383 -500.26 3305.83 224.687 224.681 31.7473 37.3639 773133000.0
624 -0.01235 0.00032637 -500.278 3305.97 224.687 224.681 45.3401 50.1648 773138000.0
623 -0.01225 0.000326355 -500.302 3305.99 224.678 224.676 52.9626 61.5852 773118000.0
622 -0.01215 0.000326359 -500.298 3305.96 224.679 224.677 47.1302 50.9745 773110000.0
621 -0.01205 0.000326359 -500.297 3305.92 224.677 224.676 47.0479 55.8331 773095000.0
620 -0.01195 0.000326369 -500.281 3305.78 224.674 224.68 36.9388 47.5705 773084000.0
619 -0.01185 0.000326375 -500.271 3305.82 224.681 224.681 35.8035 40.6206 773079000.0
618 -0.01175 0.000326354 -500.305 3305.82 224.666 224.676 43.643 57.4274 773057000.0
617 -0.01165 0.000326364 -500.285 3305.83 224.674 224.678 42.6195 52.0997 773050000.0
616 -0.01155 0.000326362 -500.29 3305.92 224.678 224.678 46.6666 50.172 773049000.0
615 -0.01145 0.000326341 -500.318 3305.98 224.668 224.67 56.3974 65.0568 773009000.0
614 -0.01135 0.000326328 -500.345 3305.95 224.657 224.671 60.6606 77.5451 773013000.0
613 -0.01125 0.000326309 -500.37 3306.0 224.648 224.665 67.3163 85.7548 772983000.0
612 -0.01115 0.00032631 -500.366 3306.15 224.659 224.665 73.1754 85.2756 772974000.0
611 -0.01105 0.000326293 -500.391 3306.24 224.653 224.662 85.1241 100.688 772959000.0
610 -0.01095 0.000326275 -500.422 3306.31 224.645 224.66 93.2132 115.536 772938000.0
609 -0.01085 0.000326272 -500.421 3306.35 224.646 224.655 98.5028 121.911 772913000.0
608 -0.01075 0.000326245 -500.465 3306.29 224.623 224.647 105.747 142.848 772867000.0
607 -0.01065 0.000326233 -500.483 3306.35 224.619 224.646 112.667 145.329 772861000.0
606 -0.01055 0.000326225 -500.496 3306.41 224.618 224.646 118.538 151.975 772841000.0
605 -0.01045 0.000326223 -500.5 3306.47 224.62 224.644 122.264 154.018 772815000.0
604 -0.01035 0.000326206 -500.524 3306.52 224.612 224.64 129.879 166.9 772783000.0
603 -0.01025 0.0003262 -500.529 3306.65 224.617 224.638 139.688 168.241 772762000.0
602 -0.01015 0.000326192 -500.545 3306.68 224.613 224.634 141.857 167.86 772720000.0
601 -0.01005 0.000326183 -500.561 3306.58 224.6 224.634 138.983 166.744 772678000.0
600 -0.00995 0.000326167 -500.58 3306.62 224.592 224.629 148.477 174.114 772628000.0
599 -0.00985 0.000326147 -500.61 3306.64 224.58 224.623 152.82 177.306 772581000.0
598 -0.00975 0.000326104 -500.676 3306.75 224.558 224.613 176.213 204.355 772530000.0
597 -0.00965 0.000326078 -500.714 3306.72 224.538 224.607 183.212 217.452 772476000.0
596 -0.00955 0.00032606 -500.743 3306.87 224.535 224.604 196.365 227.195 772447000.0
595 -0.00945 0.000326023 -500.794 3307.1 224.525 224.593 220.576 250.251 772390000.0
594 -0.00935 0.00032601 -500.821 3307.2 224.523 224.592 228.594 246.364 772360000.0
593 -0.00925 0.000325981 -500.86 3307.14 224.499 224.584 237.063 264.608 772287000.0
592 -0.00915 0.000325957 -500.897 3307.33 224.496 224.581 253.294 279.686 772238000.0
591 -0.00905 0.000325937 -500.924 3307.27 224.477 224.57 259.814 285.165 772148000.0
590 -0.00895 0.000325899 -500.984 3307.38 224.459 224.563 276.402 301.103 772104000.0
589 -0.00885 0.000325851 -501.06 3307.55 224.437 224.551 302.194 326.293 772028000.0
588 -0.00875 0.000325811 -501.117 3307.59 224.412 224.542 317.438 343.448 771961000.0
587 -0.00865 0.000325758 -501.195 3307.71 224.384 224.528 340.827 372.974 771853000.0
586 -0.00855 0.000325738 -501.226 3307.76 224.374 224.524 352.653 371.383 771789000.0
585 -0.00845 0.000325709 -501.272 3307.9 224.363 224.519 365.081 375.389 771711000.0
584 -0.00835 0.000325643 -501.367 3308.01 224.325 224.499 396.3 414.385 771597000.0
583 -0.00825 0.000325604 -501.431 3308.03 224.3 224.492 407.023 422.413 771504000.0
582 -0.00815 0.00032555 -501.511 3308.23 224.276 224.48 439.724 449.642 771402000.0
581 -0.00805 0.000325492 -501.602 3308.36 224.245 224.464 461.511 465.308 771282000.0
580 -0.00795 0.000325412 -501.718 3308.6 224.207 224.443 503.483 506.242 771157000.0
579 -0.00785 0.000325365 -501.793 3308.69 224.18 224.434 520.132 516.831 771045000.0
578 -0.00775 0.000325316 -501.865 3308.73 224.149 224.421 538.894 521.748 770925000.0
577 -0.00765 0.000325229 -501.995 3308.94 224.103 224.397 579.745 564.687 770766000.0
576 -0.00755 0.000325154 -502.121 3309.16 224.066 224.38 615.027 583.688 770618000.0
575 -0.00745 0.00032505 -502.27 3309.24 224.0 224.354 653.976 626.523 770428000.0
574 -0.00735 0.000324956 -502.418 3309.53 223.955 224.332 702.286 665.016 770264000.0
573 -0.00725 0.000324846 -502.582 3309.64 223.887 224.304 747.218 715.047 770062000.0
572 -0.00715 0.000324739 -502.747 3309.81 223.824 224.279 787.859 749.067 769866000.0
571 -0.00705 0.000324617 -502.933 3309.92 223.748 224.247 838.044 792.785 769639000.0
570 -0.00695 0.000324485 -503.133 3310.21 223.677 224.213 897.209 843.36 769405000.0
569 -0.00685 0.000324343 -503.353 3310.56 223.602 224.177 961.843 892.846 769167000.0
568 -0.00675 0.000324198 -503.567 3310.67 223.51 224.143 1017.45 944.327 768915000.0
567 -0.00665 0.00032404 -503.818 3311.03 223.425 224.102 1089.81 1000.03 768639000.0
566 -0.00655 0.000323874 -504.066 3311.22 223.323 224.06 1155.22 1055.44 768328000.0
565 -0.00645 0.00032368 -504.365 3311.48 223.207 224.011 1235.22 1130.13 768005000.0
564 -0.00635 0.000323489 -504.663 3311.74 223.093 223.965 1311.94 1190.64 767673000.0
563 -0.00625 0.000323297 -504.954 3311.97 222.976 223.917 1388.02 1247.26 767318000.0
562 -0.00615 0.000323083 -505.284 3312.17 222.842 223.86 1470.33 1306.64 766914000.0
561 -0.00605 0.000322855 -505.634 3312.51 222.707 223.805 1565.55 1375.92 766529000.0
560 -0.00595 0.000322601 -506.028 3312.79 222.551 223.741 1668.59 1454.47 766093000.0
559 -0.00585 0.00032234 -506.437 3313.01 222.385 223.672 1767.3 1523.4 765624000.0
558 -0.00575 0.000322039 -506.897 3313.45 222.208 223.597 1892.2 1619.77 765140000.0
557 -0.00565 0.000321716 -507.397 3313.79 222.008 223.514 2021.05 1725.94 764601000.0
556 -0.00555 0.000321377 -507.93 3314.2 221.801 223.429 2158.02 1827.13 764046000.0
555 -0.00545 0.000321025 -508.479 3314.53 221.58 223.335 2296.57 1922.79 763429000.0
554 -0.00535 0.000320642 -509.074 3314.89 221.34 223.237 2445.72 2026.17 762801000.0
553 -0.00525 0.000320215 -509.748 3315.37 221.077 223.129 2619.63 2153.25 762129000.0
552 -0.00515 0.000319776 -510.437 3315.72 220.797 223.017 2785.71 2273.49 761395000.0
551 -0.00505 0.000319301 -511.181 3316.02 220.489 222.892 2968.5 2406.81 760612000.0
550 -0.00495 0.000318784 -512.0 3316.39 220.157 222.758 3167.48 2548.49 759769000.0
549 -0.00485 0.000318208 -512.913 3317.11 219.807 222.611 3405.49 2728.55 758907000.0
548 -0.00475 0.000317609 -513.869 3317.58 219.424 222.452 3639.5 2901.51 757946000.0
547 -0.00465 0.000316973 -514.882 3318.08 219.017 222.288 3886.36 3080.95 756958000.0
546 -0.00455 0.000316277 -516.001 3318.5 218.564 222.102 4155.0 3284.21 755847000.0
545 -0.00445 0.000315564 -517.152 3318.8 218.091 221.913 4421.92 3469.95 754692000.0
544 -0.00435 0.000314802 -518.382 3319.25 217.595 221.714 4714.57 3665.28 753476000.0
543 -0.00425 0.000313958 -519.756 3319.8 217.047 221.487 5043.64 3905.76 752150000.0
542 -0.00415 0.000313043 -521.254 3320.34 216.449 221.243 5399.65 4171.84 750745000.0
541 -0.00405 0.000312097 -522.81 3320.82 215.827 220.984 5766.37 4424.11 749240000.0
540 -0.00395 0.000311091 -524.482 3321.15 215.152 220.716 6146.31 4694.2 747661000.0
539 -0.00385 0.000310001 -526.3 3321.71 214.434 220.414 6574.6 4999.98 745952000.0
538 -0.00375 0.000308825 -528.271 3322.2 213.653 220.092 7027.93 5333.2 744144000.0
537 -0.00365 0.00030756 -530.416 3322.77 212.814 219.743 7524.47 5707.82 742209000.0
536 -0.00355 0.000306234 -532.677 3323.25 211.927 219.369 8041.86 6082.3 740141000.0
535 -0.00345 0.000304808 -535.14 3323.69 210.968 218.968 8597.63 6504.23 737947000.0
534 -0.00335 0.00030329 -537.776 3324.09 209.942 218.536 9191.25 6959.95 735615000.0
533 -0.00325 0.000301695 -540.577 3324.42 208.859 218.076 9813.66 7428.61 733134000.0
532 -0.00315 0.000300013 -543.571 3324.91 207.726 217.592 10484.6 7928.42 730546000.0
531 -0.00305 0.000298211 -546.803 3325.28 206.501 217.062 11200.8 8485.76 727760000.0
530 -0.00295 0.000296307 -550.272 3325.5 205.196 216.496 11956.2 9079.57 724803000.0
529 -0.00285 0.000294292 -553.985 3325.79 203.818 215.889 12767.1 9719.66 721679000.0
528 -0.00275 0.000292155 -557.979 3325.74 202.335 215.238 13621.3 10421.0 718348000.0
527 -0.00265 0.000289927 -562.205 3325.94 200.804 214.551 14533.0 11153.5 714889000.0
526 -0.00255 0.000287544 -566.799 3325.96 199.155 213.801 15510.9 11981.6 711184000.0
525 -0.00245 0.000285061 -571.66 3325.83 197.427 213.013 16534.3 12853.5 707320000.0
524 -0.00235 0.000282461 -576.847 3325.54 195.61 212.168 17615.5 13783.8 703223000.0
523 -0.00225 0.000279748 -582.363 3325.2 193.711 211.272 18759.3 14778.0 698935000.0
522 -0.00215 0.0002769 -588.266 3324.55 191.702 210.315 19963.9 15862.7 694447000.0
521 -0.00205 0.000273917 -594.572 3323.73 189.589 209.29 21239.3 17036.4 689709000.0
520 -0.00195 0.000270811 -601.294 3322.71 187.383 208.205 22583.3 18305.5 684789000.0
519 -0.00185 0.000267575 -608.459 3321.34 185.067 207.042 23993.6 19676.8 679614000.0
518 -0.00175 0.000264249 -616.0 3319.8 182.682 205.824 25467.6 21113.9 674277000.0
517 -0.00165 0.000260795 -624.035 3318.12 180.203 204.524 27023.4 22667.3 668703000.0
516 -0.00155 0.000257239 -632.531 3315.82 177.622 203.155 28633.3 24326.4 662948000.0
515 -0.00145 0.000253569 -641.549 3312.96 174.937 201.703 30308.3 26105.4 656962000.0
514 -0.00135 0.00024981 -651.043 3309.99 172.189 200.171 32063.2 27988.3 650809000.0
513 -0.00125 0.000245962 -661.078 3306.4 169.353 198.559 33875.8 29986.3 644488000.0
512 -0.00115 0.000242044 -671.601 3301.98 166.432 196.866 35731.1 32084.2 637959000.0
511 -0.00105 0.000238049 -682.696 3297.04 163.441 195.086 37650.0 34307.6 631308000.0
510 -0.00095 0.000233988 -694.349 3291.37 160.376 193.215 39623.7 36648.3 624490000.0
509 -0.00085 0.000229861 -706.602 3284.9 157.238 191.25 41653.4 39126.8 617561000.0
508 -0.00075 0.000225702 -719.421 3277.66 154.052 189.203 43723.5 41706.9 610552000.0
507 -0.00065 0.000221513 -732.786 3269.32 150.809 187.063 45819.9 44392.9 603432000.0
506 -0.00055 0.000217286 -746.793 3259.99 147.509 184.827 47955.8 47203.9 596263000.0
505 -0.00045 0.00021305 -761.386 3249.54 144.169 182.5 50113.3 50116.4 589049000.0
504 -0.00035 0.00020881 -776.568 3237.88 140.793 180.079 52284.7 53121.5 581815000.0
503 -0.00025 0.000204568 -792.379 3225.0 137.384 177.562 54468.4 56227.0 574597000.0
502 -0.00015 0.00020035 -808.755 3210.86 133.962 174.956 56651.7 59399.3 567412000.0
501 -5e-05 0.000196115 -825.901 3195.02 130.483 172.232 58839.8 62707.5 560277000.0
500 5e-05 0.000191893 -844.035 3176.97 126.953 169.303 61026.4 66147.4 553051000.0
499 0.00015 0.000187856 -862.446 3156.67 123.488 166.282 63074.7 69422.6 545693000.0
498 0.00025 0.000183947 -881.05 3134.6 120.073 163.229 65005.9 72572.9 538373000.0
497 0.00035 0.000180133 -899.957 3110.9 116.694 160.126 66849.3 75654.9 531157000.0
496 0.00045 0.000176413 -919.199 3085.27 113.343 156.973 68587.6 78656.2 524026000.0
495 0.00055 0.000172799 -938.666 3058.05 110.041 153.778 70219.8 81542.4 516980000.0
494 0.00065 0.000169298 -958.341 3029.13 106.792 150.555 71733.2 84295.6 510022000.0
493 0.00075 0.000165892 -978.257 2998.4 103.582 147.29 73127.2 86927.0 503140000.0
492 0.00085 0.000162587 -998.381 2965.92 100.419 143.993 74399.3 89431.7 496366000.0
491 0.00095 0.000159382 -1018.69 2931.91 97.3104 140.666 75550.7 91786.5 489682000.0
490 0.00105 0.000156307 -1038.96 2896.32 94.2747 137.347 76549.1 93934.1 483045000.0
489 0.00115 0.000153331 -1059.35 2859.04 91.2896 134.008 77412.9 95917.1 476462000.0
488 0.00125 0.000150461 -1079.76 2820.18 88.3631 130.665 78128.3 97707.4 469905000.0
487 0.00135 0.00014769 -1100.23 2779.73 85.4913 127.312 78701.9 99315.1 463382000.0
486 0.00145 0.000145036 -1120.58 2738.1 82.6976 123.982 79134.6 100704.0 456883000.0
485 0.00155 0.000142481 -1140.86 2695.25 79.9696 120.66 79425.6 101889.0 450388000.0
484 0.00165 0.000140028 -1161.04 2651.13 77.3062 117.357 79574.6 102866.0 443881000.0
483 0.00175 0.000137669 -1181.12 2605.75 74.7032 114.07 79581.4 103641.0 437337000.0
482 0.00185 0.000135414 -1200.97 2559.47 72.1745 110.82 79450.4 104200.0 430757000.0
481 0.00195 0.000133252 -1220.64 2512.12 69.7081 107.602 79180.6 104558.0 424117000.0
480 0.00205 0.000131186 -1240.04 2464.24 67.3193 104.427 78792.7 104708.0 417439000.0
479 0.00215 0.000129211 -1259.15 2415.73 65.0008 101.298 78280.1 104656.0 410677000.0
478 0.00225 0.000127326 -1277.96 2366.77 62.7541 98.2192 77658.4 104420.0 403876000.0
477 0.00235 0.000125521 -1296.48 2317.26 60.5704 95.1884 76921.7 104001.0 396980000.0
476 0.00245 0.000123795 -1314.7 2267.42 58.4527 92.2046 76081.4 103403.0 389986000.0
475 0.00255 0.000122155 -1332.52 2217.41 56.4063 89.289 75145.3 102641.0 382915000.0
474 0.00265 0.00012059 -1349.94 2167.53 54.4311 86.4376 74129.0 101727.0 375803000.0
473 0.00275 0.000119105 -1366.92 2117.73 52.5255 83.6584 73029.8 100665.0 368594000.0
472 0.00285 0.000117675 -1383.65 2067.74 50.6701 80.9185 71853.0 99470.7 361306000.0
471 0.00295 0.000116323 -1399.87 2018.48 48.8943 78.2642 70627.1 98153.6 353997000.0
470 0.00305 0.000115028 -1415.73 1969.3 47.1723 75.6669 69335.5 96725.9 346616000.0
469 0.00315 0.000113796 -1431.18 1920.51 45.5107 73.1375 67993.8 95196.5 339188000.0
468 0.00325 0.000112623 -1446.22 1872.26 43.9099 70.6759 66610.4 93576.6 331727000.0
467 0.00335 0.000111505 -1460.82 1824.56 42.3663 68.2845 65187.4 91876.1 324230000.0
466 0.00345 0.000110443 -1474.98 1777.53 40.8812 65.9672 63735.0 90108.9 316719000.0
465 0.00355 0.000109425 -1488.79 1730.96 39.4432 63.7051 62252.0 88279.0 309192000.0
464 0.00365 0.000108461 -1502.12 1685.38 38.0664 61.5238 60757.3 86401.4 301683000.0
463 0.00375 0.000107543 -1515.05 1640.5 36.739 59.4046 59245.9 84476.8 294172000.0
462 0.00385 0.000106665 -1527.6 1596.47 35.4612 57.3502 57727.7 82519.5 286698000.0
461 0.00395 0.000105835 -1539.67 1553.61 34.2407 55.3744 56218.7 80546.4 279308000.0
460 0.00405 0.000105039 -1551.43 1511.36 33.0591 53.4495 54700.2 78548.1 271938000.0
459 0.00415 0.000104283 -1562.75 1470.16 31.9262 51.5947 53189.1 76541.1 264625000.0
458 0.00425 0.000103566 -1573.64 1430.11 30.8431 49.8102 51693.7 74531.9 257399000.0
457 0.00435 0.000102883 -1584.18 1390.84 29.7983 48.0839 50201.4 72521.4 250219000.0
456 0.00445 0.000102232 -1594.33 1352.66 28.7968 46.4225 48729.7 70525.3 243157000.0
455 0.00455 0.000101613 -1604.12 1315.54 27.837 44.8174 47278.9 68534.7 236180000.0
454 0.00465 0.000101021 -1613.56 1279.4 26.9146 43.2713 45846.8 66564.3 229319000.0
453 0.00475 0.000100459 -1622.68 1244.24 26.0293 41.7787 44437.5 64611.9 222563000.0
452 0.00485 9.99185e-05 -1631.5 1209.85 25.1736 40.3333 43040.5 62675.0 215876000.0
451 0.00495 9.9408e-05 -1639.95 1176.59 24.3566 38.9489 41675.1 60771.7 209332000.0
450 0.00505 9.89183e-05 -1648.12 1144.16 23.5686 37.6114 40330.3 58895.4 202900000.0
449 0.00515 9.84551e-05 -1655.93 1112.93 22.818 36.3301 39023.3 57056.3 196623000.0
448 0.00525 9.80083e-05 -1663.52 1082.42 22.0916 35.0868 37732.6 55238.0 190430000.0
447 0.00535 9.75885e-05 -1670.73 1053.23 21.4038 33.9053 36489.2 53472.9 184437000.0
446 0.00545 9.71879e-05 -1677.66 1024.98 20.7442 32.7708 35275.9 51748.7 178583000.0
445 0.00555 9.68039e-05 -1684.37 997.464 20.1076 31.6713 34085.2 50050.2 172833000.0
444 0.00565 9.64389e-05 -1690.77 970.962 19.4995 30.6217 32928.8 48400.0 167235000.0
443 0.00575 9.60904e-05 -1696.97 945.258 18.9147 29.6067 31801.3 46783.1 161774000.0
442 0.00585 9.57585e-05 -1702.9 920.51 18.3559 28.636 30708.0 45212.2 156461000.0
441 0.00595 9.5437e-05 -1708.65 896.338 17.8139 27.6918 29633.6 43668.7 151252000.0
440 0.00605 9.51353e-05 -1714.11 873.34 17.3019 26.7981 28606.7 42184.4 146243000.0
439 0.00615 9.48436e-05 -1719.43 850.8 16.8037 25.9267 27594.4 40724.0 141318000.0
438 0.00625 9.45682e-05 -1724.46 829.348 16.3325 25.1015 26624.2 39317.6 136567000.0
437 0.00635 9.43058e-05 -1729.29 808.664 15.8809 24.3099 25685.9 37954.6 131964000.0
436 0.00645 9.40519e-05 -1733.98 788.462 15.4425 23.5411 24765.1 36620.4 127455000.0
435 0.00655 9.38091e-05 -1738.52 768.893 15.0204 22.7974 23868.4 35317.4 123060000.0
434 0.00665 9.35803e-05 -1742.79 750.409 14.6235 22.0974 23019.4 34075.3 118871000.0
433 0.00675 9.33635e-05 -1746.89 732.532 14.2421 21.4261 22193.7 32870.4 114785000.0
432 0.00685 9.31543e-05 -1750.82 715.273 13.8754 20.7807 21394.1 31704.5 110833000.0
431 0.00695 9.29535e-05 -1754.61 698.652 13.5237 20.1595 20620.4 30571.2 106994000.0
430 0.00705 9.27627e-05 -1758.27 682.585 13.1856 19.5598 19871.8 29471.5 103281000.0
429 0.00715 9.25797e-05 -1761.78 667.089 12.8608 18.9858 19146.3 28410.4 99678300.0
428 0.00725 9.24031e-05 -1765.15 652.185 12.5495 18.4322 18447.3 27380.7 96200500.0
427 0.00735 9.22365e-05 -1768.35 637.96 12.2537 17.9073 17776.9 26393.3 92846900.0
426 0.00745 9.20776e-05 -1771.46 624.1 11.9668 17.3993 17123.0 25435.1 89586600.0
425 0.00755 9.19255e-05 -1774.4 610.94 11.6951 16.9168 16500.3 24517.2 86465200.0
424 0.00765 9.17792e-05 -1777.24 598.184 11.4327 16.4499 15894.6 23624.6 83429800.0
423 0.00775 9.1639e-05 -1779.98 585.885 11.1805 16.001 15309.0 22759.5 80484700.0
422 0.00785 9.15047e-05 -1782.6 574.152 10.9406 15.5725 14750.3 21931.1 77672900.0
421 0.00795 9.13784e-05 -1785.09 562.795 10.7094 15.1632 14207.8 21132.8 74936200.0
420 0.00805 9.12554e-05 -1787.51 551.851 10.487 14.7669 13683.8 20358.7 72295000.0
419 0.00815 9.11386e-05 -1789.82 541.375 10.2747 14.3878 13181.1 19613.2 69751000.0
418 0.00825 9.10262e-05 -1792.05 531.238 10.0699 14.0219 12694.1 18891.3 67288400.0
417 0.00835 9.09184e-05 -1794.18 521.569 9.87492 13.6733 12228.7 18199.7 64925200.0
416 0.00845 9.08151e-05 -1796.23 512.218 9.68686 13.3373 11777.9 17530.9 62637600.0
415 0.00855 9.07179e-05 -1798.18 503.19 9.50593 13.0161 11341.4 16887.4 60421900.0
414 0.00865 9.06241e-05 -1800.06 494.623 9.33444 12.7099 10927.9 16273.4 58318200.0
413 0.00875 9.05327e-05 -1801.88 486.233 9.16685 12.4099 10520.5 15668.2 56242900.0
412 0.00885 9.04455e-05 -1803.63 478.152 9.0058 12.1226 10128.2 15088.0 54246600.0
411 0.00895 9.03623e-05 -1805.31 470.383 8.85133 11.8474 9751.05 14530.2 52327800.0
410 0.00905 9.02801e-05 -1806.94 462.855 8.70175 11.5804 9384.92 13988.8 50465500.0
409 0.00915 9.02049e-05 -1808.47 455.759 8.56121 11.3298 9039.35 13475.4 48695400.0
408 0.00925 9.01332e-05 -1809.95 448.922 8.42608 11.087 8705.74 12977.9 46985300.0
407 0.00935 9.00615e-05 -1811.35 442.407 8.29718 10.8572 8387.87 12504.9 45352200.0
406 0.00945 8.99961e-05 -1812.72 436.06 8.17221 10.633 8077.36 12042.2 43756100.0
405 0.00955 8.99298e-05 -1814.05 429.861 8.0501 10.4154 7773.95 11593.9 42205400.0
404 0.00965 8.9868e-05 -1815.29 424.05 7.93583 10.2113 7489.21 11170.1 40738500.0
403 0.00975 8.98104e-05 -1816.48 418.465 7.82628 10.0162 7215.52 10763.7 39328400.0
402 0.00985 8.9755e-05 -1817.62 413.154 7.72219 9.82941 6955.1 10372.5 37977000.0
401 0.00995 8.97002e-05 -1818.73 407.975 7.62074 9.64732 6700.83 9991.9 36661500.0
400 0.01005 8.96469e-05 -1819.8 402.95 7.5224 9.47057 6453.02 9621.26 35378900.0
399 0.01015 8.95975e-05 -1820.83 398.129 7.42829 9.30223 6216.35 9268.61 34156400.0
398 0.01025 8.95486e-05 -1821.82 393.511 7.33813 9.14095 5989.2 8929.87 32981100.0
397 0.01035 8.95028e-05 -1822.77 388.978 7.2499 8.98339 5765.08 8597.41 31821000.0
396 0.01045 8.94578e-05 -1823.68 384.727 7.16705 8.83536 5556.11 8285.74 30739400.0
395 0.01055 8.9416e-05 -1824.55 380.619 7.08721 8.69284 5353.63 7983.8 29687200.0
394 0.01065 8.93747e-05 -1825.4 376.621 7.00953 8.55288 5155.85 7687.49 28660700.0
393 0.01075 8.93356e-05 -1826.2 372.841 6.93614 8.42223 4968.88 7408.79 27685000.0
392 0.01085 8.92976e-05 -1826.97 369.175 6.86502 8.29567 4788.13 7140.33 26746600.0
391 0.01095 8.92625e-05 -1827.71 365.666 6.79711 8.17403 4614.32 6880.31 25839500.0
390 0.01105 8.92265e-05 -1828.44 362.207 6.73009 8.05447 4442.97 6626.05 24950700.0
389 0.01115 8.91943e-05 -1829.13 358.933 6.66685 7.94107 4281.31 6384.65 24110200.0
388 0.01125 8.91614e-05 -1829.77 355.867 6.60745 7.83507 4128.47 6155.32 23303300.0
387 0.01135 8.9132e-05 -1830.42 352.823 6.54878 7.73049 3978.28 5932.51 22525200.0
386 0.01145 8.91019e-05 -1831.03 349.892 6.49218 7.62961 3832.71 5715.49 21763100.0
385 0.01155 8.90723e-05 -1831.63 347.058 6.43746 7.53126 3692.13 5505.39 21031200.0
384 0.01165 8.90442e-05 -1832.21 344.286 6.38403 7.43611 3554.53 5301.52 20316200.0
383 0.01175 8.90197e-05 -1832.74 341.742 6.3351 7.34865 3428.31 5112.36 19652200.0
382 0.01185 8.89937e-05 -1833.26 339.246 6.28701 7.2634 3304.01 4927.83 18999700.0
381 0.01195 8.89703e-05 -1833.76 336.867 6.24127 7.18144 3186.13 4750.9 18381100.0
380 0.01205 8.8947e-05 -1834.24 334.582 6.19731 7.10355 3072.39 4581.73 17783100.0
379 0.01215 8.89245e-05 -1834.7 332.346 6.15433 7.02728 2961.09 4416.55 17199100.0
378 0.01225 8.89029e-05 -1835.16 330.144 6.11207 6.95201 2851.76 4254.3 16628700.0
377 0.01235 8.88819e-05 -1835.59 328.069 6.07224 6.88088 2748.21 4100.01 16085800.0
376 0.01245 8.88626e-05 -1836.0 326.12 6.03485 6.81418 2651.08 3954.24 15570100.0
375 0.01255 8.8843e-05 -1836.39 324.227 5.9985 6.74975 2557.14 3814.35 15077300.0
374 0.01265 8.88257e-05 -1836.78 322.381 5.96318 6.68618 2464.72 3675.6 14588700.0
373 0.01275 8.8807e-05 -1837.15 320.602 5.92903 6.62563 2376.44 3544.24 14125000.0
372 0.01285 8.87902e-05 -1837.5 318.947 5.8973 6.56801 2293.54 3417.67 13682200.0
371 0.01295 8.8774e-05 -1837.85 317.26 5.86503 6.51108 2209.9 3294.63 13246400.0
370 0.01305 8.87576e-05 -1838.18 315.669 5.83455 6.45668 2130.34 3175.92 12825800.0
369 0.01315 8.87429e-05 -1838.49 314.161 5.80571 6.40573 2055.24 3064.36 12430000.0
368 0.01325 8.87281e-05 -1838.8 312.687 5.7775 6.35536 1981.45 2953.79 12038300.0
367 0.01335 8.87139e-05 -1839.1 311.199 5.7491 6.30529 1907.16 2844.79 11650000.0
366 0.01345 8.87002e-05 -1839.39 309.842 5.72315 6.25836 1839.5 2742.41 11292700.0
365 0.01355 8.86872e-05 -1839.65 308.587 5.69913 6.21582 1776.77 2648.43 10956700.0
364 0.01365 8.86754e-05 -1839.9 307.367 5.67585 6.17432 1715.93 2556.82 10632100.0
363 0.01375 8.86644e-05 -1840.14 306.197 5.65353 6.13514 1657.31 2469.73 10318400.0
362 0.01385 8.86525e-05 -1840.38 305.006 5.63078 6.09503 1598.0 2381.94 10005800.0
361 0.01395 8.86411e-05 -1840.62 303.861 5.60892 6.05554 1540.81 2295.75 9703020.0
360 0.01405 8.863e-05 -1840.84 302.782 5.58831 6.0192 1486.84 2215.65 9416640.0
359 0.01415 8.86203e-05 -1841.05 301.776 5.56914 5.98521 1436.39 2139.48 9143790.0
358 0.01425 8.86116e-05 -1841.25 300.791 5.55042 5.95211 1387.3 2066.22 8882020.0
357 0.01435 8.86005e-05 -1841.46 299.768 5.53083 5.91729 1336.1 1990.27 8612900.0
356 0.01445 8.85916e-05 -1841.66 298.841 5.51319 5.88575 1289.7 1920.63 8364600.0
355 0.01455 8.8582e-05 -1841.85 297.914 5.4955 5.85423 1243.43 1851.48 8120380.0
354 0.01465 8.8574e-05 -1842.03 297.016 5.47843 5.82416 1198.54 1785.67 7884730.0
353 0.01475 8.8566e-05 -1842.2 296.199 5.46287 5.79682 1157.67 1724.52 7664960.0
352 0.01485 8.8558e-05 -1842.36 295.407 5.44777 5.76983 1117.94 1664.69 7451740.0
351 0.01495 8.85504e-05 -1842.52 294.66 5.43351 5.74397 1080.55 1607.39 7249910.0
350 0.01505 8.85441e-05 -1842.67 293.923 5.41955 5.71924 1043.66 1552.31 7052530.0
349 0.01515 8.8535e-05 -1842.82 293.201 5.40568 5.69429 1007.53 1497.52 6858320.0
348 0.01525 8.85296e-05 -1842.97 292.465 5.39177 5.67029 970.741 1444.58 6665750.0
347 0.01535 8.85217e-05 -1843.11 291.746 5.37804 5.64612 934.774 1391.78 6476930.0
346 0.01545 8.85155e-05 -1843.25 291.087 5.36552 5.62423 901.75 1343.0 6300480.0
345 0.01555 8.85097e-05 -1843.37 290.5 5.35435 5.60467 872.196 1298.73 6140250.0
344 0.01565 8.8505e-05 -1843.49 289.9 5.34302 5.58462 842.229 1254.43 5980890.0
343 0.01575 8.8499e-05 -1843.61 289.331 5.33216 5.5653 813.788 1211.27 5827360.0
342 0.01585 8.84924e-05 -1843.73 288.751 5.32107 5.5455 784.511 1167.51 5671760.0
341 0.01595 8.84876e-05 -1843.84 288.223 5.31105 5.5279 758.205 1128.28 5529720.0
340 0.01605 8.84828e-05 -1843.94 287.727 5.30163 5.51142 733.458 1091.41 5396400.0
339 0.01615 8.84783e-05 -1844.05 287.181 5.2913 5.49302 705.812 1050.58 5249480.0
338 0.01625 8.8473e-05 -1844.15 286.699 5.28211 5.47698 681.821 1015.1 5121590.0
337 0.01635 8.84677e-05 -1844.25 286.205 5.27268 5.46026 657.166 978.586 4991480.0
336 0.01645 8.84643e-05 -1844.34 285.757 5.26423 5.44483 634.526 944.454 4870280.0
335 0.01655 8.84598e-05 -1844.43 285.331 5.2561 5.43064 613.344 912.637 4755450.0
334 0.01665 8.84547e-05 -1844.51 284.912 5.2481 5.41656 592.188 881.376 4642520.0
333 0.01675 8.8452e-05 -1844.6 284.489 5.24014 5.40226 571.075 849.803 4530230.0
332 0.01685 8.84481e-05 -1844.68 284.121 5.23314 5.38953 552.625 821.552 4430280.0
331 0.01695 8.8444e-05 -1844.75 283.742 5.22591 5.3768 533.641 793.016 4327040.0
330 0.01705 8.84408e-05 -1844.83 283.392 5.21927 5.36497 515.91 766.487 4231950.0
329 0.01715 8.84376e-05 -1844.89 283.057 5.21292 5.35427 499.266 742.272 4141350.0
328 0.01725 8.84351e-05 -1844.95 282.763 5.20736 5.34435 484.484 719.41 4059010.0
327 0.01735 8.84308e-05 -1845.02 282.435 5.20105 5.33325 467.912 694.584 3969920.0
326 0.01745 8.84291e-05 -1845.09 282.106 5.19491 5.32251 451.591 670.969 3883280.0
325 0.01755 8.84252e-05 -1845.15 281.794 5.18892 5.31195 435.927 647.381 3799030.0
324 0.01765 8.84228e-05 -1845.21 281.489 5.18316 5.30176 420.412 624.441 3715510.0
323 0.01775 8.84199e-05 -1845.27 281.228 5.17818 5.29294 407.497 604.528 3644570.0
322 0.01785 8.84168e-05 -1845.33 280.923 5.1724 5.28283 392.128 582.346 3563880.0
321 0.01795 8.84145e-05 -1845.38 280.671 5.16762 5.27459 379.665 563.876 3496130.0
320 0.01805 8.84115e-05 -1845.43 280.409 5.16263 5.26571 366.258 543.934 3423570.0
319 0.01815 8.84102e-05 -1845.48 280.153 5.15783 5.25734 353.71 525.346 3357450.0
318 0.01825 8.8407e-05 -1845.53 279.914 5.15324 5.2493 341.447 507.347 3290500.0
317 0.01835 8.8405e-05 -1845.57 279.709 5.14936 5.24258 331.385 491.864 3234390.0
316 0.01845 8.84029e-05 -1845.62 279.49 5.1452 5.23525 320.295 475.505 3174800.0
315 0.01855 8.84014e-05 -1845.66 279.274 5.14114 5.22793 309.384 458.929 3115230.0
314 0.01865 8.83985e-05 -1845.7 279.065 5.13713 5.22115 299.165 444.013 3059910.0
313 0.01875 8.83968e-05 -1845.74 278.872 5.13347 5.21465 289.281 429.289 3006300.0
312 0.01885 8.83952e-05 -1845.79 278.67 5.12966 5.20778 279.052 413.985 2950930.0
311 0.01895 8.83932e-05 -1845.82 278.485 5.12613 5.20155 269.899 400.216 2902110.0
310 0.01905 8.83915e-05 -1845.86 278.302 5.12268 5.1957 260.764 386.861 2852130.0
309 0.01915 8.83902e-05 -1845.9 278.122 5.11929 5.18944 251.631 373.062 2803300.0
308 0.01925 8.83877e-05 -1845.93 277.933 5.11566 5.18305 242.159 358.986 2752980.0
307 0.01935 8.83864e-05 -1845.97 277.784 5.11284 5.17816 234.708 348.035 2712310.0
306 0.01945 8.83848e-05 -1845.99 277.632 5.10994 5.17336 227.095 336.954 2671060.0
305 0.01955 8.83843e-05 -1846.03 277.491 5.10733 5.16887 219.907 326.55 2631560.0
304 0.01965 8.83819e-05 -1846.05 277.351 5.10461 5.16392 212.882 315.655 2592390.0
303 0.01975 8.8381e-05 -1846.09 277.198 5.10175 5.15879 205.304 304.412 2552660.0
302 0.01985 8.83797e-05 -1846.11 277.059 5.09911 5.1542 198.201 293.995 2514590.0
301 0.01995 8.83775e-05 -1846.14 276.911 5.09626 5.14936 190.896 283.697 2475930.0
300 0.02005 8.83772e-05 -1846.16 276.797 5.09414 5.14556 185.095 274.635 2443240.0
299 0.02015 8.83761e-05 -1846.19 276.675 5.09184 5.14131 178.893 265.258 2409340.0
298 0.02025 8.83737e-05 -1846.21 276.559 5.08956 5.13741 173.078 256.748 2378270.0
297 0.02035 8.8374e-05 -1846.24 276.44 5.08739 5.13374 167.31 248.328 2347090.0
296 0.02045 8.83729e-05 -1846.26 276.337 5.08543 5.13008 161.902 239.888 2316760.0
295 0.02055 8.83716e-05 -1846.28 276.224 5.08328 5.1266 156.335 232.341 2288070.0
294 0.02065 8.837e-05 -1846.3 276.124 5.08135 5.12324 151.238 224.42 2259070.0
293 0.02075 8.83695e-05 -1846.32 276.028 5.07954 5.11984 146.554 217.204 2234260.0
292 0.02085 8.83686e-05 -1846.34 275.932 5.07774 5.11676 141.655 210.078 2207490.0
291 0.02095 8.83675e-05 -1846.36 275.831 5.07581 5.11336 136.569 202.675 2180180.0
290 0.02105 8.83664e-05 -1846.38 275.754 5.07433 5.11086 132.666 196.784 2158080.0
289 0.02115 8.83666e-05 -1846.39 275.682 5.07302 5.10855 129.171 191.408 2138530.0
288 0.02125 8.83654e-05 -1846.4 275.615 5.07171 5.10628 125.671 185.852 2118220.0
287 0.02135 8.83651e-05 -1846.42 275.529 5.07011 5.10353 121.332 179.519 2094690.0
286 0.02145 8.83638e-05 -1846.44 275.439 5.06839 5.10053 116.898 173.206 2071430.0
285 0.02155 8.83627e-05 -1846.45 275.365 5.06696 5.09819 113.112 167.704 2050290.0
284 0.02165 8.8362e-05 -1846.47 275.286 5.06547 5.09558 109.21 162.225 2029950.0
283 0.02175 8.83624e-05 -1846.49 275.206 5.06402 5.09311 105.15 156.459 2008340.0
282 0.02185 8.83612e-05 -1846.5 275.147 5.06286 5.09098 102.221 151.948 1992440.0
281 0.02195 8.83599e-05 -1846.51 275.084 5.06163 5.08891 99.1002 147.153 1974100.0
280 0.02205 8.83601e-05 -1846.53 275.007 5.06023 5.0864 95.2011 141.65 1954140.0
279 0.02215 8.83588e-05 -1846.54 274.956 5.05921 5.08457 92.6764 137.581 1940020.0
278 0.02225 8.83585e-05 -1846.54 274.906 5.05828 5.08298 90.1113 133.608 1925310.0
277 0.02235 8.8358e-05 -1846.56 274.833 5.0569 5.08051 86.3427 128.032 1904920.0
276 0.02245 8.8358e-05 -1846.57 274.784 5.05599 5.07897 83.994 124.645 1892700.0
275 0.02255 8.83562e-05 -1846.58 274.729 5.05488 5.07701 81.1873 120.226 1876800.0
274 0.02265 8.83568e-05 -1846.59 274.685 5.05411 5.0758 78.8979 116.992 1863800.0
273 0.02275 8.83567e-05 -1846.6 274.634 5.05317 5.07413 76.5295 113.413 1850440.0
272 0.02285 8.83551e-05 -1846.61 274.586 5.0522 5.07259 74.0428 109.743 1837200.0
271 0.02295 8.83553e-05 -1846.62 274.536 5.05129 5.07089 71.4463 106.003 1822870.0
270 0.02305 8.83549e-05 -1846.63 274.487 5.05036 5.06916 68.8742 102.038 1809020.0
269 0.02315 8.83538e-05 -1846.64 274.436 5.04935 5.06745 66.5646 98.6914 1796400.0
268 0.02325 8.83537e-05 -1846.65 274.402 5.04872 5.06632 64.7301 95.7582 1786080.0
267 0.02335 8.83536e-05 -1846.65 274.361 5.04796 5.06497 62.7602 92.8756 1775180.0
266 0.02345 8.83534e-05 -1846.67 274.315 5.04711 5.06348 60.405 89.3967 1762580.0
265 0.02355 8.8352e-05 -1846.68 274.27 5.0462 5.06202 58.162 86.2043 1750850.0
264 0.02365 8.83527e-05 -1846.68 274.241 5.04571 5.06102 56.6788 83.9275 1742340.0
263 0.02375 8.83519e-05 -1846.69 274.203 5.04497 5.05984 54.7776 81.1309 1731610.0
262 0.02385 8.83516e-05 -1846.69 274.177 5.04447 5.05907 53.4432 79.0982 1723800.0
261 0.02395 8.83519e-05 -1846.7 274.13 5.04362 5.05768 51.1977 75.8614 1712030.0
260 0.02405 8.83505e-05 -1846.71 274.103 5.04303 5.05658 49.7681 73.7072 1704040.0
259 0.02415 8.83507e-05 -1846.72 274.067 5.0424 5.05558 48.0032 71.2427 1694640.0
258 0.02425 8.83502e-05 -1846.72 274.038 5.04182 5.05444 46.546 68.7898 1686380.0
257 0.02435 8.83509e-05 -1846.73 274.014 5.04143 5.05382 45.1761 66.8026 1678310.0
256 0.02445 8.835e-05 -1846.73 273.985 5.04085 5.05293 43.8553 65.0701 1671510.0
255 0.02455 8.83497e-05 -1846.74 273.957 5.04031 5.05195 42.4352 62.7932 1663410.0
254 0.02465 8.83495e-05 -1846.74 273.934 5.03988 5.05127 41.3252 61.1279 1656820.0
253 0.02475 8.83494e-05 -1846.75 273.901 5.03926 5.05013 39.5023 58.4822 1647750.0
252 0.02485 8.83489e-05 -1846.75 273.871 5.03868 5.04917 38.1428 56.5156 1640380.0
251 0.02495 8.83487e-05 -1846.76 273.85 5.03829 5.04843 37.1648 54.8444 1634650.0
250 0.02505 8.83489e-05 -1846.76 273.825 5.03783 5.04763 35.7991 52.8356 1627060.0
249 0.02515 8.83486e-05 -1846.77 273.808 5.03751 5.04702 34.8533 51.3549 1621780.0
248 0.02525 8.8348e-05 -1846.77 273.788 5.0371 5.04639 33.8557 49.8039 1616170.0
247 0.02535 8.83487e-05 -1846.78 273.763 5.03669 5.04562 32.7357 48.2457 1610120.0
246 0.02545 8.83476e-05 -1846.78 273.746 5.0363 5.04499 31.6307 46.6812 1603860.0
245 0.02555 8.83479e-05 -1846.78 273.722 5.03588 5.04433 30.6011 45.1756 1598080.0
244 0.02565 8.83474e-05 -1846.79 273.705 5.03554 5.04376 29.7091 43.9199 1593320.0
243 0.02575 8.83479e-05 -1846.79 273.685 5.03521 5.04305 28.631 42.1819 1587300.0
242 0.02585 8.83472e-05 -1846.79 273.669 5.03486 5.04242 27.8779 40.9873 1582960.0
241 0.02595 8.83476e-05 -1846.8 273.649 5.03452 5.04192 26.8952 39.6935 1577910.0
240 0.02605 8.8346e-05 -1846.8 273.636 5.03419 5.04124 26.1453 38.4065 1573540.0
239 0.02615 8.83479e-05 -1846.81 273.62 5.03401 5.04091 25.4754 37.4713 1569740.0
238 0.02625 8.83459e-05 -1846.81 273.596 5.03344 5.04001 24.2343 35.6917 1563450.0
237 0.02635 8.83467e-05 -1846.81 273.587 5.03333 5.03974 23.6983 34.8475 1560030.0
236 0.02645 8.83467e-05 -1846.82 273.568 5.03298 5.0393 22.7478 33.5536 1555160.0
235 0.02655 8.83462e-05 -1846.82 273.554 5.03269 5.03878 22.1212 32.6351 1551450.0
234 0.02665 8.83455e-05 -1846.82 273.538 5.03237 5.03818 21.2909 31.348 1546930.0
233 0.02675 8.83466e-05 -1846.83 273.523 5.03215 5.03772 20.5723 30.349 1543090.0
232 0.02685 8.83454e-05 -1846.83 273.508 5.0318 5.03717 19.6696 29.1226 1538590.0
231 0.02695 8.83459e-05 -1846.83 273.496 5.03162 5.03685 19.2329 28.4253 1535800.0
230 0.02705 8.83454e-05 -1846.83 273.489 5.03146 5.03669 18.7969 27.7285 1533120.0
229 0.02715 8.83461e-05 -1846.83 273.476 5.03125 5.03622 18.0631 26.6762 1529330.0
228 0.02725 8.83452e-05 -1846.84 273.466 5.03102 5.03588 17.7115 26.0572 1527200.0
227 0.02735 8.83456e-05 -1846.84 273.455 5.03083 5.03557 17.1694 25.3037 1524050.0
226 0.02745 8.83454e-05 -1846.84 273.444 5.03062 5.0352 16.4841 24.2603 1520420.0
225 0.02755 8.83449e-05 -1846.84 273.434 5.03041 5.0349 16.0357 23.6154 1518010.0
224 0.02765 8.8345e-05 -1846.84 273.423 5.03021 5.03451 15.4143 22.7613 1514800.0
223 0.02775 8.8345e-05 -1846.84 273.41 5.02997 5.03417 14.7653 21.9478 1511320.0
222 0.02785 8.83454e-05 -1846.85 273.404 5.02989 5.03392 14.5366 21.5352 1509750.0
221 0.02795 8.83438e-05 -1846.85 273.389 5.02953 5.03333 13.8837 20.5709 1506560.0
220 0.02805 8.83443e-05 -1846.85 273.382 5.02942 5.03296 13.4228 19.9316 1503970.0
219 0.02815 8.83447e-05 -1846.86 273.377 5.02934 5.03286 13.1864 19.4563 1502380.0
218 0.02825 8.83441e-05 -1846.85 273.368 5.02916 5.03255 12.7658 18.91 1500320.0
217 0.02835 8.83436e-05 -1846.86 273.36 5.02898 5.03225 12.2391 18.1192 1497450.0
216 0.02845 8.83448e-05 -1846.86 273.348 5.02882 5.03198 11.8116 17.5062 1495140.0
215 0.02855 8.83438e-05 -1846.86 273.348 5.02878 5.03194 11.6827 17.2388 1494130.0
214 0.02865 8.83443e-05 -1846.86 273.341 5.02867 5.03172 11.3984 16.7685 1492550.0
213 0.02875 8.83443e-05 -1846.86 273.334 5.02855 5.03154 11.0719 16.3305 1490840.0
212 0.02885 8.83441e-05 -1846.86 273.329 5.02845 5.03134 10.7132 15.7643 1488790.0
211 0.02895 8.83444e-05 -1846.87 273.321 5.02831 5.03123 10.4623 15.4891 1487440.0
210 0.02905 8.83435e-05 -1846.87 273.316 5.02817 5.03086 10.1396 14.9788 1485480.0
209 0.02915 8.83437e-05 -1846.87 273.307 5.02802 5.03061 9.66533 14.3082 1483110.0
208 0.02925 8.83435e-05 -1846.87 273.303 5.02793 5.03054 9.47284 13.9767 1481940.0
207 0.02935 8.83443e-05 -1846.87 273.298 5.02787 5.03033 9.16117 13.4848 1480090.0
206 0.02945 8.83434e-05 -1846.87 273.291 5.02769 5.03009 8.86706 13.0215 1478760.0
205 0.02955 8.83442e-05 -1846.87 273.285 5.02763 5.02989 8.59565 12.6157 1477000.0
204 0.02965 8.83429e-05 -1846.87 273.281 5.02748 5.02975 8.41364 12.4144 1475830.0
203 0.02975 8.83441e-05 -1846.87 273.281 5.02756 5.02986 8.29676 12.1994 1475100.0
202 0.02985 8.8344e-05 -1846.87 273.276 5.02745 5.02962 8.03702 11.8175 1473560.0
201 0.02995 8.83427e-05 -1846.87 273.268 5.02723 5.02927 7.68457 11.2498 1471670.0
200 0.03005 8.83444e-05 -1846.88 273.262 5.02723 5.0292 7.53821 11.0295 1471010.0
199 0.03015 8.83428e-05 -1846.88 273.261 5.02711 5.02904 7.15308 10.428 1468760.0
198 0.03025 8.83435e-05 -1846.88 273.253 5.02701 5.02887 6.99278 10.1873 1468030.0
197 0.03035 8.83428e-05 -1846.88 273.25 5.02691 5.02881 6.85382 9.95816 1466970.0
196 0.03045 8.83437e-05 -1846.88 273.245 5.02686 5.02858 6.50487 9.52851 1465230.0
195 0.03055 8.83431e-05 -1846.88 273.242 5.02678 5.02859 6.37234 9.32505 1464470.0
194 0.03065 8.83428e-05 -1846.88 273.235 5.02663 5.02834 6.09998 8.97913 1462890.0
193 0.03075 8.83432e-05 -1846.88 273.234 5.02664 5.0283 5.92686 8.71443 1462020.0
192 0.03085 8.83432e-05 -1846.88 273.228 5.02653 5.02822 5.77181 8.47111 1460880.0
191 0.03095 8.83428e-05 -1846.88 273.227 5.02649 5.0281 5.61271 8.28476 1460180.0
190 0.03105 8.83434e-05 -1846.88 273.223 5.02644 5.028 5.39608 7.98268 1459010.0
189 0.03115 8.83428e-05 -1846.89 273.22 5.02636 5.02799 5.35836 7.86031 1458380.0
188 0.03125 8.83429e-05 -1846.89 273.22 5.02636 5.02772 5.24109 7.62027 1457750.0
187 0.03135 8.8343e-05 -1846.89 273.214 5.02625 5.02761 5.00965 7.34033 1456470.0
186 0.03145 8.83427e-05 -1846.89 273.21 5.02617 5.02753 4.81901 7.07133 1455380.0
185 0.03155 8.83429e-05 -1846.89 273.21 5.02619 5.02749 4.77415 6.9739 1455000.0
184 0.03165 8.83424e-05 -1846.89 273.207 5.0261 5.02734 4.68335 6.79621 1454560.0
183 0.03175 8.83429e-05 -1846.89 273.203 5.02605 5.02719 4.47707 6.51134 1453440.0
182 0.03185 8.8343e-05 -1846.89 273.204 5.02608 5.02717 4.49381 6.48655 1453210.0
181 0.03195 8.83424e-05 -1846.89 273.199 5.02595 5.02702 4.20571 6.12133 1451780.0
180 0.03205 8.83425e-05 -1846.89 273.197 5.02591 5.02697 4.15385 6.07197 1451450.0
179 0.03215 8.83419e-05 -1846.89 273.194 5.02583 5.02685 4.0473 5.88617 1450800.0
178 0.03225 8.83431e-05 -1846.9 273.189 5.02581 5.02681 3.81702 5.5797 1449550.0
177 0.03235 8.83427e-05 -1846.89 273.191 5.02583 5.02676 3.83324 5.59495 1449570.0
176 0.03245 8.8342e-05 -1846.89 273.187 5.0257 5.02655 3.6615 5.37042 1448750.0
175 0.03255 8.83424e-05 -1846.89 273.182 5.02563 5.02628 3.45833 5.01494 1447560.0
174 0.03265 8.83422e-05 -1846.89 273.181 5.02561 5.02634 3.35895 4.95035 1447150.0
173 0.03275 8.83426e-05 -1846.9 273.18 5.02561 5.02631 3.19398 4.70407 1446340.0
172 0.03285 8.83422e-05 -1846.9 273.177 5.02553 5.02618 3.19523 4.6638 1446230.0
171 0.03295 8.83423e-05 -1846.89 273.175 5.02551 5.02621 3.07203 4.49484 1445620.0
170 0.03305 8.83426e-05 -1846.9 273.172 5.02547 5.026 2.88403 4.27735 1444570.0
169 0.03315 8.83424e-05 -1846.9 273.173 5.02547 5.02609 2.92194 4.3315 1444740.0
168 0.03325 8.83424e-05 -1846.9 273.17 5.02542 5.026 2.83257 4.213 1444260.0
167 0.03335 8.83418e-05 -1846.9 273.169 5.02536 5.02584 2.70318 4.01151 1443530.0
166 0.03345 8.83421e-05 -1846.9 273.169 5.02537 5.02585 2.76505 4.08064 1443630.0
165 0.03355 8.83428e-05 -1846.9 273.169 5.02542 5.02597 2.74626 4.06471 1443490.0
164 0.03365 8.83411e-05 -1846.9 273.166 5.02526 5.02583 2.644 3.90627 1442870.0
163 0.03375 8.83425e-05 -1846.9 273.169 5.0254 5.02605 2.67592 3.96476 1443080.0
162 0.03385 8.83426e-05 -1846.9 273.166 5.02535 5.02592 2.61468 3.84369 1442600.0
161 0.03395 8.83414e-05 -1846.9 273.165 5.02526 5.02596 2.53308 3.74888 1442180.0
160 0.03405 8.83431e-05 -1846.9 273.16 5.02527 5.02586 2.35572 3.48315 1441330.0
159 0.03415 8.83412e-05 -1846.9 273.161 5.02517 5.02567 2.31307 3.39336 1441040.0
158 0.03425 8.83415e-05 -1846.9 273.155 5.0251 5.02566 2.17884 3.23638 1440420.0
157 0.03435 8.83422e-05 -1846.9 273.159 5.02519 5.02571 2.13899 3.13602 1440090.0
156 0.03445 8.83423e-05 -1846.9 273.156 5.02516 5.02574 2.16246 3.15473 1440190.0
155 0.03455 8.8342e-05 -1846.9 273.154 5.02509 5.02564 2.00919 2.98353 1439550.0
154 0.03465 8.83422e-05 -1846.9 273.156 5.02514 5.02557 2.05763 2.98853 1439670.0
153 0.03475 8.83414e-05 -1846.9 273.151 5.025 5.02549 1.92482 2.8153 1438900.0
152 0.03485 8.83417e-05 -1846.9 273.154 5.02507 5.02554 1.89009 2.78533 1438700.0
151 0.03495 8.83428e-05 -1846.9 273.152 5.0251 5.02558 1.94051 2.85126 1438780.0
150 0.03505 8.83417e-05 -1846.9 273.149 5.02499 5.02546 1.87424 2.76445 1438300.0
149 0.03515 8.8342e-05 -1846.9 273.149 5.02501 5.02545 1.75546 2.60927 1437860.0
148 0.03525 8.83424e-05 -1846.9 273.148 5.02502 5.02546 1.74277 2.60413 1437640.0
147 0.03535 8.8342e-05 -1846.9 273.149 5.025 5.02539 1.75281 2.55135 1437540.0
146 0.03545 8.83421e-05 -1846.9 273.148 5.02499 5.02545 1.66476 2.47035 1437190.0
145 0.03555 8.83425e-05 -1846.9 273.146 5.02498 5.02537 1.61827 2.43122 1436850.0
144 0.03565 8.83416e-05 -1846.9 273.145 5.02491 5.02533 1.51837 2.25481 1436460.0
143 0.03575 8.8342e-05 -1846.9 273.144 5.02492 5.02523 1.53999 2.27473 1436420.0
142 0.03585 8.83427e-05 -1846.9 273.145 5.02497 5.02532 1.56679 2.25754 1436470.0
141 0.03595 8.83417e-05 -1846.9 273.144 5.0249 5.02517 1.5643 2.20209 1436260.0
140 0.03605 8.83425e-05 -1846.9 273.143 5.02493 5.02518 1.43707 2.06533 1435770.0
139 0.03615 8.83425e-05 -1846.9 273.141 5.02489 5.02518 1.39253 2.03541 1435540.0
138 0.03625 8.83411e-05 -1846.9 273.141 5.0248 5.02505 1.38055 1.97373 1435400.0
137 0.03635 8.83416e-05 -1846.9 273.14 5.02481 5.02503 1.33349 1.88493 1435130.0
136 0.03645 8.83424e-05 -1846.9 273.14 5.02486 5.02512 1.39237 1.8999 1435220.0
135 0.03655 8.83414e-05 -1846.9 273.139 5.02479 5.02492 1.25217 1.74632 1434550.0
134 0.03665 8.83417e-05 -1846.9 273.136 5.02476 5.02493 1.23504 1.72517 1434390.0
133 0.03675 8.83415e-05 -1846.9 273.136 5.02474 5.0249 1.18098 1.66857 1434130.0
132 0.03685 8.83423e-05 -1846.91 273.135 5.02477 5.02485 1.14137 1.61612 1433940.0
131 0.03695 8.83418e-05 -1846.9 273.135 5.02474 5.02485 1.10773 1.57768 1433730.0
130 0.03705 8.83416e-05 -1846.9 273.134 5.0247 5.02484 1.08218 1.55598 1433620.0
129 0.03715 8.83422e-05 -1846.91 273.133 5.02472 5.02483 1.05551 1.51382 1433380.0
128 0.03725 8.83409e-05 -1846.9 273.133 5.02466 5.02475 1.03764 1.47155 1433290.0
127 0.03735 8.83417e-05 -1846.91 273.134 5.02471 5.02474 1.0526 1.47223 1433180.0
126 0.03745 8.83417e-05 -1846.91 273.131 5.02466 5.02469 1.0065 1.43539 1433020.0
125 0.03755 8.83414e-05 -1846.91 273.13 5.02462 5.02467 0.975034 1.36624 1432760.0
124 0.03765 8.83417e-05 -1846.91 273.133 5.02468 5.02471 0.94792 1.28601 1432540.0
123 0.03775 8.83417e-05 -1846.91 273.13 5.02464 5.02458 0.920672 1.30473 1432530.0
122 0.03785 8.83418e-05 -1846.9 273.13 5.02465 5.02468 0.929782 1.34359 1432430.0
121 0.03795 8.83417e-05 -1846.91 273.132 5.02467 5.02463 0.999686 1.40088 1432610.0
120 0.03805 8.83412e-05 -1846.91 273.13 5.02462 5.02462 0.904588 1.30151 1432300.0
119 0.03815 8.83418e-05 -1846.91 273.131 5.02466 5.02467 0.948191 1.35631 1432260.0
118 0.03825 8.83418e-05 -1846.9 273.134 5.02471 5.0247 0.9679 1.32455 1432370.0
117 0.03835 8.83422e-05 -1846.91 273.13 5.02466 5.02462 0.871779 1.22216 1432010.0
116 0.03845 8.83417e-05 -1846.9 273.129 5.02461 5.02457 0.864395 1.23299 1431930.0
115 0.03855 8.83415e-05 -1846.91 273.13 5.02463 5.02463 0.879602 1.23382 1431960.0
114 0.03865 8.83418e-05 -1846.91 273.127 5.0246 5.0246 0.852135 1.2111 1431660.0
113 0.03875 8.8342e-05 -1846.91 273.128 5.02462 5.02457 0.774607 1.13184 1431500.0
112 0.03885 8.83412e-05 -1846.9 273.13 5.02461 5.02458 0.857347 1.14489 1431690.0
111 0.03895 8.83417e-05 -1846.91 273.128 5.02461 5.02453 0.719732 1.0546 1431180.0
110 0.03905 8.83421e-05 -1846.91 273.126 5.02458 5.02448 0.720645 1.03102 1431110.0
109 0.03915 8.83419e-05 -1846.91 273.127 5.0246 5.02447 0.731642 1.0573 1431040.0
108 0.03925 8.83416e-05 -1846.91 273.128 5.02459 5.02442 0.724919 1.06673 1431020.0
107 0.03935 8.83417e-05 -1846.91 273.126 5.02457 5.02439 0.690699 1.01577 1430860.0
106 0.03945 8.83415e-05 -1846.91 273.127 5.02457 5.02436 0.640652 0.986556 1430650.0
105 0.03955 8.83419e-05 -1846.91 273.122 5.0245 5.02422 0.643862 0.961616 1430600.0
104 0.03965 8.83411e-05 -1846.91 273.127 5.02455 5.02426 0.691353 0.992098 1430740.0
103 0.03975 8.83414e-05 -1846.91 273.127 5.02456 5.0243 0.655395 0.956132 1430590.0
102 0.03985 8.83419e-05 -1846.91 273.125 5.02455 5.02427 0.611306 0.935397 1430380.0
101 0.03995 8.8342e-05 -1846.91 273.125 5.02457 5.02428 0.621616 0.921323 1430410.0
100 0.04005 8.83422e-05 -1846.91 273.125 5.02457 5.02421 0.601095 0.926802 1430250.0
99 0.04015 8.83411e-05 -1846.91 273.125 5.02451 5.02418 0.5945 0.896407 1430190.0
98 0.04025 8.83414e-05 -1846.91 273.125 5.02453 5.02419 0.566076 0.873921 1430110.0
97 0.04035 8.83419e-05 -1846.91 273.124 5.02454 5.02418 0.560552 0.835787 1429990.0
96 0.04045 8.83418e-05 -1846.91 273.127 5.02459 5.0242 0.544596 0.823452 1430070.0
95 0.04055 8.8342e-05 -1846.91 273.124 5.02455 5.02418 0.569912 0.833724 1430010.0
94 0.04065 8.83421e-05 -1846.91 273.124 5.02454 5.02417 0.534023 0.813966 1429860.0
93 0.04075 8.83414e-05 -1846.91 273.123 5.0245 5.02411 0.511092 0.786032 1429870.0
92 0.04085 8.83419e-05 -1846.91 273.124 5.02454 5.02405 0.492657 0.74285 1429690.0
91 0.04095 8.83416e-05 -1846.91 273.125 5.02454 5.02409 0.512466 0.749062 1429750.0
90 0.04105 8.83422e-05 -1846.91 273.125 5.02457 5.0241 0.545826 0.798426 1429860.0
89 0.04115 8.83409e-05 -1846.91 273.124 5.02449 5.02408 0.525376 0.789093 1429750.0
88 0.04125 8.83418e-05 -1846.91 273.124 5.02453 5.02416 0.512672 0.804928 1429660.0
87 0.04135 8.83415e-05 -1846.91 273.124 5.02451 5.02407 0.491063 0.757753 1429600.0
86 0.04145 8.83418e-05 -1846.91 273.124 5.02453 5.02406 0.490024 0.759368 1429520.0
85 0.04155 8.83415e-05 -1846.91 273.124 5.02452 5.02404 0.480901 0.776546 1429510.0
84 0.04165 8.83411e-05 -1846.91 273.123 5.02447 5.02402 0.487698 0.744479 1429410.0
83 0.04175 8.83418e-05 -1846.91 273.125 5.02456 5.02409 0.468682 0.734721 1429400.0
82 0.04185 8.8341e-05 -1846.91 273.123 5.02447 5.02406 0.464282 0.734757 1429470.0
81 0.04195 8.83429e-05 -1846.91 273.122 5.02455 5.02405 0.462184 0.730543 1429300.0
80 0.04205 8.83404e-05 -1846.91 273.122 5.02441 5.02399 0.427468 0.703212 1429210.0
79 0.04215 8.83418e-05 -1846.91 273.121 5.02449 5.02399 0.415417 0.689977 1429200.0
78 0.04225 8.83419e-05 -1846.91 273.121 5.02449 5.024 0.437198 0.679813 1429180.0
77 0.04235 8.83415e-05 -1846.91 273.125 5.02454 5.02393 0.438966 0.68313 1429090.0
76 0.04245 8.83412e-05 -1846.91 273.121 5.02444 5.02392 0.454131 0.676629 1429170.0
75 0.04255 8.83418e-05 -1846.91 273.123 5.02452 5.02402 0.452472 0.68745 1429110.0
74 0.04265 8.83416e-05 -1846.91 273.122 5.02449 5.02393 0.426426 0.669769 1428980.0
73 0.04275 8.83416e-05 -1846.91 273.122 5.02448 5.02389 0.41642 0.63959 1429010.0
72 0.04285 8.83419e-05 -1846.91 273.12 5.02447 5.02388 0.416629 0.648471 1428960.0
71 0.04295 8.83413e-05 -1846.91 273.123 5.02448 5.02385 0.399992 0.636509 1428860.0
70 0.04305 8.83412e-05 -1846.91 273.119 5.02442 5.02383 0.409793 0.656759 1428860.0
69 0.04315 8.83418e-05 -1846.91 273.122 5.0245 5.02394 0.377989 0.5919 1428850.0
68 0.04325 8.83416e-05 -1846.91 273.12 5.02445 5.02392 0.406405 0.634814 1428860.0
67 0.04335 8.83414e-05 -1846.91 273.122 5.02448 5.02399 0.413085 0.644725 1428920.0
66 0.04345 8.83418e-05 -1846.91 273.121 5.02449 5.0239 0.435497 0.647856 1428810.0
65 0.04355 8.83413e-05 -1846.91 273.122 5.02447 5.02397 0.410373 0.647922 1428840.0
64 0.04365 8.83414e-05 -1846.91 273.122 5.02448 5.02393 0.419618 0.660752 1428840.0
63 0.04375 8.83416e-05 -1846.91 273.119 5.02443 5.02387 0.430492 0.675969 1428820.0
62 0.04385 8.83417e-05 -1846.91 273.121 5.02448 5.02383 0.415194 0.651812 1428810.0
61 0.04395 8.8341e-05 -1846.91 273.12 5.02442 5.02384 0.444544 0.681857 1428810.0
60 0.04405 8.83425e-05 -1846.91 273.12 5.0245 5.02393 0.449783 0.716958 1428820.0
59 0.04415 8.8341e-05 -1846.91 273.122 5.02445 5.02384 0.41515 0.683191 1428780.0
58 0.04425 8.83413e-05 -1846.91 273.122 5.02447 5.02391 0.410804 0.641418 1428780.0
57 0.04435 8.83423e-05 -1846.91 273.12 5.02448 5.02392 0.40835 0.668947 1428670.0
56 0.04445 8.83419e-05 -1846.91 273.122 5.0245 5.02395 0.403168 0.637388 1428660.0
55 0.04455 8.8341e-05 -1846.91 273.118 5.02438 5.02386 0.395763 0.610029 1428660.0
54 0.04465 8.83425e-05 -1846.91 273.119 5.02448 5.02388 0.401413 0.623239 1428570.0
53 0.04475 8.83412e-05 -1846.91 273.121 5.02444 5.0239 0.376052 0.64322 1428530.0
52 0.04485 8.8341e-05 -1846.91 273.118 5.02439 5.02381 0.360614 0.609959 1428480.0
51 0.04495 8.83414e-05 -1846.91 273.12 5.02444 5.0238 0.382174 0.638599 1428400.0
50 0.04505 8.83415e-05 -1846.91 273.116 5.02438 5.02376 0.365237 0.633521 1428420.0
49 0.04515 8.83418e-05 -1846.91 273.122 5.0245 5.0238 0.367562 0.631745 1428440.0
48 0.04525 8.83413e-05 -1846.91 273.118 5.0244 5.02372 0.367831 0.599537 1428380.0
47 0.04535 8.83417e-05 -1846.91 273.119 5.02444 5.02383 0.387808 0.641634 1428420.0
46 0.04545 8.83411e-05 -1846.91 273.12 5.02441 5.02377 0.379598 0.607978 1428420.0
45 0.04555 8.83418e-05 -1846.91 273.116 5.02439 5.02377 0.355077 0.599789 1428330.0
44 0.04565 8.83418e-05 -1846.91 273.12 5.02446 5.02388 0.359364 0.573106 1428370.0
43 0.04575 8.83409e-05 -1846.91 273.118 5.02438 5.02373 0.367042 0.596178 1428280.0
42 0.04585 8.83414e-05 -1846.91 273.118 5.0244 5.02381 0.386298 0.610151 1428320.0
41 0.04595 8.83421e-05 -1846.91 273.119 5.02446 5.02382 0.371457 0.610236 1428270.0
40 0.04605 8.83417e-05 -1846.91 273.119 5.02444 5.02378 0.378438 0.602457 1428260.0
39 0.04615 8.83415e-05 -1846.91 273.118 5.0244 5.02368 0.388062 0.6197 1428210.0
38 0.04625 8.83414e-05 -1846.91 273.12 5.02443 5.0237 0.38595 0.62154 1428230.0
37 0.04635 8.83415e-05 -1846.91 273.12 5.02444 5.02376 0.421881 0.667379 1428230.0
36 0.04645 8.83409e-05 -1846.91 273.118 5.02438 5.02363 0.408373 0.64568 1428160.0
35 0.04655 8.83414e-05 -1846.91 273.117 5.02439 5.02367 0.404883 0.656537 1428160.0
34 0.04665 8.83419e-05 -1846.91 273.119 5.02445 5.02376 0.390507 0.622409 1428140.0
33 0.04675 8.83414e-05 -1846.91 273.12 5.02444 5.02368 0.385729 0.664967 1428130.0
32 0.04685 8.83412e-05 -1846.91 273.117 5.02438 5.02364 0.365169 0.650471 1428030.0
31 0.04695 8.8342e-05 -1846.91 273.119 5.02445 5.02379 0.348511 0.621216 1427990.0
30 0.04705 8.83414e-05 -1846.91 273.118 5.02439 5.02363 0.329205 0.586301 1427900.0
29 0.04715 8.83414e-05 -1846.91 273.117 5.02438 5.02369 0.332068 0.622127 1427910.0
28 0.04725 8.83407e-05 -1846.91 273.116 5.02433 5.02363 0.311735 0.594264 1427850.0
27 0.04735 8.83419e-05 -1846.91 273.118 5.02443 5.02361 0.322263 0.599085 1427830.0
26 0.04745 8.83416e-05 -1846.91 273.115 5.02436 5.02358 0.285129 0.578676 1427780.0
25 0.04755 8.83412e-05 -1846.91 273.117 5.02438 5.02351 0.290593 0.544694 1427760.0
24 0.04765 8.83415e-05 -1846.91 273.116 5.02438 5.02355 0.259125 0.522504 1427750.0
23 0.04775 8.83416e-05 -1846.91 273.114 5.02433 5.02349 0.265807 0.504368 1427640.0
22 0.04785 8.83414e-05 -1846.91 273.117 5.02438 5.02349 0.236165 0.485518 1427640.0
21 0.04795 8.83418e-05 -1846.91 273.117 5.0244 5.02344 0.224721 0.472401 1427600.0
20 0.04805 8.83413e-05 -1846.92 273.114 5.02432 5.02341 0.244204 0.470547 1427560.0
19 0.04815 8.83416e-05 -1846.91 273.114 5.02435 5.02335 0.226429 0.473026 1427500.0
18 0.04825 8.83415e-05 -1846.91 273.114 5.02433 5.02328 0.220189 0.435346 1427480.0
17 0.04835 8.83412e-05 -1846.91 273.115 5.02434 5.02324 0.2338 0.434145 1427420.0
16 0.04845 8.83415e-05 -1846.92 273.117 5.02438 5.02334 0.227219 0.432324 1427470.0
15 0.04855 8.83411e-05 -1846.91 273.114 5.02432 5.02324 0.225391 0.408955 1427420.0
14 0.04865 8.83409e-05 -1846.92 273.115 5.02432 5.02324 0.200519 0.394149 1427360.0
13 0.04875 8.83417e-05 -1846.92 273.116 5.02437 5.02321 0.19657 0.360283 1427320.0
12 0.04885 8.83414e-05 -1846.91 273.113 5.0243 5.02313 0.172853 0.328151 1427260.0
11 0.04895 8.83409e-05 -1846.92 273.116 5.02434 5.02313 0.168568 0.32783 1427220.0
10 0.04905 8.83418e-05 -1846.92 273.112 5.02431 5.0231 0.16269 0.318392 1427190.0
9 0.04915 8.83409e-05 -1846.92 273.113 5.02429 5.02303 0.154102 0.259078 1427130.0
8 0.04925 8.83411e-05 -1846.92 273.115 5.02433 5.02304 0.138073 0.260113 1427080.0
7 0.04935 8.83418e-05 -1846.92 273.114 5.02436 5.0231 0.141773 0.264316 1427040.0
6 0.04945 8.83402e-05 -1846.92 273.113 5.02424 5.02291 0.133176 0.2309 1426970.0
5 0.04955 8.83421e-05 -1846.92 273.114 5.02436 5.02297 0.107663 0.194405 1426910.0
4 0.04965 8.83414e-05 -1846.92 273.11 5.02426 5.0229 0.108694 0.163777 1426840.0
3 0.04975 8.83411e-05 -1846.92 273.112 5.02427 5.02283 0.0741668 0.107248 1426800.0
2 0.04985 8.83411e-05 -1846.92 273.112 5.02428 5.0228 0.0741771 0.0965781 1426750.0
1 0.04995 8.83404e-05 -1846.92 273.111 5.02423 5.02276 0.0346997 0.0385288 1426730.0
