TITLE = "DSMC"
VARIABLES = "ID" "X" "rho" "v1" "Ttrans" "p" "p1" "q1" "mv1v1v1" "mvvv1v1"
ZONE T="Ma=6.0_inv", I=800, J=1, K=1, F=POINT
800 -0.02995 0.000326184 -500.209 3308.82 224.753 224.745 -2.30256 -6.69066 774281000.0
799 -0.02985 0.000326208 -500.174 3308.76 224.766 224.752 -13.676 -31.0983 774300000.0
798 -0.02975 0.000326207 -500.175 3308.69 224.761 224.751 -16.8878 -27.0874 774295000.0
797 -0.02965 0.000326188 -500.206 3308.79 224.754 224.748 -8.09374 -11.3871 774302000.0
796 -0.02955 0.000326203 -500.183 3308.72 224.76 224.753 -15.1348 -24.03 774306000.0
795 -0.02945 0.000326202 -500.184 3308.83 224.766 224.75 -10.8484 -26.6487 774292000.0
794 -0.02935 0.000326199 -500.187 3308.9 224.768 224.751 -3.24148 -19.5396 774292000.0
793 -0.02925 0.000326204 -500.183 3308.85 224.769 224.753 -12.2296 -27.066 774289000.0
792 -0.02915 0.000326196 -500.194 3308.78 224.759 224.75 -9.60472 -13.3609 774275000.0
791 -0.02905 0.000326186 -500.207 3308.78 224.752 224.746 -6.00814 -2.90505 774272000.0
790 -0.02895 0.000326169 -500.234 3308.93 224.75 224.741 5.19145 7.79113 774261000.0
789 -0.02885 0.00032618 -500.214 3308.81 224.75 224.745 -4.64762 -5.08028 774265000.0
788 -0.02875 0.000326188 -500.205 3308.66 224.745 224.748 -14.5599 -8.04982 774268000.0
787 -0.02865 0.000326193 -500.194 3308.74 224.754 224.749 -10.8951 -12.7997 774278000.0
786 -0.02855 0.000326177 -500.216 3308.81 224.747 224.748 -4.42913 0.902664 774294000.0
785 -0.02845 0.000326176 -500.22 3308.8 224.746 224.747 -1.86922 3.94261 774291000.0
784 -0.02835 0.000326179 -500.219 3308.78 224.746 224.746 -6.78044 -4.66876 774288000.0
783 -0.02825 0.000326169 -500.228 3308.87 224.746 224.744 3.47182 7.50391 774293000.0
782 -0.02815 0.000326157 -500.25 3308.97 224.745 224.743 11.264 17.7611 774310000.0
781 -0.02805 0.000326159 -500.244 3309.02 224.75 224.741 14.5186 14.2011 774303000.0
780 -0.02795 0.00032617 -500.227 3308.86 224.746 224.744 3.73573 2.28201 774314000.0
779 -0.02785 0.00032617 -500.229 3308.9 224.749 224.745 5.23484 2.13527 774321000.0
778 -0.02775 0.000326162 -500.239 3308.92 224.745 224.743 8.32519 9.2577 774307000.0
777 -0.02765 0.000326179 -500.219 3308.97 224.76 224.747 4.37903 -2.3083 774318000.0
776 -0.02755 0.000326172 -500.22 3308.99 224.756 224.743 11.5856 9.19033 774310000.0
775 -0.02745 0.000326178 -500.216 3308.95 224.758 224.746 4.59322 2.57494 774319000.0
774 -0.02735 0.000326188 -500.202 3309.0 224.769 224.749 3.94429 -5.081 774325000.0
773 -0.02725 0.000326201 -500.182 3308.85 224.767 224.75 -5.54658 -17.4513 774308000.0
772 -0.02715 0.000326202 -500.18 3308.79 224.763 224.751 -10.4544 -21.8534 774314000.0
771 -0.02705 0.000326187 -500.2 3308.86 224.758 224.747 -1.68762 -6.91398 774307000.0
770 -0.02695 0.000326178 -500.22 3308.92 224.756 224.745 2.73805 1.02372 774304000.0
769 -0.02685 0.000326193 -500.197 3308.89 224.764 224.75 -1.28354 -10.2333 774335000.0
768 -0.02675 0.000326196 -500.188 3308.95 224.77 224.75 -2.02037 -15.2045 774328000.0
767 -0.02665 0.000326203 -500.18 3308.88 224.77 224.751 -6.98031 -18.0115 774326000.0
766 -0.02655 0.000326203 -500.183 3308.77 224.763 224.75 -11.0333 -18.0986 774315000.0
765 -0.02645 0.000326184 -500.212 3308.86 224.756 224.746 0.356147 -6.79949 774311000.0
764 -0.02635 0.000326185 -500.211 3308.91 224.76 224.746 1.35024 -7.92676 774313000.0
763 -0.02625 0.000326193 -500.201 3308.93 224.767 224.748 1.21465 -15.5913 774319000.0
762 -0.02615 0.000326201 -500.187 3308.89 224.769 224.751 -3.2393 -23.9071 774324000.0
761 -0.02605 0.000326196 -500.2 3308.9 224.766 224.749 -1.21395 -24.5837 774326000.0
760 -0.02595 0.0003262 -500.184 3308.82 224.764 224.75 -6.83162 -25.8304 774307000.0
759 -0.02585 0.000326181 -500.217 3308.85 224.753 224.746 -2.181 -12.1573 774302000.0
758 -0.02575 0.000326175 -500.228 3308.83 224.748 224.746 2.0404 -0.953649 774302000.0
757 -0.02565 0.000326183 -500.211 3308.85 224.755 224.743 -1.4722 -12.809 774288000.0
756 -0.02555 0.000326191 -500.203 3308.82 224.758 224.748 -3.49196 -16.6158 774291000.0
755 -0.02545 0.000326185 -500.214 3308.8 224.752 224.747 -4.37419 -12.6414 774305000.0
754 -0.02535 0.000326175 -500.23 3308.82 224.747 224.743 -0.458659 -8.46115 774292000.0
753 -0.02525 0.000326188 -500.208 3308.64 224.743 224.747 -13.1309 -22.3162 774287000.0
752 -0.02515 0.000326178 -500.224 3308.69 224.74 224.747 -8.44397 -14.4742 774290000.0
751 -0.02505 0.000326176 -500.225 3308.72 224.741 224.744 -2.75253 -8.42196 774277000.0
750 -0.02495 0.000326186 -500.208 3308.75 224.749 224.747 -5.87124 -16.264 774284000.0
749 -0.02485 0.000326182 -500.217 3308.65 224.74 224.745 -11.6263 -17.5282 774282000.0
748 -0.02475 0.000326182 -500.219 3308.84 224.753 224.745 1.45051 -13.5585 774282000.0
747 -0.02465 0.000326175 -500.231 3308.9 224.752 224.745 6.68249 -4.30212 774302000.0
746 -0.02455 0.000326173 -500.236 3308.91 224.752 224.744 6.93816 0.787803 774294000.0
745 -0.02445 0.000326184 -500.219 3308.99 224.765 224.747 8.07394 -7.8494 774316000.0
744 -0.02435 0.000326173 -500.234 3308.84 224.747 224.744 3.90641 4.65468 774294000.0
743 -0.02425 0.000326165 -500.25 3308.83 224.74 224.743 4.78515 6.45785 774307000.0
742 -0.02415 0.000326166 -500.246 3308.98 224.751 224.742 13.6075 9.68925 774315000.0
741 -0.02405 0.000326175 -500.23 3308.92 224.754 224.742 7.67487 -0.228179 774303000.0
740 -0.02395 0.000326179 -500.229 3308.98 224.761 224.744 9.13959 -4.46323 774322000.0
739 -0.02385 0.000326199 -500.195 3308.94 224.771 224.75 1.23703 -16.5166 774323000.0
738 -0.02375 0.000326203 -500.192 3308.96 224.776 224.752 -0.714092 -20.0652 774333000.0
737 -0.02365 0.000326184 -500.221 3309.11 224.773 224.747 14.465 -0.79123 774331000.0
736 -0.02355 0.000326195 -500.201 3308.95 224.77 224.748 1.95539 -14.0422 774320000.0
735 -0.02345 0.000326186 -500.213 3308.86 224.757 224.748 0.288684 -4.81556 774314000.0
734 -0.02335 0.000326179 -500.224 3308.89 224.754 224.744 2.99414 0.838548 774302000.0
733 -0.02325 0.000326176 -500.232 3308.87 224.751 224.744 5.78244 3.88786 774310000.0
732 -0.02315 0.000326181 -500.225 3308.85 224.753 224.746 2.41553 -4.28544 774309000.0
731 -0.02305 0.000326177 -500.229 3308.79 224.746 224.744 1.91278 2.62339 774297000.0
730 -0.02295 0.000326193 -500.207 3308.71 224.752 224.75 -7.08663 -8.27087 774295000.0
729 -0.02285 0.000326183 -500.216 3308.69 224.744 224.745 -7.40609 0.463439 774261000.0
728 -0.02275 0.000326182 -500.221 3308.56 224.734 224.747 -11.5158 0.290218 774266000.0
727 -0.02265 0.000326192 -500.207 3308.74 224.753 224.749 -9.14966 -10.2763 774281000.0
726 -0.02255 0.000326201 -500.192 3308.66 224.754 224.748 -14.2882 -17.3834 774257000.0
725 -0.02245 0.0003262 -500.19 3308.74 224.759 224.752 -12.1325 -18.3954 774273000.0
724 -0.02235 0.000326191 -500.204 3308.75 224.753 224.747 -4.5055 -4.32831 774265000.0
723 -0.02225 0.000326181 -500.22 3308.75 224.747 224.748 -2.51446 3.03989 774281000.0
722 -0.02215 0.00032618 -500.223 3308.75 224.745 224.747 -0.826359 6.66957 774280000.0
721 -0.02205 0.000326198 -500.194 3308.76 224.758 224.75 -8.03403 -15.8165 774294000.0
720 -0.02195 0.000326191 -500.205 3308.77 224.755 224.748 -4.23443 -10.8268 774277000.0
719 -0.02185 0.000326185 -500.218 3308.88 224.758 224.748 3.39083 0.0161346 774307000.0
718 -0.02175 0.000326192 -500.207 3308.87 224.762 224.75 0.825091 -7.55164 774297000.0
717 -0.02165 0.000326182 -500.218 3308.71 224.744 224.745 -3.42725 1.69058 774272000.0
716 -0.02155 0.000326177 -500.223 3308.75 224.743 224.744 -2.19402 3.34005 774278000.0
715 -0.02145 0.000326186 -500.215 3308.82 224.755 224.749 -2.67536 -4.67615 774293000.0
714 -0.02135 0.000326199 -500.194 3308.86 224.766 224.753 -4.2825 -14.0243 774292000.0
713 -0.02125 0.000326184 -500.214 3308.69 224.745 224.746 -6.04361 -0.16359 774273000.0
712 -0.02115 0.000326195 -500.202 3308.83 224.761 224.751 -3.68398 -8.55425 774300000.0
711 -0.02105 0.000326194 -500.2 3308.79 224.758 224.747 -4.12122 -6.56149 774281000.0
710 -0.02095 0.00032621 -500.175 3308.84 224.772 224.752 -6.60544 -22.9761 774302000.0
709 -0.02085 0.000326181 -500.218 3308.9 224.756 224.743 7.27173 0.763282 774288000.0
708 -0.02075 0.000326189 -500.21 3309.05 224.772 224.748 8.41553 -8.90722 774305000.0
707 -0.02065 0.000326192 -500.202 3308.88 224.762 224.748 1.95061 -8.34625 774305000.0
706 -0.02055 0.000326202 -500.193 3308.87 224.769 224.754 -3.5894 -15.3718 774320000.0
705 -0.02045 0.000326197 -500.195 3308.87 224.766 224.747 -2.55894 -13.2599 774289000.0
704 -0.02035 0.000326198 -500.197 3308.85 224.765 224.75 -2.67337 -11.3102 774307000.0
703 -0.02025 0.000326177 -500.224 3308.94 224.757 224.746 8.55594 8.76037 774292000.0
702 -0.02015 0.000326184 -500.219 3308.94 224.761 224.749 4.46107 7.453 774306000.0
701 -0.02005 0.000326191 -500.204 3308.94 224.766 224.748 3.3813 -2.46331 774300000.0
700 -0.01995 0.000326193 -500.203 3308.95 224.768 224.749 2.48864 2.43979 774303000.0
699 -0.01985 0.000326174 -500.229 3309.07 224.764 224.744 16.8652 20.6456 774303000.0
698 -0.01975 0.000326192 -500.203 3308.99 224.77 224.75 4.47676 3.36622 774320000.0
697 -0.01965 0.000326173 -500.232 3308.97 224.755 224.745 11.9866 23.3518 774305000.0
696 -0.01955 0.000326167 -500.244 3308.92 224.748 224.741 9.42617 27.0561 774282000.0
695 -0.01945 0.000326193 -500.201 3308.83 224.76 224.748 -3.39733 2.79042 774282000.0
694 -0.01935 0.000326192 -500.199 3308.82 224.759 224.749 -3.13552 4.81412 774282000.0
693 -0.01925 0.000326203 -500.185 3308.78 224.764 224.752 -7.65173 -7.1413 774275000.0
692 -0.01915 0.000326219 -500.163 3308.63 224.764 224.755 -21.7 -19.3578 774271000.0
691 -0.01905 0.000326221 -500.156 3308.64 224.766 224.756 -19.9021 -26.4417 774283000.0
690 -0.01895 0.000326195 -500.201 3308.89 224.765 224.75 0.0737352 -3.22625 774290000.0
689 -0.01885 0.000326185 -500.21 3308.94 224.762 224.746 7.47295 5.22755 774290000.0
688 -0.01875 0.000326193 -500.202 3308.94 224.767 224.749 3.48007 -0.765886 774292000.0
687 -0.01865 0.000326195 -500.202 3308.85 224.763 224.751 -1.77289 -2.02794 774294000.0
686 -0.01855 0.000326207 -500.181 3308.83 224.77 224.754 -5.00361 -11.8072 774296000.0
685 -0.01845 0.000326194 -500.197 3308.91 224.766 224.749 0.629278 0.119215 774293000.0
684 -0.01835 0.000326181 -500.22 3308.83 224.752 224.747 1.6407 14.0949 774282000.0
683 -0.01825 0.000326178 -500.221 3308.78 224.746 224.746 1.5576 19.1396 774269000.0
682 -0.01815 0.000326194 -500.2 3308.97 224.77 224.751 3.37048 -0.125752 774304000.0
681 -0.01805 0.000326202 -500.188 3308.86 224.768 224.751 -5.84271 -7.26192 774288000.0
680 -0.01795 0.000326185 -500.211 3308.97 224.764 224.747 5.77931 8.08452 774293000.0
679 -0.01785 0.000326194 -500.193 3308.99 224.772 224.749 5.42108 -1.9584 774292000.0
678 -0.01775 0.000326195 -500.198 3308.93 224.768 224.75 0.348238 -4.33979 774295000.0
677 -0.01765 0.000326193 -500.197 3308.83 224.76 224.748 -2.14314 -1.36107 774284000.0
676 -0.01755 0.000326195 -500.195 3308.78 224.758 224.748 -7.34306 -5.4619 774268000.0
675 -0.01745 0.000326203 -500.186 3308.85 224.768 224.751 -5.64039 -12.2527 774286000.0
674 -0.01735 0.000326196 -500.193 3308.9 224.767 224.751 -1.32492 -4.67971 774286000.0
673 -0.01725 0.000326212 -500.17 3308.84 224.774 224.753 -8.70067 -15.0796 774283000.0
672 -0.01715 0.000326206 -500.18 3308.95 224.777 224.753 -1.55241 -9.38367 774302000.0
671 -0.01705 0.000326195 -500.199 3308.88 224.765 224.748 0.891105 -2.35754 774285000.0
670 -0.01695 0.000326187 -500.208 3309.02 224.769 224.749 6.52593 -3.76841 774303000.0
669 -0.01685 0.000326171 -500.239 3309.07 224.761 224.742 16.4287 14.0706 774279000.0
668 -0.01675 0.000326164 -500.245 3309.04 224.754 224.742 16.098 15.3568 774283000.0
667 -0.01665 0.00032616 -500.252 3308.96 224.746 224.741 13.6569 25.2456 774273000.0
666 -0.01655 0.000326161 -500.25 3308.92 224.744 224.741 13.8367 27.8206 774277000.0
665 -0.01645 0.000326173 -500.231 3308.94 224.753 224.742 9.34965 17.0831 774277000.0
664 -0.01635 0.000326173 -500.234 3308.88 224.75 224.744 6.74764 15.5002 774274000.0
663 -0.01625 0.000326167 -500.242 3309.02 224.755 224.743 15.0446 27.4465 774287000.0
662 -0.01615 0.000326181 -500.214 3309.04 224.766 224.742 11.713 10.7862 774273000.0
661 -0.01605 0.000326178 -500.222 3309.05 224.765 224.744 11.4196 12.507 774283000.0
660 -0.01595 0.000326172 -500.229 3309.03 224.759 224.741 15.5226 19.7165 774266000.0
659 -0.01585 0.000326179 -500.221 3309.03 224.764 224.744 11.6214 9.36094 774280000.0
658 -0.01575 0.000326172 -500.235 3309.1 224.764 224.745 15.8877 14.3835 774285000.0
657 -0.01565 0.000326158 -500.249 3309.1 224.754 224.738 19.7256 18.4033 774252000.0
656 -0.01555 0.000326169 -500.237 3308.97 224.753 224.741 10.6201 14.1574 774230000.0
655 -0.01545 0.000326173 -500.229 3308.87 224.749 224.745 4.42766 13.4268 774243000.0
654 -0.01535 0.000326163 -500.246 3308.89 224.743 224.741 9.67062 24.4368 774220000.0
653 -0.01525 0.000326165 -500.242 3308.87 224.743 224.74 8.30851 23.9548 774219000.0
652 -0.01515 0.000326167 -500.241 3308.87 224.744 224.74 7.05824 16.6507 774196000.0
651 -0.01505 0.000326172 -500.231 3308.72 224.738 224.741 -1.1048 12.3048 774200000.0
650 -0.01495 0.000326163 -500.248 3308.94 224.747 224.741 11.4487 18.3624 774227000.0
649 -0.01485 0.000326157 -500.252 3308.94 224.743 224.738 14.5998 25.098 774220000.0
648 -0.01475 0.000326154 -500.264 3308.97 224.742 224.738 18.0932 25.9634 774213000.0
647 -0.01465 0.000326159 -500.247 3309.0 224.748 224.738 14.043 17.2509 774221000.0
646 -0.01455 0.000326167 -500.241 3308.9 224.747 224.742 10.0965 15.1223 774220000.0
645 -0.01445 0.000326153 -500.259 3309.0 224.744 224.737 19.1158 25.3319 774202000.0
644 -0.01435 0.000326161 -500.245 3308.99 224.749 224.741 15.7151 17.8014 774218000.0
643 -0.01425 0.000326168 -500.236 3309.07 224.759 224.74 17.848 14.2578 774213000.0
642 -0.01415 0.000326145 -500.273 3309.09 224.745 224.734 25.8993 32.4615 774190000.0
641 -0.01405 0.000326144 -500.274 3309.02 224.74 224.735 22.2822 27.4747 774195000.0
640 -0.01395 0.00032614 -500.277 3309.21 224.749 224.734 36.2775 36.0127 774197000.0
639 -0.01385 0.000326151 -500.265 3309.17 224.754 224.737 26.6658 21.4602 774196000.0
638 -0.01375 0.000326138 -500.285 3309.06 224.737 224.732 26.7893 30.6651 774159000.0
637 -0.01365 0.000326133 -500.293 3309.16 224.741 224.735 34.6615 40.2572 774178000.0
636 -0.01355 0.000326139 -500.28 3309.09 224.74 224.734 29.6453 33.6129 774161000.0
635 -0.01345 0.000326142 -500.278 3309.12 224.744 224.734 27.2588 28.4485 774154000.0
634 -0.01335 0.000326144 -500.275 3308.98 224.737 224.736 21.5126 30.1826 774143000.0
633 -0.01325 0.000326137 -500.282 3309.01 224.733 224.734 23.8594 30.7295 774129000.0
632 -0.01315 0.000326148 -500.271 3309.04 224.743 224.737 21.5333 20.6132 774125000.0
631 -0.01305 0.000326136 -500.284 3309.13 224.741 224.732 33.8045 32.7147 774111000.0
630 -0.01295 0.000326126 -500.303 3309.11 224.733 224.732 31.6763 39.0372 774115000.0
629 -0.01285 0.000326124 -500.306 3309.17 224.736 224.731 34.1388 34.9778 774097000.0
628 -0.01275 0.000326132 -500.293 3309.09 224.736 224.734 30.5443 33.8805 774100000.0
627 -0.01265 0.000326129 -500.297 3309.12 224.736 224.733 33.2612 37.9355 774082000.0
626 -0.01255 0.000326117 -500.311 3309.25 224.736 224.73 43.0493 47.0466 774088000.0
625 -0.01245 0.000326101 -500.34 3309.38 224.734 224.724 56.1236 58.4353 774069000.0
624 -0.01235 0.000326093 -500.355 3309.34 224.726 224.724 56.3937 67.17 774057000.0
623 -0.01225 0.00032609 -500.358 3309.27 224.719 224.721 52.4904 61.682 774023000.0
622 -0.01215 0.000326079 -500.37 3309.39 224.72 224.721 64.1435 70.2957 774029000.0
621 -0.01205 0.00032606 -500.408 3309.39 224.706 224.714 71.9123 89.1955 774014000.0
620 -0.01195 0.000326064 -500.395 3309.44 224.712 224.715 73.8044 82.9833 774008000.0
619 -0.01185 0.000326033 -500.443 3309.52 224.696 224.707 87.8272 110.833 773983000.0
618 -0.01175 0.000326034 -500.448 3309.61 224.703 224.71 85.9818 102.163 773979000.0
617 -0.01165 0.000326026 -500.456 3309.56 224.695 224.705 92.0633 110.342 773949000.0
616 -0.01155 0.000326021 -500.461 3309.54 224.69 224.705 92.1478 110.187 773939000.0
615 -0.01145 0.000326014 -500.476 3309.62 224.69 224.701 100.754 113.18 773909000.0
614 -0.01135 0.000326007 -500.485 3309.73 224.693 224.703 104.823 116.003 773909000.0
613 -0.01125 0.000326012 -500.485 3309.71 224.695 224.703 102.855 115.315 773893000.0
612 -0.01115 0.000326006 -500.49 3309.64 224.686 224.7 102.237 121.101 773847000.0
611 -0.01105 0.000325991 -500.509 3309.8 224.686 224.699 115.514 132.468 773845000.0
610 -0.01095 0.000325986 -500.522 3309.83 224.685 224.699 117.695 134.66 773823000.0
609 -0.01085 0.000325975 -500.533 3309.7 224.668 224.693 116.595 139.789 773770000.0
608 -0.01075 0.000325987 -500.516 3309.65 224.674 224.698 108.614 125.88 773764000.0
607 -0.01065 0.000325955 -500.57 3309.83 224.664 224.687 130.01 151.327 773727000.0
606 -0.01055 0.000325925 -500.609 3309.99 224.654 224.683 145.657 171.488 773716000.0
605 -0.01045 0.000325914 -500.626 3309.94 224.643 224.678 146.168 175.787 773672000.0
604 -0.01035 0.000325916 -500.625 3309.98 224.647 224.68 152.177 179.564 773647000.0
603 -0.01025 0.000325898 -500.651 3310.13 224.645 224.675 161.843 187.564 773615000.0
602 -0.01015 0.000325894 -500.656 3310.09 224.64 224.67 163.516 186.112 773562000.0
601 -0.01005 0.000325868 -500.7 3310.26 224.633 224.667 179.854 205.563 773543000.0
600 -0.00995 0.000325863 -500.709 3310.36 224.636 224.666 187.147 207.551 773512000.0
599 -0.00985 0.000325844 -500.735 3310.37 224.624 224.659 194.613 215.8 773455000.0
598 -0.00975 0.000325822 -500.77 3310.37 224.609 224.655 202.437 229.655 773405000.0
597 -0.00965 0.000325793 -500.821 3310.39 224.59 224.65 212.412 244.071 773358000.0
596 -0.00955 0.000325792 -500.817 3310.4 224.59 224.646 214.327 235.92 773292000.0
595 -0.00945 0.000325764 -500.862 3310.45 224.574 224.642 226.391 254.329 773261000.0
594 -0.00935 0.00032574 -500.894 3310.33 224.55 224.633 228.779 257.965 773176000.0
593 -0.00925 0.000325704 -500.954 3310.41 224.53 224.626 242.267 277.048 773117000.0
592 -0.00915 0.000325668 -501.012 3310.63 224.521 224.616 268.215 298.757 773063000.0
591 -0.00905 0.00032564 -501.051 3310.84 224.515 224.61 287.247 310.317 773004000.0
590 -0.00895 0.000325604 -501.107 3310.92 224.496 224.6 304.262 322.592 772932000.0
589 -0.00885 0.000325565 -501.169 3311.03 224.476 224.588 326.156 344.657 772848000.0
588 -0.00875 0.000325533 -501.218 3311.08 224.458 224.581 336.74 348.573 772778000.0
587 -0.00865 0.000325489 -501.289 3311.16 224.433 224.571 355.027 373.147 772686000.0
586 -0.00855 0.000325433 -501.372 3311.37 224.408 224.557 387.396 403.626 772609000.0
585 -0.00845 0.000325395 -501.434 3311.46 224.388 224.546 403.138 415.726 772498000.0
584 -0.00835 0.000325344 -501.509 3311.49 224.355 224.533 420.362 435.698 772398000.0
583 -0.00825 0.000325296 -501.588 3311.66 224.333 224.523 447.85 454.477 772307000.0
582 -0.00815 0.000325228 -501.685 3311.69 224.289 224.503 471.4 482.903 772164000.0
581 -0.00805 0.000325183 -501.758 3311.7 224.258 224.493 488.475 491.62 772051000.0
580 -0.00795 0.000325122 -501.855 3311.91 224.23 224.477 520.738 518.639 771923000.0
579 -0.00785 0.000325053 -501.961 3312.0 224.189 224.46 548.776 548.668 771780000.0
578 -0.00775 0.000324968 -502.092 3312.13 224.139 224.439 583.044 586.036 771636000.0
577 -0.00765 0.000324888 -502.216 3312.24 224.091 224.415 618.177 614.77 771457000.0
576 -0.00755 0.0003248 -502.351 3312.46 224.046 224.392 659.529 651.229 771299000.0
575 -0.00745 0.000324718 -502.478 3312.65 224.002 224.374 696.827 675.971 771135000.0
574 -0.00735 0.000324607 -502.653 3312.7 223.928 224.346 736.27 725.448 770947000.0
573 -0.00725 0.000324497 -502.82 3312.91 223.867 224.315 787.565 765.165 770737000.0
572 -0.00715 0.000324395 -502.98 3313.14 223.812 224.29 831.979 794.952 770545000.0
571 -0.00705 0.000324271 -503.168 3313.38 223.743 224.257 887.908 847.654 770316000.0
570 -0.00695 0.000324132 -503.389 3313.55 223.658 224.221 945.583 902.21 770078000.0
569 -0.00685 0.000323987 -503.613 3313.82 223.576 224.186 1006.23 953.732 769825000.0
568 -0.00675 0.000323839 -503.838 3314.11 223.493 224.146 1074.05 1008.38 769544000.0
567 -0.00665 0.00032369 -504.074 3314.31 223.405 224.107 1135.64 1053.21 769266000.0
566 -0.00655 0.00032351 -504.357 3314.61 223.3 224.06 1213.26 1115.75 768950000.0
565 -0.00645 0.000323304 -504.672 3315.01 223.185 224.007 1301.59 1194.11 768621000.0
564 -0.00635 0.000323106 -504.98 3315.06 223.052 223.954 1375.23 1259.12 768246000.0
563 -0.00625 0.000322899 -505.307 3315.35 222.929 223.903 1459.82 1321.05 767891000.0
562 -0.00615 0.000322697 -505.619 3315.49 222.799 223.849 1539.11 1364.56 767494000.0
561 -0.00605 0.000322433 -506.033 3315.88 222.643 223.78 1648.72 1455.04 767054000.0
560 -0.00595 0.000322168 -506.455 3316.15 222.477 223.711 1754.03 1539.61 766611000.0
559 -0.00585 0.000321886 -506.897 3316.51 222.307 223.638 1873.31 1623.06 766131000.0
558 -0.00575 0.000321588 -507.365 3316.77 222.118 223.56 1988.71 1713.65 765612000.0
557 -0.00565 0.000321271 -507.862 3317.07 221.92 223.476 2115.13 1807.13 765071000.0
556 -0.00555 0.00032093 -508.407 3317.42 221.708 223.387 2251.33 1909.2 764493000.0
555 -0.00545 0.000320563 -508.989 3317.93 221.488 223.29 2405.2 2019.72 763868000.0
554 -0.00535 0.000320174 -509.602 3318.16 221.235 223.185 2555.28 2127.49 763199000.0
553 -0.00525 0.000319747 -510.285 3318.45 220.959 223.074 2719.64 2259.09 762487000.0
552 -0.00515 0.000319287 -511.019 3318.72 220.659 222.953 2894.35 2389.8 761718000.0
551 -0.00505 0.000318808 -511.786 3319.07 220.352 222.823 3083.3 2523.1 760915000.0
550 -0.00495 0.000318279 -512.638 3319.51 220.015 222.679 3292.92 2677.21 760039000.0
549 -0.00485 0.00031771 -513.556 3319.87 219.646 222.529 3513.73 2840.6 759127000.0
548 -0.00475 0.00031711 -514.527 3320.26 219.257 222.367 3747.56 3007.9 758140000.0
547 -0.00465 0.000316467 -515.571 3320.65 218.837 222.195 3995.8 3184.86 757105000.0
546 -0.00455 0.000315772 -516.707 3321.03 218.382 222.006 4266.76 3391.94 755984000.0
545 -0.00445 0.000315042 -517.899 3321.33 217.897 221.806 4543.79 3591.74 754779000.0
544 -0.00435 0.000314246 -519.219 3321.85 217.38 221.586 4860.33 3821.64 753499000.0
543 -0.00425 0.000313407 -520.607 3322.17 216.821 221.357 5181.48 4045.02 752146000.0
542 -0.00415 0.000312508 -522.103 3322.66 216.23 221.105 5532.66 4295.49 750694000.0
541 -0.00405 0.000311536 -523.73 3322.94 215.576 220.837 5906.4 4575.86 749162000.0
540 -0.00395 0.000310489 -525.496 3323.33 214.877 220.545 6310.95 4879.77 747502000.0
539 -0.00385 0.000309377 -527.388 3323.76 214.135 220.228 6746.41 5202.02 745736000.0
538 -0.00375 0.000308183 -529.43 3324.16 213.334 219.891 7214.0 5558.55 743880000.0
537 -0.00365 0.000306921 -531.61 3324.5 212.483 219.529 7706.19 5930.18 741879000.0
536 -0.00355 0.000305587 -533.933 3324.93 211.586 219.143 8230.6 6315.42 739756000.0
535 -0.00345 0.000304172 -536.407 3325.31 210.631 218.731 8789.42 6731.27 737513000.0
534 -0.00335 0.000302658 -539.096 3325.57 209.599 218.287 9385.43 7187.99 735115000.0
533 -0.00325 0.000301043 -541.989 3325.84 208.497 217.809 10026.3 7694.16 732603000.0
532 -0.00315 0.000299363 -545.03 3326.0 207.344 217.303 10689.7 8194.38 729912000.0
531 -0.00305 0.00029757 -548.314 3325.98 206.1 216.761 11393.9 8747.3 727052000.0
530 -0.00295 0.000295633 -551.905 3326.13 204.768 216.162 12176.9 9385.28 724008000.0
529 -0.00285 0.000293629 -555.676 3326.03 203.373 215.542 12978.8 10029.2 720829000.0
528 -0.00275 0.00029149 -559.753 3326.06 201.894 214.865 13850.8 10750.7 717432000.0
527 -0.00265 0.000289242 -564.101 3325.93 200.329 214.148 14772.4 11521.0 713871000.0
526 -0.00255 0.000286883 -568.738 3325.67 198.679 213.38 15745.4 12347.1 710096000.0
525 -0.00245 0.000284394 -573.722 3325.18 196.927 212.557 16773.5 13245.5 706111000.0
524 -0.00235 0.000281805 -578.986 3324.6 195.1 211.686 17855.8 14190.5 701933000.0
523 -0.00225 0.000279092 -584.615 3323.81 193.176 210.758 18997.7 15213.8 697564000.0
522 -0.00215 0.00027624 -590.647 3322.95 191.152 209.764 20215.0 16335.0 692966000.0
521 -0.00205 0.000273273 -597.068 3321.83 189.035 208.707 21494.4 17533.1 688153000.0
520 -0.00195 0.000270187 -603.878 3320.35 186.817 207.584 22829.7 18815.5 683111000.0
519 -0.00185 0.000266993 -611.106 3318.62 184.513 206.395 24230.6 20185.4 677858000.0
518 -0.00175 0.000263677 -618.791 3316.64 182.113 205.132 25702.3 21663.4 672395000.0
517 -0.00165 0.000260251 -626.933 3314.26 179.618 203.794 27241.5 23239.2 666722000.0
516 -0.00155 0.000256728 -635.54 3311.39 177.033 202.379 28835.7 24907.0 660821000.0
515 -0.00145 0.000253096 -644.649 3308.12 174.356 200.883 30500.6 26697.5 654742000.0
514 -0.00135 0.000249395 -654.223 3304.33 171.609 199.313 32218.1 28575.7 648467000.0
513 -0.00125 0.000245588 -664.365 3299.88 168.762 197.649 33995.1 30578.7 641993000.0
512 -0.00115 0.000241712 -675.018 3294.94 165.85 195.906 35835.4 32687.4 635372000.0
511 -0.00105 0.000237768 -686.211 3289.25 162.862 194.071 37722.8 34912.0 628581000.0
510 -0.00095 0.00023376 -697.975 3282.73 159.799 192.145 39658.9 37256.7 621636000.0
509 -0.00085 0.00022973 -710.229 3275.43 156.696 190.142 41623.4 39678.3 614593000.0
508 -0.00075 0.000225659 -723.03 3267.28 153.536 188.048 43626.8 42199.5 607430000.0
507 -0.00065 0.000221569 -736.382 3258.04 150.326 185.866 45646.7 44809.8 600163000.0
506 -0.00055 0.000217442 -750.356 3247.92 147.068 183.582 47710.8 47542.8 592841000.0
505 -0.00045 0.000213332 -764.812 3236.67 143.789 181.223 49772.7 50325.4 585473000.0
504 -0.00035 0.000209229 -779.811 3224.09 140.475 178.776 51831.0 53180.2 578068000.0
503 -0.00025 0.000205142 -795.347 3210.15 137.135 176.237 53874.9 56087.6 570608000.0
502 -0.00015 0.000201102 -811.324 3194.94 133.798 173.634 55896.7 59023.1 563206000.0
501 -5e-05 0.000197078 -827.89 3178.41 130.442 170.933 57907.7 62015.5 555805000.0
500 5e-05 0.000193105 -844.916 3160.44 127.09 168.155 59879.7 65009.7 548444000.0
499 0.00015 0.000189192 -862.404 3140.77 123.739 165.306 61796.5 68009.4 541143000.0
498 0.00025 0.000185354 -880.257 3119.42 120.406 162.398 63638.2 70967.9 533899000.0
497 0.00035 0.000181577 -898.556 3096.54 117.087 159.414 65417.5 73899.1 526713000.0
496 0.00045 0.000177887 -917.203 3072.12 113.803 156.378 67123.3 76771.6 519643000.0
495 0.00055 0.000174285 -936.159 3045.85 110.544 153.29 68724.6 79558.0 512635000.0
494 0.00065 0.000170771 -955.418 3018.1 107.329 150.153 70238.4 82255.2 505729000.0
493 0.00075 0.000167354 -974.943 2988.61 104.153 146.978 71642.9 84851.8 498931000.0
492 0.00085 0.000164046 -994.592 2957.2 101.022 143.775 72905.6 87289.7 492157000.0
491 0.00095 0.000160812 -1014.6 2924.09 97.9214 140.52 74070.5 89640.2 485503000.0
490 0.00105 0.000157699 -1034.62 2889.43 94.8881 137.26 75090.5 91797.3 478882000.0
489 0.00115 0.000154698 -1054.7 2853.31 91.9184 133.992 75982.1 93783.9 472347000.0
488 0.00125 0.000151795 -1074.85 2815.71 89.0052 130.71 76741.7 95594.3 465844000.0
487 0.00135 0.000148997 -1095.04 2776.44 86.1459 127.424 77354.4 97221.9 459367000.0
486 0.00145 0.000146302 -1115.22 2735.77 83.3487 124.142 77829.7 98661.1 452915000.0
485 0.00155 0.000143699 -1135.42 2693.76 80.6085 120.853 78172.4 99913.6 446479000.0
484 0.00165 0.000141205 -1155.47 2650.56 77.9398 117.59 78371.5 100954.0 440039000.0
483 0.00175 0.000138813 -1175.39 2606.34 75.341 114.349 78437.1 101791.0 433593000.0
482 0.00185 0.000136523 -1195.1 2561.24 72.8159 111.14 78372.1 102417.0 427119000.0
481 0.00195 0.000134322 -1214.68 2514.98 70.3481 107.954 78167.6 102849.0 420588000.0
480 0.00205 0.000132226 -1233.94 2468.03 67.9578 104.819 77835.7 103072.0 414003000.0
479 0.00215 0.000130217 -1252.98 2420.4 65.6333 101.72 77383.3 103104.0 407360000.0
478 0.00225 0.000128289 -1271.8 2372.08 63.3709 98.6572 76818.0 102953.0 400659000.0
477 0.00235 0.000126448 -1290.32 2323.35 61.1782 95.6419 76141.8 102617.0 393881000.0
476 0.00245 0.000124686 -1308.55 2274.24 59.0507 92.6748 75367.3 102112.0 387049000.0
475 0.00255 0.00012301 -1326.39 2224.91 56.9932 89.7717 74489.3 101435.0 380116000.0
474 0.00265 0.000121418 -1343.78 2175.7 55.0113 86.9404 73527.3 100601.0 373119000.0
473 0.00275 0.000119891 -1360.88 2126.34 53.0873 84.1576 72484.0 99626.4 366067000.0
472 0.00285 0.000118441 -1377.55 2077.23 51.2338 81.4431 71372.3 98513.1 358949000.0
471 0.00295 0.000117055 -1393.85 2028.24 49.4401 78.7903 70190.0 97276.4 351765000.0
470 0.00305 0.000115728 -1409.85 1979.21 47.698 76.1877 68941.7 95928.9 344516000.0
469 0.00315 0.000114471 -1425.32 1931.02 46.031 73.6675 67652.6 94472.8 337242000.0
468 0.00325 0.000113276 -1440.37 1883.34 44.426 71.2191 66321.5 92927.0 329935000.0
467 0.00335 0.000112134 -1455.03 1836.08 42.8744 68.8326 64948.4 91298.7 322603000.0
466 0.00345 0.00011104 -1469.37 1789.11 41.3701 66.4985 63532.8 89592.9 315221000.0
465 0.00355 0.000110001 -1483.23 1742.9 39.9244 64.2412 62092.3 87827.5 307835000.0
464 0.00365 0.00010902 -1496.58 1697.73 38.5427 62.0677 60641.5 86012.8 300477000.0
463 0.00375 0.000108081 -1509.58 1653.11 37.2066 59.9514 59168.5 84150.7 293111000.0
462 0.00385 0.000107183 -1522.24 1609.23 35.9179 57.8915 57685.4 82249.7 285775000.0
461 0.00395 0.00010633 -1534.45 1566.22 34.6799 55.9036 56195.3 80321.0 278461000.0
460 0.00405 0.00010551 -1546.36 1523.85 33.4814 53.9638 54698.0 78365.3 271186000.0
459 0.00415 0.000104737 -1557.77 1482.77 32.3403 52.1062 53215.5 76403.5 263991000.0
458 0.00425 0.000104004 -1568.78 1442.58 31.2433 50.3153 51738.2 74437.1 256856000.0
457 0.00435 0.0001033 -1579.45 1403.28 30.1866 48.5774 50267.9 72462.0 249777000.0
456 0.00445 0.000102635 -1589.7 1365.08 29.1758 46.9086 48818.0 70500.4 242810000.0
455 0.00455 0.000101997 -1599.62 1327.84 28.2033 45.2925 47382.2 68542.9 235928000.0
454 0.00465 0.000101391 -1609.2 1291.32 27.2649 43.7332 45954.3 66599.5 229110000.0
453 0.00475 0.000100808 -1618.49 1255.87 26.3638 42.2197 44551.3 64662.9 222405000.0
452 0.00485 0.000100259 -1627.36 1221.61 25.5051 40.7762 43179.0 62761.9 215837000.0
451 0.00495 9.97375e-05 -1635.87 1188.32 24.681 39.3906 41827.8 60889.1 209371000.0
450 0.00505 9.92335e-05 -1644.17 1155.83 23.8849 38.0395 40499.9 59031.7 203030000.0
449 0.00515 9.87577e-05 -1652.09 1124.45 23.1249 36.7494 39199.5 57208.1 196791000.0
448 0.00525 9.83054e-05 -1659.71 1094.02 22.3961 35.509 37930.2 55423.2 190707000.0
447 0.00535 9.7869e-05 -1667.09 1064.38 21.6926 34.3065 36680.9 53660.0 184717000.0
446 0.00545 9.74609e-05 -1674.08 1036.09 21.0279 33.1693 35478.7 51952.9 178916000.0
445 0.00555 9.70637e-05 -1680.93 1008.16 20.3778 32.0533 34283.7 50260.5 173184000.0
444 0.00565 9.66899e-05 -1687.42 981.655 19.7656 30.9964 33141.5 48624.5 167661000.0
443 0.00575 9.63294e-05 -1693.75 955.561 19.1685 29.9661 32008.3 47010.4 162206000.0
442 0.00585 9.59873e-05 -1699.78 930.506 18.5995 28.984 30912.7 45446.0 156913000.0
441 0.00595 9.5664e-05 -1705.51 906.588 18.0604 28.0497 29860.7 43931.9 151799000.0
440 0.00605 9.5351e-05 -1711.13 883.119 17.5353 27.1364 28823.3 42438.8 146772000.0
439 0.00615 9.50535e-05 -1716.48 860.561 17.0341 26.2646 27819.3 40993.8 141898000.0
438 0.00625 9.4769e-05 -1721.63 838.802 16.5537 25.4245 26846.1 39582.9 137154000.0
437 0.00635 9.45001e-05 -1726.52 817.935 16.0961 24.6294 25908.4 38229.7 132569000.0
436 0.00645 9.42406e-05 -1731.3 797.562 15.6521 23.8513 24989.5 36896.6 128085000.0
435 0.00655 9.39928e-05 -1735.84 778.102 15.23 23.1114 24106.3 35612.3 123754000.0
434 0.00665 9.3757e-05 -1740.21 759.279 14.8243 22.3991 23249.6 34365.0 119552000.0
433 0.00675 9.35323e-05 -1744.4 741.204 14.4367 21.7187 22423.2 33160.2 115484000.0
432 0.00685 9.33153e-05 -1748.47 723.551 14.0602 21.0552 21612.6 31977.6 111497000.0
431 0.00695 9.31105e-05 -1752.29 706.832 13.7052 20.4329 20842.9 30855.9 107696000.0
430 0.00705 9.29161e-05 -1755.97 690.773 13.3658 19.834 20100.2 29764.8 104009000.0
429 0.00715 9.2727e-05 -1759.56 675.044 13.0349 19.2496 19371.3 28697.9 100406000.0
428 0.00725 9.25445e-05 -1763.02 659.811 12.7157 18.6855 18661.9 27659.5 96893300.0
427 0.00735 9.23708e-05 -1766.32 645.241 12.4116 18.1477 17982.6 26663.4 93525700.0
426 0.00745 9.22089e-05 -1769.44 631.371 12.1235 17.6397 17333.3 25711.0 90286400.0
425 0.00755 9.20503e-05 -1772.48 617.84 11.8433 17.1437 16698.3 24779.1 87128800.0
424 0.00765 9.18985e-05 -1775.4 604.852 11.5752 16.6685 16087.9 23881.0 84085900.0
423 0.00775 9.17553e-05 -1778.18 592.443 11.32 16.2168 15502.8 23020.0 81157500.0
422 0.00785 9.16172e-05 -1780.87 580.468 11.0745 15.7792 14936.8 22182.0 78319800.0
421 0.00795 9.14856e-05 -1783.42 568.946 10.8391 15.3631 14391.3 21380.3 75584200.0
420 0.00805 9.13593e-05 -1785.89 557.796 10.612 14.9602 13862.0 20600.5 72928400.0
419 0.00815 9.12395e-05 -1788.24 547.196 10.3967 14.579 13358.1 19857.2 70388600.0
418 0.00825 9.11231e-05 -1790.52 536.888 10.1878 14.2077 12867.1 19132.7 67920200.0
417 0.00835 9.10127e-05 -1792.7 527.038 9.9888 13.8525 12396.0 18433.1 65535800.0
416 0.00845 9.09057e-05 -1794.8 517.498 9.79647 13.5101 11940.4 17758.9 63237900.0
415 0.00855 9.08052e-05 -1796.8 508.396 9.61353 13.185 11504.8 17114.0 61033200.0
414 0.00865 9.07071e-05 -1798.73 499.586 9.43672 12.8698 11081.3 16485.3 58882100.0
413 0.00875 9.06132e-05 -1800.6 491.02 9.26532 12.5657 10670.2 15879.5 56806100.0
412 0.00885 9.0524e-05 -1802.37 482.911 9.10334 12.2762 10279.1 15297.1 54814000.0
411 0.00895 9.04384e-05 -1804.08 475.053 8.94674 11.998 9901.77 14739.4 52902900.0
410 0.00905 9.03555e-05 -1805.72 467.573 8.79778 11.732 9540.58 14201.8 51060400.0
409 0.00915 9.02779e-05 -1807.3 460.326 8.654 11.4741 9190.5 13678.9 49274400.0
408 0.00925 9.02019e-05 -1808.81 453.326 8.51522 11.2284 8851.89 13179.7 47551000.0
407 0.00935 9.01288e-05 -1810.26 446.616 8.38238 10.9916 8526.63 12696.1 45885300.0
406 0.00945 9.00611e-05 -1811.64 440.244 8.25659 10.7672 8217.89 12236.9 44306300.0
405 0.00955 8.99945e-05 -1812.99 434.005 8.13356 10.5481 7915.34 11787.9 42758200.0
404 0.00965 8.99292e-05 -1814.28 428.006 8.01531 10.3364 7623.67 11352.8 41263500.0
403 0.00975 8.98692e-05 -1815.51 422.318 7.90351 10.1363 7347.49 10939.7 39844200.0
402 0.00985 8.98106e-05 -1816.68 416.868 7.79643 9.94622 7081.91 10545.1 38476200.0
401 0.00995 8.97549e-05 -1817.82 411.566 7.69249 9.76106 6823.67 10161.0 37147800.0
400 0.01005 8.97007e-05 -1818.92 406.435 7.59201 9.5816 6573.67 9788.76 35863600.0
399 0.01015 8.9647e-05 -1820.0 401.392 7.49332 9.40529 6327.49 9424.12 34605100.0
398 0.01025 8.95985e-05 -1821.0 396.726 7.40221 9.24287 6099.62 9084.14 33426900.0
397 0.01035 8.95499e-05 -1821.98 392.17 7.31323 9.08363 5877.29 8751.99 32279800.0
396 0.01045 8.95046e-05 -1822.91 387.749 7.22713 8.9313 5660.65 8432.65 31165200.0
395 0.01055 8.94614e-05 -1823.79 383.615 7.14662 8.7884 5458.04 8130.17 30110500.0
394 0.01065 8.94175e-05 -1824.68 379.488 7.06626 8.64358 5256.14 7827.59 29071100.0
393 0.01075 8.93777e-05 -1825.5 375.613 6.99101 8.51013 5066.36 7546.14 28089100.0
392 0.01085 8.93381e-05 -1826.31 371.794 6.91686 8.37865 4879.27 7269.57 27125000.0
391 0.01095 8.93004e-05 -1827.06 368.215 6.84739 8.25453 4703.33 7006.77 26210800.0
390 0.01105 8.92647e-05 -1827.8 364.783 6.78085 8.13533 4535.1 6754.07 25335400.0
389 0.01115 8.92303e-05 -1828.51 361.408 6.71551 8.01959 4369.0 6508.28 24473700.0
388 0.01125 8.91969e-05 -1829.18 358.239 6.65415 7.91012 4213.1 6274.73 23659300.0
387 0.01135 8.91656e-05 -1829.83 355.15 6.59446 7.80416 4061.69 6049.56 22872700.0
386 0.01145 8.91356e-05 -1830.46 352.171 6.53694 7.70106 3914.86 5829.77 22107300.0
385 0.01155 8.91052e-05 -1831.07 349.281 6.48108 7.60245 3772.75 5619.92 21370300.0
384 0.01165 8.90769e-05 -1831.66 346.491 6.42727 7.50713 3635.23 5416.15 20654700.0
383 0.01175 8.90487e-05 -1832.24 343.729 6.37402 7.41232 3499.06 5214.72 19951300.0
382 0.01185 8.90227e-05 -1832.77 341.221 6.32566 7.3256 3375.83 5029.12 19306600.0
381 0.01195 8.89976e-05 -1833.29 338.757 6.27821 7.24118 3254.17 4847.99 18671600.0
380 0.01205 8.89735e-05 -1833.78 336.423 6.23327 7.16063 3139.05 4674.75 18067300.0
379 0.01215 8.89499e-05 -1834.28 334.04 6.18747 7.07976 3021.4 4501.66 17458300.0
378 0.01225 8.89269e-05 -1834.74 331.854 6.14541 7.00486 2913.73 4340.73 16895000.0
377 0.01235 8.89066e-05 -1835.18 329.748 6.10501 6.93258 2809.61 4184.74 16348400.0
376 0.01245 8.88848e-05 -1835.61 327.727 6.06609 6.86312 2709.93 4035.56 15828000.0
375 0.01255 8.88665e-05 -1836.01 325.821 6.02958 6.79844 2615.81 3894.88 15330500.0
374 0.01265 8.88472e-05 -1836.4 323.933 5.99335 6.73497 2522.26 3757.11 14839300.0
373 0.01275 8.88278e-05 -1836.78 322.104 5.9582 6.67244 2432.28 3623.24 14370800.0
372 0.01285 8.88118e-05 -1837.14 320.406 5.92572 6.61423 2348.07 3496.26 13923600.0
371 0.01295 8.87948e-05 -1837.49 318.739 5.89377 6.55732 2265.51 3372.44 13487900.0
370 0.01305 8.87776e-05 -1837.83 317.086 5.86205 6.5009 2183.43 3250.35 13057400.0
369 0.01315 8.87629e-05 -1838.15 315.552 5.83272 6.44955 2107.9 3138.6 12659400.0
368 0.01325 8.87467e-05 -1838.46 314.06 5.8041 6.39848 2034.0 3027.84 12269600.0
367 0.01335 8.87331e-05 -1838.77 312.605 5.77631 6.34903 1961.97 2919.95 11889300.0
366 0.01345 8.87184e-05 -1839.06 311.216 5.7497 6.30144 1893.29 2817.14 11528200.0
365 0.01355 8.87048e-05 -1839.35 309.801 5.72269 6.25394 1823.41 2714.54 11163400.0
364 0.01365 8.86919e-05 -1839.61 308.564 5.699 6.21159 1762.0 2621.45 10835500.0
363 0.01375 8.86789e-05 -1839.88 307.286 5.67457 6.1682 1698.62 2527.2 10502700.0
362 0.01385 8.86669e-05 -1840.13 306.069 5.65132 6.12698 1638.31 2437.47 10185300.0
361 0.01395 8.86556e-05 -1840.37 304.925 5.62949 6.08808 1581.71 2352.73 9885850.0
360 0.01405 8.86442e-05 -1840.59 303.828 5.60852 6.05115 1527.01 2271.21 9593400.0
359 0.01415 8.86341e-05 -1840.81 302.782 5.58856 6.01617 1475.28 2194.23 9318670.0
358 0.01425 8.86243e-05 -1841.03 301.727 5.56848 5.98103 1423.02 2117.34 9043640.0
357 0.01435 8.86126e-05 -1841.24 300.692 5.54864 5.94549 1371.64 2039.96 8771630.0
356 0.01445 8.86047e-05 -1841.44 299.728 5.53036 5.91282 1323.73 1968.38 8518320.0
355 0.01455 8.85942e-05 -1841.64 298.801 5.51261 5.88193 1277.85 1900.54 8275530.0
354 0.01465 8.85857e-05 -1841.82 297.913 5.49569 5.85225 1233.65 1834.94 8040790.0
353 0.01475 8.8577e-05 -1842.0 297.021 5.4787 5.82227 1189.36 1769.25 7805830.0
352 0.01485 8.85685e-05 -1842.18 296.188 5.46282 5.79388 1148.14 1707.48 7588680.0
351 0.01495 8.8561e-05 -1842.34 295.398 5.44778 5.7673 1108.87 1648.61 7378280.0
350 0.01505 8.85527e-05 -1842.5 294.593 5.43244 5.74015 1069.02 1589.88 7170390.0
349 0.01515 8.85456e-05 -1842.65 293.863 5.41853 5.71591 1032.68 1535.87 6975090.0
348 0.01525 8.85389e-05 -1842.8 293.16 5.40516 5.69229 997.937 1483.8 6789830.0
347 0.01535 8.8531e-05 -1842.94 292.469 5.39194 5.66883 963.362 1432.31 6606820.0
346 0.01545 8.8525e-05 -1843.08 291.795 5.37916 5.64628 929.998 1382.59 6428490.0
345 0.01555 8.85191e-05 -1843.21 291.162 5.36712 5.62472 898.631 1335.1 6261650.0
344 0.01565 8.85124e-05 -1843.34 290.559 5.35559 5.60422 868.819 1289.73 6100890.0
343 0.01575 8.85063e-05 -1843.47 289.925 5.34355 5.58333 836.795 1243.33 5931410.0
342 0.01585 8.85001e-05 -1843.59 289.337 5.33233 5.56363 807.764 1200.27 5778870.0
341 0.01595 8.84958e-05 -1843.7 288.763 5.3215 5.54496 779.377 1159.04 5627340.0
340 0.01605 8.84899e-05 -1843.81 288.258 5.31184 5.52763 754.235 1120.59 5492210.0
339 0.01615 8.84841e-05 -1843.92 287.724 5.30165 5.50941 727.717 1080.78 5350960.0
338 0.01625 8.84793e-05 -1844.02 287.218 5.29203 5.4929 702.551 1044.21 5217800.0
337 0.01635 8.84756e-05 -1844.12 286.748 5.28317 5.47732 679.139 1009.49 5091810.0
336 0.01645 8.84707e-05 -1844.22 286.277 5.27419 5.46154 655.935 974.79 4968600.0
335 0.01655 8.84651e-05 -1844.31 285.811 5.26527 5.4458 632.532 940.033 4843270.0
334 0.01665 8.84615e-05 -1844.41 285.35 5.25656 5.4306 609.871 906.971 4725200.0
333 0.01675 8.84567e-05 -1844.48 284.956 5.24903 5.41734 590.075 876.937 4616660.0
332 0.01685 8.84538e-05 -1844.57 284.564 5.24163 5.40434 570.557 847.786 4510670.0
331 0.01695 8.84505e-05 -1844.65 284.165 5.23408 5.39109 550.707 818.494 4405480.0
330 0.01705 8.84467e-05 -1844.72 283.817 5.22745 5.3793 533.531 792.213 4311090.0
329 0.01715 8.84421e-05 -1844.79 283.453 5.22047 5.36715 515.377 765.364 4214600.0
328 0.01725 8.84395e-05 -1844.87 283.08 5.21346 5.35471 496.882 738.036 4116810.0
327 0.01735 8.84351e-05 -1844.94 282.743 5.20697 5.34335 479.985 712.939 4026550.0
326 0.01745 8.84333e-05 -1845.01 282.418 5.20089 5.33211 463.927 688.072 3939540.0
325 0.01755 8.84295e-05 -1845.07 282.132 5.19541 5.32256 449.756 666.522 3861710.0
324 0.01765 8.84265e-05 -1845.12 281.844 5.18993 5.31331 435.413 645.745 3783570.0
323 0.01775 8.84239e-05 -1845.19 281.519 5.18378 5.3025 419.055 621.781 3697530.0
322 0.01785 8.84211e-05 -1845.25 281.246 5.1786 5.29299 405.455 600.901 3624850.0
321 0.01795 8.84182e-05 -1845.31 280.943 5.17285 5.2832 390.68 579.608 3546650.0
320 0.01805 8.84155e-05 -1845.36 280.681 5.16787 5.2745 377.371 559.953 3475420.0
319 0.01815 8.84129e-05 -1845.42 280.421 5.16292 5.26572 364.495 541.044 3407510.0
318 0.01825 8.8411e-05 -1845.47 280.162 5.15806 5.25723 351.588 521.777 3337010.0
317 0.01835 8.84082e-05 -1845.52 279.928 5.15358 5.24935 340.005 504.478 3275780.0
316 0.01845 8.84055e-05 -1845.56 279.71 5.14941 5.24213 329.091 488.487 3216170.0
315 0.01855 8.8404e-05 -1845.61 279.493 5.14532 5.23504 318.295 472.359 3157680.0
314 0.01865 8.84022e-05 -1845.65 279.265 5.14103 5.22729 306.91 455.276 3097110.0
313 0.01875 8.83994e-05 -1845.69 279.087 5.13758 5.22112 298.192 441.762 3048770.0
312 0.01885 8.83982e-05 -1845.73 278.877 5.13365 5.21466 287.684 426.916 2992570.0
311 0.01895 8.83964e-05 -1845.77 278.669 5.12971 5.20764 277.143 411.533 2937080.0
310 0.01905 8.8394e-05 -1845.81 278.485 5.12618 5.20162 268.31 398.454 2889600.0
309 0.01915 8.83928e-05 -1845.84 278.333 5.12331 5.19637 260.477 386.18 2845430.0
308 0.01925 8.83904e-05 -1845.88 278.15 5.11981 5.19015 251.481 372.779 2797990.0
307 0.01935 8.83893e-05 -1845.91 277.986 5.11673 5.18452 243.127 360.082 2752170.0
306 0.01945 8.8387e-05 -1845.95 277.835 5.11381 5.17958 235.74 349.085 2712160.0
305 0.01955 8.83862e-05 -1845.98 277.675 5.11082 5.17433 227.857 337.375 2669110.0
304 0.01965 8.83848e-05 -1846.01 277.533 5.10813 5.16932 220.67 326.209 2630090.0
303 0.01975 8.83828e-05 -1846.04 277.379 5.10518 5.16434 213.112 315.238 2589420.0
302 0.01985 8.83818e-05 -1846.07 277.229 5.10235 5.15962 205.561 304.719 2549910.0
301 0.01995 8.83808e-05 -1846.09 277.099 5.09992 5.15549 199.205 295.195 2514270.0
300 0.02005 8.83786e-05 -1846.12 276.951 5.09707 5.1503 191.581 283.932 2474890.0
299 0.02015 8.83782e-05 -1846.15 276.817 5.09457 5.1458 185.11 274.142 2439860.0
298 0.02025 8.83755e-05 -1846.18 276.695 5.09217 5.14178 178.89 265.108 2406200.0
297 0.02035 8.83763e-05 -1846.2 276.586 5.09021 5.13821 173.482 257.093 2376490.0
296 0.02045 8.83742e-05 -1846.22 276.474 5.08802 5.13458 167.956 248.7 2346020.0
295 0.02055 8.83731e-05 -1846.24 276.364 5.08595 5.13117 162.58 241.147 2317910.0
294 0.02065 8.83728e-05 -1846.26 276.258 5.08397 5.12742 157.107 232.502 2287080.0
293 0.02075 8.83715e-05 -1846.28 276.165 5.08219 5.12454 152.596 225.818 2261540.0
292 0.02085 8.83711e-05 -1846.3 276.064 5.08031 5.1212 147.53 218.311 2234640.0
291 0.02095 8.83684e-05 -1846.33 275.95 5.07806 5.11737 141.9 210.063 2205020.0
290 0.02105 8.83697e-05 -1846.34 275.866 5.07657 5.11476 137.708 203.825 2182190.0
289 0.02115 8.83671e-05 -1846.37 275.762 5.07451 5.1111 132.459 196.032 2154030.0
288 0.02125 8.83666e-05 -1846.38 275.674 5.07286 5.10824 128.064 189.682 2131140.0
287 0.02135 8.83663e-05 -1846.4 275.588 5.07127 5.10553 123.925 183.491 2107960.0
286 0.02145 8.83643e-05 -1846.41 275.514 5.06979 5.10299 120.192 177.868 2087780.0
285 0.02155 8.8365e-05 -1846.43 275.439 5.06845 5.10071 116.434 172.376 2066820.0
284 0.02165 8.83629e-05 -1846.44 275.373 5.06711 5.09854 113.102 167.444 2048250.0
283 0.02175 8.83632e-05 -1846.46 275.291 5.06562 5.09592 109.008 161.569 2026580.0
282 0.02185 8.83619e-05 -1846.47 275.229 5.06441 5.09371 105.995 156.631 2009270.0
281 0.02195 8.83615e-05 -1846.49 275.162 5.06316 5.09146 102.626 151.586 1991180.0
280 0.02205 8.83612e-05 -1846.51 275.082 5.06166 5.08893 98.6247 146.056 1969700.0
279 0.02215 8.83597e-05 -1846.52 275.016 5.06036 5.08666 95.2098 140.87 1951630.0
278 0.02225 8.83602e-05 -1846.53 274.956 5.05929 5.08471 92.5442 136.573 1936820.0
277 0.02235 8.83592e-05 -1846.54 274.902 5.05825 5.08298 89.5745 132.417 1920030.0
276 0.02245 8.83584e-05 -1846.55 274.835 5.05696 5.0809 86.4016 127.722 1903340.0
275 0.02255 8.83584e-05 -1846.57 274.776 5.05588 5.07899 83.4851 123.573 1888140.0
274 0.02265 8.83568e-05 -1846.57 274.727 5.05489 5.0772 80.8195 119.52 1873120.0
273 0.02275 8.83573e-05 -1846.59 274.673 5.05392 5.07565 78.4517 116.138 1860340.0
272 0.02285 8.8357e-05 -1846.59 274.626 5.05303 5.07401 75.8919 112.192 1846240.0
271 0.02295 8.83558e-05 -1846.6 274.584 5.05219 5.07263 73.7299 108.951 1833990.0
270 0.02305 8.83553e-05 -1846.61 274.536 5.05128 5.07102 71.4481 105.565 1821660.0
269 0.02315 8.83558e-05 -1846.62 274.485 5.05038 5.06927 68.964 101.787 1808560.0
268 0.02325 8.83543e-05 -1846.63 274.441 5.04948 5.06777 66.711 98.4457 1796190.0
267 0.02335 8.83547e-05 -1846.64 274.399 5.04873 5.06659 64.5892 95.4856 1784510.0
266 0.02345 8.83535e-05 -1846.65 274.361 5.04795 5.06533 62.592 92.7122 1773820.0
265 0.02355 8.83541e-05 -1846.65 274.327 5.04738 5.06429 60.993 90.0419 1763920.0
264 0.02365 8.83522e-05 -1846.66 274.285 5.04649 5.06268 58.963 87.0036 1753320.0
263 0.02375 8.83537e-05 -1846.67 274.244 5.04582 5.06142 56.8967 83.996 1742550.0
262 0.02385 8.83518e-05 -1846.68 274.209 5.04507 5.0602 55.1447 81.4462 1733000.0
261 0.02395 8.83527e-05 -1846.69 274.168 5.04436 5.05884 53.0546 78.3053 1721580.0
260 0.02405 8.83519e-05 -1846.69 274.137 5.04375 5.05777 51.5628 76.0371 1713390.0
259 0.02415 8.83511e-05 -1846.7 274.101 5.04304 5.0566 49.8256 73.5689 1703770.0
258 0.02425 8.8352e-05 -1846.71 274.07 5.04251 5.05568 48.1939 71.2462 1695330.0
257 0.02435 8.83509e-05 -1846.72 274.035 5.04181 5.05442 46.4278 68.6333 1685800.0
256 0.02445 8.83506e-05 -1846.72 274.012 5.04137 5.05366 45.2815 66.7685 1679340.0
255 0.02455 8.83504e-05 -1846.72 273.986 5.04089 5.05298 44.0494 64.8708 1671730.0
254 0.02465 8.83499e-05 -1846.73 273.958 5.04035 5.05208 42.5052 62.7297 1663490.0
253 0.02475 8.83501e-05 -1846.74 273.924 5.03973 5.05095 40.9841 60.3261 1655760.0
252 0.02485 8.83505e-05 -1846.74 273.898 5.03927 5.05013 39.5635 58.2357 1647910.0
251 0.02495 8.83491e-05 -1846.74 273.872 5.03872 5.04929 38.4135 56.6721 1641560.0
250 0.02505 8.83484e-05 -1846.75 273.848 5.03824 5.04858 37.2626 55.0198 1635540.0
249 0.02515 8.83497e-05 -1846.76 273.828 5.03795 5.04792 36.0854 53.2294 1628950.0
248 0.02525 8.83486e-05 -1846.75 273.815 5.03764 5.0474 35.4469 51.9591 1624610.0
247 0.02535 8.83486e-05 -1846.76 273.785 5.03708 5.0465 34.0685 50.1116 1617430.0
246 0.02545 8.83486e-05 -1846.76 273.763 5.03668 5.04576 32.8065 48.2994 1610870.0
245 0.02555 8.83481e-05 -1846.77 273.756 5.03653 5.04548 32.4588 47.6019 1607790.0
244 0.02565 8.83484e-05 -1846.77 273.73 5.03606 5.04475 31.1952 45.8828 1601360.0
243 0.02575 8.83476e-05 -1846.78 273.708 5.03561 5.044 30.1402 44.4485 1595460.0
242 0.02585 8.83476e-05 -1846.78 273.687 5.03522 5.04327 28.9288 42.8063 1589470.0
241 0.02595 8.83476e-05 -1846.79 273.669 5.03489 5.04274 28.2557 41.7266 1585270.0
240 0.02605 8.83479e-05 -1846.79 273.651 5.03458 5.04216 27.232 40.2795 1579880.0
239 0.02615 8.83474e-05 -1846.79 273.636 5.03427 5.04167 26.4623 39.16 1575590.0
238 0.02625 8.83468e-05 -1846.79 273.625 5.03404 5.04124 25.8897 38.1569 1571950.0
237 0.02635 8.83478e-05 -1846.8 273.608 5.03379 5.04077 25.3137 37.1075 1568180.0
236 0.02645 8.83468e-05 -1846.8 273.593 5.03344 5.04013 24.1975 35.622 1562510.0
235 0.02655 8.83468e-05 -1846.81 273.577 5.03316 5.03973 23.6926 34.8342 1559640.0
234 0.02665 8.83464e-05 -1846.81 273.563 5.03288 5.03938 22.8333 33.7599 1555070.0
233 0.02675 8.8346e-05 -1846.81 273.547 5.03255 5.03872 22.0597 32.4638 1550710.0
232 0.02685 8.83467e-05 -1846.81 273.533 5.03233 5.03828 21.3472 31.4399 1546770.0
231 0.02695 8.83455e-05 -1846.82 273.523 5.03209 5.03789 20.8316 30.7335 1543960.0
230 0.02705 8.83462e-05 -1846.82 273.504 5.03177 5.03737 19.8607 29.3706 1538950.0
229 0.02715 8.83455e-05 -1846.82 273.487 5.03143 5.03683 19.2258 28.5203 1535790.0
228 0.02725 8.83454e-05 -1846.82 273.478 5.03125 5.03652 18.5611 27.4935 1531910.0
227 0.02735 8.83462e-05 -1846.83 273.465 5.03107 5.03629 18.0943 26.8512 1529260.0
226 0.02745 8.8345e-05 -1846.83 273.459 5.03088 5.03596 17.684 26.0683 1526820.0
225 0.02755 8.83453e-05 -1846.83 273.449 5.03071 5.03556 17.1341 25.2671 1523560.0
224 0.02765 8.83453e-05 -1846.83 273.437 5.03049 5.03529 16.6145 24.5506 1520600.0
223 0.02775 8.8345e-05 -1846.83 273.426 5.03027 5.03491 16.0203 23.7864 1517710.0
222 0.02785 8.83451e-05 -1846.84 273.415 5.03008 5.03447 15.4738 22.8951 1514850.0
221 0.02795 8.83454e-05 -1846.84 273.405 5.0299 5.03421 15.0193 22.1602 1512060.0
220 0.02805 8.83452e-05 -1846.84 273.394 5.02969 5.03377 14.4384 21.3041 1509170.0
219 0.02815 8.83449e-05 -1846.84 273.39 5.02961 5.0337 14.3009 21.0633 1507810.0
218 0.02825 8.83447e-05 -1846.84 273.378 5.02937 5.03335 13.6588 20.1925 1504760.0
217 0.02835 8.83444e-05 -1846.85 273.37 5.02921 5.03308 13.2707 19.5965 1502610.0
216 0.02845 8.83453e-05 -1846.85 273.362 5.0291 5.03287 12.8665 19.031 1500310.0
215 0.02855 8.83444e-05 -1846.85 273.36 5.02903 5.03281 12.7635 18.8016 1499490.0
214 0.02865 8.83446e-05 -1846.85 273.351 5.02887 5.03241 12.3011 18.1352 1496940.0
213 0.02875 8.83449e-05 -1846.85 273.343 5.02875 5.03222 11.8492 17.544 1494510.0
212 0.02885 8.83444e-05 -1846.85 273.34 5.02865 5.03206 11.767 17.2493 1493530.0
211 0.02895 8.83446e-05 -1846.85 273.331 5.0285 5.03179 11.248 16.6642 1491260.0
210 0.02905 8.83445e-05 -1846.86 273.324 5.02836 5.03153 10.8841 16.0483 1489130.0
209 0.02915 8.8344e-05 -1846.86 273.32 5.02826 5.0313 10.6212 15.6925 1487540.0
208 0.02925 8.83451e-05 -1846.86 273.306 5.02807 5.03094 10.1621 15.032 1485150.0
207 0.02935 8.83437e-05 -1846.86 273.301 5.0279 5.03069 9.85717 14.5539 1483410.0
206 0.02945 8.83442e-05 -1846.86 273.297 5.02785 5.03063 9.58099 14.157 1481860.0
205 0.02955 8.83445e-05 -1846.86 273.294 5.02782 5.03043 9.28937 13.6971 1480160.0
204 0.02965 8.83445e-05 -1846.86 273.283 5.02761 5.03022 9.02952 13.2777 1478590.0
203 0.02975 8.83436e-05 -1846.86 273.284 5.02758 5.03009 8.88361 13.0953 1477660.0
202 0.02985 8.83439e-05 -1846.86 273.277 5.02747 5.02988 8.57577 12.6102 1475810.0
201 0.02995 8.83439e-05 -1846.87 273.27 5.02734 5.02966 8.2548 12.184 1474260.0
200 0.03005 8.83438e-05 -1846.87 273.269 5.02733 5.02952 8.15962 11.9245 1473370.0
199 0.03015 8.83433e-05 -1846.87 273.264 5.02719 5.02946 7.95257 11.686 1472230.0
198 0.03025 8.83438e-05 -1846.87 273.258 5.02712 5.02927 7.61383 11.2592 1470540.0
197 0.03035 8.83436e-05 -1846.87 273.256 5.02706 5.02919 7.51337 11.0495 1469730.0
196 0.03045 8.83435e-05 -1846.87 273.249 5.02693 5.02896 7.18093 10.5973 1467970.0
195 0.03055 8.83436e-05 -1846.87 273.249 5.02694 5.02909 7.13887 10.603 1467600.0
194 0.03065 8.83433e-05 -1846.87 273.241 5.02677 5.02868 6.81801 10.0929 1465850.0
193 0.03075 8.83433e-05 -1846.87 273.239 5.02674 5.02869 6.73619 9.97113 1465330.0
192 0.03085 8.83437e-05 -1846.87 273.236 5.0267 5.02859 6.47565 9.59311 1463910.0
191 0.03095 8.83435e-05 -1846.87 273.229 5.02657 5.02834 6.2337 9.27554 1462620.0
190 0.03105 8.8343e-05 -1846.87 273.226 5.02648 5.02823 6.02072 8.97434 1461490.0
189 0.03115 8.8343e-05 -1846.87 273.223 5.02643 5.02816 5.96905 8.85755 1461070.0
188 0.03125 8.83434e-05 -1846.88 273.219 5.02637 5.02803 5.73713 8.53788 1459720.0
187 0.03135 8.83434e-05 -1846.88 273.216 5.02632 5.02789 5.52375 8.27008 1458670.0
186 0.03145 8.83427e-05 -1846.88 273.209 5.02615 5.02772 5.34089 7.98018 1457710.0
185 0.03155 8.83434e-05 -1846.88 273.208 5.02616 5.02764 5.12495 7.68484 1456650.0
184 0.03165 8.83428e-05 -1846.88 273.204 5.02607 5.02749 5.02009 7.46099 1456040.0
183 0.03175 8.83433e-05 -1846.88 273.202 5.02605 5.02739 4.76813 7.1357 1454700.0
182 0.03185 8.8343e-05 -1846.88 273.201 5.02602 5.02742 4.7955 7.15945 1454650.0
181 0.03195 8.8343e-05 -1846.88 273.201 5.02602 5.0274 4.71509 7.00348 1454080.0
180 0.03205 8.83435e-05 -1846.88 273.196 5.02596 5.02727 4.61682 6.875 1453470.0
179 0.03215 8.83428e-05 -1846.88 273.194 5.02589 5.02711 4.338 6.51463 1452060.0
178 0.03225 8.83435e-05 -1846.88 273.19 5.02585 5.02712 4.28054 6.40508 1451690.0
177 0.03235 8.83437e-05 -1846.88 273.188 5.02583 5.02708 4.22034 6.29388 1451330.0
176 0.03245 8.83419e-05 -1846.88 273.184 5.02565 5.02689 3.92289 5.89704 1449830.0
175 0.03255 8.83438e-05 -1846.88 273.184 5.02575 5.027 3.85154 5.85083 1449430.0
174 0.03265 8.83428e-05 -1846.88 273.18 5.02563 5.02687 3.76043 5.66751 1448820.0
173 0.03275 8.83431e-05 -1846.89 273.182 5.02567 5.02683 3.85759 5.76318 1449240.0
172 0.03285 8.83429e-05 -1846.88 273.178 5.02558 5.02678 3.66325 5.51149 1448120.0
171 0.03295 8.83429e-05 -1846.89 273.175 5.02554 5.0266 3.52116 5.28824 1447270.0
170 0.03305 8.83433e-05 -1846.88 273.176 5.02557 5.02665 3.48209 5.19046 1447050.0
169 0.03315 8.83424e-05 -1846.88 273.172 5.02546 5.02648 3.45545 5.09899 1446670.0
168 0.03325 8.83431e-05 -1846.89 273.172 5.02549 5.02653 3.29686 4.88686 1445970.0
167 0.03335 8.83434e-05 -1846.89 273.169 5.02545 5.02649 3.29485 4.92333 1445740.0
166 0.03345 8.83426e-05 -1846.89 273.17 5.02542 5.02643 3.19605 4.77124 1445310.0
165 0.03355 8.83427e-05 -1846.89 273.165 5.02534 5.02636 3.0469 4.58219 1444370.0
164 0.03365 8.83429e-05 -1846.89 273.163 5.02532 5.02626 2.88338 4.36885 1443710.0
163 0.03375 8.83422e-05 -1846.89 273.16 5.02522 5.02613 2.82295 4.239 1443370.0
162 0.03385 8.83436e-05 -1846.89 273.157 5.02525 5.02609 2.68962 4.04933 1442670.0
161 0.03395 8.83425e-05 -1846.89 273.16 5.02523 5.02605 2.66421 3.93103 1442430.0
160 0.03405 8.83428e-05 -1846.89 273.156 5.02518 5.02586 2.52427 3.72585 1441700.0
159 0.03415 8.83426e-05 -1846.89 273.157 5.02518 5.02582 2.44094 3.62896 1441280.0
158 0.03425 8.83428e-05 -1846.89 273.15 5.02507 5.02582 2.42741 3.56548 1441100.0
157 0.03435 8.83431e-05 -1846.89 273.151 5.02511 5.02579 2.35645 3.49605 1440750.0
156 0.03445 8.83424e-05 -1846.89 273.15 5.02505 5.02567 2.25245 3.33272 1440150.0
155 0.03455 8.83434e-05 -1846.89 273.149 5.02509 5.0257 2.28973 3.36362 1440160.0
154 0.03465 8.8342e-05 -1846.89 273.149 5.025 5.02552 2.2121 3.2334 1439750.0
153 0.03475 8.83435e-05 -1846.89 273.149 5.02508 5.02568 2.22939 3.24766 1439760.0
152 0.03485 8.83422e-05 -1846.89 273.149 5.02501 5.02565 2.22655 3.21137 1439600.0
151 0.03495 8.83429e-05 -1846.89 273.148 5.02504 5.02567 2.15899 3.09093 1439150.0
150 0.03505 8.83433e-05 -1846.89 273.145 5.025 5.02556 2.08666 2.98661 1438900.0
149 0.03515 8.83423e-05 -1846.89 273.145 5.02495 5.02555 1.99807 2.86725 1438350.0
148 0.03525 8.83425e-05 -1846.89 273.143 5.02493 5.02551 1.93759 2.79435 1438090.0
147 0.03535 8.83428e-05 -1846.89 273.144 5.02496 5.02557 1.95187 2.81454 1438140.0
146 0.03545 8.83419e-05 -1846.89 273.139 5.02481 5.02531 1.86621 2.71076 1437610.0
145 0.03555 8.83427e-05 -1846.89 273.14 5.02488 5.02533 1.74571 2.56071 1437010.0
144 0.03565 8.83425e-05 -1846.89 273.141 5.02488 5.02524 1.74615 2.48073 1437090.0
143 0.03575 8.83431e-05 -1846.89 273.136 5.02482 5.02527 1.6627 2.39123 1436540.0
142 0.03585 8.83419e-05 -1846.89 273.136 5.02477 5.02516 1.58762 2.32666 1436360.0
141 0.03595 8.8343e-05 -1846.89 273.138 5.02486 5.0253 1.61777 2.36056 1436310.0
140 0.03605 8.83423e-05 -1846.89 273.136 5.02479 5.02527 1.58127 2.32667 1436050.0
139 0.03615 8.83428e-05 -1846.89 273.134 5.02478 5.02517 1.49098 2.20878 1435740.0
138 0.03625 8.83425e-05 -1846.89 273.133 5.02473 5.02515 1.44637 2.16144 1435450.0
137 0.03635 8.83428e-05 -1846.89 273.134 5.02478 5.0252 1.42999 2.14629 1435340.0
136 0.03645 8.83421e-05 -1846.89 273.132 5.0247 5.02502 1.39751 2.12861 1435250.0
135 0.03655 8.83427e-05 -1846.89 273.132 5.02473 5.02519 1.42548 2.05035 1435180.0
134 0.03665 8.83422e-05 -1846.9 273.134 5.02473 5.02508 1.37407 2.03777 1435010.0
133 0.03675 8.83424e-05 -1846.89 273.13 5.02467 5.02506 1.33578 1.96734 1434730.0
132 0.03685 8.8343e-05 -1846.89 273.13 5.02471 5.02505 1.21229 1.83034 1434260.0
131 0.03695 8.83424e-05 -1846.9 273.13 5.02468 5.02502 1.18832 1.79196 1434110.0
130 0.03705 8.8342e-05 -1846.9 273.127 5.0246 5.02493 1.12833 1.70694 1433770.0
129 0.03715 8.83424e-05 -1846.9 273.126 5.02461 5.02487 1.08592 1.65133 1433550.0
128 0.03725 8.83419e-05 -1846.9 273.128 5.02462 5.02484 1.15927 1.73049 1433690.0
127 0.03735 8.83417e-05 -1846.9 273.126 5.02456 5.02476 1.11725 1.68189 1433430.0
126 0.03745 8.8343e-05 -1846.9 273.129 5.02469 5.02488 1.15244 1.73072 1433510.0
125 0.03755 8.83425e-05 -1846.9 273.126 5.02461 5.02476 1.12225 1.68301 1433270.0
124 0.03765 8.83416e-05 -1846.9 273.126 5.02456 5.02467 1.13238 1.65439 1433160.0
123 0.03775 8.83424e-05 -1846.9 273.127 5.02462 5.0247 1.14218 1.64837 1433120.0
122 0.03785 8.83414e-05 -1846.89 273.125 5.02454 5.02461 1.08117 1.59957 1432910.0
121 0.03795 8.83428e-05 -1846.9 273.124 5.0246 5.02471 1.08582 1.60067 1432830.0
120 0.03805 8.83423e-05 -1846.9 273.127 5.02461 5.02462 1.0667 1.58275 1432770.0
119 0.03815 8.83418e-05 -1846.9 273.124 5.02453 5.02447 1.00423 1.47764 1432530.0
118 0.03825 8.83424e-05 -1846.9 273.125 5.0246 5.02458 0.992063 1.46119 1432390.0
117 0.03835 8.83418e-05 -1846.9 273.124 5.02453 5.02451 0.991691 1.41265 1432330.0
116 0.03845 8.8343e-05 -1846.9 273.124 5.0246 5.02451 0.976931 1.38468 1432180.0
115 0.03855 8.83411e-05 -1846.9 273.125 5.02451 5.02443 1.00687 1.40017 1432310.0
114 0.03865 8.83419e-05 -1846.9 273.124 5.02454 5.02447 0.952505 1.32142 1431990.0
113 0.03875 8.83426e-05 -1846.9 273.122 5.02454 5.0244 0.937954 1.29042 1431910.0
112 0.03885 8.83417e-05 -1846.9 273.125 5.02455 5.02443 0.929064 1.31055 1431840.0
111 0.03895 8.83423e-05 -1846.9 273.121 5.02452 5.0244 0.885428 1.23122 1431680.0
110 0.03905 8.83417e-05 -1846.9 273.12 5.02445 5.02434 0.872325 1.22408 1431590.0
109 0.03915 8.83422e-05 -1846.9 273.123 5.02454 5.02444 0.843253 1.21517 1431400.0
108 0.03925 8.83416e-05 -1846.9 273.122 5.02449 5.02454 0.824545 1.18415 1431410.0
107 0.03935 8.83421e-05 -1846.9 273.121 5.02449 5.0245 0.85062 1.21579 1431440.0
106 0.03945 8.83421e-05 -1846.9 273.122 5.02451 5.02448 0.77983 1.12883 1431140.0
105 0.03955 8.83414e-05 -1846.9 273.119 5.02441 5.02437 0.772596 1.12167 1431000.0
104 0.03965 8.83425e-05 -1846.9 273.121 5.02452 5.0245 0.770074 1.10463 1431070.0
103 0.03975 8.83424e-05 -1846.9 273.121 5.02452 5.02449 0.814118 1.12834 1431230.0
102 0.03985 8.8342e-05 -1846.9 273.121 5.02449 5.0244 0.805621 1.10084 1431120.0
101 0.03995 8.83421e-05 -1846.9 273.118 5.02445 5.02437 0.718712 0.988045 1430790.0
100 0.04005 8.83416e-05 -1846.9 273.119 5.02444 5.02435 0.740022 1.00385 1430900.0
99 0.04015 8.83419e-05 -1846.9 273.12 5.02447 5.02435 0.712929 0.992796 1430850.0
98 0.04025 8.83424e-05 -1846.9 273.115 5.0244 5.02426 0.652849 0.910756 1430480.0
97 0.04035 8.83417e-05 -1846.9 273.119 5.02444 5.02432 0.650299 0.910462 1430460.0
96 0.04045 8.8342e-05 -1846.9 273.117 5.02441 5.02427 0.613655 0.893149 1430320.0
95 0.04055 8.83418e-05 -1846.9 273.118 5.02443 5.02422 0.61271 0.878689 1430320.0
94 0.04065 8.83416e-05 -1846.9 273.116 5.02439 5.02423 0.624471 0.880151 1430310.0
93 0.04075 8.83422e-05 -1846.9 273.116 5.02441 5.02428 0.646192 0.908938 1430350.0
92 0.04085 8.83418e-05 -1846.9 273.118 5.02443 5.02425 0.607815 0.874499 1430200.0
91 0.04095 8.83417e-05 -1846.9 273.117 5.0244 5.02421 0.584529 0.861025 1430050.0
90 0.04105 8.83426e-05 -1846.9 273.118 5.02446 5.02429 0.578673 0.86144 1430060.0
89 0.04115 8.83414e-05 -1846.9 273.115 5.02435 5.0242 0.596351 0.875425 1430050.0
88 0.04125 8.83428e-05 -1846.9 273.118 5.02448 5.02425 0.623383 0.924877 1430120.0
87 0.04135 8.8342e-05 -1846.9 273.114 5.02437 5.02419 0.561615 0.839907 1429820.0
86 0.04145 8.83406e-05 -1846.9 273.115 5.0243 5.024 0.49663 0.746916 1429630.0
85 0.04155 8.83426e-05 -1846.9 273.113 5.02438 5.02408 0.497064 0.758008 1429570.0
84 0.04165 8.83417e-05 -1846.9 273.114 5.02434 5.02408 0.451858 0.676386 1429470.0
83 0.04175 8.8342e-05 -1846.9 273.116 5.0244 5.02408 0.491155 0.751353 1429530.0
82 0.04185 8.83416e-05 -1846.9 273.111 5.02429 5.02403 0.445329 0.669686 1429360.0
81 0.04195 8.83416e-05 -1846.9 273.114 5.02434 5.02397 0.459872 0.677882 1429320.0
80 0.04205 8.83416e-05 -1846.9 273.113 5.02432 5.02394 0.427839 0.628431 1429250.0
79 0.04215 8.8342e-05 -1846.9 273.112 5.02433 5.02403 0.418922 0.614941 1429190.0
78 0.04225 8.83415e-05 -1846.9 273.113 5.02431 5.02396 0.385393 0.579534 1429120.0
77 0.04235 8.83426e-05 -1846.9 273.111 5.02434 5.02405 0.378224 0.597908 1429040.0
76 0.04245 8.83412e-05 -1846.9 273.112 5.02428 5.024 0.385646 0.600851 1429070.0
75 0.04255 8.8342e-05 -1846.9 273.113 5.02435 5.02406 0.381144 0.628717 1429090.0
74 0.04265 8.83414e-05 -1846.9 273.111 5.02427 5.024 0.350142 0.5595 1429010.0
73 0.04275 8.83422e-05 -1846.9 273.11 5.02431 5.02402 0.3568 0.607483 1428930.0
72 0.04285 8.8342e-05 -1846.9 273.112 5.02433 5.02407 0.332643 0.568862 1428930.0
71 0.04295 8.83419e-05 -1846.9 273.112 5.02431 5.024 0.332751 0.555511 1428940.0
70 0.04305 8.83419e-05 -1846.9 273.112 5.02431 5.024 0.375582 0.606985 1428960.0
69 0.04315 8.8342e-05 -1846.9 273.111 5.02432 5.02404 0.348441 0.588738 1428890.0
68 0.04325 8.83419e-05 -1846.9 273.111 5.0243 5.02404 0.343723 0.588794 1428850.0
67 0.04335 8.83422e-05 -1846.9 273.113 5.02435 5.02405 0.335646 0.621904 1428860.0
66 0.04345 8.83418e-05 -1846.9 273.111 5.02429 5.02402 0.349236 0.607134 1428850.0
65 0.04355 8.83422e-05 -1846.9 273.113 5.02435 5.02405 0.33753 0.62278 1428840.0
64 0.04365 8.83417e-05 -1846.9 273.111 5.02429 5.02396 0.308389 0.580716 1428690.0
63 0.04375 8.83425e-05 -1846.9 273.111 5.02434 5.02398 0.303669 0.558258 1428730.0
62 0.04385 8.83417e-05 -1846.9 273.11 5.02428 5.02394 0.271404 0.539996 1428660.0
61 0.04395 8.83427e-05 -1846.9 273.109 5.02432 5.02385 0.259922 0.495995 1428500.0
60 0.04405 8.83414e-05 -1846.9 273.11 5.02424 5.02387 0.253537 0.498078 1428490.0
59 0.04415 8.83422e-05 -1846.9 273.11 5.02429 5.02395 0.259901 0.508547 1428490.0
58 0.04425 8.8342e-05 -1846.9 273.11 5.0243 5.02394 0.260323 0.519527 1428500.0
57 0.04435 8.83411e-05 -1846.9 273.11 5.02425 5.02389 0.254495 0.481288 1428540.0
56 0.04445 8.83428e-05 -1846.9 273.111 5.02435 5.02399 0.318381 0.563375 1428610.0
55 0.04455 8.83413e-05 -1846.9 273.111 5.02426 5.02395 0.257193 0.467618 1428440.0
54 0.04465 8.83417e-05 -1846.9 273.113 5.02432 5.02397 0.256253 0.478783 1428430.0
53 0.04475 8.83418e-05 -1846.9 273.109 5.02425 5.02402 0.280635 0.471477 1428380.0
52 0.04485 8.83421e-05 -1846.9 273.11 5.0243 5.02402 0.271203 0.491648 1428400.0
51 0.04495 8.83417e-05 -1846.9 273.113 5.02433 5.02407 0.268335 0.478562 1428420.0
50 0.04505 8.83425e-05 -1846.9 273.107 5.02426 5.024 0.261202 0.48922 1428300.0
49 0.04515 8.83418e-05 -1846.9 273.112 5.02431 5.02411 0.256917 0.51066 1428360.0
48 0.04525 8.83425e-05 -1846.9 273.11 5.02432 5.02404 0.228822 0.466356 1428240.0
47 0.04535 8.83421e-05 -1846.9 273.111 5.02431 5.02408 0.238212 0.501983 1428280.0
46 0.04545 8.83418e-05 -1846.9 273.109 5.02425 5.02411 0.224252 0.490732 1428140.0
45 0.04555 8.83421e-05 -1846.9 273.112 5.02432 5.0241 0.181976 0.436863 1428080.0
44 0.04565 8.83431e-05 -1846.9 273.108 5.02431 5.02409 0.203313 0.455516 1428060.0
43 0.04575 8.83416e-05 -1846.9 273.11 5.02426 5.02397 0.174791 0.419313 1428010.0
42 0.04585 8.83416e-05 -1846.9 273.11 5.02427 5.02397 0.171867 0.413245 1427990.0
41 0.04595 8.83429e-05 -1846.9 273.108 5.0243 5.024 0.162359 0.388141 1427940.0
40 0.04605 8.83413e-05 -1846.9 273.109 5.02423 5.02388 0.170621 0.380507 1427890.0
39 0.04615 8.83427e-05 -1846.9 273.108 5.02429 5.02395 0.17503 0.413472 1427910.0
38 0.04625 8.83418e-05 -1846.9 273.111 5.02429 5.02388 0.179624 0.392094 1427870.0
37 0.04635 8.83423e-05 -1846.9 273.109 5.02429 5.02388 0.184339 0.414173 1427860.0
36 0.04645 8.8342e-05 -1846.9 273.11 5.02429 5.02384 0.163533 0.356726 1427830.0
35 0.04655 8.8342e-05 -1846.9 273.108 5.02426 5.02376 0.156162 0.32563 1427790.0
34 0.04665 8.83428e-05 -1846.9 273.112 5.02437 5.02389 0.177387 0.372669 1427870.0
33 0.04675 8.83416e-05 -1846.9 273.109 5.02425 5.02383 0.138026 0.31943 1427810.0
32 0.04685 8.83432e-05 -1846.9 273.109 5.02434 5.02391 0.170093 0.353677 1427830.0
31 0.04695 8.83412e-05 -1846.9 273.109 5.02422 5.02376 0.11636 0.263113 1427690.0
30 0.04705 8.83426e-05 -1846.9 273.108 5.02429 5.02385 0.154528 0.32433 1427700.0
29 0.04715 8.83414e-05 -1846.9 273.109 5.02424 5.02372 0.14145 0.28404 1427630.0
28 0.04725 8.83424e-05 -1846.9 273.109 5.0243 5.02372 0.138059 0.299188 1427610.0
27 0.04735 8.83419e-05 -1846.9 273.109 5.02426 5.02371 0.156872 0.311507 1427580.0
26 0.04745 8.83417e-05 -1846.9 273.109 5.02425 5.02383 0.149285 0.304167 1427620.0
25 0.04755 8.83416e-05 -1846.9 273.108 5.02423 5.02372 0.127015 0.3312 1427540.0
24 0.04765 8.83421e-05 -1846.9 273.11 5.02429 5.0239 0.132661 0.330046 1427590.0
23 0.04775 8.83423e-05 -1846.9 273.107 5.02426 5.02371 0.110017 0.267282 1427470.0
22 0.04785 8.83413e-05 -1846.9 273.109 5.02423 5.02382 0.109656 0.240819 1427490.0
21 0.04795 8.83422e-05 -1846.91 273.108 5.02427 5.02379 0.103322 0.27011 1427450.0
20 0.04805 8.83418e-05 -1846.9 273.109 5.02426 5.0239 0.115959 0.288964 1427480.0
19 0.04815 8.83421e-05 -1846.9 273.109 5.02428 5.02383 0.0959411 0.256324 1427430.0
18 0.04825 8.83418e-05 -1846.9 273.109 5.02426 5.02385 0.117861 0.292687 1427450.0
17 0.04835 8.83421e-05 -1846.9 273.108 5.02426 5.0238 0.10591 0.265841 1427370.0
16 0.04845 8.83423e-05 -1846.9 273.109 5.02429 5.0238 0.094258 0.25018 1427340.0
15 0.04855 8.83411e-05 -1846.9 273.106 5.02417 5.02364 0.0983809 0.254074 1427260.0
14 0.04865 8.83423e-05 -1846.9 273.109 5.02429 5.02376 0.0866804 0.235703 1427290.0
13 0.04875 8.83418e-05 -1846.9 273.108 5.02424 5.02369 0.0851983 0.251098 1427230.0
12 0.04885 8.83415e-05 -1846.9 273.108 5.02423 5.0237 0.090469 0.25659 1427210.0
11 0.04895 8.83419e-05 -1846.9 273.109 5.02426 5.02369 0.0955614 0.282936 1427180.0
10 0.04905 8.83425e-05 -1846.9 273.11 5.02431 5.02375 0.09157 0.24986 1427170.0
9 0.04915 8.83415e-05 -1846.9 273.107 5.0242 5.02356 0.087623 0.250379 1427100.0
8 0.04925 8.83417e-05 -1846.9 273.106 5.0242 5.02352 0.0726146 0.210106 1427020.0
7 0.04935 8.83413e-05 -1846.9 273.108 5.0242 5.02348 0.0460206 0.199832 1426870.0
6 0.04945 8.8342e-05 -1846.9 273.106 5.02422 5.02352 0.0331157 0.164848 1426860.0
5 0.04955 8.83421e-05 -1846.91 273.106 5.02422 5.02349 0.032183 0.148025 1426810.0
4 0.04965 8.83417e-05 -1846.9 273.107 5.02421 5.02341 0.0142112 0.101924 1426730.0
3 0.04975 8.8342e-05 -1846.91 273.106 5.02421 5.02328 -0.0290804 0.0121752 1426640.0
2 0.04985 8.83412e-05 -1846.91 273.104 5.02414 5.02331 -0.0391359 -0.00287149 1426590.0
1 0.04995 8.83425e-05 -1846.91 273.107 5.02425 5.02329 -0.0513086 -0.0426572 1426530.0
