TITLE = "DSMC"
VARIABLES = "ID" "X" "rho" "v1" "Ttrans" "p" "p1" "q1" "mv1v1v1" "mvvv1v1"
ZONE T="Ma=6.0_inv", I=800, J=1, K=1, F=POINT
800 -0.02995 0.000326184 -500.207 3308.97 224.763 224.753 3.81353 6.6143 774335000.0
799 -0.02985 0.000326205 -500.177 3308.85 224.769 224.757 -8.38263 -5.33799 774340000.0
798 -0.02975 0.000326172 -500.224 3308.89 224.749 224.747 2.76661 21.5321 774304000.0
797 -0.02965 0.000326178 -500.219 3309.01 224.762 224.748 10.4285 20.7004 774319000.0
796 -0.02955 0.000326202 -500.178 3308.9 224.771 224.756 -3.95646 -1.47117 774330000.0
795 -0.02945 0.000326207 -500.173 3308.92 224.776 224.758 -5.24434 -0.94198 774342000.0
794 -0.02935 0.000326198 -500.183 3309.13 224.784 224.755 9.43478 6.56435 774351000.0
793 -0.02925 0.000326189 -500.2 3308.98 224.768 224.749 3.56572 9.33552 774320000.0
792 -0.02915 0.000326199 -500.187 3308.92 224.77 224.757 -2.65241 3.60566 774339000.0
791 -0.02905 0.000326191 -500.195 3308.86 224.76 224.752 -3.41757 6.32396 774320000.0
790 -0.02895 0.000326184 -500.211 3308.84 224.754 224.75 0.502633 9.53552 774310000.0
789 -0.02885 0.000326177 -500.22 3308.89 224.753 224.751 4.50769 12.381 774333000.0
788 -0.02875 0.000326166 -500.24 3308.95 224.75 224.745 11.657 25.3889 774313000.0
787 -0.02865 0.000326176 -500.221 3308.99 224.759 224.748 10.3958 13.3064 774324000.0
786 -0.02855 0.000326171 -500.234 3309.05 224.76 224.748 16.821 21.0679 774333000.0
785 -0.02845 0.000326185 -500.21 3308.95 224.763 224.75 2.2954 2.92331 774324000.0
784 -0.02835 0.00032619 -500.197 3308.97 224.767 224.75 5.74441 3.3538 774329000.0
783 -0.02825 0.000326178 -500.223 3309.05 224.765 224.75 10.6409 9.55531 774338000.0
782 -0.02815 0.000326171 -500.233 3309.01 224.757 224.748 12.4347 19.0602 774327000.0
781 -0.02805 0.00032619 -500.205 3308.92 224.764 224.752 -0.0657626 -2.11349 774332000.0
780 -0.02795 0.000326182 -500.213 3308.89 224.756 224.748 3.308 11.5702 774316000.0
779 -0.02785 0.000326167 -500.236 3309.05 224.757 224.748 16.2436 29.0203 774343000.0
778 -0.02775 0.000326181 -500.221 3309.1 224.77 224.751 12.6123 18.1359 774347000.0
777 -0.02765 0.000326184 -500.21 3309.02 224.767 224.75 8.53834 14.8164 774336000.0
776 -0.02755 0.000326184 -500.209 3309.04 224.768 224.749 8.39979 10.936 774325000.0
775 -0.02745 0.000326187 -500.209 3308.91 224.761 224.753 -1.78161 9.12399 774336000.0
774 -0.02735 0.000326187 -500.214 3309.02 224.769 224.753 6.95884 11.8474 774339000.0
773 -0.02725 0.000326184 -500.208 3309.02 224.767 224.753 7.7557 10.5571 774341000.0
772 -0.02715 0.000326187 -500.212 3309.02 224.769 224.752 6.0563 3.74371 774342000.0
771 -0.02705 0.000326183 -500.21 3309.05 224.768 224.751 8.8066 12.0351 774337000.0
770 -0.02695 0.000326205 -500.186 3308.98 224.778 224.759 -1.64056 -6.72334 774352000.0
769 -0.02685 0.000326191 -500.201 3308.9 224.763 224.753 -0.872264 5.67607 774327000.0
768 -0.02675 0.000326196 -500.192 3309.07 224.779 224.755 6.12562 -0.994344 774338000.0
767 -0.02665 0.000326212 -500.171 3309.02 224.786 224.759 -1.69834 -13.619 774350000.0
766 -0.02655 0.000326205 -500.179 3309.04 224.782 224.758 0.524691 -7.54193 774353000.0
765 -0.02645 0.00032619 -500.203 3309.0 224.769 224.753 4.08383 8.05876 774333000.0
764 -0.02635 0.000326198 -500.193 3308.99 224.774 224.757 1.45563 0.209703 774332000.0
763 -0.02625 0.00032621 -500.168 3308.96 224.78 224.758 -7.24183 -14.6379 774329000.0
762 -0.02615 0.000326208 -500.171 3309.02 224.783 224.758 1.11948 -5.65343 774345000.0
761 -0.02605 0.000326214 -500.167 3309.06 224.789 224.761 -3.37513 -13.0301 774357000.0
760 -0.02595 0.000326204 -500.182 3309.05 224.783 224.755 2.45263 -4.12062 774341000.0
759 -0.02585 0.000326197 -500.191 3309.05 224.778 224.756 3.6383 6.17424 774343000.0
758 -0.02575 0.000326178 -500.221 3308.99 224.761 224.75 9.03041 20.2836 774332000.0
757 -0.02565 0.000326194 -500.197 3308.9 224.766 224.754 -2.64176 0.44145 774327000.0
756 -0.02555 0.000326179 -500.218 3308.94 224.757 224.749 7.50667 13.1142 774325000.0
755 -0.02545 0.000326174 -500.228 3308.96 224.756 224.75 7.22014 11.9731 774329000.0
754 -0.02535 0.000326171 -500.223 3308.98 224.756 224.747 8.44315 9.9763 774301000.0
753 -0.02525 0.000326189 -500.204 3308.94 224.765 224.752 2.30274 -1.11185 774317000.0
752 -0.02515 0.000326172 -500.228 3309.04 224.759 224.747 13.1197 11.4911 774302000.0
751 -0.02505 0.000326183 -500.215 3309.05 224.768 224.752 8.7763 -0.0837905 774327000.0
750 -0.02495 0.00032619 -500.203 3308.86 224.76 224.753 -2.01294 -4.28826 774323000.0
749 -0.02485 0.000326184 -500.208 3308.97 224.763 224.751 5.65597 4.5092 774323000.0
748 -0.02475 0.000326191 -500.203 3308.9 224.763 224.755 -3.76287 -2.85742 774338000.0
747 -0.02465 0.000326204 -500.179 3308.89 224.771 224.756 -6.3704 -11.7579 774342000.0
746 -0.02455 0.000326198 -500.188 3308.78 224.76 224.754 -9.84646 -11.033 774317000.0
745 -0.02445 0.000326202 -500.178 3308.84 224.767 224.758 -8.56835 -8.82218 774348000.0
744 -0.02435 0.000326215 -500.165 3308.82 224.774 224.76 -14.4883 -22.4647 774353000.0
743 -0.02425 0.000326191 -500.2 3308.77 224.754 224.753 -9.23241 -6.32379 774339000.0
742 -0.02415 0.000326206 -500.174 3308.89 224.773 224.757 -5.78563 -15.091 774351000.0
741 -0.02405 0.000326194 -500.194 3309.0 224.772 224.753 0.916181 -12.207 774352000.0
740 -0.02395 0.000326184 -500.208 3309.0 224.765 224.75 6.94863 0.251293 774329000.0
739 -0.02385 0.000326188 -500.204 3308.92 224.763 224.755 0.59726 -4.95208 774353000.0
738 -0.02375 0.000326177 -500.221 3309.09 224.766 224.75 11.8764 2.81931 774337000.0
737 -0.02365 0.000326185 -500.208 3309.03 224.768 224.752 7.76832 0.224213 774347000.0
736 -0.02355 0.000326185 -500.208 3308.94 224.762 224.753 1.62331 -1.67818 774347000.0
735 -0.02345 0.000326178 -500.22 3309.0 224.761 224.75 8.67016 5.32741 774350000.0
734 -0.02335 0.000326196 -500.19 3308.98 224.772 224.756 -0.30341 -7.48836 774360000.0
733 -0.02325 0.000326208 -500.17 3308.93 224.777 224.755 -6.39793 -19.787 774344000.0
732 -0.02315 0.000326191 -500.197 3308.98 224.768 224.753 -0.396534 -7.5856 774346000.0
731 -0.02305 0.000326194 -500.195 3308.83 224.761 224.753 -5.43449 -11.1462 774338000.0
730 -0.02295 0.000326208 -500.171 3308.91 224.776 224.76 -9.43432 -25.3662 774370000.0
729 -0.02285 0.000326222 -500.153 3308.87 224.783 224.762 -12.4833 -33.6788 774366000.0
728 -0.02275 0.000326222 -500.15 3308.86 224.782 224.762 -15.2431 -31.9478 774375000.0
727 -0.02265 0.000326214 -500.162 3308.91 224.78 224.76 -9.10089 -25.7961 774375000.0
726 -0.02255 0.000326223 -500.153 3308.89 224.785 224.76 -14.8485 -32.8598 774375000.0
725 -0.02245 0.000326208 -500.174 3309.0 224.782 224.758 -3.67816 -21.9199 774377000.0
724 -0.02235 0.000326195 -500.194 3308.96 224.77 224.754 0.344263 -8.92529 774354000.0
723 -0.02225 0.000326171 -500.227 3309.03 224.758 224.749 9.54705 10.4851 774349000.0
722 -0.02215 0.000326175 -500.223 3309.02 224.76 224.746 7.96046 8.04011 774332000.0
721 -0.02205 0.000326188 -500.204 3308.89 224.761 224.752 -3.30746 -5.81307 774348000.0
720 -0.02195 0.000326186 -500.209 3308.93 224.762 224.751 0.592037 -3.6341 774350000.0
719 -0.02185 0.000326178 -500.217 3308.91 224.755 224.75 2.14948 0.810431 774341000.0
718 -0.02175 0.000326181 -500.216 3309.06 224.767 224.752 8.19664 3.02739 774355000.0
717 -0.02165 0.000326185 -500.204 3308.95 224.763 224.749 1.66876 1.4097 774332000.0
716 -0.02155 0.000326192 -500.2 3308.96 224.768 224.754 1.72589 -1.5218 774352000.0
715 -0.02145 0.000326197 -500.194 3309.01 224.775 224.756 2.05433 -4.07399 774357000.0
714 -0.02135 0.000326183 -500.208 3309.08 224.77 224.751 10.2632 9.73775 774341000.0
713 -0.02125 0.000326186 -500.207 3308.92 224.761 224.752 0.21586 3.00628 774343000.0
712 -0.02115 0.000326187 -500.207 3308.94 224.763 224.753 1.49957 1.16079 774340000.0
711 -0.02105 0.000326176 -500.222 3308.98 224.758 224.747 7.05386 12.8004 774322000.0
710 -0.02095 0.00032619 -500.2 3308.92 224.764 224.752 0.418176 -3.76275 774347000.0
709 -0.02085 0.000326182 -500.214 3308.96 224.762 224.749 4.5871 -3.21483 774334000.0
708 -0.02075 0.000326189 -500.199 3308.89 224.761 224.75 -2.35925 -10.7697 774334000.0
707 -0.02065 0.000326203 -500.183 3308.84 224.767 224.759 -8.20368 -20.3022 774362000.0
706 -0.02055 0.0003262 -500.184 3308.89 224.769 224.754 -3.84979 -16.7446 774330000.0
705 -0.02045 0.000326189 -500.199 3308.89 224.761 224.753 -1.2626 -12.3968 774335000.0
704 -0.02035 0.000326194 -500.194 3308.89 224.764 224.752 -2.25896 -11.9867 774313000.0
703 -0.02025 0.000326182 -500.213 3308.94 224.76 224.752 1.7192 -4.78588 774333000.0
702 -0.02015 0.000326181 -500.215 3308.99 224.762 224.749 6.09286 1.20534 774310000.0
701 -0.02005 0.000326184 -500.207 3309.06 224.77 224.75 8.63215 -2.17651 774322000.0
700 -0.01995 0.000326173 -500.225 3309.14 224.767 224.748 15.4941 6.81018 774327000.0
699 -0.01985 0.000326179 -500.214 3309.11 224.769 224.75 11.988 -0.38576 774341000.0
698 -0.01975 0.000326184 -500.21 3309.03 224.767 224.755 7.40199 -1.02661 774359000.0
697 -0.01965 0.000326178 -500.217 3309.07 224.766 224.749 12.8154 6.02171 774333000.0
696 -0.01955 0.000326178 -500.215 3309.09 224.768 224.749 12.4696 3.00691 774348000.0
695 -0.01945 0.000326166 -500.236 3309.09 224.759 224.745 16.9964 16.5266 774335000.0
694 -0.01935 0.000326177 -500.221 3309.07 224.765 224.75 11.199 4.10977 774348000.0
693 -0.01925 0.000326165 -500.237 3308.98 224.75 224.746 11.2431 13.8846 774339000.0
692 -0.01915 0.000326181 -500.213 3308.91 224.757 224.751 3.35556 2.18612 774334000.0
691 -0.01905 0.000326196 -500.19 3309.0 224.774 224.755 -0.740951 -16.4084 774349000.0
690 -0.01895 0.000326195 -500.191 3308.98 224.771 224.753 0.115604 -12.1759 774333000.0
689 -0.01885 0.000326198 -500.187 3309.06 224.78 224.757 4.41195 -12.2276 774359000.0
688 -0.01875 0.000326195 -500.19 3309.07 224.778 224.753 5.10965 -9.28135 774352000.0
687 -0.01865 0.000326191 -500.196 3309.15 224.78 224.752 11.0045 -0.963524 774358000.0
686 -0.01855 0.00032618 -500.216 3309.06 224.767 224.751 10.2163 11.4047 774345000.0
685 -0.01845 0.000326182 -500.211 3309.04 224.767 224.75 8.22017 9.01977 774331000.0
684 -0.01835 0.000326182 -500.211 3309.08 224.769 224.751 12.0267 12.8616 774336000.0
683 -0.01825 0.000326189 -500.204 3309.07 224.774 224.752 6.41218 6.85856 774333000.0
682 -0.01815 0.000326197 -500.187 3308.96 224.771 224.753 -1.5262 -6.41362 774327000.0
681 -0.01805 0.000326192 -500.196 3308.97 224.769 224.753 0.181751 -6.37459 774327000.0
680 -0.01795 0.000326201 -500.186 3308.86 224.767 224.757 -6.66677 -11.3512 774344000.0
679 -0.01785 0.000326186 -500.203 3308.94 224.762 224.75 0.948738 -1.42078 774321000.0
678 -0.01775 0.000326184 -500.208 3308.97 224.763 224.751 5.44844 -3.78607 774331000.0
677 -0.01765 0.00032618 -500.22 3309.02 224.764 224.751 9.35573 -0.0573777 774334000.0
676 -0.01755 0.000326175 -500.219 3308.97 224.757 224.747 9.87185 5.16093 774327000.0
675 -0.01745 0.00032618 -500.22 3308.96 224.759 224.75 3.3878 -2.03611 774329000.0
674 -0.01735 0.000326186 -500.205 3309.07 224.772 224.751 11.2146 -5.42915 774332000.0
673 -0.01725 0.00032616 -500.244 3309.14 224.758 224.742 20.4592 13.7318 774310000.0
672 -0.01715 0.000326148 -500.266 3309.05 224.744 224.742 21.3189 26.0977 774310000.0
671 -0.01705 0.000326163 -500.24 3309.12 224.759 224.747 19.5262 16.6213 774326000.0
670 -0.01695 0.000326169 -500.227 3309.11 224.762 224.746 15.8099 9.57814 774317000.0
669 -0.01685 0.000326179 -500.214 3309.18 224.774 224.75 17.5263 -1.74519 774332000.0
668 -0.01675 0.000326182 -500.205 3309.26 224.781 224.749 19.1339 0.304385 774315000.0
667 -0.01665 0.000326188 -500.202 3309.12 224.776 224.753 10.4049 -7.43939 774323000.0
666 -0.01655 0.000326181 -500.212 3309.17 224.775 224.749 16.4737 2.77661 774309000.0
665 -0.01645 0.000326184 -500.207 3309.11 224.773 224.751 12.8123 0.663074 774309000.0
664 -0.01635 0.000326191 -500.195 3309.08 224.776 224.75 7.27819 -3.04046 774302000.0
663 -0.01625 0.000326187 -500.203 3309.09 224.773 224.753 9.53589 2.66835 774313000.0
662 -0.01615 0.000326182 -500.209 3309.09 224.77 224.749 12.5595 12.8306 774305000.0
661 -0.01605 0.00032618 -500.216 3309.08 224.767 224.751 12.0117 11.6504 774311000.0
660 -0.01595 0.000326176 -500.214 3309.11 224.767 224.748 14.8354 15.0572 774301000.0
659 -0.01585 0.000326171 -500.229 3309.01 224.757 224.747 9.67017 21.893 774289000.0
658 -0.01575 0.000326186 -500.203 3309.0 224.767 224.75 7.02578 5.31028 774298000.0
657 -0.01565 0.000326167 -500.232 3309.05 224.757 224.747 15.0381 23.2255 774286000.0
656 -0.01555 0.000326169 -500.23 3309.02 224.756 224.748 9.77047 21.3236 774283000.0
655 -0.01545 0.000326176 -500.219 3308.97 224.757 224.749 7.29726 16.9912 774268000.0
654 -0.01535 0.000326195 -500.184 3308.93 224.768 224.754 -2.38345 -1.68691 774275000.0
653 -0.01525 0.000326183 -500.209 3309.05 224.768 224.751 8.64704 10.7227 774264000.0
652 -0.01515 0.000326189 -500.197 3309.01 224.769 224.752 3.00932 1.22541 774262000.0
651 -0.01505 0.000326174 -500.221 3309.09 224.764 224.747 13.9407 15.3578 774253000.0
650 -0.01495 0.000326184 -500.207 3309.15 224.775 224.752 13.9892 9.26513 774269000.0
649 -0.01485 0.00032616 -500.242 3309.11 224.756 224.744 19.6353 32.1403 774241000.0
648 -0.01475 0.000326152 -500.256 3309.24 224.76 224.744 29.3113 41.1373 774247000.0
647 -0.01465 0.000326151 -500.255 3309.24 224.759 224.742 27.476 41.1174 774247000.0
646 -0.01455 0.000326155 -500.248 3309.45 224.775 224.744 39.89 37.6558 774260000.0
645 -0.01445 0.000326148 -500.262 3309.46 224.772 224.74 40.9832 37.0769 774248000.0
644 -0.01435 0.000326146 -500.262 3309.25 224.756 224.741 30.5374 43.02 774236000.0
643 -0.01425 0.000326143 -500.268 3309.2 224.75 224.742 28.6687 41.9057 774223000.0
642 -0.01415 0.000326138 -500.277 3309.14 224.743 224.737 30.4078 42.1585 774191000.0
641 -0.01405 0.000326141 -500.27 3309.25 224.753 224.741 31.1686 34.9442 774213000.0
640 -0.01395 0.000326144 -500.265 3309.24 224.754 224.739 31.587 27.7384 774188000.0
639 -0.01385 0.000326153 -500.253 3309.28 224.763 224.741 31.6194 25.4223 774195000.0
638 -0.01375 0.00032615 -500.258 3309.29 224.761 224.745 32.1433 29.8526 774220000.0
637 -0.01365 0.000326137 -500.28 3309.3 224.753 224.739 36.3029 39.5385 774196000.0
636 -0.01355 0.000326128 -500.293 3309.28 224.745 224.736 41.1271 51.2022 774196000.0
635 -0.01345 0.00032612 -500.3 3309.26 224.739 224.734 38.4193 50.2901 774181000.0
634 -0.01335 0.000326115 -500.316 3309.24 224.734 224.732 43.8369 64.3384 774163000.0
633 -0.01325 0.000326108 -500.323 3309.34 224.736 224.729 49.8445 65.7699 774158000.0
632 -0.01315 0.000326114 -500.319 3309.34 224.741 224.732 45.8589 60.3263 774157000.0
631 -0.01305 0.000326137 -500.275 3309.14 224.743 224.737 31.9915 47.8342 774146000.0
630 -0.01295 0.000326145 -500.267 3309.22 224.753 224.737 29.629 34.1262 774146000.0
629 -0.01285 0.000326125 -500.298 3309.29 224.744 224.733 41.0404 50.7537 774129000.0
628 -0.01275 0.000326125 -500.298 3309.27 224.742 224.733 41.0771 50.6964 774119000.0
627 -0.01265 0.000326132 -500.293 3309.29 224.749 224.737 36.9525 38.1145 774115000.0
626 -0.01255 0.000326133 -500.286 3309.26 224.748 224.734 36.6206 38.845 774102000.0
625 -0.01245 0.000326121 -500.308 3309.22 224.737 224.733 43.3515 54.0848 774091000.0
624 -0.01235 0.00032611 -500.328 3309.23 224.73 224.732 42.9941 61.3425 774091000.0
623 -0.01225 0.000326097 -500.338 3309.29 224.725 224.725 50.3883 68.6179 774063000.0
622 -0.01215 0.000326088 -500.353 3309.32 224.721 224.721 55.5546 75.7561 774043000.0
621 -0.01205 0.000326093 -500.349 3309.44 224.732 224.725 60.8999 70.9129 774053000.0
620 -0.01195 0.000326083 -500.363 3309.42 224.724 224.723 60.0169 74.9285 774028000.0
619 -0.01185 0.000326083 -500.364 3309.32 224.717 224.724 55.9331 74.6482 774002000.0
618 -0.01175 0.000326078 -500.376 3309.34 224.715 224.72 59.0189 74.6602 773984000.0
617 -0.01165 0.000326064 -500.389 3309.52 224.718 224.718 75.6055 85.6184 773979000.0
616 -0.01155 0.000326068 -500.387 3309.57 224.724 224.717 75.3778 84.0635 773954000.0
615 -0.01145 0.000326057 -500.409 3309.59 224.718 224.716 77.6629 90.5525 773943000.0
614 -0.01135 0.000326041 -500.43 3309.49 224.7 224.714 80.3815 100.683 773924000.0
613 -0.01125 0.000326041 -500.43 3309.6 224.707 224.712 82.8026 96.592 773902000.0
612 -0.01115 0.00032604 -500.43 3309.56 224.704 224.711 82.5972 94.3303 773879000.0
611 -0.01105 0.000326022 -500.463 3309.64 224.697 224.705 93.0867 107.925 773843000.0
610 -0.01095 0.000326 -500.492 3309.72 224.687 224.702 105.734 124.883 773816000.0
609 -0.01085 0.00032601 -500.479 3309.78 224.699 224.704 101.828 109.651 773811000.0
608 -0.01075 0.000326005 -500.484 3309.76 224.694 224.703 106.745 121.554 773779000.0
607 -0.01065 0.000325991 -500.513 3309.75 224.683 224.699 108.388 125.121 773740000.0
606 -0.01055 0.000325978 -500.527 3309.74 224.674 224.695 112.689 132.837 773701000.0
605 -0.01045 0.000325959 -500.555 3309.81 224.666 224.691 122.427 144.538 773663000.0
604 -0.01035 0.000325961 -500.552 3309.85 224.669 224.69 126.078 141.163 773630000.0
603 -0.01025 0.000325924 -500.611 3309.83 224.642 224.682 136.198 166.478 773599000.0
602 -0.01015 0.000325909 -500.635 3309.88 224.636 224.679 144.313 172.971 773571000.0
601 -0.01005 0.000325882 -500.674 3310.01 224.626 224.67 160.178 189.036 773533000.0
600 -0.00995 0.000325879 -500.679 3310.09 224.629 224.669 164.783 186.918 773503000.0
599 -0.00985 0.000325861 -500.712 3310.07 224.616 224.664 169.327 194.061 773459000.0
598 -0.00975 0.000325846 -500.729 3310.1 224.607 224.662 178.988 204.459 773430000.0
597 -0.00965 0.000325812 -500.784 3310.22 224.592 224.653 192.738 218.159 773379000.0
596 -0.00955 0.000325799 -500.803 3310.36 224.592 224.65 207.036 224.897 773337000.0
595 -0.00945 0.000325764 -500.858 3310.42 224.572 224.641 223.868 249.0 773279000.0
594 -0.00935 0.00032574 -500.901 3310.37 224.552 224.634 227.157 257.094 773212000.0
593 -0.00925 0.000325715 -500.935 3310.63 224.553 224.627 250.678 267.866 773159000.0
592 -0.00915 0.000325674 -500.999 3310.67 224.527 224.618 266.935 295.06 773105000.0
591 -0.00905 0.000325642 -501.047 3310.71 224.508 224.608 277.93 305.3 773021000.0
590 -0.00895 0.000325615 -501.09 3310.86 224.499 224.602 294.794 314.408 772955000.0
589 -0.00885 0.000325582 -501.135 3310.89 224.478 224.594 307.828 329.137 772874000.0
588 -0.00875 0.000325542 -501.199 3310.97 224.457 224.582 324.602 341.789 772783000.0
587 -0.00865 0.000325491 -501.276 3311.06 224.427 224.569 346.439 366.673 772696000.0
586 -0.00855 0.000325448 -501.347 3311.23 224.409 224.561 369.278 379.221 772623000.0
585 -0.00845 0.000325392 -501.429 3311.26 224.373 224.544 391.827 407.062 772507000.0
584 -0.00835 0.000325348 -501.501 3311.43 224.354 224.533 412.978 417.992 772409000.0
583 -0.00825 0.000325303 -501.566 3311.58 224.333 224.521 437.408 436.737 772294000.0
582 -0.00815 0.00032524 -501.665 3311.72 224.299 224.506 466.463 466.195 772173000.0
581 -0.00805 0.000325182 -501.754 3311.85 224.268 224.492 493.151 490.81 772055000.0
580 -0.00795 0.000325118 -501.852 3311.92 224.228 224.475 517.516 515.26 771919000.0
579 -0.00785 0.000325045 -501.963 3312.1 224.19 224.456 552.115 543.405 771777000.0
578 -0.00775 0.000324964 -502.087 3312.25 224.144 224.436 587.433 582.351 771625000.0
577 -0.00765 0.000324876 -502.225 3312.41 224.095 224.413 627.275 620.41 771452000.0
576 -0.00755 0.00032479 -502.357 3312.54 224.044 224.393 660.657 648.506 771305000.0
575 -0.00745 0.000324682 -502.525 3312.77 223.985 224.365 713.195 706.113 771132000.0
574 -0.00735 0.000324565 -502.699 3313.07 223.925 224.333 766.149 753.327 770946000.0
573 -0.00725 0.00032446 -502.868 3313.24 223.864 224.306 809.021 790.321 770747000.0
572 -0.00715 0.00032436 -503.019 3313.25 223.796 224.28 844.513 816.411 770524000.0
571 -0.00705 0.000324268 -503.163 3313.49 223.748 224.259 889.285 840.787 770336000.0
570 -0.00695 0.000324128 -503.384 3313.65 223.662 224.22 944.149 892.928 770083000.0
569 -0.00685 0.000324002 -503.577 3313.72 223.58 224.187 992.161 926.652 769815000.0
568 -0.00675 0.000323845 -503.821 3313.95 223.487 224.149 1057.5 983.09 769562000.0
567 -0.00665 0.00032367 -504.093 3314.28 223.388 224.099 1134.34 1041.88 769245000.0
566 -0.00655 0.000323497 -504.362 3314.51 223.285 224.059 1208.08 1105.58 768951000.0
565 -0.00645 0.000323329 -504.63 3314.78 223.187 224.015 1275.48 1150.17 768635000.0
564 -0.00635 0.00032314 -504.923 3315.04 223.074 223.964 1358.05 1209.36 768273000.0
563 -0.00625 0.000322906 -505.287 3315.22 222.925 223.904 1446.15 1295.43 767876000.0
562 -0.00615 0.000322669 -505.659 3315.49 222.779 223.844 1542.37 1375.65 767477000.0
561 -0.00605 0.000322424 -506.042 3315.78 222.63 223.781 1641.47 1455.47 767053000.0
560 -0.00595 0.000322158 -506.458 3316.04 222.463 223.707 1747.17 1535.19 766579000.0
559 -0.00585 0.000321897 -506.87 3316.36 222.304 223.641 1854.16 1597.19 766106000.0
558 -0.00575 0.000321612 -507.321 3316.67 222.129 223.567 1970.86 1678.37 765610000.0
557 -0.00565 0.000321279 -507.842 3317.07 221.925 223.479 2107.49 1788.76 765054000.0
556 -0.00555 0.000320944 -508.371 3317.33 221.711 223.391 2234.67 1878.96 764464000.0
555 -0.00545 0.000320569 -508.966 3317.58 221.469 223.294 2381.13 1997.95 763832000.0
554 -0.00535 0.000320185 -509.579 3317.96 221.229 223.192 2536.36 2104.18 763164000.0
553 -0.00525 0.000319756 -510.26 3318.23 220.95 223.077 2701.44 2229.66 762447000.0
552 -0.00515 0.000319277 -511.03 3318.65 220.647 222.952 2890.07 2381.64 761692000.0
551 -0.00505 0.000318793 -511.802 3319.1 220.342 222.821 3088.04 2520.09 760886000.0
550 -0.00495 0.000318265 -512.648 3319.52 220.006 222.678 3290.95 2666.67 760022000.0
549 -0.00485 0.000317708 -513.55 3319.81 219.64 222.533 3506.76 2824.74 759114000.0
548 -0.00475 0.000317095 -514.541 3320.36 219.252 222.365 3754.23 3004.12 758128000.0
547 -0.00465 0.000316453 -515.59 3320.7 218.831 222.192 4000.9 3184.15 757081000.0
546 -0.00455 0.000315763 -516.711 3321.15 218.384 222.001 4272.25 3377.25 755957000.0
545 -0.00445 0.000315021 -517.938 3321.64 217.902 221.801 4563.15 3589.44 754763000.0
544 -0.00435 0.000314224 -519.242 3322.03 217.377 221.58 4871.69 3814.74 753468000.0
543 -0.00425 0.000313392 -520.624 3322.48 216.831 221.353 5198.86 4039.3 752136000.0
542 -0.00415 0.000312478 -522.151 3322.75 216.216 221.098 5544.79 4298.97 750674000.0
541 -0.00405 0.000311502 -523.784 3323.16 215.567 220.828 5927.26 4589.09 749131000.0
540 -0.00395 0.000310465 -525.536 3323.59 214.877 220.536 6331.46 4885.12 747477000.0
539 -0.00385 0.000309354 -527.417 3323.81 214.123 220.224 6752.47 5203.97 745725000.0
538 -0.00375 0.000308169 -529.444 3324.25 213.33 219.886 7218.04 5548.93 743864000.0
537 -0.00365 0.000306922 -531.599 3324.7 212.496 219.53 7708.6 5906.19 741892000.0
536 -0.00355 0.000305576 -533.942 3325.08 211.588 219.144 8239.08 6311.6 739781000.0
535 -0.00345 0.000304158 -536.422 3325.25 210.617 218.725 8787.08 6725.29 737493000.0
534 -0.00335 0.000302635 -539.13 3325.6 209.585 218.281 9390.27 7187.51 735116000.0
533 -0.00325 0.000301036 -541.993 3325.84 208.492 217.806 10022.7 7671.71 732575000.0
532 -0.00315 0.000299313 -545.113 3326.1 207.315 217.289 10708.6 8217.29 729866000.0
531 -0.00305 0.000297498 -548.432 3326.24 206.067 216.737 11433.6 8796.95 727004000.0
530 -0.00295 0.00029558 -551.996 3326.31 204.743 216.149 12199.7 9413.72 723976000.0
529 -0.00285 0.000293562 -555.789 3326.39 203.349 215.52 13018.5 10077.1 720777000.0
528 -0.00275 0.000291427 -559.858 3326.26 201.863 214.845 13882.0 10786.7 717381000.0
527 -0.00265 0.000289192 -564.19 3326.0 200.299 214.13 14790.8 11541.5 713804000.0
526 -0.00255 0.000286848 -568.797 3325.75 198.66 213.367 15760.1 12351.3 710050000.0
525 -0.00245 0.000284353 -573.799 3325.34 196.908 212.543 16794.2 13258.4 706074000.0
524 -0.00235 0.000281745 -579.104 3324.76 195.068 211.668 17885.0 14229.5 701904000.0
523 -0.00225 0.000279025 -584.746 3323.92 193.136 210.736 19027.3 15261.5 697508000.0
522 -0.00215 0.000276182 -590.771 3322.97 191.114 209.744 20238.2 16372.7 692903000.0
521 -0.00205 0.000273208 -597.201 3321.81 188.989 208.684 21518.4 17578.7 688078000.0
520 -0.00195 0.000270133 -603.996 3320.39 186.782 207.564 22853.2 18846.4 683047000.0
519 -0.00185 0.000266923 -611.264 3318.59 184.463 206.369 24260.0 20234.9 677786000.0
518 -0.00175 0.000263607 -618.951 3316.63 182.064 205.107 25734.0 21712.6 672345000.0
517 -0.00165 0.000260195 -627.068 3314.29 179.581 203.771 27268.5 23272.1 666655000.0
516 -0.00155 0.000256669 -635.683 3311.44 176.994 202.353 28865.7 24947.0 660756000.0
515 -0.00145 0.000253027 -644.835 3308.08 174.307 200.852 30532.6 26746.8 654663000.0
514 -0.00135 0.000249305 -654.46 3304.37 171.55 199.274 32263.8 28640.4 648394000.0
513 -0.00125 0.000245518 -664.555 3299.86 168.713 197.618 34032.1 30628.1 641916000.0
512 -0.00115 0.00024163 -675.248 3294.79 165.786 195.866 35871.9 32754.0 635281000.0
511 -0.00105 0.00023771 -686.382 3289.05 162.813 194.044 37743.5 34951.3 628507000.0
510 -0.00095 0.000233711 -698.129 3282.6 159.759 192.12 39678.2 37281.0 621562000.0
509 -0.00085 0.000229681 -710.373 3275.43 156.662 190.116 41650.0 39699.5 614513000.0
508 -0.00075 0.000225602 -723.231 3267.33 153.499 188.019 43662.8 42242.2 607368000.0
507 -0.00065 0.000221511 -736.576 3258.08 150.289 185.834 45683.7 44852.6 600084000.0
506 -0.00055 0.000217387 -750.545 3247.82 147.026 183.552 47736.7 47578.5 592750000.0
505 -0.00045 0.000213267 -765.044 3236.3 143.728 181.183 49795.2 50376.2 585354000.0
504 -0.00035 0.000209168 -780.045 3223.76 140.42 178.737 51851.7 53224.6 577935000.0
503 -0.00025 0.000205089 -795.549 3209.96 137.092 176.205 53901.0 56128.7 570520000.0
502 -0.00015 0.000201034 -811.605 3194.88 133.75 173.589 55940.8 59086.8 563127000.0
501 -5e-05 0.000197024 -828.121 3178.28 130.401 170.894 57940.3 62057.8 555721000.0
500 5e-05 0.000193063 -845.114 3160.12 127.049 168.124 59896.0 65043.2 548359000.0
499 0.00015 0.000189152 -862.578 3140.54 123.705 165.277 61814.6 68035.3 541062000.0
498 0.00025 0.000185312 -880.454 3119.23 120.371 162.364 63656.0 70995.2 533808000.0
497 0.00035 0.000181532 -898.791 3096.35 117.05 159.378 65446.0 73942.8 526656000.0
496 0.00045 0.000177852 -917.386 3071.83 113.77 156.346 67135.7 76792.4 519558000.0
495 0.00055 0.000174254 -936.336 3045.64 110.518 153.263 68739.6 79580.7 512565000.0
494 0.00065 0.000170746 -955.571 3017.69 107.299 150.129 70238.0 82268.3 505627000.0
493 0.00075 0.00016733 -975.072 2988.12 104.121 146.953 71633.7 84854.2 498806000.0
492 0.00085 0.000164014 -994.786 2956.85 100.99 143.745 72914.1 87311.5 492068000.0
491 0.00095 0.00016079 -1014.74 2923.72 97.8957 140.497 74068.2 89641.9 485388000.0
490 0.00105 0.000157675 -1034.77 2889.14 94.8642 137.235 75094.9 91803.3 478781000.0
489 0.00115 0.000154674 -1054.85 2852.87 91.8901 133.967 75980.0 93789.4 472232000.0
488 0.00125 0.000151768 -1075.06 2815.11 88.9707 130.679 76738.3 95608.7 465735000.0
487 0.00135 0.000148974 -1095.21 2776.06 86.1213 127.398 77356.7 97229.1 459277000.0
486 0.00145 0.000146271 -1115.47 2735.38 83.3196 124.102 77839.9 98676.8 452837000.0
485 0.00155 0.000143668 -1135.65 2693.31 80.578 120.815 78176.6 99927.7 446402000.0
484 0.00165 0.000141192 -1155.6 2650.3 77.9244 117.572 78372.4 100951.0 439968000.0
483 0.00175 0.000138804 -1175.47 2606.06 75.3279 114.336 78431.8 101780.0 433503000.0
482 0.00185 0.000136508 -1195.22 2560.75 72.7941 111.12 78358.1 102410.0 427010000.0
481 0.00195 0.000134309 -1214.82 2514.49 70.3273 107.933 78158.9 102848.0 420502000.0
480 0.00205 0.000132212 -1234.06 2467.63 67.9394 104.799 77827.4 103063.0 413905000.0
479 0.00215 0.0001302 -1253.14 2419.97 65.6131 101.695 77378.9 103098.0 407278000.0
478 0.00225 0.000128273 -1271.97 2371.61 63.3504 98.631 76810.2 102946.0 400570000.0
477 0.00235 0.000126445 -1290.35 2323.2 61.1726 95.6382 76139.3 102602.0 393814000.0
476 0.00245 0.000124691 -1308.51 2274.29 59.054 92.6838 75365.6 102091.0 386979000.0
475 0.00255 0.000123006 -1326.43 2224.7 56.9858 89.7669 74483.7 101421.0 380046000.0
474 0.00265 0.000121403 -1343.94 2175.19 54.9917 86.9158 73514.5 100583.0 373016000.0
473 0.00275 0.000119886 -1360.96 2126.01 53.0769 84.1479 72474.7 99607.0 365971000.0
472 0.00285 0.000118431 -1377.67 2076.73 51.2171 81.4264 71357.5 98494.6 358843000.0
471 0.00295 0.000117044 -1393.99 2027.63 49.4205 78.7685 70170.4 97255.5 351644000.0
470 0.00305 0.000115718 -1409.98 1978.82 47.6842 76.1676 68931.4 95907.8 344424000.0
469 0.00315 0.000114459 -1425.49 1930.39 46.0113 73.6426 67633.7 94451.9 337128000.0
468 0.00325 0.000113262 -1440.53 1882.74 44.4062 71.1936 66304.2 92908.7 329841000.0
467 0.00335 0.000112124 -1455.18 1835.43 42.8553 68.8097 64925.8 91275.7 322477000.0
466 0.00345 0.00011103 -1469.5 1788.5 41.3523 66.4778 63511.1 89571.4 315104000.0
465 0.00355 0.000109993 -1483.35 1742.35 39.9087 64.2214 62071.2 87802.5 307715000.0
464 0.00365 0.000109004 -1496.82 1696.91 38.5187 62.0307 60615.1 85984.2 300353000.0
463 0.00375 0.000108063 -1509.86 1652.21 37.1803 59.9078 59139.0 84117.9 292978000.0
462 0.00385 0.000107166 -1522.47 1608.31 35.8918 57.8533 57651.3 82216.8 285626000.0
461 0.00395 0.000106316 -1534.68 1565.28 34.6546 55.8672 56160.3 80287.4 278309000.0
460 0.00405 0.000105504 -1546.46 1523.23 33.4662 53.9486 54670.3 78340.3 271043000.0
459 0.00415 0.000104736 -1557.82 1482.26 32.3287 52.0989 53192.1 76384.2 263863000.0
458 0.00425 0.000103999 -1568.85 1442.08 31.2311 50.304 51715.8 74416.4 256734000.0
457 0.00435 0.000103294 -1579.56 1402.71 30.1727 48.5597 50243.8 72436.0 249652000.0
456 0.00445 0.000102627 -1589.83 1364.54 29.162 46.8877 48795.5 70471.9 242690000.0
455 0.00455 0.000101988 -1599.79 1327.14 28.1861 45.2661 47354.3 68511.1 235794000.0
454 0.00465 0.000101383 -1609.34 1290.88 27.2532 43.711 45937.3 66570.2 229009000.0
453 0.00475 0.000100807 -1618.54 1255.59 26.3576 42.214 44539.6 64647.6 222319000.0
452 0.00485 0.000100254 -1627.46 1221.17 25.4947 40.7618 43160.3 62738.0 215725000.0
451 0.00495 9.97313e-05 -1635.98 1187.97 24.6721 39.3728 41815.6 60862.7 209279000.0
450 0.00505 9.92297e-05 -1644.28 1155.43 23.8756 38.0234 40483.1 59003.9 202916000.0
449 0.00515 9.87552e-05 -1652.15 1124.21 23.1194 36.7409 39190.8 57190.7 196712000.0
448 0.00525 9.82996e-05 -1659.82 1093.51 22.3844 35.4925 37908.4 55395.6 190579000.0
447 0.00535 9.7864e-05 -1667.2 1063.85 21.6806 34.2904 36657.6 53633.1 184588000.0
446 0.00545 9.74558e-05 -1674.2 1035.52 21.0153 33.1515 35455.1 51927.8 178798000.0
445 0.00555 9.70614e-05 -1680.97 1007.93 20.3726 32.0476 34273.6 50247.6 173106000.0
444 0.00565 9.66876e-05 -1687.51 981.218 19.7563 30.9843 33122.0 48602.3 167553000.0
443 0.00575 9.63259e-05 -1693.81 955.191 19.1603 29.9573 31991.8 46992.0 162106000.0
442 0.00585 9.59835e-05 -1699.87 930.067 18.5901 28.9702 30893.3 45419.0 156797000.0
441 0.00595 9.5656e-05 -1705.68 905.835 18.0439 28.0237 29827.1 43890.8 151641000.0
440 0.00605 9.53467e-05 -1711.23 882.687 17.526 27.1213 28803.8 42411.4 146663000.0
439 0.00615 9.50496e-05 -1716.58 860.084 17.024 26.25 27798.0 40966.1 141779000.0
438 0.00625 9.47649e-05 -1721.72 838.357 16.5442 25.412 26825.9 39558.5 137044000.0
437 0.00635 9.44948e-05 -1726.66 817.418 16.085 24.6088 25886.4 38196.0 132459000.0
436 0.00645 9.42364e-05 -1731.37 797.312 15.6465 23.8398 24977.9 36872.7 128006000.0
435 0.00655 9.39887e-05 -1735.95 777.649 15.2205 23.0948 24086.4 35582.4 123650000.0
434 0.00665 9.37528e-05 -1740.29 759.007 14.8183 22.388 23237.2 34342.4 119474000.0
433 0.00675 9.35317e-05 -1744.45 740.986 14.4324 21.7117 22413.3 33143.2 115416000.0
432 0.00685 9.33117e-05 -1748.53 723.277 14.0543 21.0459 21599.8 31957.5 111421000.0
431 0.00695 9.31068e-05 -1752.39 706.45 13.6972 20.4191 20825.6 30830.0 107606000.0
430 0.00705 9.29121e-05 -1756.08 690.285 13.3558 19.8178 20077.6 29735.2 103898000.0
429 0.00715 9.2723e-05 -1759.64 674.628 13.0263 19.237 19351.7 28673.5 100308000.0
428 0.00725 9.25427e-05 -1763.06 659.587 12.7111 18.6798 18652.0 27646.7 96836800.0
427 0.00735 9.23706e-05 -1766.34 645.109 12.409 18.1453 17976.3 26653.8 93474500.0
426 0.00745 9.22062e-05 -1769.5 631.1 12.1179 17.6314 17321.3 25695.0 90225600.0
425 0.00755 9.20496e-05 -1772.51 617.687 11.8402 17.1405 16691.6 24769.8 87080500.0
424 0.00765 9.18972e-05 -1775.45 604.703 11.5722 16.663 16081.3 23868.8 84040500.0
423 0.00775 9.1753e-05 -1778.25 592.162 11.3144 16.2072 15490.1 23001.6 81090800.0
422 0.00785 9.16151e-05 -1780.9 580.256 11.0702 15.7739 14926.9 22169.9 78264100.0
421 0.00795 9.14843e-05 -1783.48 568.728 10.8348 15.3546 14381.1 21362.4 75525600.0
420 0.00805 9.13568e-05 -1785.94 557.616 10.6083 14.9537 13853.9 20586.8 72882200.0
419 0.00815 9.12367e-05 -1788.3 546.99 10.3925 14.5701 13348.3 19839.3 70334700.0
418 0.00825 9.11223e-05 -1790.55 536.823 10.1865 14.2038 12863.8 19121.0 67886100.0
417 0.00835 9.10113e-05 -1792.74 526.848 9.98506 13.8461 12387.3 18418.8 65486200.0
416 0.00845 9.09048e-05 -1794.83 517.396 9.79444 13.5066 11935.8 17749.3 63203900.0
415 0.00855 9.08019e-05 -1796.85 508.241 9.61025 13.1768 11497.4 17097.0 60987600.0
414 0.00865 9.07066e-05 -1798.77 499.492 9.4349 12.8653 11077.5 16475.8 58857900.0
413 0.00875 9.06123e-05 -1800.63 490.964 9.26417 12.5615 10667.4 15869.6 56782400.0
412 0.00885 9.05213e-05 -1802.44 482.711 9.09929 12.2674 10271.3 15282.7 54780100.0
411 0.00895 9.04362e-05 -1804.13 474.949 8.94456 11.9922 9896.22 14726.7 52867400.0
410 0.00905 9.03548e-05 -1805.76 467.423 8.79492 11.7258 9533.28 14189.5 51022500.0
409 0.00915 9.02771e-05 -1807.32 460.263 8.65273 11.4727 9187.59 13675.3 49255900.0
408 0.00925 9.02017e-05 -1808.83 453.29 8.51453 11.2267 8850.21 13175.4 47536600.0
407 0.00935 9.01292e-05 -1810.28 446.575 8.38165 10.9894 8524.96 12692.1 45876600.0
406 0.00945 9.00609e-05 -1811.66 440.177 8.25531 10.7652 8214.42 12231.7 44282900.0
405 0.00955 8.99935e-05 -1812.99 433.985 8.1331 10.5475 7914.04 11785.8 42747400.0
404 0.00965 8.99306e-05 -1814.3 427.978 8.01492 10.3355 7622.65 11350.6 41256300.0
403 0.00975 8.98684e-05 -1815.53 422.248 7.90215 10.1352 7343.47 10937.0 39822700.0
402 0.00985 8.98106e-05 -1816.69 416.835 7.79582 9.94585 7080.57 10544.8 38467200.0
401 0.00995 8.9755e-05 -1817.83 411.575 7.69267 9.76029 6823.83 10159.7 37143400.0
400 0.01005 8.97014e-05 -1818.92 406.451 7.59237 9.58269 6574.37 9790.73 35862500.0
399 0.01015 8.96489e-05 -1819.97 401.584 7.49706 9.4119 6336.36 9434.32 34632700.0
398 0.01025 8.95987e-05 -1820.99 396.779 7.40322 9.24494 6102.31 9087.61 33432600.0
397 0.01035 8.95512e-05 -1821.97 392.206 7.31401 9.08545 5878.28 8753.84 32276400.0
396 0.01045 8.95053e-05 -1822.89 387.845 7.22898 8.93565 5665.31 8439.77 31178800.0
395 0.01055 8.946e-05 -1823.8 383.567 7.14563 8.78715 5455.69 8129.04 30101700.0
394 0.01065 8.94188e-05 -1824.66 379.541 7.06736 8.64719 5258.2 7833.54 29074800.0
393 0.01075 8.93778e-05 -1825.5 375.587 6.99053 8.51004 5064.56 7545.68 28077400.0
392 0.01085 8.93391e-05 -1826.29 371.867 6.91829 8.38152 4882.53 7274.45 27134300.0
391 0.01095 8.93011e-05 -1827.07 368.236 6.84782 8.25482 4704.03 7007.11 26208700.0
390 0.01105 8.92656e-05 -1827.81 364.746 6.78023 8.13541 4532.75 6754.14 25321800.0
389 0.01115 8.92297e-05 -1828.52 361.395 6.71524 8.01909 4368.27 6507.98 24468000.0
388 0.01125 8.91971e-05 -1829.2 358.188 6.65322 7.9086 4210.52 6272.75 23647400.0
387 0.01135 8.91658e-05 -1829.84 355.111 6.59374 7.80371 4059.04 6048.86 22858700.0
386 0.01145 8.91356e-05 -1830.47 352.157 6.53669 7.70163 3914.12 5831.25 22102900.0
385 0.01155 8.91047e-05 -1831.08 349.265 6.48075 7.60118 3771.43 5617.07 21359200.0
384 0.01165 8.90772e-05 -1831.68 346.44 6.42634 7.50436 3632.47 5411.17 20640300.0
383 0.01175 8.90483e-05 -1832.23 343.792 6.37516 7.41349 3501.86 5216.84 19959300.0
382 0.01185 8.90235e-05 -1832.78 341.207 6.32546 7.3249 3374.8 5027.88 19299700.0
381 0.01195 8.89972e-05 -1833.3 338.754 6.27813 7.2403 3253.33 4846.16 18663900.0
380 0.01205 8.89727e-05 -1833.8 336.373 6.23229 7.15901 3136.03 4671.7 18051600.0
379 0.01215 8.89513e-05 -1834.27 334.13 6.18924 7.0819 3025.58 4505.85 17473600.0
378 0.01225 8.89287e-05 -1834.73 331.973 6.14772 7.00796 2918.68 4345.55 16909400.0
377 0.01235 8.89058e-05 -1835.19 329.8 6.10591 6.93338 2811.86 4186.36 16355200.0
376 0.01245 8.88857e-05 -1835.6 327.81 6.0677 6.86574 2713.43 4039.74 15836000.0
375 0.01255 8.88663e-05 -1836.01 325.863 6.03033 6.79885 2617.41 3895.54 15332800.0
374 0.01265 8.88467e-05 -1836.41 323.945 5.99353 6.73397 2522.49 3755.59 14836500.0
373 0.01275 8.88297e-05 -1836.78 322.154 5.95925 6.67354 2434.23 3624.54 14372400.0
372 0.01285 8.88111e-05 -1837.15 320.419 5.9259 6.61419 2348.08 3495.78 13918200.0
371 0.01295 8.87945e-05 -1837.49 318.738 5.89372 6.55745 2265.25 3372.63 13483500.0
370 0.01305 8.87781e-05 -1837.84 317.09 5.86217 6.50161 2183.67 3251.84 13055600.0
369 0.01315 8.87623e-05 -1838.16 315.535 5.83238 6.44879 2106.76 3137.08 12651000.0
368 0.01325 8.87465e-05 -1838.48 314.005 5.80306 6.39643 2030.9 3023.25 12251100.0
367 0.01335 8.87318e-05 -1838.79 312.514 5.77456 6.34632 1956.99 2914.5 11865000.0
366 0.01345 8.8718e-05 -1839.09 311.101 5.74756 6.29847 1887.31 2811.17 11501500.0
365 0.01355 8.87042e-05 -1839.36 309.77 5.72207 6.25298 1821.16 2712.0 11150600.0
364 0.01365 8.86919e-05 -1839.62 308.526 5.69831 6.21114 1759.61 2619.7 10822500.0
363 0.01375 8.86785e-05 -1839.89 307.227 5.67346 6.1668 1695.2 2524.09 10486400.0
362 0.01385 8.8666e-05 -1840.15 305.994 5.64988 6.12499 1634.11 2433.5 10166000.0
361 0.01395 8.86548e-05 -1840.39 304.842 5.62791 6.08661 1577.09 2349.21 9863750.0
360 0.01405 8.86439e-05 -1840.62 303.734 5.60677 6.04855 1522.31 2266.28 9574740.0
359 0.01415 8.86327e-05 -1840.84 302.669 5.58639 6.01223 1469.21 2186.78 9292810.0
358 0.01425 8.86227e-05 -1841.06 301.624 5.56648 5.97717 1417.39 2109.9 9019640.0
357 0.01435 8.86117e-05 -1841.26 300.662 5.54804 5.94445 1369.73 2038.07 8764870.0
356 0.01445 8.8604e-05 -1841.45 299.708 5.52996 5.91261 1322.4 1967.43 8512290.0
355 0.01455 8.85932e-05 -1841.65 298.758 5.51176 5.88006 1275.35 1897.03 8265210.0
354 0.01465 8.85842e-05 -1841.84 297.865 5.49472 5.8499 1230.94 1830.73 8028390.0
353 0.01475 8.85762e-05 -1842.02 296.975 5.4778 5.82013 1186.84 1765.78 7797340.0
352 0.01485 8.85675e-05 -1842.18 296.204 5.46304 5.79409 1148.55 1708.22 7590990.0
351 0.01495 8.85609e-05 -1842.35 295.387 5.44757 5.76637 1108.01 1647.34 7376620.0
350 0.01505 8.85518e-05 -1842.52 294.584 5.4322 5.73934 1068.07 1588.38 7165730.0
349 0.01515 8.85452e-05 -1842.66 293.87 5.41864 5.71543 1032.65 1535.3 6975950.0
348 0.01525 8.85382e-05 -1842.81 293.16 5.40513 5.69146 997.27 1482.43 6787410.0
347 0.01535 8.8531e-05 -1842.95 292.461 5.39179 5.66817 962.77 1431.28 6603750.0
346 0.01545 8.85241e-05 -1843.09 291.784 5.37889 5.64529 929.257 1381.6 6428280.0
345 0.01555 8.85185e-05 -1843.22 291.15 5.36686 5.62412 897.405 1334.41 6256900.0
344 0.01565 8.85129e-05 -1843.34 290.573 5.35589 5.6051 868.946 1291.76 6102780.0
343 0.01575 8.85057e-05 -1843.48 289.919 5.3434 5.58304 836.33 1244.08 5933100.0
342 0.01585 8.85004e-05 -1843.59 289.377 5.33308 5.56456 809.327 1202.65 5785630.0
341 0.01595 8.84955e-05 -1843.7 288.854 5.32317 5.54701 783.582 1163.61 5646830.0
340 0.01605 8.84897e-05 -1843.81 288.294 5.31248 5.52829 755.69 1122.34 5498680.0
339 0.01615 8.84848e-05 -1843.92 287.779 5.30271 5.51105 729.95 1083.86 5359660.0
338 0.01625 8.84797e-05 -1844.02 287.29 5.29339 5.49462 705.794 1047.35 5230190.0
337 0.01635 8.84751e-05 -1844.12 286.788 5.28386 5.4781 680.871 1011.03 5098740.0
336 0.01645 8.84702e-05 -1844.23 286.275 5.27411 5.46057 655.206 972.92 4963850.0
335 0.01655 8.84653e-05 -1844.32 285.826 5.26555 5.44556 632.965 939.715 4844990.0
334 0.01665 8.84615e-05 -1844.41 285.383 5.25717 5.43094 611.008 907.583 4729310.0
333 0.01675 8.84563e-05 -1844.5 284.96 5.24907 5.41652 589.909 875.918 4616470.0
332 0.01685 8.8453e-05 -1844.58 284.55 5.24132 5.4028 569.606 845.613 4508490.0
331 0.01695 8.84489e-05 -1844.66 284.141 5.23356 5.38952 549.23 816.266 4400460.0
330 0.01705 8.84453e-05 -1844.73 283.799 5.22703 5.37808 532.262 790.499 4307200.0
329 0.01715 8.84417e-05 -1844.81 283.42 5.21983 5.36524 513.284 762.32 4207140.0
328 0.01725 8.84389e-05 -1844.88 283.089 5.21358 5.35438 497.02 738.143 4119760.0
327 0.01735 8.84348e-05 -1844.95 282.756 5.2072 5.34292 480.133 712.697 4027450.0
326 0.01745 8.8432e-05 -1845.01 282.466 5.2017 5.33376 465.909 691.679 3949120.0
325 0.01755 8.84291e-05 -1845.08 282.126 5.19528 5.32247 449.059 666.906 3860720.0
324 0.01765 8.84261e-05 -1845.14 281.813 5.18933 5.31207 433.419 643.892 3777210.0
323 0.01775 8.84232e-05 -1845.2 281.531 5.18396 5.30266 419.412 622.778 3701110.0
322 0.01785 8.8421e-05 -1845.26 281.243 5.17854 5.29264 405.095 600.905 3623770.0
321 0.01795 8.84179e-05 -1845.31 280.967 5.17328 5.28351 391.248 580.584 3550180.0
320 0.01805 8.84147e-05 -1845.37 280.7 5.16816 5.2744 378.051 560.69 3478840.0
319 0.01815 8.84126e-05 -1845.42 280.442 5.1633 5.26583 365.214 541.912 3410420.0
318 0.01825 8.841e-05 -1845.47 280.203 5.15875 5.25797 353.475 524.294 3346740.0
317 0.01835 8.84076e-05 -1845.52 279.969 5.1543 5.25006 341.633 506.363 3282480.0
316 0.01845 8.84059e-05 -1845.57 279.731 5.14983 5.24233 329.897 489.337 3220050.0
315 0.01855 8.84032e-05 -1845.61 279.515 5.14567 5.23508 319.14 473.38 3162600.0
314 0.01865 8.84019e-05 -1845.66 279.293 5.14152 5.22752 307.988 456.686 3103080.0
313 0.01875 8.83982e-05 -1845.7 279.088 5.13752 5.22063 297.771 441.497 3047980.0
312 0.01885 8.83978e-05 -1845.74 278.904 5.13411 5.21476 288.5 428.013 2997110.0
311 0.01895 8.83957e-05 -1845.77 278.712 5.13047 5.20847 279.169 414.212 2947310.0
310 0.01905 8.83941e-05 -1845.81 278.526 5.12695 5.20228 269.69 400.045 2894990.0
309 0.01915 8.83922e-05 -1845.85 278.349 5.12358 5.19664 261.066 387.602 2849250.0
308 0.01925 8.83904e-05 -1845.88 278.186 5.12048 5.19103 252.866 374.906 2803610.0
307 0.01935 8.83893e-05 -1845.91 278.046 5.11783 5.18627 245.796 363.687 2763110.0
306 0.01945 8.83877e-05 -1845.95 277.873 5.11456 5.18062 237.387 351.164 2718040.0
305 0.01955 8.83862e-05 -1845.98 277.723 5.1117 5.17565 229.729 339.986 2676340.0
304 0.01965 8.8384e-05 -1846.01 277.572 5.10881 5.17064 222.388 328.974 2636460.0
303 0.01975 8.83838e-05 -1846.04 277.416 5.10592 5.16538 214.574 317.164 2594200.0
302 0.01985 8.83819e-05 -1846.07 277.277 5.10325 5.16096 207.526 307.061 2556450.0
301 0.01995 8.83802e-05 -1846.1 277.138 5.1006 5.15622 200.731 296.854 2520340.0
300 0.02005 8.83798e-05 -1846.12 277.02 5.09841 5.15256 194.88 288.03 2487210.0
299 0.02015 8.83778e-05 -1846.15 276.877 5.09566 5.14767 187.651 277.219 2448870.0
298 0.02025 8.83765e-05 -1846.17 276.74 5.09305 5.14312 180.822 267.166 2412940.0
297 0.02035 8.83752e-05 -1846.2 276.615 5.09068 5.1391 174.682 258.552 2380620.0
296 0.02045 8.83746e-05 -1846.22 276.504 5.0886 5.13549 169.124 250.05 2349150.0
295 0.02055 8.83733e-05 -1846.24 276.404 5.08669 5.13222 164.182 242.673 2322780.0
294 0.02065 8.83723e-05 -1846.27 276.27 5.08417 5.12782 157.477 233.068 2287260.0
293 0.02075 8.83709e-05 -1846.29 276.159 5.08205 5.12413 151.969 224.917 2257870.0
292 0.02085 8.83698e-05 -1846.31 276.064 5.08022 5.12092 147.146 217.757 2231770.0
291 0.02095 8.83696e-05 -1846.33 275.958 5.07827 5.11758 141.954 210.327 2204170.0
290 0.02105 8.83686e-05 -1846.35 275.879 5.07676 5.11497 137.964 204.196 2181740.0
289 0.02115 8.83665e-05 -1846.37 275.783 5.07487 5.11188 133.151 197.304 2156190.0
288 0.02125 8.83679e-05 -1846.39 275.691 5.07325 5.10891 128.653 190.476 2131010.0
287 0.02135 8.83656e-05 -1846.4 275.62 5.07182 5.10646 125.034 184.985 2111530.0
286 0.02145 8.83648e-05 -1846.42 275.539 5.07028 5.10379 121.085 178.915 2089370.0
285 0.02155 8.83645e-05 -1846.44 275.448 5.0686 5.10082 116.498 172.369 2066080.0
284 0.02165 8.83634e-05 -1846.45 275.373 5.06715 5.09828 112.806 166.634 2045040.0
283 0.02175 8.83629e-05 -1846.47 275.303 5.06583 5.09595 109.269 161.455 2026030.0
282 0.02185 8.83619e-05 -1846.48 275.229 5.06442 5.09348 105.709 156.113 2006760.0
281 0.02195 8.83615e-05 -1846.49 275.158 5.06309 5.09118 102.029 150.833 1986880.0
280 0.02205 8.83608e-05 -1846.51 275.088 5.06176 5.08899 98.6286 146.002 1968920.0
279 0.02215 8.83607e-05 -1846.52 275.026 5.06061 5.08695 95.4572 141.311 1950970.0
278 0.02225 8.83596e-05 -1846.53 274.969 5.05949 5.08503 92.6932 137.069 1935710.0
277 0.02235 8.83591e-05 -1846.54 274.907 5.05832 5.08302 89.5406 132.508 1918680.0
276 0.02245 8.83589e-05 -1846.55 274.853 5.05733 5.08145 86.9187 128.709 1904260.0
275 0.02255 8.83582e-05 -1846.57 274.79 5.05613 5.07936 83.7887 124.132 1887300.0
274 0.02265 8.83576e-05 -1846.58 274.733 5.05504 5.07736 80.8507 119.646 1871940.0
273 0.02275 8.83562e-05 -1846.59 274.671 5.05381 5.07527 77.8539 115.327 1856230.0
272 0.02285 8.83569e-05 -1846.6 274.622 5.05295 5.07372 75.3545 111.72 1842500.0
271 0.02295 8.83556e-05 -1846.61 274.578 5.05207 5.07209 73.0971 108.148 1830070.0
270 0.02305 8.83561e-05 -1846.62 274.539 5.05138 5.071 71.4434 105.636 1820190.0
269 0.02315 8.83552e-05 -1846.63 274.496 5.05055 5.06946 69.1566 102.079 1807260.0
268 0.02325 8.83548e-05 -1846.64 274.454 5.04975 5.06802 66.9581 98.8376 1795710.0
267 0.02335 8.83547e-05 -1846.65 274.41 5.04893 5.06659 64.8724 95.9169 1784460.0
266 0.02345 8.83542e-05 -1846.65 274.365 5.04807 5.06524 62.6168 92.6635 1771940.0
265 0.02355 8.83533e-05 -1846.67 274.318 5.04715 5.06356 60.2837 89.329 1760080.0
264 0.02365 8.83528e-05 -1846.67 274.283 5.0465 5.06243 58.4703 86.6069 1749720.0
263 0.02375 8.83539e-05 -1846.68 274.254 5.04601 5.06141 57.1934 84.3836 1741900.0
262 0.02385 8.83519e-05 -1846.68 274.222 5.0453 5.06021 55.416 81.6043 1732110.0
261 0.02395 8.83522e-05 -1846.69 274.183 5.04462 5.05892 53.4946 78.8058 1721760.0
260 0.02405 8.8352e-05 -1846.7 274.149 5.04398 5.05796 51.9326 76.5472 1712990.0
259 0.02415 8.83522e-05 -1846.71 274.113 5.04331 5.05664 50.0262 73.7029 1703040.0
258 0.02425 8.83502e-05 -1846.71 274.079 5.04258 5.05556 48.3969 71.4181 1694360.0
257 0.02435 8.83511e-05 -1846.72 274.054 5.04217 5.05481 47.0943 69.217 1686580.0
256 0.02445 8.83507e-05 -1846.73 274.017 5.04148 5.0536 45.2595 66.7174 1677160.0
255 0.02455 8.83501e-05 -1846.73 273.988 5.0409 5.05255 43.7865 64.6464 1669320.0
254 0.02465 8.83499e-05 -1846.74 273.957 5.04033 5.05165 42.3352 62.4031 1661280.0
253 0.02475 8.83503e-05 -1846.74 273.936 5.03996 5.05096 41.1803 60.6341 1654280.0
252 0.02485 8.83486e-05 -1846.75 273.911 5.0394 5.05 40.0032 58.8327 1648320.0
251 0.02495 8.83493e-05 -1846.75 273.889 5.03904 5.04928 38.9971 57.0762 1641950.0
250 0.02505 8.83493e-05 -1846.76 273.858 5.03847 5.04828 37.2802 54.7481 1633370.0
249 0.02515 8.83481e-05 -1846.76 273.831 5.03789 5.04735 35.9756 52.8542 1626480.0
248 0.02525 8.83485e-05 -1846.77 273.807 5.03749 5.04665 34.8368 51.2149 1620300.0
247 0.02535 8.83484e-05 -1846.77 273.779 5.03696 5.04591 33.5438 49.6181 1613660.0
246 0.02545 8.83479e-05 -1846.78 273.765 5.03668 5.04528 32.8116 48.1272 1608920.0
245 0.02555 8.83477e-05 -1846.78 273.74 5.0362 5.04451 31.5427 46.4841 1602570.0
244 0.02565 8.83474e-05 -1846.78 273.726 5.03592 5.04405 30.7884 45.2745 1598200.0
243 0.02575 8.83469e-05 -1846.79 273.704 5.03549 5.04336 29.7345 43.6692 1592110.0
242 0.02585 8.83466e-05 -1846.79 273.69 5.03521 5.04277 28.8616 42.3696 1587300.0
241 0.02595 8.83465e-05 -1846.8 273.664 5.03473 5.04213 27.7922 40.9748 1581660.0
240 0.02605 8.83472e-05 -1846.8 273.642 5.03437 5.04144 26.7108 39.3739 1576130.0
239 0.02615 8.8346e-05 -1846.8 273.634 5.03415 5.04106 26.1285 38.4525 1572170.0
238 0.02625 8.83455e-05 -1846.81 273.617 5.03381 5.04059 25.4133 37.4762 1568690.0
237 0.02635 8.83468e-05 -1846.81 273.603 5.03362 5.04017 24.7249 36.2727 1564270.0
236 0.02645 8.83454e-05 -1846.81 273.586 5.03324 5.0395 23.9202 35.1089 1559800.0
235 0.02655 8.83457e-05 -1846.81 273.565 5.03287 5.03886 22.8397 33.7188 1554360.0
234 0.02665 8.83455e-05 -1846.82 273.548 5.03254 5.03837 22.0186 32.5598 1550210.0
233 0.02675 8.83459e-05 -1846.82 273.533 5.03229 5.03794 21.2804 31.4354 1546100.0
232 0.02685 8.83448e-05 -1846.82 273.521 5.03201 5.03743 20.6151 30.5566 1542720.0
231 0.02695 8.83451e-05 -1846.83 273.505 5.03174 5.03694 19.9178 29.444 1538760.0
230 0.02705 8.83445e-05 -1846.83 273.497 5.03156 5.03664 19.39 28.6117 1535820.0
229 0.02715 8.83452e-05 -1846.83 273.48 5.03127 5.03618 18.6422 27.7242 1531990.0
228 0.02725 8.83453e-05 -1846.83 273.47 5.0311 5.03579 18.1477 26.8644 1529180.0
227 0.02735 8.83444e-05 -1846.84 273.458 5.03083 5.03523 17.5899 25.9386 1525890.0
226 0.02745 8.83442e-05 -1846.84 273.45 5.03067 5.03508 17.1092 25.2585 1523340.0
225 0.02755 8.83445e-05 -1846.84 273.445 5.03059 5.03499 16.9147 24.9841 1521640.0
224 0.02765 8.83446e-05 -1846.84 273.432 5.03037 5.03454 16.2812 24.0533 1518440.0
223 0.02775 8.83446e-05 -1846.84 273.419 5.03011 5.0341 15.558 23.0168 1514610.0
222 0.02785 8.83443e-05 -1846.85 273.411 5.02995 5.03375 15.1844 22.4234 1512370.0
221 0.02795 8.8344e-05 -1846.85 273.401 5.02976 5.03347 14.6286 21.6316 1509510.0
220 0.02805 8.83444e-05 -1846.85 273.392 5.02961 5.03328 14.2302 20.9929 1507200.0
219 0.02815 8.83438e-05 -1846.85 273.383 5.02942 5.03292 13.7275 20.2941 1504650.0
218 0.02825 8.83442e-05 -1846.85 273.375 5.02928 5.03265 13.3267 19.5888 1502360.0
217 0.02835 8.83444e-05 -1846.85 273.37 5.0292 5.03244 13.1125 19.1565 1500800.0
216 0.02845 8.83432e-05 -1846.85 273.362 5.02899 5.03213 12.7532 18.7034 1499120.0
215 0.02855 8.83442e-05 -1846.86 273.349 5.02881 5.03181 12.155 17.9024 1496000.0
214 0.02865 8.83433e-05 -1846.86 273.348 5.02874 5.03171 11.9307 17.5505 1494580.0
213 0.02875 8.83432e-05 -1846.86 273.34 5.02859 5.03146 11.6622 17.1326 1492950.0
212 0.02885 8.83445e-05 -1846.86 273.329 5.02847 5.03113 11.1795 16.4022 1490460.0
211 0.02895 8.83429e-05 -1846.86 273.327 5.02834 5.0309 10.9676 15.9993 1489170.0
210 0.02905 8.83437e-05 -1846.86 273.324 5.02831 5.03093 10.7731 15.6879 1487740.0
209 0.02915 8.83439e-05 -1846.86 273.321 5.02828 5.03085 10.6356 15.5318 1486610.0
208 0.02925 8.83429e-05 -1846.87 273.31 5.02802 5.03044 10.1238 14.7831 1484070.0
207 0.02935 8.83436e-05 -1846.87 273.299 5.02786 5.03018 9.70513 14.1781 1481760.0
206 0.02945 8.83427e-05 -1846.87 273.296 5.02775 5.03002 9.47213 13.864 1480520.0
205 0.02955 8.83432e-05 -1846.87 273.291 5.02769 5.0298 9.17627 13.3813 1478850.0
204 0.02965 8.83424e-05 -1846.87 273.286 5.02755 5.02957 8.90549 12.9605 1477190.0
203 0.02975 8.83433e-05 -1846.87 273.281 5.0275 5.02948 8.60693 12.5194 1475730.0
202 0.02985 8.83424e-05 -1846.87 273.27 5.02726 5.02915 8.25061 12.0428 1473700.0
201 0.02995 8.83439e-05 -1846.87 273.268 5.0273 5.029 7.92757 11.5234 1471970.0
200 0.03005 8.83424e-05 -1846.88 273.26 5.02706 5.02876 7.76119 11.2496 1470950.0
199 0.03015 8.83423e-05 -1846.88 273.257 5.02702 5.02864 7.42448 10.7827 1469210.0
198 0.03025 8.83419e-05 -1846.88 273.254 5.02693 5.02848 7.28268 10.5118 1468160.0
197 0.03035 8.83436e-05 -1846.88 273.245 5.02686 5.02838 7.04479 10.2468 1467120.0
196 0.03045 8.83426e-05 -1846.88 273.245 5.0268 5.02823 6.87055 9.99312 1465820.0
195 0.03055 8.83428e-05 -1846.88 273.242 5.02676 5.02823 6.75217 9.8342 1465180.0
194 0.03065 8.83427e-05 -1846.88 273.239 5.02669 5.02807 6.46519 9.47766 1463660.0
193 0.03075 8.83422e-05 -1846.88 273.231 5.02653 5.02793 6.30613 9.24425 1462730.0
192 0.03085 8.83436e-05 -1846.88 273.232 5.02662 5.02795 6.17258 9.03734 1461860.0
191 0.03095 8.83429e-05 -1846.88 273.228 5.02652 5.02781 6.03573 8.8134 1461040.0
190 0.03105 8.83421e-05 -1846.88 273.222 5.02634 5.02758 5.73593 8.41113 1459530.0
189 0.03115 8.83423e-05 -1846.89 273.219 5.02632 5.02749 5.62527 8.16004 1458650.0
188 0.03125 8.83427e-05 -1846.89 273.219 5.02633 5.02743 5.46358 7.979 1457800.0
187 0.03135 8.83425e-05 -1846.89 273.215 5.02624 5.0273 5.31799 7.72372 1457010.0
186 0.03145 8.83423e-05 -1846.89 273.212 5.02618 5.02729 5.25826 7.6243 1456310.0
185 0.03155 8.83423e-05 -1846.89 273.21 5.02614 5.02715 5.08781 7.356 1455380.0
184 0.03165 8.8342e-05 -1846.89 273.205 5.02604 5.02702 4.89975 7.09566 1454470.0
183 0.03175 8.83434e-05 -1846.89 273.204 5.02609 5.02704 4.79587 6.87516 1453670.0
182 0.03185 8.83414e-05 -1846.89 273.202 5.02594 5.02694 4.70202 6.75826 1453070.0
181 0.03195 8.83429e-05 -1846.89 273.196 5.02592 5.02687 4.52794 6.55176 1451990.0
180 0.03205 8.83416e-05 -1846.89 273.193 5.0258 5.02669 4.2929 6.26822 1451130.0
179 0.03215 8.83419e-05 -1846.89 273.189 5.02574 5.02663 4.1243 6.09522 1450330.0
178 0.03225 8.83428e-05 -1846.89 273.188 5.02576 5.02667 3.96339 5.84185 1449480.0
177 0.03235 8.8342e-05 -1846.89 273.186 5.02568 5.02664 3.89635 5.7295 1449020.0
176 0.03245 8.83422e-05 -1846.89 273.181 5.0256 5.02642 3.7084 5.46213 1448220.0
175 0.03255 8.83423e-05 -1846.89 273.18 5.0256 5.02642 3.61455 5.32139 1447580.0
174 0.03265 8.83427e-05 -1846.89 273.178 5.02558 5.02647 3.49861 5.20017 1446980.0
173 0.03275 8.83415e-05 -1846.89 273.176 5.02547 5.02631 3.36959 5.03037 1446380.0
172 0.03285 8.8342e-05 -1846.89 273.174 5.02546 5.02632 3.33704 4.90278 1445890.0
171 0.03295 8.83421e-05 -1846.89 273.174 5.02547 5.02635 3.29843 4.80081 1445570.0
170 0.03305 8.8343e-05 -1846.89 273.174 5.02553 5.02639 3.19618 4.70541 1445030.0
169 0.03315 8.8342e-05 -1846.89 273.168 5.02535 5.02632 3.11508 4.53946 1444530.0
168 0.03325 8.83418e-05 -1846.89 273.168 5.02534 5.02622 2.97086 4.3781 1443850.0
167 0.03335 8.83422e-05 -1846.89 273.166 5.02533 5.02618 2.82256 4.1657 1443150.0
166 0.03345 8.83426e-05 -1846.89 273.164 5.02532 5.02614 2.90215 4.26603 1443310.0
165 0.03355 8.83424e-05 -1846.89 273.162 5.02527 5.02607 2.66428 3.96 1442380.0
164 0.03365 8.83418e-05 -1846.9 273.158 5.02516 5.02593 2.55711 3.79895 1441790.0
163 0.03375 8.83427e-05 -1846.89 273.158 5.02522 5.02596 2.52958 3.76606 1441500.0
162 0.03385 8.83419e-05 -1846.89 273.154 5.0251 5.02579 2.34624 3.55224 1440820.0
161 0.03395 8.83419e-05 -1846.89 273.155 5.02511 5.02579 2.29129 3.46767 1440450.0
160 0.03405 8.83427e-05 -1846.89 273.151 5.02509 5.0258 2.27829 3.41643 1440270.0
159 0.03415 8.83419e-05 -1846.89 273.154 5.0251 5.02574 2.26115 3.31895 1440160.0
158 0.03425 8.83426e-05 -1846.89 273.151 5.02508 5.02575 2.14381 3.20553 1439630.0
157 0.03435 8.83411e-05 -1846.9 273.151 5.02498 5.02567 2.11115 3.16521 1439330.0
156 0.03445 8.83433e-05 -1846.9 273.149 5.02508 5.02568 2.01847 3.06485 1438870.0
155 0.03455 8.83415e-05 -1846.89 273.147 5.02493 5.0256 2.00189 2.98847 1438750.0
154 0.03465 8.83435e-05 -1846.9 273.152 5.02515 5.02567 2.12778 3.07833 1439190.0
153 0.03475 8.83419e-05 -1846.89 273.148 5.02498 5.0256 1.94538 2.87423 1438320.0
152 0.03485 8.83428e-05 -1846.9 273.145 5.02497 5.02548 1.90163 2.82885 1437980.0
151 0.03495 8.83416e-05 -1846.9 273.146 5.02493 5.02541 1.80407 2.69186 1437520.0
150 0.03505 8.83425e-05 -1846.9 273.143 5.02492 5.02546 1.76576 2.62078 1437300.0
149 0.03515 8.83419e-05 -1846.9 273.146 5.02494 5.02542 1.82713 2.72158 1437480.0
148 0.03525 8.83423e-05 -1846.9 273.14 5.02485 5.02529 1.67344 2.51017 1436750.0
147 0.03535 8.83416e-05 -1846.9 273.14 5.02482 5.02529 1.62154 2.46522 1436450.0
146 0.03545 8.8342e-05 -1846.9 273.139 5.02483 5.02518 1.52797 2.33964 1436050.0
145 0.03555 8.83419e-05 -1846.9 273.137 5.02478 5.02519 1.47776 2.2705 1435680.0
144 0.03565 8.83418e-05 -1846.9 273.139 5.0248 5.02517 1.51713 2.32359 1435830.0
143 0.03575 8.83424e-05 -1846.9 273.14 5.02485 5.02533 1.61076 2.43888 1436110.0
142 0.03585 8.83424e-05 -1846.9 273.14 5.02487 5.02519 1.53918 2.31867 1435730.0
141 0.03595 8.83414e-05 -1846.9 273.137 5.02474 5.02503 1.52508 2.24804 1435530.0
140 0.03605 8.83418e-05 -1846.9 273.136 5.02476 5.02499 1.3838 2.10204 1434960.0
139 0.03615 8.83427e-05 -1846.9 273.135 5.02479 5.02503 1.39296 2.08744 1434900.0
138 0.03625 8.83412e-05 -1846.9 273.135 5.02471 5.02484 1.38616 2.08426 1434810.0
137 0.03635 8.83416e-05 -1846.9 273.134 5.02471 5.02487 1.3452 2.01563 1434560.0
136 0.03645 8.83422e-05 -1846.9 273.134 5.02475 5.02493 1.30335 1.96714 1434310.0
135 0.03655 8.83415e-05 -1846.9 273.133 5.02468 5.02483 1.23196 1.86901 1434030.0
134 0.03665 8.83424e-05 -1846.9 273.133 5.02473 5.02491 1.21668 1.84305 1434020.0
133 0.03675 8.83419e-05 -1846.9 273.132 5.02469 5.0248 1.17661 1.7669 1433720.0
132 0.03685 8.83417e-05 -1846.9 273.13 5.02463 5.02477 1.16764 1.74201 1433670.0
131 0.03695 8.83423e-05 -1846.9 273.132 5.02471 5.02482 1.18234 1.74317 1433680.0
130 0.03705 8.83416e-05 -1846.9 273.131 5.02466 5.02481 1.12083 1.64432 1433510.0
129 0.03715 8.83422e-05 -1846.9 273.13 5.02467 5.02477 1.13327 1.67465 1433460.0
128 0.03725 8.83423e-05 -1846.9 273.128 5.02464 5.02477 1.06799 1.62191 1433110.0
127 0.03735 8.83426e-05 -1846.9 273.131 5.02471 5.02479 1.1006 1.65155 1433130.0
126 0.03745 8.83418e-05 -1846.9 273.131 5.02467 5.02472 1.03948 1.56985 1432870.0
125 0.03755 8.83425e-05 -1846.9 273.128 5.02465 5.02468 0.994547 1.51512 1432690.0
124 0.03765 8.83413e-05 -1846.9 273.127 5.02456 5.02471 1.00449 1.52476 1432690.0
123 0.03775 8.83417e-05 -1846.9 273.13 5.02463 5.02471 1.01036 1.58255 1432650.0
122 0.03785 8.83422e-05 -1846.9 273.127 5.02462 5.0248 1.0167 1.53317 1432640.0
121 0.03795 8.8342e-05 -1846.9 273.129 5.02463 5.02479 0.988555 1.493 1432500.0
120 0.03805 8.83421e-05 -1846.9 273.128 5.02463 5.02482 0.941893 1.4266 1432280.0
119 0.03815 8.83418e-05 -1846.9 273.126 5.02457 5.02474 0.850295 1.33179 1431870.0
118 0.03825 8.83422e-05 -1846.9 273.127 5.02461 5.02479 0.848582 1.36202 1432000.0
117 0.03835 8.83421e-05 -1846.9 273.124 5.02456 5.02473 0.810098 1.27662 1431670.0
116 0.03845 8.83416e-05 -1846.9 273.126 5.02456 5.02471 0.84949 1.30571 1431880.0
115 0.03855 8.83423e-05 -1846.9 273.123 5.02455 5.0247 0.788478 1.25278 1431470.0
114 0.03865 8.83423e-05 -1846.9 273.123 5.02454 5.02474 0.783582 1.22194 1431460.0
113 0.03875 8.83415e-05 -1846.9 273.123 5.02449 5.02459 0.747096 1.16599 1431280.0
112 0.03885 8.83421e-05 -1846.9 273.122 5.02451 5.02464 0.739387 1.13491 1431220.0
111 0.03895 8.83424e-05 -1846.9 273.122 5.02454 5.02462 0.708657 1.10322 1431080.0
110 0.03905 8.83421e-05 -1846.9 273.122 5.02451 5.02451 0.69432 1.05803 1431030.0
109 0.03915 8.83417e-05 -1846.9 273.124 5.02454 5.02458 0.745379 1.114 1431170.0
108 0.03925 8.83426e-05 -1846.9 273.12 5.02451 5.0246 0.726923 1.09208 1431070.0
107 0.03935 8.83407e-05 -1846.9 273.123 5.02446 5.02455 0.720029 1.06205 1430940.0
106 0.03945 8.83432e-05 -1846.9 273.12 5.02454 5.0246 0.713398 1.07921 1430880.0
105 0.03955 8.83419e-05 -1846.9 273.123 5.02452 5.02451 0.676078 1.02722 1430810.0
104 0.03965 8.83419e-05 -1846.9 273.12 5.02446 5.02451 0.690238 1.05983 1430690.0
103 0.03975 8.83419e-05 -1846.9 273.124 5.02454 5.02462 0.693428 1.03669 1430750.0
102 0.03985 8.83423e-05 -1846.9 273.12 5.02448 5.02452 0.684386 1.03424 1430650.0
101 0.03995 8.83417e-05 -1846.9 273.121 5.02447 5.0245 0.750675 1.09154 1430700.0
100 0.04005 8.83423e-05 -1846.9 273.123 5.02454 5.02454 0.676289 1.0363 1430590.0
99 0.04015 8.83414e-05 -1846.9 273.121 5.02447 5.02448 0.63623 0.945468 1430390.0
98 0.04025 8.83426e-05 -1846.9 273.118 5.02447 5.0245 0.653469 0.973552 1430430.0
97 0.04035 8.83414e-05 -1846.9 273.12 5.02443 5.02439 0.615441 0.91085 1430310.0
96 0.04045 8.83418e-05 -1846.9 273.12 5.02446 5.02455 0.596143 0.874426 1430290.0
95 0.04055 8.83422e-05 -1846.9 273.116 5.02442 5.02436 0.567082 0.825706 1430040.0
94 0.04065 8.83415e-05 -1846.9 273.119 5.02443 5.0243 0.555019 0.804733 1430040.0
93 0.04075 8.83423e-05 -1846.9 273.119 5.02446 5.02434 0.591053 0.825033 1430010.0
92 0.04085 8.83418e-05 -1846.9 273.116 5.0244 5.02429 0.59625 0.830679 1430080.0
91 0.04095 8.83422e-05 -1846.9 273.119 5.02446 5.02428 0.568309 0.796399 1429890.0
90 0.04105 8.83415e-05 -1846.9 273.118 5.0244 5.02426 0.603733 0.839426 1430070.0
89 0.04115 8.83419e-05 -1846.9 273.118 5.02443 5.02421 0.572965 0.785663 1429960.0
88 0.04125 8.83417e-05 -1846.9 273.116 5.02438 5.02408 0.540032 0.725217 1429750.0
87 0.04135 8.83424e-05 -1846.9 273.116 5.02443 5.02413 0.517043 0.686311 1429730.0
86 0.04145 8.83418e-05 -1846.91 273.117 5.02441 5.0241 0.524068 0.737043 1429750.0
85 0.04155 8.83421e-05 -1846.9 273.115 5.0244 5.02413 0.513686 0.724792 1429600.0
84 0.04165 8.83416e-05 -1846.9 273.116 5.02438 5.02406 0.482625 0.716564 1429560.0
83 0.04175 8.83423e-05 -1846.9 273.114 5.02437 5.0241 0.475355 0.72417 1429470.0
82 0.04185 8.83421e-05 -1846.91 273.114 5.02438 5.02414 0.469124 0.708219 1429480.0
81 0.04195 8.8342e-05 -1846.9 273.116 5.0244 5.02415 0.448846 0.726064 1429400.0
80 0.04205 8.83418e-05 -1846.9 273.115 5.02436 5.02413 0.497648 0.778297 1429510.0
79 0.04215 8.83416e-05 -1846.9 273.116 5.02437 5.02417 0.460145 0.743078 1429430.0
78 0.04225 8.83427e-05 -1846.91 273.114 5.02441 5.02417 0.456107 0.736806 1429390.0
77 0.04235 8.83411e-05 -1846.9 273.116 5.02434 5.02412 0.448043 0.694222 1429310.0
76 0.04245 8.83424e-05 -1846.9 273.114 5.02439 5.02415 0.437912 0.704297 1429310.0
75 0.04255 8.83425e-05 -1846.9 273.113 5.02438 5.02417 0.430264 0.694851 1429220.0
74 0.04265 8.83414e-05 -1846.9 273.117 5.02439 5.02417 0.447404 0.688797 1429340.0
73 0.04275 8.83421e-05 -1846.91 273.114 5.02436 5.02413 0.425951 0.662921 1429160.0
72 0.04285 8.83414e-05 -1846.9 273.116 5.02436 5.02421 0.450624 0.693579 1429280.0
71 0.04295 8.8342e-05 -1846.9 273.114 5.02436 5.02419 0.412035 0.680098 1429120.0
70 0.04305 8.83417e-05 -1846.91 273.114 5.02435 5.02409 0.386313 0.623493 1428930.0
69 0.04315 8.8342e-05 -1846.9 273.111 5.02431 5.02403 0.384409 0.608985 1428940.0
68 0.04325 8.8342e-05 -1846.91 273.114 5.02437 5.02402 0.379152 0.620017 1428960.0
67 0.04335 8.83413e-05 -1846.9 273.115 5.02434 5.02406 0.365737 0.601071 1428900.0
66 0.04345 8.83425e-05 -1846.91 273.111 5.02434 5.02401 0.388122 0.65987 1428900.0
65 0.04355 8.83412e-05 -1846.9 273.114 5.02432 5.02399 0.370044 0.622582 1428770.0
64 0.04365 8.83425e-05 -1846.9 273.113 5.02438 5.02404 0.388776 0.648877 1428830.0
63 0.04375 8.83411e-05 -1846.91 273.113 5.02428 5.02396 0.371868 0.60623 1428720.0
62 0.04385 8.8342e-05 -1846.9 273.114 5.02437 5.02398 0.371426 0.564864 1428740.0
61 0.04395 8.83422e-05 -1846.9 273.114 5.02438 5.02408 0.360877 0.568567 1428700.0
60 0.04405 8.83415e-05 -1846.91 273.114 5.02434 5.02396 0.359191 0.542932 1428710.0
59 0.04415 8.83409e-05 -1846.9 273.114 5.0243 5.02394 0.357658 0.521831 1428740.0
58 0.04425 8.8343e-05 -1846.91 273.113 5.02439 5.02398 0.378068 0.569087 1428670.0
57 0.04435 8.83417e-05 -1846.91 273.113 5.02434 5.02392 0.367131 0.569248 1428660.0
56 0.04445 8.83415e-05 -1846.9 273.113 5.02432 5.02386 0.352205 0.556902 1428570.0
55 0.04455 8.83422e-05 -1846.91 273.115 5.02439 5.02387 0.378393 0.600115 1428590.0
54 0.04465 8.83418e-05 -1846.91 273.113 5.02434 5.02376 0.368979 0.610581 1428480.0
53 0.04475 8.83413e-05 -1846.9 273.115 5.02434 5.02387 0.399501 0.646541 1428610.0
52 0.04485 8.83416e-05 -1846.91 273.114 5.02433 5.02373 0.382609 0.62355 1428440.0
51 0.04495 8.83425e-05 -1846.91 273.115 5.02442 5.02386 0.391852 0.630781 1428510.0
50 0.04505 8.83413e-05 -1846.91 273.113 5.0243 5.02374 0.360409 0.582974 1428350.0
49 0.04515 8.83416e-05 -1846.91 273.116 5.02437 5.02381 0.352887 0.576723 1428290.0
48 0.04525 8.8342e-05 -1846.91 273.114 5.02437 5.0238 0.378371 0.581635 1428340.0
47 0.04535 8.8342e-05 -1846.91 273.115 5.02438 5.02379 0.367372 0.553163 1428340.0
46 0.04545 8.83421e-05 -1846.91 273.114 5.02438 5.02386 0.394621 0.588859 1428330.0
45 0.04555 8.83409e-05 -1846.9 273.116 5.02433 5.02381 0.397454 0.599089 1428330.0
44 0.04565 8.83423e-05 -1846.91 273.116 5.0244 5.02388 0.419147 0.628704 1428420.0
43 0.04575 8.83423e-05 -1846.91 273.114 5.02437 5.02387 0.370796 0.568435 1428210.0
42 0.04585 8.83414e-05 -1846.91 273.114 5.02433 5.02381 0.331652 0.496181 1428070.0
41 0.04595 8.83418e-05 -1846.91 273.115 5.02438 5.02384 0.344648 0.527419 1428120.0
40 0.04605 8.83419e-05 -1846.91 273.113 5.02435 5.02384 0.347001 0.53944 1428070.0
39 0.04615 8.83415e-05 -1846.9 273.114 5.02434 5.02379 0.364447 0.567485 1428120.0
38 0.04625 8.83417e-05 -1846.91 273.113 5.02432 5.02378 0.353534 0.55489 1428090.0
37 0.04635 8.83416e-05 -1846.91 273.113 5.02431 5.02376 0.336819 0.546399 1428030.0
36 0.04645 8.83411e-05 -1846.91 273.113 5.02429 5.02374 0.323994 0.523305 1427960.0
35 0.04655 8.83418e-05 -1846.91 273.114 5.02435 5.02381 0.323123 0.524887 1427970.0
34 0.04665 8.83421e-05 -1846.91 273.111 5.02431 5.02375 0.319333 0.547924 1427920.0
33 0.04675 8.83414e-05 -1846.9 273.113 5.0243 5.02378 0.357916 0.575979 1428100.0
32 0.04685 8.83417e-05 -1846.91 273.113 5.02432 5.02378 0.342496 0.556807 1427970.0
31 0.04695 8.8342e-05 -1846.91 273.112 5.02433 5.0238 0.312573 0.538021 1427870.0
30 0.04705 8.83417e-05 -1846.9 273.114 5.02434 5.0238 0.32763 0.569949 1427850.0
29 0.04715 8.83411e-05 -1846.91 273.112 5.02427 5.02375 0.319511 0.550477 1427780.0
28 0.04725 8.83422e-05 -1846.91 273.113 5.02434 5.02371 0.29838 0.506461 1427790.0
27 0.04735 8.83413e-05 -1846.9 273.114 5.02431 5.02375 0.306462 0.517315 1427740.0
26 0.04745 8.83416e-05 -1846.9 273.112 5.02431 5.02371 0.257466 0.497375 1427690.0
25 0.04755 8.83422e-05 -1846.91 273.11 5.0243 5.02374 0.295021 0.532699 1427730.0
24 0.04765 8.83413e-05 -1846.91 273.113 5.02431 5.02364 0.26004 0.527565 1427640.0
23 0.04775 8.8342e-05 -1846.91 273.109 5.02426 5.02365 0.286802 0.536812 1427620.0
22 0.04785 8.83421e-05 -1846.91 273.114 5.02437 5.02367 0.270216 0.546949 1427620.0
21 0.04795 8.83411e-05 -1846.9 273.112 5.02427 5.02363 0.292696 0.526422 1427590.0
20 0.04805 8.83419e-05 -1846.91 273.111 5.0243 5.02354 0.308766 0.578857 1427600.0
19 0.04815 8.83418e-05 -1846.91 273.111 5.02429 5.02352 0.289664 0.548643 1427520.0
18 0.04825 8.83412e-05 -1846.91 273.113 5.02429 5.02352 0.281968 0.535093 1427480.0
17 0.04835 8.83417e-05 -1846.91 273.11 5.02428 5.02351 0.309662 0.566683 1427480.0
16 0.04845 8.83424e-05 -1846.91 273.112 5.02436 5.02353 0.261328 0.50869 1427430.0
15 0.04855 8.83412e-05 -1846.91 273.11 5.02425 5.02339 0.251073 0.462274 1427320.0
14 0.04865 8.83418e-05 -1846.91 273.111 5.0243 5.02337 0.254072 0.470366 1427250.0
13 0.04875 8.83416e-05 -1846.91 273.109 5.02425 5.02341 0.251289 0.490496 1427240.0
12 0.04885 8.83416e-05 -1846.91 273.111 5.02428 5.02339 0.240703 0.468737 1427220.0
11 0.04895 8.8342e-05 -1846.91 273.111 5.0243 5.02336 0.233824 0.441148 1427170.0
10 0.04905 8.83411e-05 -1846.91 273.112 5.02427 5.02325 0.223937 0.41088 1427100.0
9 0.04915 8.83426e-05 -1846.91 273.11 5.02432 5.02331 0.226203 0.42088 1427040.0
8 0.04925 8.8341e-05 -1846.91 273.109 5.02421 5.02324 0.224638 0.405769 1427020.0
7 0.04935 8.83412e-05 -1846.91 273.112 5.02428 5.02328 0.206702 0.386379 1427000.0
6 0.04945 8.83421e-05 -1846.91 273.109 5.02429 5.02325 0.202111 0.346046 1426900.0
5 0.04955 8.83416e-05 -1846.91 273.11 5.02428 5.02319 0.163266 0.294753 1426870.0
4 0.04965 8.83418e-05 -1846.91 273.108 5.02424 5.02311 0.178334 0.303359 1426790.0
3 0.04975 8.83413e-05 -1846.91 273.109 5.02422 5.02312 0.139852 0.265426 1426770.0
2 0.04985 8.83412e-05 -1846.91 273.11 5.02425 5.02313 0.150383 0.257553 1426720.0
1 0.04995 8.83421e-05 -1846.91 273.109 5.02427 5.02311 0.151887 0.243435 1426680.0
