TITLE = "DSMC"
VARIABLES = "ID" "X" "rho" "v1" "Ttrans" "p" "p1" "q1" "mv1v1v1" "mvvv1v1"
ZONE T="Ma=2.8", I=1000, J=1, K=1, F=POINT
1 -0.06995 8.83428e-05 861.879 273.204 5.02607 5.02549 -0.588945 -1.06755 1428760.0
2 -0.06985 8.83432e-05 861.878 273.21 5.0262 5.02567 -0.624911 -1.11482 1428930.0
3 -0.06975 8.83424e-05 861.881 273.206 5.02608 5.02538 -0.571769 -0.976791 1428750.0
4 -0.06965 8.83427e-05 861.884 273.204 5.02606 5.02538 -0.520955 -0.935191 1428670.0
5 -0.06955 8.83419e-05 861.883 273.205 5.02604 5.0252 -0.519305 -0.923273 1428650.0
6 -0.06945 8.83425e-05 861.889 273.202 5.02601 5.02489 -0.453224 -0.703348 1428500.0
7 -0.06935 8.83423e-05 861.882 273.207 5.02609 5.02536 -0.559584 -0.987215 1428840.0
8 -0.06925 8.83421e-05 861.883 273.202 5.02599 5.02528 -0.420768 -0.868185 1428630.0
9 -0.06915 8.83421e-05 861.887 273.199 5.02592 5.02506 -0.308199 -0.695776 1428420.0
10 -0.06905 8.83416e-05 861.885 273.207 5.02604 5.02522 -0.484158 -0.944734 1428770.0
11 -0.06895 8.83423e-05 861.886 273.201 5.02597 5.02523 -0.402752 -0.877519 1428670.0
12 -0.06885 8.8342e-05 861.881 273.209 5.0261 5.02545 -0.54354 -0.989417 1428950.0
13 -0.06875 8.83418e-05 861.888 273.201 5.02595 5.02501 -0.379498 -0.68616 1428550.0
14 -0.06865 8.83413e-05 861.891 273.2 5.0259 5.02491 -0.271562 -0.508866 1428430.0
15 -0.06855 8.83422e-05 861.887 273.198 5.02592 5.02501 -0.350742 -0.663592 1428550.0
16 -0.06845 8.83417e-05 861.892 273.196 5.02585 5.02476 -0.257169 -0.454686 1428370.0
17 -0.06835 8.83427e-05 861.885 273.205 5.02607 5.02534 -0.461019 -0.866097 1428880.0
18 -0.06825 8.83424e-05 861.877 273.211 5.02616 5.02573 -0.523099 -0.983423 1429120.0
19 -0.06815 8.8343e-05 861.882 273.207 5.02613 5.02554 -0.487971 -0.894622 1429000.0
20 -0.06805 8.83417e-05 861.887 273.2 5.02592 5.02508 -0.336146 -0.606485 1428650.0
21 -0.06795 8.83431e-05 861.882 273.202 5.02604 5.02522 -0.368551 -0.615199 1428720.0
22 -0.06785 8.83424e-05 861.89 273.199 5.02595 5.02501 -0.285243 -0.482186 1428600.0
23 -0.06775 8.83422e-05 861.886 273.197 5.02591 5.0251 -0.260387 -0.525581 1428590.0
24 -0.06765 8.83427e-05 861.884 273.201 5.026 5.02533 -0.2895 -0.546374 1428720.0
25 -0.06755 8.83429e-05 861.883 273.202 5.02604 5.0254 -0.321125 -0.574489 1428770.0
26 -0.06745 8.8343e-05 861.881 273.205 5.02609 5.02557 -0.317247 -0.546113 1428840.0
27 -0.06735 8.83435e-05 861.878 273.207 5.02616 5.02567 -0.418975 -0.654617 1429010.0
28 -0.06725 8.83431e-05 861.88 273.205 5.02609 5.02551 -0.366628 -0.553234 1428880.0
29 -0.06715 8.83438e-05 861.878 273.211 5.02624 5.02578 -0.466288 -0.69061 1429150.0
30 -0.06705 8.83432e-05 861.875 273.208 5.02615 5.02573 -0.435461 -0.672676 1429090.0
31 -0.06695 8.83438e-05 861.874 273.215 5.02633 5.02608 -0.502389 -0.827101 1429370.0
32 -0.06685 8.83442e-05 861.872 273.211 5.02626 5.02599 -0.511904 -0.79174 1429430.0
33 -0.06675 8.83437e-05 861.871 273.215 5.02631 5.02607 -0.58239 -0.951269 1429520.0
34 -0.06665 8.83433e-05 861.879 273.208 5.02616 5.02551 -0.457699 -0.639437 1429140.0
35 -0.06655 8.83437e-05 861.877 273.211 5.02624 5.0258 -0.559747 -0.849972 1429420.0
36 -0.06645 8.83421e-05 861.886 273.202 5.02598 5.0251 -0.357066 -0.331269 1428820.0
37 -0.06635 8.83427e-05 861.884 273.205 5.02607 5.02529 -0.447057 -0.494649 1429010.0
38 -0.06625 8.83433e-05 861.879 273.214 5.02628 5.02567 -0.645893 -0.828434 1429470.0
39 -0.06615 8.83429e-05 861.882 273.211 5.0262 5.02541 -0.580629 -0.653783 1429310.0
40 -0.06605 8.83429e-05 861.877 273.216 5.02628 5.02571 -0.646981 -0.839386 1429470.0
41 -0.06595 8.83423e-05 861.883 273.207 5.02609 5.02543 -0.510767 -0.633157 1429210.0
42 -0.06585 8.83427e-05 861.88 273.21 5.02617 5.02567 -0.528877 -0.704191 1429310.0
43 -0.06575 8.83427e-05 861.877 273.206 5.02609 5.02568 -0.502825 -0.683937 1429280.0
44 -0.06565 8.83423e-05 861.881 273.2 5.02596 5.02526 -0.336223 -0.310448 1428920.0
45 -0.06555 8.83435e-05 861.877 273.208 5.02617 5.02584 -0.464839 -0.673913 1429320.0
46 -0.06545 8.83432e-05 861.874 273.209 5.02619 5.02604 -0.549086 -0.822743 1429490.0
47 -0.06535 8.8343e-05 861.871 273.209 5.02616 5.02605 -0.532056 -0.797205 1429530.0
48 -0.06525 8.83439e-05 861.873 273.207 5.02617 5.02609 -0.485214 -0.719633 1429480.0
49 -0.06515 8.83436e-05 861.876 273.207 5.02617 5.02598 -0.474532 -0.625893 1429460.0
50 -0.06505 8.83433e-05 861.877 273.202 5.02606 5.02572 -0.390562 -0.487196 1429250.0
51 -0.06495 8.83432e-05 861.876 273.203 5.02607 5.02573 -0.395163 -0.487636 1429300.0
52 -0.06485 8.83429e-05 861.883 273.197 5.02593 5.02538 -0.301597 -0.287549 1429060.0
53 -0.06475 8.8343e-05 861.876 273.2 5.026 5.02563 -0.357964 -0.448715 1429240.0
54 -0.06465 8.83428e-05 861.884 273.195 5.02589 5.02531 -0.225674 -0.245255 1428930.0
55 -0.06455 8.83427e-05 861.882 273.193 5.02586 5.02529 -0.215014 -0.311255 1428960.0
56 -0.06445 8.83429e-05 861.889 273.185 5.02572 5.02496 -0.0504832 -0.00819214 1428550.0
57 -0.06435 8.83417e-05 861.893 273.183 5.02561 5.02454 0.0621701 0.276607 1428350.0
58 -0.06425 8.83405e-05 861.9 273.171 5.02532 5.02396 0.204419 0.611715 1427840.0
59 -0.06415 8.83421e-05 861.888 273.187 5.0257 5.02484 -0.0618509 0.101798 1428550.0
60 -0.06405 8.83428e-05 861.884 273.19 5.0258 5.02509 -0.120495 -0.0961564 1428800.0
61 -0.06395 8.83423e-05 861.88 273.201 5.02598 5.02563 -0.328348 -0.416101 1429280.0
62 -0.06385 8.83431e-05 861.88 273.2 5.02601 5.02571 -0.33055 -0.388249 1429260.0
63 -0.06375 8.83435e-05 861.866 273.21 5.02621 5.02647 -0.538608 -0.890581 1429840.0
64 -0.06365 8.83431e-05 861.879 273.2 5.026 5.02577 -0.28171 -0.335108 1429230.0
65 -0.06355 8.83437e-05 861.868 273.209 5.0262 5.02633 -0.497838 -0.746231 1429740.0
66 -0.06345 8.83434e-05 861.872 273.206 5.02614 5.02621 -0.418935 -0.644415 1429580.0
67 -0.06335 8.83431e-05 861.874 273.2 5.02601 5.02588 -0.340897 -0.441392 1429340.0
68 -0.06325 8.83441e-05 861.872 273.205 5.02615 5.02611 -0.359812 -0.501719 1429500.0
69 -0.06315 8.83429e-05 861.877 273.198 5.02596 5.02583 -0.277793 -0.339708 1429290.0
70 -0.06305 8.83441e-05 861.867 273.202 5.02609 5.02626 -0.373752 -0.582977 1429550.0
71 -0.06295 8.83438e-05 861.869 273.206 5.02617 5.0266 -0.461971 -0.78653 1429860.0
72 -0.06285 8.83443e-05 861.87 273.202 5.02611 5.02634 -0.404984 -0.649039 1429670.0
73 -0.06275 8.83437e-05 861.87 273.201 5.02607 5.02626 -0.355973 -0.572232 1429600.0
74 -0.06265 8.83441e-05 861.868 273.209 5.02622 5.02649 -0.52292 -0.793002 1429930.0
75 -0.06255 8.83429e-05 861.876 273.195 5.0259 5.02588 -0.238209 -0.345836 1429300.0
76 -0.06245 8.83437e-05 861.87 273.2 5.02603 5.02609 -0.319413 -0.454349 1429500.0
77 -0.06235 8.83431e-05 861.877 273.193 5.02588 5.02566 -0.163279 -0.174017 1429170.0
78 -0.06225 8.83419e-05 861.887 273.182 5.02561 5.02514 0.0165891 0.126565 1428670.0
79 -0.06215 8.83433e-05 861.873 273.201 5.02603 5.02597 -0.352695 -0.460487 1429510.0
80 -0.06205 8.83428e-05 861.875 273.203 5.02605 5.02595 -0.382602 -0.487961 1429620.0
81 -0.06195 8.83437e-05 861.875 273.199 5.02602 5.02581 -0.342008 -0.405532 1429480.0
82 -0.06185 8.83433e-05 861.879 273.194 5.02592 5.02554 -0.246188 -0.216609 1429300.0
83 -0.06175 8.83422e-05 861.887 273.188 5.02574 5.02503 -0.0472946 0.109136 1428830.0
84 -0.06165 8.83436e-05 861.875 273.196 5.02597 5.0257 -0.260714 -0.278565 1429390.0
85 -0.06155 8.83431e-05 861.883 273.191 5.02585 5.02529 -0.144783 -0.089788 1429050.0
86 -0.06145 8.83418e-05 861.887 273.182 5.02561 5.0248 0.0263048 0.271284 1428630.0
87 -0.06135 8.83422e-05 861.888 273.186 5.0257 5.025 -0.0232743 0.0733013 1428750.0
88 -0.06125 8.83418e-05 861.889 273.182 5.0256 5.02481 0.0255381 0.202786 1428660.0
89 -0.06115 8.83412e-05 861.89 273.18 5.02554 5.02464 0.0505986 0.259981 1428570.0
90 -0.06105 8.83418e-05 861.888 273.187 5.0257 5.02504 -0.0457333 0.0672775 1428910.0
91 -0.06095 8.8342e-05 861.883 273.187 5.0257 5.02519 -0.108473 -0.128134 1429040.0
92 -0.06085 8.83415e-05 861.888 273.185 5.02564 5.02488 -0.0547664 0.0262706 1428910.0
93 -0.06075 8.83413e-05 861.889 273.184 5.02561 5.02485 -0.0350358 0.0914779 1428880.0
94 -0.06065 8.83418e-05 861.883 273.187 5.02569 5.02508 -0.102397 -0.0520884 1428970.0
95 -0.06055 8.83417e-05 861.889 273.183 5.02561 5.02484 0.00821608 0.0967378 1428750.0
96 -0.06045 8.83418e-05 861.887 273.184 5.02564 5.02488 -0.00808798 0.0793813 1428790.0
97 -0.06035 8.83425e-05 861.882 273.188 5.02576 5.02532 -0.127687 -0.15027 1429110.0
98 -0.06025 8.83423e-05 861.882 273.187 5.02572 5.02529 -0.0793346 -0.0609262 1429060.0
99 -0.06015 8.83423e-05 861.879 273.192 5.02582 5.02541 -0.182244 -0.252586 1429250.0
100 -0.06005 8.8343e-05 861.884 273.192 5.02585 5.02535 -0.187399 -0.276306 1429240.0
101 -0.05995 8.83423e-05 861.882 273.194 5.02585 5.02542 -0.217255 -0.346718 1429320.0
102 -0.05985 8.83428e-05 861.879 273.195 5.0259 5.02557 -0.212176 -0.386261 1429350.0
103 -0.05975 8.83426e-05 861.881 273.192 5.02583 5.02532 -0.181835 -0.245051 1429270.0
104 -0.05965 8.83412e-05 861.897 273.177 5.02548 5.02431 0.0775346 0.287322 1428530.0
105 -0.05955 8.8342e-05 861.892 273.18 5.02557 5.02458 0.030821 0.172902 1428730.0
106 -0.05945 8.83426e-05 861.886 273.186 5.02571 5.02519 -0.0385426 -0.0811567 1429110.0
107 -0.05935 8.83427e-05 861.883 273.186 5.02572 5.02529 -0.078159 -0.224679 1429170.0
108 -0.05925 8.83425e-05 861.887 273.179 5.02558 5.02487 0.082247 0.119957 1428830.0
109 -0.05915 8.83421e-05 861.887 273.182 5.02561 5.02497 0.0458493 0.0275581 1428910.0
110 -0.05905 8.83424e-05 861.88 273.187 5.02572 5.02535 -0.0317763 -0.189656 1429140.0
111 -0.05895 8.83435e-05 861.885 273.18 5.02567 5.0252 0.0322923 -0.114858 1428990.0
112 -0.05885 8.83424e-05 861.885 273.182 5.02565 5.0252 0.0814879 -0.0774748 1428950.0
113 -0.05875 8.83434e-05 861.878 273.188 5.02581 5.0256 -0.0658982 -0.343143 1429360.0
114 -0.05865 8.83437e-05 861.879 273.184 5.02574 5.02544 -0.0252606 -0.27068 1429190.0
115 -0.05855 8.83434e-05 861.88 273.188 5.02579 5.02549 -0.0560498 -0.287996 1429300.0
116 -0.05845 8.83436e-05 861.876 273.192 5.02588 5.02572 -0.140559 -0.400559 1429490.0
117 -0.05835 8.83443e-05 861.874 273.194 5.02596 5.0259 -0.157155 -0.448008 1429630.0
118 -0.05825 8.83438e-05 861.869 273.194 5.02594 5.02604 -0.16228 -0.519068 1429720.0
119 -0.05815 8.83432e-05 861.876 273.186 5.02575 5.02555 -0.00425493 -0.204034 1429300.0
120 -0.05805 8.83429e-05 861.882 273.18 5.02563 5.02514 0.108932 0.0471642 1428930.0
121 -0.05795 8.83426e-05 861.886 273.177 5.02555 5.02497 0.184186 0.181675 1428780.0
122 -0.05785 8.83421e-05 861.879 273.182 5.02562 5.02545 0.022145 -0.161353 1429160.0
123 -0.05775 8.83425e-05 861.88 273.179 5.02558 5.02537 0.0651821 -0.0689633 1429070.0
124 -0.05765 8.8343e-05 861.874 273.19 5.02581 5.02591 -0.107906 -0.397834 1429510.0
125 -0.05755 8.83431e-05 861.873 273.194 5.02589 5.02595 -0.178869 -0.465297 1429650.0
126 -0.05745 8.83435e-05 861.876 273.188 5.02581 5.02574 -0.0867501 -0.321824 1429410.0
127 -0.05735 8.83419e-05 861.885 273.184 5.02564 5.02522 0.0266837 -0.0457144 1429070.0
128 -0.05725 8.83421e-05 861.881 273.184 5.02565 5.02534 0.00246731 -0.0947291 1429170.0
129 -0.05715 8.83419e-05 861.884 273.184 5.02564 5.02522 -0.0376164 -0.140729 1429240.0
130 -0.05705 8.83426e-05 861.878 273.192 5.02583 5.0257 -0.134132 -0.374985 1429580.0
131 -0.05695 8.83419e-05 861.882 273.189 5.02573 5.02544 -0.110972 -0.238295 1429440.0
132 -0.05685 8.83411e-05 861.889 273.181 5.02554 5.02485 -0.0104529 -0.00104139 1429080.0
133 -0.05675 8.83416e-05 861.885 273.186 5.02566 5.02528 -0.0794051 -0.236104 1429340.0
134 -0.05665 8.8342e-05 861.879 273.192 5.0258 5.02556 -0.162691 -0.388889 1429600.0
135 -0.05655 8.83411e-05 861.891 273.179 5.0255 5.02488 0.0120692 -0.00562597 1429050.0
136 -0.05645 8.83415e-05 861.884 273.183 5.02561 5.02518 -0.03265 -0.150281 1429230.0
137 -0.05635 8.83419e-05 861.879 273.194 5.02582 5.02568 -0.176395 -0.365607 1429620.0
138 -0.05625 8.83426e-05 861.878 273.189 5.02577 5.02577 -0.108747 -0.294397 1429550.0
139 -0.05615 8.8343e-05 861.872 273.192 5.02586 5.02616 -0.196688 -0.53053 1429840.0
140 -0.05605 8.83427e-05 861.872 273.19 5.02581 5.02588 -0.156595 -0.421327 1429600.0
141 -0.05595 8.83437e-05 861.874 273.193 5.02592 5.02598 -0.173321 -0.396047 1429650.0
142 -0.05585 8.83431e-05 861.876 273.193 5.02588 5.02582 -0.209557 -0.402672 1429620.0
143 -0.05575 8.83438e-05 861.874 273.199 5.02602 5.02602 -0.323664 -0.594674 1429860.0
144 -0.05565 8.83436e-05 861.869 273.197 5.02599 5.02608 -0.234437 -0.514663 1429790.0
145 -0.05555 8.83434e-05 861.878 273.184 5.02573 5.02555 0.0083641 -0.166916 1429290.0
146 -0.05545 8.8344e-05 861.873 273.193 5.02592 5.02589 -0.143191 -0.432883 1429640.0
147 -0.05535 8.83426e-05 861.879 273.183 5.02567 5.02542 -0.0212979 -0.18646 1429230.0
148 -0.05525 8.83427e-05 861.882 273.181 5.02563 5.02529 0.10256 -0.0347487 1429080.0
149 -0.05515 8.83425e-05 861.883 273.179 5.02559 5.02515 0.0968278 0.0159488 1429040.0
150 -0.05505 8.83426e-05 861.881 273.186 5.02572 5.02525 -0.0190317 -0.134283 1429300.0
151 -0.05495 8.8343e-05 861.88 273.19 5.02582 5.02547 -0.0902893 -0.25732 1429460.0
152 -0.05485 8.83432e-05 861.878 273.188 5.02579 5.02555 -0.0850845 -0.282679 1429480.0
153 -0.05475 8.83433e-05 861.879 273.19 5.02584 5.02562 -0.109889 -0.345767 1429590.0
154 -0.05465 8.83425e-05 861.871 273.192 5.02584 5.0258 -0.171638 -0.5413 1429720.0
155 -0.05455 8.83442e-05 861.87 273.2 5.02607 5.02627 -0.285902 -0.686799 1430040.0
156 -0.05445 8.83431e-05 861.883 273.185 5.02574 5.02524 -0.00940923 -0.0315175 1429290.0
157 -0.05435 8.83428e-05 861.878 273.192 5.02585 5.02556 -0.132439 -0.33632 1429640.0
158 -0.05425 8.8343e-05 861.884 273.183 5.02569 5.02522 0.0153868 -0.0135447 1429290.0
159 -0.05415 8.83427e-05 861.885 273.183 5.02568 5.02516 0.0668825 0.0659897 1429250.0
160 -0.05405 8.83429e-05 861.882 273.185 5.02572 5.02521 0.0192734 0.0575168 1429290.0
161 -0.05395 8.83436e-05 861.879 273.184 5.02575 5.02542 0.0378492 -0.0868179 1429300.0
162 -0.05385 8.83424e-05 861.887 273.178 5.02557 5.02487 0.160333 0.205166 1428940.0
163 -0.05375 8.83434e-05 861.882 273.184 5.02574 5.0252 0.0374581 0.00495536 1429260.0
164 -0.05365 8.83432e-05 861.875 273.194 5.0259 5.02574 -0.136146 -0.332151 1429670.0
165 -0.05355 8.83431e-05 861.876 273.191 5.02584 5.02562 -0.108398 -0.366213 1429560.0
166 -0.05345 8.83428e-05 861.876 273.195 5.02589 5.02565 -0.167835 -0.342 1429650.0
167 -0.05335 8.83423e-05 861.884 273.187 5.02572 5.02518 -0.068987 -0.0645039 1429360.0
168 -0.05325 8.83436e-05 861.875 273.197 5.02597 5.02586 -0.213903 -0.432648 1429790.0
169 -0.05315 8.83434e-05 861.872 273.198 5.02599 5.02596 -0.260421 -0.478566 1429880.0
170 -0.05305 8.83434e-05 861.878 273.193 5.0259 5.0257 -0.136804 -0.219488 1429650.0
171 -0.05295 8.83421e-05 861.888 273.177 5.02553 5.02476 0.108963 0.331384 1428920.0
172 -0.05285 8.83426e-05 861.883 273.185 5.02569 5.025 0.0251099 0.188408 1429210.0
173 -0.05275 8.83412e-05 861.89 273.179 5.02552 5.02459 0.12122 0.377127 1428920.0
174 -0.05265 8.83411e-05 861.891 273.174 5.02541 5.02445 0.214585 0.452572 1428760.0
175 -0.05255 8.8342e-05 861.887 273.18 5.02558 5.02481 0.0921908 0.230632 1429090.0
176 -0.05245 8.83421e-05 861.885 273.183 5.02564 5.025 0.041246 0.13114 1429260.0
177 -0.05235 8.8342e-05 861.882 273.181 5.0256 5.02493 0.0720641 0.12914 1429160.0
178 -0.05225 8.83421e-05 861.883 273.187 5.02571 5.02532 -0.00736111 -0.0931729 1429390.0
179 -0.05215 8.83425e-05 861.879 273.184 5.02568 5.02532 0.0569792 -0.0309908 1429250.0
180 -0.05205 8.83426e-05 861.881 273.182 5.02564 5.02516 0.0883707 0.0341155 1429190.0
181 -0.05195 8.83424e-05 861.882 273.189 5.02576 5.02541 -0.0239064 -0.092931 1429450.0
182 -0.05185 8.83423e-05 861.876 273.193 5.02583 5.02551 -0.122532 -0.236335 1429610.0
183 -0.05175 8.8343e-05 861.88 273.187 5.02577 5.02539 -0.0197108 -0.106982 1429420.0
184 -0.05165 8.83425e-05 861.877 273.192 5.02583 5.02557 -0.0807459 -0.196412 1429590.0
185 -0.05155 8.83425e-05 861.886 273.179 5.02559 5.02492 0.152183 0.334146 1428990.0
186 -0.05145 8.83416e-05 861.884 273.182 5.02559 5.025 0.116327 0.278805 1429080.0
187 -0.05135 8.83428e-05 861.874 273.191 5.02582 5.02565 -0.095558 -0.144671 1429590.0
188 -0.05125 8.83426e-05 861.876 273.192 5.02582 5.02567 -0.0705913 -0.11239 1429530.0
189 -0.05115 8.83433e-05 861.875 273.188 5.0258 5.02561 -0.0403519 -0.068018 1429460.0
190 -0.05105 8.83424e-05 861.881 273.183 5.02566 5.02519 0.0934981 0.216959 1429110.0
191 -0.05095 8.83425e-05 861.885 273.174 5.0255 5.02485 0.209025 0.387759 1428820.0
192 -0.05085 8.83433e-05 861.876 273.19 5.02584 5.02557 -0.065172 -0.0830775 1429440.0
193 -0.05075 8.83435e-05 861.872 273.198 5.02599 5.02593 -0.226794 -0.392243 1429730.0
194 -0.05065 8.83443e-05 861.872 273.195 5.02598 5.02579 -0.164779 -0.273697 1429570.0
195 -0.05055 8.8342e-05 861.884 273.181 5.0256 5.02491 0.113812 0.232972 1428840.0
196 -0.05045 8.8344e-05 861.875 273.195 5.02596 5.02576 -0.171764 -0.27137 1429510.0
197 -0.05035 8.83434e-05 861.873 273.192 5.02589 5.02568 -0.175501 -0.315376 1429500.0
198 -0.05025 8.83433e-05 861.875 273.195 5.02593 5.02572 -0.146511 -0.327549 1429460.0
199 -0.05015 8.83427e-05 861.883 273.183 5.02566 5.02498 0.0522909 0.116477 1428860.0
200 -0.05005 8.83428e-05 861.88 273.19 5.0258 5.02533 -0.0828549 -0.0538808 1429170.0
201 -0.04995 8.8344e-05 861.876 273.194 5.02595 5.02565 -0.140828 -0.168169 1429310.0
202 -0.04985 8.83436e-05 861.881 273.19 5.02586 5.02537 -0.100598 -0.0127865 1429170.0
203 -0.04975 8.83442e-05 861.882 273.193 5.02594 5.02552 -0.106032 -0.000186092 1429270.0
204 -0.04965 8.83426e-05 861.881 273.186 5.02571 5.02516 -0.00942056 0.150449 1429080.0
205 -0.04955 8.8344e-05 861.878 273.191 5.02589 5.02558 -0.0921881 -0.12143 1429350.0
206 -0.04945 8.83425e-05 861.886 273.18 5.0256 5.02496 0.117602 0.308625 1428830.0
207 -0.04935 8.83433e-05 861.882 273.182 5.02568 5.02532 0.0787235 0.180974 1429040.0
208 -0.04925 8.83438e-05 861.879 273.186 5.02579 5.02543 -0.00706726 0.0627713 1429160.0
209 -0.04915 8.83441e-05 861.877 273.187 5.02584 5.0256 -0.0348228 -0.0615409 1429280.0
210 -0.04905 8.83446e-05 861.877 273.191 5.02593 5.02579 -0.0980828 -0.122236 1429460.0
211 -0.04895 8.8344e-05 861.872 273.191 5.02589 5.02585 -0.103165 -0.154175 1429450.0
212 -0.04885 8.83439e-05 861.877 273.189 5.02585 5.02565 -0.0586969 -0.0199205 1429340.0
213 -0.04875 8.83452e-05 861.87 273.196 5.02605 5.02621 -0.228054 -0.430241 1429780.0
214 -0.04865 8.83453e-05 861.865 273.203 5.02619 5.02643 -0.276307 -0.533781 1429930.0
215 -0.04855 8.83452e-05 861.863 273.204 5.0262 5.02653 -0.338765 -0.662177 1430030.0
216 -0.04845 8.83461e-05 861.857 273.213 5.02642 5.02704 -0.528894 -0.991153 1430420.0
217 -0.04835 8.8346e-05 861.86 273.212 5.0264 5.02679 -0.527616 -0.908944 1430400.0
218 -0.04825 8.83444e-05 861.872 273.196 5.026 5.02572 -0.192658 -0.309845 1429480.0
219 -0.04815 8.83446e-05 861.87 273.199 5.02608 5.02596 -0.257692 -0.429906 1429640.0
220 -0.04805 8.83452e-05 861.866 273.206 5.02624 5.02628 -0.393894 -0.65458 1429960.0
221 -0.04795 8.83433e-05 861.879 273.189 5.02581 5.02529 -0.030738 0.0145496 1429110.0
222 -0.04785 8.83442e-05 861.88 273.188 5.02584 5.02522 -0.0252639 0.00578817 1429070.0
223 -0.04775 8.83438e-05 861.882 273.184 5.02575 5.02502 0.0164312 0.144215 1428920.0
224 -0.04765 8.83434e-05 861.88 273.186 5.02577 5.02517 0.0270527 0.137913 1428980.0
225 -0.04755 8.83427e-05 861.882 273.183 5.02567 5.02494 0.0331293 0.20342 1428830.0
226 -0.04745 8.8344e-05 861.881 273.191 5.02589 5.02531 -0.0947478 -0.0697519 1429240.0
227 -0.04735 8.83434e-05 861.879 273.191 5.02586 5.02521 -0.11192 -0.071651 1429210.0
228 -0.04725 8.83435e-05 861.888 273.178 5.02563 5.02458 0.106356 0.34242 1428690.0
229 -0.04715 8.83432e-05 861.884 273.182 5.02568 5.02479 0.0522987 0.20356 1428840.0
230 -0.04705 8.83445e-05 861.881 273.187 5.02585 5.02516 -0.0820453 0.00824856 1429120.0
231 -0.04695 8.83446e-05 861.874 273.194 5.02599 5.02555 -0.235863 -0.332703 1429530.0
232 -0.04685 8.83438e-05 861.88 273.192 5.02589 5.02523 -0.201279 -0.172919 1429340.0
233 -0.04675 8.83442e-05 861.879 273.19 5.02589 5.0253 -0.164904 -0.207746 1429330.0
234 -0.04665 8.83447e-05 861.875 273.196 5.02603 5.02575 -0.263154 -0.36331 1429640.0
235 -0.04655 8.8345e-05 861.868 273.199 5.02609 5.0259 -0.317303 -0.467721 1429800.0
236 -0.04645 8.83448e-05 861.877 273.192 5.02595 5.02554 -0.202161 -0.225618 1429510.0
237 -0.04635 8.83444e-05 861.877 273.195 5.02599 5.02548 -0.236291 -0.190456 1429540.0
238 -0.04625 8.83457e-05 861.868 273.204 5.02623 5.02618 -0.428589 -0.579491 1430120.0
239 -0.04615 8.83451e-05 861.868 273.198 5.02608 5.02609 -0.360753 -0.590303 1429970.0
240 -0.04605 8.83445e-05 861.874 273.192 5.02595 5.02571 -0.179135 -0.234053 1429530.0
241 -0.04595 8.83444e-05 861.873 273.191 5.02591 5.02563 -0.110416 -0.133591 1429470.0
242 -0.04585 8.8345e-05 861.869 273.196 5.02605 5.02607 -0.209838 -0.343364 1429760.0
243 -0.04575 8.83461e-05 861.861 273.203 5.02624 5.02662 -0.380174 -0.677423 1430180.0
244 -0.04565 8.83448e-05 861.869 273.194 5.026 5.02603 -0.155423 -0.235827 1429700.0
245 -0.04555 8.8346e-05 861.86 273.202 5.02622 5.02649 -0.300147 -0.526723 1430100.0
246 -0.04545 8.83446e-05 861.867 273.198 5.02605 5.02624 -0.272597 -0.466247 1429980.0
247 -0.04535 8.83448e-05 861.869 273.193 5.02598 5.02597 -0.178552 -0.315233 1429710.0
248 -0.04525 8.83445e-05 861.869 273.191 5.02592 5.02582 -0.0770024 -0.138779 1429450.0
249 -0.04515 8.83457e-05 861.868 273.19 5.02597 5.0261 -0.0908766 -0.20366 1429520.0
250 -0.04505 8.83453e-05 861.869 273.191 5.02596 5.02604 -0.0705709 -0.21478 1429500.0
251 -0.04495 8.83451e-05 861.866 273.196 5.02604 5.02607 -0.182153 -0.35545 1429600.0
252 -0.04485 8.8345e-05 861.87 273.192 5.02596 5.02592 -0.0829718 -0.218981 1429470.0
253 -0.04475 8.83446e-05 861.877 273.184 5.0258 5.02551 -0.00370997 -0.0763297 1429180.0
254 -0.04465 8.8345e-05 861.868 273.193 5.02599 5.02595 -0.119309 -0.275725 1429540.0
255 -0.04455 8.83437e-05 861.879 273.18 5.02568 5.02521 0.126721 0.203374 1428900.0
256 -0.04445 8.83444e-05 861.866 273.198 5.02604 5.02612 -0.213707 -0.388871 1429720.0
257 -0.04435 8.83452e-05 861.866 273.198 5.02608 5.02621 -0.199303 -0.406403 1429680.0
258 -0.04425 8.83444e-05 861.871 273.187 5.02584 5.02577 -0.0207166 -0.117683 1429260.0
259 -0.04415 8.83447e-05 861.865 273.201 5.02611 5.02621 -0.256155 -0.435752 1429760.0
260 -0.04405 8.83461e-05 861.862 273.204 5.02624 5.02656 -0.363018 -0.710806 1430080.0
261 -0.04395 8.83444e-05 861.869 273.196 5.026 5.0258 -0.184588 -0.27113 1429560.0
262 -0.04385 8.83454e-05 861.866 273.197 5.02608 5.026 -0.257576 -0.462354 1429760.0
263 -0.04375 8.83454e-05 861.867 273.199 5.02612 5.02607 -0.243132 -0.451023 1429780.0
264 -0.04365 8.83446e-05 861.873 273.193 5.02596 5.0256 -0.0805987 -0.132312 1429370.0
265 -0.04355 8.83443e-05 861.875 273.183 5.02576 5.02511 0.00785433 0.0766357 1429020.0
266 -0.04345 8.8345e-05 861.874 273.188 5.02589 5.02562 -0.0357308 -0.0789237 1429290.0
267 -0.04335 8.83455e-05 861.87 273.195 5.02605 5.02592 -0.130429 -0.258936 1429490.0
268 -0.04325 8.83453e-05 861.868 273.19 5.02596 5.02564 -0.0458442 -0.0570736 1429270.0
269 -0.04315 8.83456e-05 861.873 273.19 5.02597 5.02554 -0.0632763 -0.00644085 1429290.0
270 -0.04305 8.83453e-05 861.867 273.204 5.02621 5.02619 -0.334885 -0.487554 1429970.0
271 -0.04295 8.83453e-05 861.87 273.195 5.02603 5.02586 -0.170542 -0.231092 1429570.0
272 -0.04285 8.83457e-05 861.865 273.203 5.0262 5.02625 -0.281656 -0.40931 1429940.0
273 -0.04275 8.83445e-05 861.871 273.192 5.02594 5.0257 -0.113479 -0.09855 1429500.0
274 -0.04265 8.83448e-05 861.876 273.188 5.02588 5.02553 -0.0175081 0.0140004 1429280.0
275 -0.04255 8.83446e-05 861.876 273.189 5.0259 5.02545 -0.0261607 0.114315 1429240.0
276 -0.04245 8.83447e-05 861.875 273.188 5.02588 5.02547 -0.0159866 0.106678 1429270.0
277 -0.04235 8.83445e-05 861.876 273.184 5.0258 5.02533 0.0639311 0.293019 1429100.0
278 -0.04225 8.83451e-05 861.873 273.188 5.02591 5.02552 -0.0325385 0.167215 1429300.0
279 -0.04215 8.83453e-05 861.873 273.188 5.02592 5.02553 0.0054798 0.228757 1429220.0
280 -0.04205 8.83453e-05 861.87 273.188 5.02591 5.02551 -0.040853 0.158822 1429260.0
281 -0.04195 8.83451e-05 861.871 273.192 5.02598 5.02566 -0.0616165 0.0910642 1429380.0
282 -0.04185 8.83452e-05 861.873 273.194 5.02602 5.02558 -0.0710556 0.0575525 1429400.0
283 -0.04175 8.83458e-05 861.872 273.189 5.02596 5.02549 -0.105919 -0.0510675 1429330.0
284 -0.04165 8.83459e-05 861.867 273.198 5.02614 5.02595 -0.18669 -0.252298 1429630.0
285 -0.04155 8.83463e-05 861.864 273.202 5.02622 5.02621 -0.260143 -0.384707 1429840.0
286 -0.04145 8.83463e-05 861.862 273.205 5.02628 5.02631 -0.289291 -0.427076 1429930.0
287 -0.04135 8.83464e-05 861.866 273.198 5.02616 5.02593 -0.204932 -0.231271 1429670.0
288 -0.04125 8.83458e-05 861.875 273.194 5.02606 5.02541 -0.101122 0.110774 1429360.0
289 -0.04115 8.83453e-05 861.874 273.191 5.02597 5.0253 -0.0757628 0.145078 1429260.0
290 -0.04105 8.8346e-05 861.875 273.189 5.02598 5.02527 -0.0516632 0.182392 1429200.0
291 -0.04095 8.83457e-05 861.874 273.191 5.02598 5.02539 -0.0405709 0.160297 1429220.0
292 -0.04085 8.83454e-05 861.872 273.188 5.02592 5.02546 -0.0373713 0.142061 1429250.0
293 -0.04075 8.8346e-05 861.872 273.186 5.02592 5.02536 0.0253777 0.246668 1429130.0
294 -0.04065 8.83466e-05 861.868 273.197 5.02615 5.02589 -0.153489 -0.0556025 1429630.0
295 -0.04055 8.83473e-05 861.861 273.201 5.02627 5.02617 -0.197409 -0.149584 1429760.0
296 -0.04045 8.83469e-05 861.858 273.206 5.02633 5.02646 -0.332139 -0.45928 1430050.0
297 -0.04035 8.8347e-05 861.859 273.205 5.02632 5.02643 -0.334102 -0.48873 1430000.0
298 -0.04025 8.83468e-05 861.861 273.2 5.02622 5.02612 -0.190857 -0.233061 1429660.0
299 -0.04015 8.83466e-05 861.868 273.196 5.02614 5.02587 -0.116845 -0.0850787 1429500.0
300 -0.04005 8.83476e-05 861.863 273.201 5.02629 5.02627 -0.21583 -0.335281 1429780.0
301 -0.03995 8.83474e-05 861.858 273.207 5.02638 5.02654 -0.302305 -0.506523 1430040.0
302 -0.03985 8.83467e-05 861.861 273.203 5.02627 5.02627 -0.217617 -0.293142 1429850.0
303 -0.03975 8.8346e-05 861.872 273.19 5.02598 5.02556 -0.0134058 0.153356 1429290.0
304 -0.03965 8.83467e-05 861.873 273.19 5.02602 5.02554 0.0137584 0.233094 1429250.0
305 -0.03955 8.83458e-05 861.874 273.185 5.02589 5.02537 0.0998149 0.366364 1429080.0
306 -0.03945 8.83463e-05 861.869 273.193 5.02606 5.02574 -0.0601781 0.00299188 1429460.0
307 -0.03935 8.83452e-05 861.878 273.187 5.02588 5.02524 0.0479368 0.195495 1429070.0
308 -0.03925 8.83458e-05 861.87 273.197 5.02611 5.02573 -0.118419 -0.13339 1429550.0
309 -0.03915 8.83451e-05 861.877 273.188 5.0259 5.02525 0.0303428 0.151118 1429190.0
310 -0.03905 8.8345e-05 861.874 273.193 5.02598 5.02543 -0.0385022 0.0139541 1429390.0
311 -0.03895 8.83451e-05 861.877 273.186 5.02587 5.02527 0.059868 0.112475 1429150.0
312 -0.03885 8.83446e-05 861.881 273.186 5.02583 5.02501 0.117254 0.304002 1428990.0
313 -0.03875 8.83438e-05 861.884 273.184 5.02575 5.0248 0.102972 0.299601 1428950.0
314 -0.03865 8.83442e-05 861.882 273.187 5.02583 5.02495 0.0648138 0.306913 1429100.0
315 -0.03855 8.83439e-05 861.885 273.179 5.02567 5.02464 0.232283 0.593524 1428760.0
316 -0.03845 8.83435e-05 861.883 273.181 5.02568 5.02479 0.186146 0.487561 1428840.0
317 -0.03835 8.83452e-05 861.876 273.187 5.02589 5.02535 0.0908932 0.234731 1429210.0
318 -0.03825 8.83453e-05 861.865 273.198 5.0261 5.02607 -0.0995552 -0.224528 1429810.0
319 -0.03815 8.83463e-05 861.868 273.193 5.02607 5.02605 -0.0266242 -0.107257 1429630.0
320 -0.03805 8.83457e-05 861.864 273.198 5.02612 5.02618 -0.131229 -0.270163 1429820.0
321 -0.03795 8.83457e-05 861.875 273.192 5.02601 5.02572 0.0461007 0.0340128 1429420.0
322 -0.03785 8.83455e-05 861.867 273.199 5.02613 5.02605 -0.146697 -0.307745 1429790.0
323 -0.03775 8.83452e-05 861.867 273.199 5.02612 5.02617 -0.134097 -0.240126 1429850.0
324 -0.03765 8.83454e-05 861.872 273.195 5.02605 5.02582 -0.0689206 -0.105356 1429550.0
325 -0.03755 8.83452e-05 861.869 273.194 5.02602 5.02584 0.00315267 -0.056567 1429480.0
326 -0.03745 8.83456e-05 861.868 273.193 5.02601 5.02595 -0.00778962 -0.117008 1429520.0
327 -0.03735 8.83466e-05 861.861 273.2 5.02621 5.02658 -0.156641 -0.447561 1430000.0
328 -0.03725 8.83447e-05 861.873 273.188 5.02587 5.02568 0.120399 0.116192 1429310.0
329 -0.03715 8.83455e-05 861.874 273.184 5.02586 5.02551 0.17497 0.182788 1429160.0
330 -0.03705 8.83452e-05 861.874 273.186 5.02588 5.02558 0.131317 0.106402 1429260.0
331 -0.03695 8.83449e-05 861.879 273.181 5.02576 5.02519 0.189862 0.316211 1429010.0
332 -0.03685 8.83448e-05 861.879 273.184 5.0258 5.02528 0.194478 0.272052 1429030.0
333 -0.03675 8.83454e-05 861.875 273.185 5.02586 5.02538 0.138639 0.212603 1429170.0
334 -0.03665 8.83456e-05 861.872 273.193 5.02602 5.02577 0.015412 -0.0104948 1429480.0
335 -0.03655 8.83465e-05 861.869 273.194 5.02609 5.02608 -0.0255223 -0.129275 1429630.0
336 -0.03645 8.83466e-05 861.862 273.199 5.02618 5.02632 -0.10726 -0.348211 1429890.0
337 -0.03635 8.83467e-05 861.859 273.207 5.02635 5.02677 -0.25178 -0.623578 1430270.0
338 -0.03625 8.83455e-05 861.866 273.195 5.02605 5.02601 -0.0597652 -0.232229 1429700.0
339 -0.03615 8.83455e-05 861.875 273.189 5.02594 5.02561 0.0689798 0.054615 1429420.0
340 -0.03605 8.83447e-05 861.872 273.19 5.02591 5.02564 -0.0194049 -0.0925119 1429480.0
341 -0.03595 8.83456e-05 861.87 273.19 5.02596 5.0258 0.0372466 -0.0656151 1429470.0
342 -0.03585 8.83449e-05 861.868 273.195 5.02603 5.02594 -0.0497192 -0.180502 1429620.0
343 -0.03575 8.83461e-05 861.865 273.2 5.02617 5.02621 -0.111933 -0.275216 1429780.0
344 -0.03565 8.83456e-05 861.867 273.197 5.02609 5.02604 -0.0805287 -0.195611 1429670.0
345 -0.03555 8.83445e-05 861.872 273.188 5.02587 5.02554 0.0892637 0.102454 1429250.0
346 -0.03545 8.83458e-05 861.867 273.191 5.026 5.02599 0.0755196 -0.0196342 1429430.0
347 -0.03535 8.83453e-05 861.869 273.191 5.02597 5.02593 0.0611864 -0.0246405 1429430.0
348 -0.03525 8.83453e-05 861.865 273.193 5.02599 5.02609 0.0047079 -0.127619 1429560.0
349 -0.03515 8.83456e-05 861.867 273.19 5.02597 5.02596 0.0415463 -0.000337776 1429490.0
350 -0.03505 8.83449e-05 861.87 273.19 5.02593 5.02576 0.0725283 0.0904939 1429350.0
351 -0.03495 8.83448e-05 861.873 273.19 5.02591 5.02555 0.0408326 0.110315 1429310.0
352 -0.03485 8.83449e-05 861.872 273.19 5.02593 5.02561 0.0494834 0.135627 1429300.0
353 -0.03475 8.83457e-05 861.868 273.195 5.02607 5.02591 -0.0540755 -0.0790217 1429550.0
354 -0.03465 8.83463e-05 861.865 273.198 5.02615 5.02608 -0.117721 -0.238473 1429660.0
355 -0.03455 8.8345e-05 861.866 273.197 5.02606 5.02591 -0.116305 -0.150826 1429570.0
356 -0.03445 8.83457e-05 861.871 273.196 5.02608 5.02578 -0.0575144 0.0250093 1429460.0
357 -0.03435 8.83461e-05 861.862 273.202 5.02622 5.02617 -0.16005 -0.209023 1429720.0
358 -0.03425 8.83463e-05 861.862 273.203 5.02625 5.02632 -0.213157 -0.318599 1429870.0
359 -0.03415 8.83466e-05 861.861 273.204 5.02628 5.02641 -0.192947 -0.319612 1429890.0
360 -0.03405 8.83457e-05 861.869 273.193 5.02603 5.0257 -0.0138252 0.0196512 1429390.0
361 -0.03395 8.83461e-05 861.864 273.199 5.02617 5.02622 -0.129192 -0.226036 1429790.0
362 -0.03385 8.83458e-05 861.871 273.187 5.02592 5.02556 0.122513 0.228497 1429220.0
363 -0.03375 8.83453e-05 861.873 273.19 5.02595 5.02555 0.0628414 0.175284 1429260.0
364 -0.03365 8.83455e-05 861.874 273.184 5.02584 5.02537 0.159512 0.311602 1429070.0
365 -0.03355 8.83457e-05 861.87 273.192 5.026 5.02572 0.0377118 0.0354048 1429430.0
366 -0.03345 8.83449e-05 861.873 273.188 5.02589 5.02555 0.0771566 0.115412 1429250.0
367 -0.03335 8.8346e-05 861.866 273.196 5.0261 5.02601 -0.111903 -0.201678 1429720.0
368 -0.03325 8.83459e-05 861.865 273.197 5.0261 5.02612 -0.145425 -0.27758 1429810.0
369 -0.03315 8.83457e-05 861.871 273.188 5.02593 5.02572 0.0309997 -0.0302755 1429400.0
370 -0.03305 8.83462e-05 861.86 273.2 5.02618 5.02641 -0.189324 -0.488919 1429960.0
371 -0.03295 8.83458e-05 861.864 273.196 5.02609 5.02624 -0.151112 -0.393861 1429880.0
372 -0.03285 8.83457e-05 861.865 273.195 5.02606 5.02604 -0.141712 -0.302036 1429810.0
373 -0.03275 8.8345e-05 861.873 273.187 5.02588 5.02555 0.0136753 0.00856231 1429480.0
374 -0.03265 8.83448e-05 861.873 273.187 5.02586 5.02562 0.0225907 -0.00521608 1429430.0
375 -0.03255 8.83455e-05 861.869 273.191 5.02598 5.02577 -0.061291 -0.0874013 1429590.0
376 -0.03245 8.83466e-05 861.856 273.203 5.02627 5.02654 -0.266205 -0.46195 1430200.0
377 -0.03235 8.83451e-05 861.867 273.193 5.02599 5.02599 -0.134109 -0.252105 1429810.0
378 -0.03225 8.83465e-05 861.863 273.195 5.0261 5.026 -0.151295 -0.295759 1429840.0
379 -0.03215 8.83465e-05 861.861 273.206 5.0263 5.02642 -0.315297 -0.624202 1430250.0
380 -0.03205 8.83463e-05 861.865 273.195 5.0261 5.02596 -0.11066 -0.269753 1429770.0
381 -0.03195 8.83468e-05 861.859 273.201 5.02623 5.02639 -0.265546 -0.669994 1430110.0
382 -0.03185 8.83458e-05 861.868 273.189 5.02596 5.0257 0.0147473 -0.161438 1429530.0
383 -0.03175 8.8345e-05 861.873 273.185 5.02584 5.02543 0.0726788 0.0349346 1429310.0
384 -0.03165 8.83444e-05 861.884 273.174 5.02559 5.02463 0.281366 0.491252 1428710.0
385 -0.03155 8.83443e-05 861.88 273.178 5.02568 5.02479 0.198057 0.287039 1428900.0
386 -0.03145 8.83448e-05 861.873 273.185 5.02582 5.02531 0.0439185 -0.0437799 1429260.0
387 -0.03135 8.83439e-05 861.882 273.18 5.02569 5.02487 0.202625 0.274356 1428920.0
388 -0.03125 8.83441e-05 861.882 273.176 5.02563 5.02473 0.230401 0.324008 1428790.0
389 -0.03115 8.83436e-05 861.882 273.176 5.02559 5.02468 0.23055 0.340966 1428770.0
390 -0.03105 8.83438e-05 861.886 273.173 5.02555 5.02445 0.322239 0.526794 1428590.0
391 -0.03095 8.83437e-05 861.887 273.167 5.02543 5.02417 0.386818 0.624386 1428390.0
392 -0.03085 8.83436e-05 861.885 273.174 5.02556 5.02448 0.243395 0.443697 1428780.0
393 -0.03075 8.83444e-05 861.883 273.176 5.02563 5.02456 0.226749 0.420885 1428820.0
394 -0.03065 8.83449e-05 861.878 273.183 5.0258 5.02506 0.0928787 0.15785 1429220.0
395 -0.03055 8.83456e-05 861.876 273.183 5.02584 5.02512 0.094437 0.175707 1429280.0
396 -0.03045 8.83446e-05 861.878 273.181 5.02574 5.02492 0.157415 0.316296 1429130.0
397 -0.03035 8.83457e-05 861.874 273.185 5.02587 5.02543 0.107265 0.0745935 1429370.0
398 -0.03025 8.83458e-05 861.869 273.183 5.02585 5.02548 0.154592 0.102648 1429320.0
399 -0.03015 8.83456e-05 861.878 273.175 5.02569 5.02508 0.307086 0.39567 1428940.0
400 -0.03005 8.83451e-05 861.874 273.178 5.02572 5.02519 0.199376 0.198169 1429170.0
401 -0.02995 8.83466e-05 861.867 273.189 5.026 5.02575 0.0510045 -0.0997456 1429620.0
402 -0.02985 8.83469e-05 861.865 273.189 5.02603 5.02589 0.00386075 -0.149409 1429750.0
403 -0.02975 8.83467e-05 861.864 273.191 5.02604 5.02591 -0.0128756 -0.132589 1429740.0
404 -0.02965 8.83461e-05 861.865 273.19 5.02599 5.02584 0.0109673 -0.0716429 1429650.0
405 -0.02955 8.83464e-05 861.868 273.192 5.02604 5.02582 -0.0375529 -0.103839 1429670.0
406 -0.02945 8.83464e-05 861.872 273.185 5.02591 5.02548 0.111164 0.142791 1429350.0
407 -0.02935 8.83462e-05 861.871 273.185 5.02591 5.02552 0.0894806 0.0721417 1429420.0
408 -0.02925 8.83472e-05 861.858 273.2 5.02623 5.02642 -0.174329 -0.482039 1430110.0
409 -0.02915 8.83466e-05 861.87 273.19 5.02602 5.02573 0.0282373 0.0148305 1429560.0
410 -0.02905 8.83452e-05 861.878 273.18 5.02575 5.02509 0.255795 0.446229 1429070.0
411 -0.02895 8.83458e-05 861.87 273.182 5.02584 5.02552 0.162114 0.176207 1429340.0
412 -0.02885 8.8346e-05 861.871 273.181 5.02582 5.02541 0.153505 0.204103 1429320.0
413 -0.02875 8.83449e-05 861.876 273.182 5.02579 5.0252 0.187898 0.319999 1429220.0
414 -0.02865 8.83455e-05 861.871 273.189 5.02593 5.02564 0.0149154 -0.0359331 1429630.0
415 -0.02855 8.83458e-05 861.866 273.196 5.02608 5.02602 -0.125985 -0.298499 1429920.0
416 -0.02845 8.83455e-05 861.866 273.194 5.02603 5.0259 -0.0754939 -0.220642 1429830.0
417 -0.02835 8.83451e-05 861.869 273.191 5.02595 5.02578 -0.0417012 -0.137563 1429730.0
418 -0.02825 8.83464e-05 861.86 273.203 5.02626 5.02646 -0.210421 -0.437544 1430220.0
419 -0.02815 8.83466e-05 861.859 273.2 5.0262 5.02643 -0.160799 -0.446712 1430120.0
420 -0.02805 8.83462e-05 861.864 273.193 5.02606 5.0261 -0.0758266 -0.24013 1429900.0
421 -0.02795 8.83456e-05 861.867 273.196 5.02607 5.02609 -0.0816732 -0.235436 1429920.0
422 -0.02785 8.83461e-05 861.861 273.193 5.02605 5.02621 -0.0556811 -0.278718 1429900.0
423 -0.02775 8.83459e-05 861.866 273.19 5.02599 5.02599 0.0576806 -0.15211 1429650.0
424 -0.02765 8.8345e-05 861.87 273.184 5.02582 5.02557 0.167006 0.093167 1429370.0
425 -0.02755 8.83458e-05 861.867 273.186 5.0259 5.02579 0.0947131 -0.0443228 1429520.0
426 -0.02745 8.8345e-05 861.865 273.187 5.02588 5.0258 0.0522092 -0.0994529 1429600.0
427 -0.02735 8.8344e-05 861.878 273.175 5.0256 5.02492 0.294178 0.446685 1428940.0
428 -0.02725 8.83445e-05 861.872 273.183 5.02578 5.02542 0.134862 0.133376 1429350.0
429 -0.02715 8.83445e-05 861.869 273.187 5.02586 5.02578 0.0638653 -0.0744437 1429550.0
430 -0.02705 8.83456e-05 861.861 273.197 5.0261 5.02637 -0.139047 -0.482443 1430100.0
431 -0.02695 8.8345e-05 861.866 273.193 5.02599 5.02602 -0.0291758 -0.268384 1429810.0
432 -0.02685 8.83453e-05 861.864 273.193 5.02599 5.02606 -0.0662856 -0.255694 1429870.0
433 -0.02675 8.83448e-05 861.867 273.191 5.02593 5.02577 -0.00190334 -0.141411 1429670.0
434 -0.02665 8.83437e-05 861.872 273.182 5.02571 5.02538 0.14087 0.133272 1429280.0
435 -0.02655 8.83451e-05 861.865 273.19 5.02594 5.02582 0.0195799 -0.105806 1429630.0
436 -0.02645 8.83441e-05 861.874 273.185 5.02579 5.02537 0.122055 0.0810032 1429320.0
437 -0.02635 8.83434e-05 861.874 273.185 5.02574 5.02537 0.0579192 0.01246 1429430.0
438 -0.02625 8.83438e-05 861.876 273.185 5.02576 5.02526 0.101549 0.0541041 1429350.0
439 -0.02615 8.83436e-05 861.876 273.184 5.02574 5.02526 0.110692 0.0988525 1429380.0
440 -0.02605 8.83435e-05 861.873 273.187 5.02579 5.02538 0.0490076 0.0420839 1429480.0
441 -0.02595 8.83442e-05 861.873 273.186 5.02582 5.02548 0.0502605 0.102012 1429560.0
442 -0.02585 8.83441e-05 861.871 273.189 5.02586 5.02564 -0.00981277 -0.0361601 1429690.0
443 -0.02575 8.8344e-05 861.871 273.186 5.02579 5.02545 0.0590161 0.040848 1429530.0
444 -0.02565 8.83441e-05 861.87 273.185 5.02579 5.02551 0.0595306 0.0388175 1429520.0
445 -0.02555 8.83448e-05 861.865 273.198 5.02607 5.02612 -0.194622 -0.405544 1430120.0
446 -0.02545 8.83446e-05 861.868 273.192 5.02595 5.02571 -0.0886814 -0.201805 1429860.0
447 -0.02535 8.83433e-05 861.873 273.186 5.02577 5.02533 0.0249872 -0.00747213 1429530.0
448 -0.02525 8.83433e-05 861.878 273.184 5.02572 5.02501 0.102077 0.187973 1429370.0
449 -0.02515 8.83445e-05 861.872 273.191 5.02592 5.0255 -0.0648955 -0.104356 1429770.0
450 -0.02505 8.83437e-05 861.867 273.194 5.02592 5.0257 -0.0950109 -0.204651 1429880.0
451 -0.02495 8.83447e-05 861.864 273.198 5.02606 5.02608 -0.156308 -0.429955 1430030.0
452 -0.02485 8.83454e-05 861.857 273.199 5.02611 5.02642 -0.212246 -0.643237 1430170.0
453 -0.02475 8.83461e-05 861.856 273.207 5.0263 5.02675 -0.304299 -0.721235 1430520.0
454 -0.02465 8.8346e-05 861.853 273.21 5.02635 5.02681 -0.413886 -0.895919 1430630.0
455 -0.02455 8.8345e-05 861.851 273.21 5.0263 5.02677 -0.457597 -0.884228 1430670.0
456 -0.02445 8.83462e-05 861.858 273.21 5.02636 5.02656 -0.376568 -0.725952 1430470.0
457 -0.02435 8.83453e-05 861.858 273.204 5.0262 5.02637 -0.307869 -0.580398 1430310.0
458 -0.02425 8.83446e-05 861.864 273.196 5.02602 5.02586 -0.165303 -0.269928 1429890.0
459 -0.02415 8.83451e-05 861.86 273.205 5.02622 5.02624 -0.337417 -0.577396 1430330.0
460 -0.02405 8.83439e-05 861.866 273.198 5.02602 5.02569 -0.141849 -0.161504 1429870.0
461 -0.02395 8.83449e-05 861.862 273.2 5.02612 5.02609 -0.19456 -0.360904 1430110.0
462 -0.02385 8.83454e-05 861.855 273.204 5.0262 5.02635 -0.278446 -0.499029 1430310.0
463 -0.02375 8.83446e-05 861.859 273.205 5.02619 5.02623 -0.280616 -0.44148 1430280.0
464 -0.02365 8.83447e-05 861.862 273.2 5.0261 5.02594 -0.209812 -0.29291 1430060.0
465 -0.02355 8.83447e-05 861.863 273.204 5.02617 5.02598 -0.251003 -0.325401 1430170.0
466 -0.02345 8.83448e-05 861.86 273.206 5.02621 5.02617 -0.337862 -0.524456 1430330.0
467 -0.02335 8.83451e-05 861.86 273.207 5.02626 5.02619 -0.362694 -0.499255 1430400.0
468 -0.02325 8.83445e-05 861.861 273.207 5.02622 5.02617 -0.383731 -0.512171 1430420.0
469 -0.02315 8.83437e-05 861.865 273.202 5.02607 5.02576 -0.173492 -0.159687 1429950.0
470 -0.02305 8.83452e-05 861.863 273.203 5.02618 5.02605 -0.240509 -0.280773 1430150.0
471 -0.02295 8.83444e-05 861.864 273.201 5.0261 5.02587 -0.231231 -0.299582 1430080.0
472 -0.02285 8.83449e-05 861.866 273.204 5.02619 5.02591 -0.321423 -0.350929 1430220.0
473 -0.02275 8.8344e-05 861.867 273.202 5.02611 5.02575 -0.242652 -0.249981 1430070.0
474 -0.02265 8.83454e-05 861.859 273.213 5.02638 5.02656 -0.457411 -0.689343 1430670.0
475 -0.02255 8.83449e-05 861.861 273.209 5.02628 5.02635 -0.358812 -0.529634 1430460.0
476 -0.02245 8.83457e-05 861.853 273.214 5.02642 5.0267 -0.482115 -0.816156 1430790.0
477 -0.02235 8.83456e-05 861.856 273.215 5.02643 5.02671 -0.480295 -0.798913 1430780.0
478 -0.02225 8.83448e-05 861.858 273.212 5.02632 5.02647 -0.398544 -0.609927 1430580.0
479 -0.02215 8.83456e-05 861.854 273.217 5.02647 5.02671 -0.569959 -0.874563 1430960.0
480 -0.02205 8.83446e-05 861.867 273.205 5.02618 5.02596 -0.279638 -0.306874 1430290.0
481 -0.02195 8.83449e-05 861.864 273.204 5.02619 5.02612 -0.285274 -0.415799 1430350.0
482 -0.02185 8.83455e-05 861.86 273.21 5.02633 5.0264 -0.395879 -0.578885 1430640.0
483 -0.02175 8.83456e-05 861.859 273.214 5.02641 5.02648 -0.442691 -0.662053 1430770.0
484 -0.02165 8.83456e-05 861.855 273.218 5.02648 5.02679 -0.578831 -0.892572 1431100.0
485 -0.02155 8.83456e-05 861.854 273.223 5.02657 5.02689 -0.617702 -0.938213 1431240.0
486 -0.02145 8.83458e-05 861.854 273.222 5.02657 5.02695 -0.675799 -1.00298 1431330.0
487 -0.02135 8.83453e-05 861.86 273.216 5.02642 5.0265 -0.511429 -0.681653 1431020.0
488 -0.02125 8.83445e-05 861.865 273.21 5.02626 5.02592 -0.451041 -0.541144 1430770.0
489 -0.02115 8.8346e-05 861.859 273.217 5.0265 5.02658 -0.567807 -0.826398 1431140.0
490 -0.02105 8.83456e-05 861.852 273.229 5.02668 5.02707 -0.80901 -1.18046 1431690.0
491 -0.02095 8.83461e-05 861.849 273.234 5.02681 5.02722 -0.916033 -1.36954 1431920.0
492 -0.02085 8.83465e-05 861.849 273.232 5.0268 5.02721 -0.897496 -1.31815 1431890.0
493 -0.02075 8.83459e-05 861.854 273.233 5.02676 5.02711 -0.813024 -1.12367 1431800.0
494 -0.02065 8.83454e-05 861.856 273.223 5.02657 5.02661 -0.72721 -0.967216 1431490.0
495 -0.02055 8.83458e-05 861.853 273.234 5.02679 5.02712 -0.923589 -1.311 1432050.0
496 -0.02045 8.83461e-05 861.844 273.245 5.02701 5.0277 -1.1386 -1.67565 1432600.0
497 -0.02035 8.83468e-05 861.846 273.245 5.02705 5.02764 -1.13446 -1.65387 1432560.0
498 -0.02025 8.83463e-05 861.836 273.252 5.02716 5.02805 -1.25691 -1.84875 1432970.0
499 -0.02015 8.83468e-05 861.843 273.251 5.02715 5.02787 -1.24513 -1.81063 1432880.0
500 -0.02005 8.83456e-05 861.846 273.242 5.02692 5.02734 -1.10247 -1.543 1432510.0
501 -0.01995 8.83467e-05 861.843 273.246 5.02706 5.02759 -1.17858 -1.7017 1432750.0
502 -0.01985 8.83454e-05 861.843 273.246 5.02699 5.02759 -1.13404 -1.72302 1432730.0
503 -0.01975 8.83461e-05 861.845 273.249 5.02708 5.02752 -1.2184 -1.81321 1432930.0
504 -0.01965 8.83456e-05 861.847 273.248 5.02704 5.0273 -1.26646 -1.78909 1432890.0
505 -0.01955 8.83456e-05 861.849 273.25 5.02706 5.02719 -1.25349 -1.71407 1432920.0
506 -0.01945 8.83457e-05 861.846 273.251 5.02709 5.02731 -1.3535 -1.8469 1433160.0
507 -0.01935 8.83473e-05 861.835 273.26 5.02736 5.02812 -1.49022 -2.2641 1433680.0
508 -0.01925 8.83472e-05 861.838 273.264 5.02741 5.02817 -1.51199 -2.25275 1433840.0
509 -0.01915 8.8347e-05 861.833 273.262 5.02737 5.02825 -1.53672 -2.35304 1433950.0
510 -0.01905 8.8347e-05 861.833 273.272 5.02755 5.02858 -1.67429 -2.56156 1434370.0
511 -0.01895 8.83477e-05 861.831 273.275 5.02764 5.02863 -1.84112 -2.76819 1434670.0
512 -0.01885 8.83478e-05 861.827 273.283 5.0278 5.02883 -1.96663 -2.95639 1435020.0
513 -0.01875 8.83478e-05 861.829 273.281 5.02777 5.02866 -1.98122 -2.9388 1435040.0
514 -0.01865 8.83478e-05 861.828 273.283 5.0278 5.02876 -2.01854 -3.00616 1435220.0
515 -0.01855 8.83476e-05 861.83 273.283 5.02779 5.02857 -2.05374 -2.9558 1435300.0
516 -0.01845 8.83486e-05 861.822 273.293 5.02803 5.02913 -2.17972 -3.21897 1435780.0
517 -0.01835 8.83484e-05 861.823 273.293 5.02801 5.02902 -2.21248 -3.22621 1435920.0
518 -0.01825 8.83483e-05 861.823 273.295 5.02805 5.02903 -2.25047 -3.34922 1436180.0
519 -0.01815 8.83483e-05 861.821 273.299 5.02813 5.02915 -2.37599 -3.50811 1436560.0
520 -0.01805 8.83479e-05 861.817 273.302 5.02815 5.02923 -2.47468 -3.64968 1436890.0
521 -0.01795 8.83487e-05 861.821 273.305 5.02827 5.02926 -2.48324 -3.62252 1437040.0
522 -0.01785 8.83493e-05 861.813 273.315 5.02848 5.02983 -2.71637 -4.04731 1437690.0
523 -0.01775 8.83485e-05 861.811 273.314 5.02842 5.0297 -2.748 -4.09134 1437900.0
524 -0.01765 8.83492e-05 861.811 273.323 5.02861 5.02989 -2.85919 -4.17653 1438320.0
525 -0.01755 8.83485e-05 861.807 273.329 5.02869 5.03011 -2.98269 -4.34636 1438660.0
526 -0.01745 8.83494e-05 861.807 273.331 5.02877 5.03012 -3.07491 -4.41364 1438900.0
527 -0.01735 8.835e-05 861.804 273.338 5.02894 5.03045 -3.24278 -4.6296 1439430.0
528 -0.01725 8.835e-05 861.792 273.351 5.02918 5.03096 -3.45331 -5.05205 1440120.0
529 -0.01715 8.83514e-05 861.788 273.361 5.02945 5.03137 -3.74141 -5.43745 1440920.0
530 -0.01705 8.83522e-05 861.782 273.373 5.02971 5.03198 -3.91921 -5.81715 1441680.0
531 -0.01695 8.83528e-05 861.774 273.385 5.02996 5.03249 -4.17949 -6.21805 1442360.0
532 -0.01685 8.83531e-05 861.771 273.389 5.03006 5.03266 -4.30543 -6.43102 1442770.0
533 -0.01675 8.83537e-05 861.766 273.403 5.03034 5.03332 -4.57221 -6.87297 1443660.0
534 -0.01665 8.83536e-05 861.762 273.408 5.03042 5.03336 -4.71632 -7.03686 1444100.0
535 -0.01655 8.83538e-05 861.76 273.414 5.03055 5.03359 -4.83584 -7.26353 1444540.0
536 -0.01645 8.83541e-05 861.758 273.421 5.0307 5.03384 -5.03097 -7.5052 1445120.0
537 -0.01635 8.83544e-05 861.75 273.432 5.03093 5.03431 -5.23169 -7.90872 1445840.0
538 -0.01625 8.83552e-05 861.747 273.445 5.0312 5.0348 -5.49577 -8.23206 1446660.0
539 -0.01615 8.83564e-05 861.733 273.466 5.03165 5.03562 -5.93206 -8.87134 1447860.0
540 -0.01605 8.83575e-05 861.727 273.482 5.03202 5.03631 -6.21001 -9.3009 1448810.0
541 -0.01595 8.83579e-05 861.718 273.493 5.03224 5.03664 -6.51255 -9.7903 1449620.0
542 -0.01585 8.8358e-05 861.723 273.497 5.03231 5.0366 -6.59666 -9.87516 1449970.0
543 -0.01575 8.83577e-05 861.716 273.513 5.03259 5.037 -6.9639 -10.3981 1450990.0
544 -0.01565 8.83597e-05 861.702 273.543 5.03326 5.03809 -7.53388 -11.2288 1452580.0
545 -0.01555 8.83606e-05 861.695 273.552 5.03348 5.03858 -7.80498 -11.773 1453480.0
546 -0.01545 8.83612e-05 861.69 273.569 5.03383 5.03909 -8.13239 -12.2555 1454510.0
547 -0.01535 8.83622e-05 861.675 273.594 5.03435 5.04002 -8.6707 -13.1581 1455910.0
548 -0.01525 8.83637e-05 861.67 273.611 5.03475 5.04066 -9.0618 -13.6616 1457100.0
549 -0.01515 8.83637e-05 861.663 273.628 5.03505 5.0412 -9.43804 -14.2277 1458220.0
550 -0.01505 8.83654e-05 861.65 273.654 5.03564 5.04217 -9.98951 -14.9997 1459850.0
551 -0.01495 8.83655e-05 861.646 273.668 5.03589 5.04229 -10.2793 -15.3167 1460750.0
552 -0.01485 8.83664e-05 861.641 273.685 5.03626 5.04279 -10.6517 -15.8337 1461940.0
553 -0.01475 8.83675e-05 861.625 273.715 5.03687 5.0439 -11.2916 -16.7759 1463800.0
554 -0.01465 8.83687e-05 861.614 273.744 5.03746 5.04494 -11.906 -17.7031 1465630.0
555 -0.01455 8.83713e-05 861.592 273.778 5.03825 5.04654 -12.5744 -18.9423 1467740.0
556 -0.01445 8.83715e-05 861.594 273.789 5.03846 5.04628 -12.8965 -19.1069 1468710.0
557 -0.01435 8.83732e-05 861.576 273.824 5.03921 5.04777 -13.6463 -20.3202 1470920.0
558 -0.01425 8.83745e-05 861.559 273.856 5.03987 5.04883 -14.3199 -21.2504 1472930.0
559 -0.01415 8.83767e-05 861.542 273.894 5.04069 5.05037 -15.1157 -22.5224 1475380.0
560 -0.01405 8.83788e-05 861.522 273.937 5.0416 5.05181 -16.0024 -23.7571 1477860.0
561 -0.01395 8.83816e-05 861.498 273.977 5.0425 5.05354 -16.8404 -25.0843 1480430.0
562 -0.01385 8.83835e-05 861.482 274.016 5.04332 5.05502 -17.7047 -26.4264 1483020.0
563 -0.01375 8.83856e-05 861.461 274.062 5.04429 5.05657 -18.6363 -27.7118 1485820.0
564 -0.01365 8.83876e-05 861.438 274.103 5.04516 5.05805 -19.5503 -29.1449 1488510.0
565 -0.01355 8.83899e-05 861.419 274.154 5.04623 5.05979 -20.6123 -30.6923 1491600.0
566 -0.01345 8.83921e-05 861.395 274.202 5.04724 5.06155 -21.6456 -32.2438 1494720.0
567 -0.01335 8.83955e-05 861.37 274.255 5.0484 5.06342 -22.7757 -33.9242 1498060.0
568 -0.01325 8.83982e-05 861.338 274.314 5.04964 5.06577 -24.009 -35.8999 1501740.0
569 -0.01315 8.84009e-05 861.315 274.363 5.05071 5.0676 -25.0711 -37.5274 1505020.0
570 -0.01305 8.84035e-05 861.292 274.419 5.05189 5.06947 -26.3482 -39.2244 1508730.0
571 -0.01295 8.84057e-05 861.264 274.48 5.05313 5.07138 -27.5378 -40.8942 1512440.0
572 -0.01285 8.8409e-05 861.231 274.549 5.0546 5.0739 -29.0375 -43.138 1516910.0
573 -0.01275 8.84122e-05 861.204 274.61 5.05589 5.07598 -30.3528 -45.0509 1520960.0
574 -0.01265 8.84157e-05 861.169 274.68 5.05738 5.07844 -31.8365 -47.326 1525360.0
575 -0.01255 8.84183e-05 861.139 274.749 5.05881 5.08085 -33.3084 -49.5659 1530000.0
576 -0.01245 8.84216e-05 861.114 274.812 5.06015 5.08279 -34.6723 -51.5442 1534210.0
577 -0.01235 8.84256e-05 861.071 274.899 5.06198 5.08603 -36.5325 -54.4292 1539810.0
578 -0.01225 8.84298e-05 861.033 274.986 5.06383 5.08899 -38.4206 -57.149 1545400.0
579 -0.01215 8.84347e-05 860.987 275.08 5.06583 5.09249 -40.3934 -60.1926 1551320.0
580 -0.01205 8.84401e-05 860.936 275.187 5.06813 5.09634 -42.6776 -63.5674 1558060.0
581 -0.01195 8.84451e-05 860.893 275.289 5.07028 5.09981 -44.8579 -66.7455 1564450.0
582 -0.01185 8.84489e-05 860.848 275.389 5.07236 5.10323 -47.0264 -69.9289 1570990.0
583 -0.01175 8.84549e-05 860.797 275.497 5.07467 5.1071 -49.3625 -73.3895 1577970.0
584 -0.01165 8.84604e-05 860.737 275.624 5.07733 5.11161 -52.0344 -77.3576 1585860.0
585 -0.01155 8.84666e-05 860.679 275.746 5.07993 5.11601 -54.6154 -81.1741 1593620.0
586 -0.01145 8.84723e-05 860.621 275.877 5.08268 5.12043 -57.4664 -85.2407 1602030.0
587 -0.01135 8.84791e-05 860.554 276.025 5.08579 5.12547 -60.6069 -89.7325 1611150.0
588 -0.01125 8.84851e-05 860.496 276.152 5.08848 5.13006 -63.356 -93.9941 1619650.0
589 -0.01115 8.84928e-05 860.419 276.31 5.09184 5.13558 -66.7217 -99.009 1629540.0
590 -0.01105 8.84998e-05 860.35 276.459 5.09497 5.14093 -69.8655 -103.743 1639120.0
591 -0.01095 8.85097e-05 860.264 276.643 5.09893 5.14764 -73.7552 -109.53 1650530.0
592 -0.01085 8.85185e-05 860.175 276.835 5.10299 5.15448 -77.8443 -115.428 1662490.0
593 -0.01075 8.8527e-05 860.085 277.018 5.10686 5.16094 -81.8263 -121.271 1674250.0
594 -0.01065 8.85379e-05 859.984 277.239 5.11156 5.16895 -86.4694 -128.128 1687880.0
595 -0.01055 8.85484e-05 859.883 277.449 5.11603 5.17634 -90.9386 -134.821 1701140.0
596 -0.01045 8.85586e-05 859.778 277.676 5.12082 5.18458 -95.8304 -142.169 1715490.0
597 -0.01035 8.85704e-05 859.666 277.919 5.12598 5.19311 -101.032 -149.806 1730760.0
598 -0.01025 8.8582e-05 859.549 278.167 5.13122 5.2019 -106.3 -157.595 1746300.0
599 -0.01015 8.85946e-05 859.428 278.432 5.13684 5.21133 -111.865 -165.965 1762850.0
600 -0.01005 8.86084e-05 859.292 278.711 5.14279 5.22166 -117.817 -175.026 1780490.0
601 -0.00995 8.86215e-05 859.162 278.981 5.14854 5.23155 -123.575 -183.834 1797980.0
602 -0.00985 8.86366e-05 859.016 279.297 5.15523 5.24247 -130.278 -193.481 1817540.0
603 -0.00975 8.86531e-05 858.859 279.632 5.16238 5.25441 -137.441 -204.023 1838550.0
604 -0.00965 8.86701e-05 858.696 279.98 5.1698 5.26689 -144.815 -215.029 1860220.0
605 -0.00955 8.86871e-05 858.525 280.335 5.17735 5.27994 -152.376 -226.441 1882670.0
606 -0.00945 8.87061e-05 858.341 280.713 5.18544 5.29385 -160.355 -238.483 1906420.0
607 -0.00935 8.87262e-05 858.144 281.129 5.1943 5.30885 -169.21 -251.596 1932400.0
608 -0.00925 8.87463e-05 857.952 281.55 5.20325 5.32358 -178.167 -264.609 1958600.0
609 -0.00915 8.87688e-05 857.732 282.0 5.2129 5.34014 -187.653 -278.967 1986780.0
610 -0.00905 8.87922e-05 857.507 282.477 5.2231 5.3574 -197.86 -294.115 2016770.0
611 -0.00895 8.88172e-05 857.266 282.985 5.23395 5.3756 -208.567 -309.859 2048130.0
612 -0.00885 8.88448e-05 857.004 283.526 5.24558 5.39552 -219.969 -326.868 2081660.0
613 -0.00875 8.88722e-05 856.732 284.092 5.25768 5.41618 -231.987 -344.811 2116970.0
614 -0.00865 8.89005e-05 856.465 284.659 5.26985 5.43655 -243.97 -362.731 2152530.0
615 -0.00855 8.89322e-05 856.156 285.296 5.28353 5.45999 -257.392 -382.714 2191800.0
616 -0.00845 8.89658e-05 855.839 285.961 5.29785 5.48429 -271.437 -403.681 2233230.0
617 -0.00835 8.90004e-05 855.5 286.652 5.31272 5.5096 -285.969 -425.387 2275980.0
618 -0.00825 8.90384e-05 855.137 287.41 5.32903 5.53745 -301.966 -449.11 2322680.0
619 -0.00815 8.90774e-05 854.759 288.202 5.34607 5.56618 -318.705 -473.777 2371670.0
620 -0.00805 8.91192e-05 854.36 289.028 5.3639 5.59654 -336.122 -499.677 2422620.0
621 -0.00795 8.9162e-05 853.947 289.888 5.38244 5.62783 -354.178 -526.568 2475740.0
622 -0.00785 8.92069e-05 853.524 290.77 5.40155 5.66015 -372.734 -554.311 2530730.0
623 -0.00775 8.92554e-05 853.055 291.75 5.4227 5.69578 -393.329 -584.702 2590760.0
624 -0.00765 8.93081e-05 852.553 292.788 5.4452 5.73388 -415.122 -616.797 2654250.0
625 -0.00755 8.93622e-05 852.029 293.873 5.46868 5.77367 -437.812 -650.485 2720600.0
626 -0.00745 8.94191e-05 851.495 294.973 5.49265 5.8145 -460.879 -685.188 2788820.0
627 -0.00735 8.94814e-05 850.899 296.214 5.51961 5.85983 -486.804 -723.171 2864120.0
628 -0.00725 8.95483e-05 850.258 297.504 5.54779 5.90855 -513.692 -763.665 2942880.0
629 -0.00715 8.96153e-05 849.617 298.837 5.57682 5.95712 -541.538 -804.722 3024160.0
630 -0.00705 8.96912e-05 848.902 300.29 5.60868 6.01152 -571.72 -849.735 3112260.0
631 -0.00695 8.97706e-05 848.155 301.825 5.64233 6.06839 -603.677 -896.896 3205140.0
632 -0.00685 8.98523e-05 847.383 303.402 5.67699 6.12723 -636.389 -945.686 3301120.0
633 -0.00675 8.99426e-05 846.532 305.12 5.71486 6.19165 -671.958 -998.314 3404410.0
634 -0.00665 9.00366e-05 845.645 306.916 5.75451 6.25903 -709.07 -1053.4 3512650.0
635 -0.00655 9.01379e-05 844.704 308.817 5.79667 6.33074 -748.291 -1111.62 3627100.0
636 -0.00645 9.02399e-05 843.743 310.766 5.83986 6.40383 -788.403 -1171.23 3744500.0
637 -0.00635 9.03514e-05 842.705 312.855 5.88637 6.48266 -831.311 -1234.85 3869750.0
638 -0.00625 9.04717e-05 841.587 315.095 5.9364 6.56752 -877.229 -1302.77 4003490.0
639 -0.00615 9.05973e-05 840.42 317.46 5.98928 6.65661 -925.611 -1373.81 4144010.0
640 -0.00605 9.07346e-05 839.145 319.993 6.04621 6.75332 -977.185 -1450.17 4294110.0
641 -0.00595 9.08781e-05 837.817 322.637 6.10581 6.85436 -1030.89 -1529.55 4450390.0
642 -0.00585 9.10308e-05 836.416 325.422 6.16887 6.96078 -1087.37 -1612.72 4614830.0
643 -0.00575 9.1192e-05 834.942 328.347 6.23534 7.07287 -1146.43 -1699.71 4787010.0
644 -0.00565 9.13612e-05 833.387 331.422 6.3054 7.19111 -1208.35 -1791.03 4967760.0
645 -0.00555 9.15455e-05 831.71 334.713 6.38086 7.31852 -1274.21 -1888.14 5159470.0
646 -0.00545 9.17405e-05 829.941 338.2 6.46107 7.45329 -1343.91 -1990.18 5362310.0
647 -0.00535 9.19468e-05 828.079 341.83 6.54511 7.59469 -1416.14 -2096.17 5572930.0
648 -0.00525 9.21649e-05 826.117 345.649 6.63392 7.74363 -1491.65 -2206.83 5793420.0
649 -0.00515 9.23992e-05 824.029 349.7 6.72874 7.90255 -1571.46 -2323.69 6026780.0
650 -0.00505 9.26511e-05 821.788 354.025 6.83053 8.07298 -1656.22 -2447.08 6273610.0
651 -0.00495 9.29196e-05 819.417 358.565 6.93817 8.25306 -1744.72 -2575.97 6532040.0
652 -0.00485 9.32001e-05 816.945 363.31 7.05121 8.44132 -1836.65 -2709.6 6801190.0
653 -0.00475 9.35028e-05 814.306 368.328 7.17181 8.64187 -1933.3 -2849.54 7084210.0
654 -0.00465 9.38282e-05 811.473 373.653 7.30082 8.85706 -2034.91 -2996.92 7382160.0
655 -0.00455 9.41739e-05 808.496 379.228 7.43705 9.08357 -2140.59 -3149.83 7692980.0
656 -0.00445 9.45371e-05 805.391 385.055 7.58045 9.31961 -2250.23 -3307.02 8016110.0
657 -0.00435 9.49271e-05 802.09 391.187 7.73294 9.57082 -2364.63 -3471.05 8354120.0
658 -0.00425 9.53362e-05 798.639 397.533 7.89226 9.83281 -2481.71 -3639.4 8702730.0
659 -0.00415 9.5782e-05 794.927 404.319 8.0645 10.1152 -2605.78 -3816.08 9071460.0
660 -0.00405 9.6251e-05 791.052 411.355 8.24503 10.4098 -2733.05 -3997.03 9452500.0
661 -0.00395 9.67526e-05 786.953 418.747 8.43693 10.7215 -2865.13 -4183.49 9848850.0
662 -0.00385 9.72919e-05 782.583 426.491 8.64085 11.0535 -3001.35 -4376.26 10261300.0
663 -0.00375 9.78633e-05 778.015 434.572 8.85628 11.4008 -3141.81 -4572.8 10688400.0
664 -0.00365 9.84696e-05 773.232 442.957 9.08309 11.7648 -3285.54 -4773.17 11129000.0
665 -0.00355 9.91225e-05 768.137 451.767 9.32516 12.1519 -3433.59 -4977.83 11586100.0
666 -0.00345 9.9811e-05 762.832 460.885 9.57944 12.5553 -3584.42 -5184.75 12056900.0
667 -0.00335 0.000100548 757.242 470.358 9.84859 12.9802 -3737.82 -5393.75 12541700.0
668 -0.00325 0.000101337 751.343 480.24 10.1343 13.4285 -3894.53 -5604.97 13042900.0
669 -0.00315 0.000102168 745.232 490.367 10.4329 13.8931 -4051.24 -5814.7 13553200.0
670 -0.00305 0.000103064 738.759 500.89 10.7503 14.3855 -4209.49 -6025.0 14078500.0
671 -0.00295 0.000104009 732.037 511.713 11.0833 14.8962 -4367.88 -6231.72 14614600.0
672 -0.00285 0.00010502 724.997 522.893 11.4355 15.4318 -4526.45 -6435.28 15163600.0
673 -0.00275 0.000106086 717.712 534.258 11.8027 15.9857 -4681.84 -6633.11 15719300.0
674 -0.00265 0.000107222 710.107 545.942 12.1899 16.5633 -4835.21 -6823.64 16284700.0
675 -0.00255 0.000108438 702.148 557.959 12.5995 17.1685 -4986.19 -7006.29 16861500.0
676 -0.00245 0.000109723 693.925 570.168 13.0277 17.7938 -5132.19 -7178.61 17444900.0
677 -0.00235 0.000111082 685.423 582.497 13.4744 18.4401 -5270.65 -7337.98 18031300.0
678 -0.00225 0.000112522 676.66 595.003 13.942 19.1063 -5402.8 -7483.08 18624100.0
679 -0.00215 0.000114051 667.586 607.668 14.4322 19.796 -5526.87 -7612.61 19223100.0
680 -0.00205 0.000115672 658.226 620.416 14.9445 20.5074 -5640.73 -7724.0 19825100.0
681 -0.00195 0.000117386 648.619 633.239 15.4794 21.2378 -5744.4 -7815.43 20430900.0
682 -0.00185 0.0001192 638.75 646.099 16.0378 21.9881 -5836.13 -7885.22 21039600.0
683 -0.00175 0.000121109 628.671 658.84 16.616 22.7541 -5913.02 -7932.15 21647600.0
684 -0.00165 0.000123117 618.422 671.448 17.2148 23.5335 -5974.88 -7955.17 22255900.0
685 -0.00155 0.000125232 607.983 683.959 17.8367 24.3268 -6021.87 -7952.56 22865200.0
686 -0.00145 0.000127436 597.468 696.292 18.4779 25.1262 -6054.47 -7926.24 23475600.0
687 -0.00135 0.000129755 586.782 708.414 19.1417 25.9383 -6069.09 -7871.48 24085800.0
688 -0.00125 0.000132173 576.053 720.201 19.8228 26.754 -6066.14 -7792.36 24694900.0
689 -0.00115 0.000134686 565.301 731.678 20.5217 27.5716 -6046.35 -7688.19 25304000.0
690 -0.00105 0.000137317 554.474 742.844 21.2418 28.395 -6008.44 -7556.45 25913000.0
691 -0.00095 0.000140036 543.703 753.566 21.9751 29.2137 -5952.56 -7402.19 26519600.0
692 -0.00085 0.000142858 532.961 763.869 22.7245 30.03 -5878.75 -7223.83 27125600.0
693 -0.00075 0.00014577 522.317 773.755 23.4877 30.8402 -5789.47 -7026.01 27731400.0
694 -0.00065 0.00014876 511.817 783.12 24.2596 31.6382 -5683.78 -6810.22 28333900.0
695 -0.00055 0.000151832 501.464 792.052 25.043 32.4257 -5564.06 -6577.47 28936000.0
696 -0.00045 0.000154975 491.292 800.493 25.8337 33.1997 -5431.17 -6331.74 29536500.0
697 -0.00035 0.000158183 481.33 808.54 26.6337 33.9574 -5287.51 -6073.42 30134400.0
698 -0.00025 0.00016146 471.561 816.034 27.4375 34.7008 -5130.17 -5803.76 30728400.0
699 -0.00015 0.000164768 462.087 823.12 28.2427 35.4209 -4966.35 -5530.13 31317800.0
700 -5e-05 0.000168102 452.932 829.625 29.0418 36.1188 -4793.56 -5255.56 31899800.0
701 5e-05 0.000171478 444.009 835.789 29.8451 36.798 -4614.77 -4975.14 32477200.0
702 0.00015 0.000174868 435.4 841.426 30.6405 37.4535 -4429.13 -4694.88 33044400.0
703 0.00025 0.000178241 427.163 846.654 31.4255 38.0809 -4242.36 -4421.86 33602500.0
704 0.00035 0.000181606 419.245 851.488 32.2018 38.6841 -4053.94 -4153.1 34151100.0
705 0.00045 0.000184931 411.709 855.986 32.9645 39.2583 -3866.99 -3893.79 34686600.0
706 0.00055 0.000188239 404.472 860.096 33.7153 39.81 -3679.11 -3639.71 35210600.0
707 0.00065 0.000191499 397.587 863.894 34.4506 40.335 -3493.69 -3395.15 35720500.0
708 0.00075 0.000194703 391.044 867.302 35.1652 40.8337 -3309.55 -3161.66 36213400.0
709 0.00085 0.000197836 384.85 870.51 35.8632 41.3064 -3131.71 -2939.16 36692500.0
710 0.00095 0.000200885 379.01 873.428 36.538 41.7527 -2959.01 -2730.9 37156000.0
711 0.00105 0.000203832 373.526 876.124 37.1885 42.1706 -2793.27 -2536.37 37600100.0
712 0.00115 0.000206699 368.348 878.54 37.8155 42.566 -2631.89 -2352.93 38026400.0
713 0.00125 0.000209478 363.465 880.743 38.4199 42.9402 -2475.72 -2179.96 38436400.0
714 0.00135 0.000212143 358.896 882.779 38.9987 43.2885 -2327.61 -2020.46 38825500.0
715 0.00145 0.00021472 354.586 884.598 39.5539 43.6179 -2184.32 -1868.76 39198100.0
716 0.00155 0.000217176 350.577 886.345 40.0853 43.9254 -2050.81 -1730.02 39554700.0
717 0.00165 0.000219542 346.8 887.849 40.5906 44.2145 -1920.54 -1598.78 39892100.0
718 0.00175 0.0002218 343.271 889.228 41.0718 44.4846 -1797.44 -1477.14 40212600.0
719 0.00185 0.000223949 339.975 890.517 41.5299 44.7362 -1681.3 -1365.01 40516000.0
720 0.00195 0.000225964 336.942 891.675 41.9581 44.9687 -1573.2 -1265.77 40801700.0
721 0.00205 0.000227917 334.056 892.71 42.3698 45.1897 -1468.28 -1167.76 41073000.0
722 0.00215 0.000229745 331.395 893.608 42.7527 45.3937 -1369.52 -1079.7 41327700.0
723 0.00225 0.000231445 328.964 894.5 43.112 45.5805 -1280.32 -1002.06 41566800.0
724 0.00235 0.000233039 326.715 895.283 43.4469 45.7524 -1196.78 -932.926 41789600.0
725 0.00245 0.000234571 324.579 895.995 43.7674 45.917 -1116.23 -863.639 42002800.0
726 0.00255 0.000235992 322.626 896.68 44.0661 46.0672 -1042.97 -803.304 42201900.0
727 0.00265 0.000237328 320.805 897.184 44.3405 46.2062 -971.69 -745.961 42385400.0
728 0.00275 0.000238571 319.137 897.799 44.6033 46.335 -908.903 -695.518 42560300.0
729 0.00285 0.000239751 317.571 898.216 44.8448 46.4552 -846.487 -647.16 42722700.0
730 0.00295 0.000240864 316.098 898.621 45.0732 46.5674 -788.188 -601.071 42875000.0
731 0.00305 0.000241897 314.749 899.001 45.2857 46.6723 -734.593 -559.32 43018300.0
732 0.00315 0.000242837 313.535 899.378 45.4807 46.7654 -686.935 -524.442 43150300.0
733 0.00325 0.00024373 312.382 899.655 45.662 46.8535 -639.844 -488.925 43273500.0
734 0.00335 0.000244585 311.292 899.938 45.8366 46.9376 -595.524 -453.655 43390400.0
735 0.00345 0.000245339 310.334 900.174 45.9899 47.0107 -556.529 -426.655 43496800.0
736 0.00355 0.00024605 309.437 900.376 46.1335 47.0808 -519.014 -400.439 43598200.0
737 0.00365 0.000246741 308.568 900.564 46.2727 47.147 -483.209 -372.389 43692800.0
738 0.00375 0.000247358 307.799 900.701 46.3956 47.2054 -450.034 -349.176 43779200.0
739 0.00385 0.000247959 307.055 900.856 46.5162 47.2631 -418.926 -324.341 43861600.0
740 0.00395 0.000248488 306.401 901.075 46.6268 47.3131 -393.592 -305.932 43938200.0
741 0.00405 0.000248978 305.798 901.178 46.7242 47.3592 -367.311 -287.81 44008000.0
742 0.00415 0.00024942 305.255 901.306 46.8137 47.401 -344.898 -273.383 44073800.0
743 0.00425 0.000249874 304.701 901.403 46.904 47.4445 -321.174 -254.189 44138200.0
744 0.00435 0.00025028 304.208 901.462 46.9832 47.4814 -298.913 -237.04 44193300.0
745 0.00445 0.000250669 303.737 901.532 47.0599 47.5183 -278.502 -221.377 44248600.0
746 0.00455 0.000251006 303.33 901.628 47.1282 47.5494 -261.55 -209.059 44298200.0
747 0.00465 0.000251335 302.931 901.684 47.193 47.5798 -244.088 -195.922 44346000.0
748 0.00475 0.000251623 302.586 901.749 47.2505 47.6068 -229.203 -185.439 44389700.0
749 0.00485 0.000251906 302.247 901.681 47.3 47.633 -211.772 -173.813 44428600.0
750 0.00495 0.00025216 301.943 901.725 47.35 47.6569 -198.31 -162.796 44466700.0
751 0.00505 0.000252374 301.686 901.801 47.3942 47.6767 -187.784 -156.13 44501300.0
752 0.00515 0.000252591 301.428 901.777 47.4338 47.697 -175.199 -147.5 44534100.0
753 0.00525 0.00025281 301.168 901.776 47.4747 47.7169 -162.986 -136.661 44564600.0
754 0.00535 0.000252983 300.961 901.803 47.5087 47.732 -153.447 -130.442 44592000.0
755 0.00545 0.000253164 300.748 901.779 47.5414 47.7489 -142.693 -122.589 44618900.0
756 0.00555 0.000253333 300.545 901.805 47.5745 47.7642 -134.151 -116.328 44644900.0
757 0.00565 0.000253461 300.398 901.865 47.6016 47.7757 -128.336 -113.473 44668600.0
758 0.00575 0.000253617 300.211 901.884 47.6319 47.7903 -119.831 -105.733 44691600.0
759 0.00585 0.000253753 300.054 901.906 47.6586 47.8027 -112.79 -99.9631 44713200.0
760 0.00595 0.000253888 299.892 901.824 47.6797 47.8151 -103.286 -93.1122 44731600.0
761 0.00605 0.00025401 299.747 901.813 47.702 47.8249 -95.9925 -86.0282 44748800.0
762 0.00615 0.000254104 299.637 901.788 47.7184 47.8344 -90.2678 -82.6045 44765300.0
763 0.00625 0.000254205 299.517 901.802 47.7382 47.8434 -84.8403 -77.6147 44781200.0
764 0.00635 0.00025431 299.393 901.759 47.7555 47.8535 -78.3131 -71.5213 44796700.0
765 0.00645 0.000254378 299.313 901.755 47.7682 47.8594 -74.1013 -69.8958 44808500.0
766 0.00655 0.000254466 299.208 901.79 47.7865 47.8672 -69.6844 -65.5134 44822600.0
767 0.00665 0.000254537 299.125 901.867 47.804 47.8738 -67.6662 -62.1747 44835200.0
768 0.00675 0.000254599 299.053 901.841 47.8142 47.8798 -63.5462 -60.2203 44845800.0
769 0.00685 0.00025464 299.003 901.812 47.8204 47.8838 -60.7177 -59.7089 44855500.0
770 0.00695 0.000254706 298.927 901.765 47.8302 47.8889 -55.8036 -54.9869 44864000.0
771 0.00705 0.000254778 298.843 901.701 47.8404 47.8959 -50.3717 -49.4548 44872700.0
772 0.00715 0.000254824 298.79 901.705 47.8491 47.9002 -48.1852 -47.3666 44881400.0
773 0.00725 0.000254855 298.752 901.681 47.8537 47.9023 -46.0052 -47.1868 44887200.0
774 0.00735 0.000254897 298.703 901.695 47.8624 47.9063 -43.7145 -45.1903 44895500.0
775 0.00745 0.000254949 298.643 901.654 47.8699 47.9107 -39.8335 -41.9561 44902700.0
776 0.00755 0.000254996 298.585 901.662 47.8792 47.9155 -37.461 -38.7232 44910300.0
777 0.00765 0.000255016 298.563 901.697 47.8848 47.9167 -37.3628 -38.3339 44915800.0
778 0.00775 0.000255041 298.534 901.689 47.889 47.9195 -35.6827 -37.537 44922400.0
779 0.00785 0.000255092 298.474 901.669 47.8976 47.9237 -32.6557 -31.7514 44927800.0
780 0.00795 0.000255118 298.443 901.663 47.9021 47.9261 -30.7177 -29.8777 44932500.0
781 0.00805 0.000255152 298.399 901.604 47.9054 47.9295 -27.5205 -27.1153 44937300.0
782 0.00815 0.00025517 298.382 901.659 47.9116 47.9308 -27.7408 -26.3854 44942000.0
783 0.00825 0.000255195 298.35 901.66 47.9166 47.933 -26.2819 -24.0514 44946800.0
784 0.00835 0.000255209 298.334 901.665 47.9193 47.9348 -25.7768 -24.4474 44950500.0
785 0.00845 0.000255214 298.327 901.594 47.9166 47.9347 -23.6786 -23.9135 44952800.0
786 0.00855 0.000255246 298.291 901.582 47.9219 47.938 -21.9234 -21.3989 44957200.0
787 0.00865 0.000255261 298.275 901.52 47.9214 47.9386 -19.261 -21.0437 44958900.0
788 0.00875 0.000255278 298.253 901.563 47.9269 47.9404 -19.4037 -21.0344 44963000.0
789 0.00885 0.000255314 298.211 901.542 47.9325 47.9437 -16.8797 -17.9213 44966800.0
790 0.00895 0.000255342 298.18 901.514 47.9363 47.946 -14.8708 -15.8644 44968900.0
791 0.00905 0.000255365 298.153 901.487 47.9393 47.9479 -12.9619 -13.116 44971400.0
792 0.00915 0.000255363 298.155 901.486 47.9387 47.9481 -13.3833 -14.6103 44974300.0
793 0.00925 0.000255361 298.158 901.517 47.9401 47.9481 -14.2221 -16.1985 44976400.0
794 0.00935 0.000255371 298.145 901.46 47.939 47.949 -11.958 -15.5416 44977200.0
795 0.00945 0.000255387 298.128 901.487 47.9434 47.9504 -11.8535 -13.5348 44980300.0
796 0.00955 0.00025538 298.136 901.444 47.9397 47.9496 -10.9724 -14.7199 44980900.0
797 0.00965 0.000255403 298.11 901.444 47.9441 47.9513 -9.97464 -11.9345 44983300.0
798 0.00975 0.00025544 298.067 901.413 47.9494 47.9547 -7.33029 -7.70742 44986200.0
799 0.00985 0.000255431 298.078 901.426 47.9483 47.9539 -8.04426 -8.39246 44986900.0
800 0.00995 0.000255459 298.048 901.448 47.9547 47.9567 -7.06017 -5.35575 44989900.0
801 0.01005 0.000255457 298.046 901.412 47.9526 47.9563 -6.40993 -5.37437 44989800.0
802 0.01015 0.00025545 298.055 901.472 47.9543 47.9561 -8.10865 -6.50169 44991900.0
803 0.01025 0.000255445 298.062 901.475 47.9536 47.9557 -8.26506 -8.45158 44992800.0
804 0.01035 0.000255442 298.068 901.437 47.9509 47.9543 -7.93243 -8.80945 44991800.0
805 0.01045 0.000255476 298.026 901.435 47.9573 47.9578 -5.69521 -4.95308 44994700.0
806 0.01055 0.000255476 298.026 901.465 47.9589 47.9584 -6.20894 -5.6345 44997100.0
807 0.01065 0.000255484 298.017 901.423 47.9581 47.9582 -4.76639 -4.14857 44997000.0
808 0.01075 0.000255488 298.013 901.492 47.9626 47.9589 -6.23596 -3.6969 45000000.0
809 0.01085 0.000255476 298.028 901.487 47.96 47.9572 -7.02089 -6.35545 44998800.0
810 0.01095 0.000255469 298.036 901.437 47.956 47.9561 -6.09669 -7.32233 44998600.0
811 0.01105 0.000255485 298.017 901.439 47.9592 47.9593 -5.352 -5.12531 45001800.0
812 0.01115 0.000255485 298.02 901.461 47.9603 47.9591 -5.96237 -4.37703 45002800.0
813 0.01125 0.000255489 298.013 901.435 47.9598 47.9582 -4.63165 -2.864 45000800.0
814 0.01135 0.000255497 298.004 901.424 47.9606 47.9592 -4.23227 -1.71176 45001800.0
815 0.01145 0.000255475 298.033 901.428 47.9567 47.9576 -5.2607 -4.939 45002700.0
816 0.01155 0.00025547 298.036 901.434 47.9561 47.9574 -6.02521 -6.34246 45003800.0
817 0.01165 0.000255467 298.042 901.412 47.9543 47.9567 -5.447 -6.62211 45002900.0
818 0.01175 0.000255458 298.05 901.416 47.9529 47.9554 -6.46188 -8.7631 45002700.0
819 0.01185 0.000255491 298.013 901.401 47.9583 47.9593 -4.00139 -4.86839 45005800.0
820 0.01195 0.000255493 298.012 901.387 47.9579 47.9584 -3.65763 -4.41914 45005000.0
821 0.01205 0.000255507 297.997 901.408 47.9616 47.9602 -3.41452 -2.86917 45007800.0
822 0.01215 0.000255522 297.979 901.384 47.9632 47.9614 -1.79956 -0.661876 45008800.0
823 0.01225 0.00025552 297.982 901.394 47.9632 47.9615 -2.67108 -1.44574 45008900.0
824 0.01235 0.000255507 297.998 901.393 47.9609 47.9597 -3.0359 -2.98599 45008000.0
825 0.01245 0.000255509 297.995 901.376 47.9603 47.9606 -2.57967 -3.03011 45009300.0
826 0.01255 0.000255509 297.997 901.408 47.962 47.9607 -3.05895 -3.73182 45010300.0
827 0.01265 0.000255515 297.986 901.393 47.9624 47.9612 -2.76152 -3.30396 45010200.0
828 0.01275 0.000255518 297.984 901.376 47.9619 47.9616 -2.18979 -2.54946 45011900.0
829 0.01285 0.000255548 297.948 901.375 47.9676 47.964 -0.398579 1.60365 45012700.0
830 0.01295 0.000255544 297.953 901.317 47.9637 47.9633 0.844253 0.785337 45011600.0
831 0.01305 0.000255536 297.96 901.314 47.9622 47.9635 0.142574 -0.703066 45012200.0
832 0.01315 0.000255528 297.974 901.331 47.9615 47.962 -0.607231 -2.06592 45010700.0
833 0.01325 0.000255522 297.98 901.355 47.9616 47.9612 -1.53894 -2.78125 45010400.0
834 0.01335 0.000255538 297.962 901.379 47.9659 47.9626 -1.64671 -1.95322 45011400.0
835 0.01345 0.000255554 297.945 901.328 47.9662 47.9642 0.974114 0.0731734 45011400.0
836 0.01355 0.000255557 297.939 901.357 47.9684 47.9651 0.206071 0.0929451 45013600.0
837 0.01365 0.000255578 297.914 901.357 47.9722 47.9671 1.51398 3.09116 45014400.0
838 0.01375 0.000255562 297.933 901.35 47.9688 47.9657 0.97059 0.0249412 45013600.0
839 0.01385 0.000255574 297.918 901.304 47.9686 47.9665 2.80454 2.33639 45014400.0
840 0.01395 0.000255566 297.928 901.283 47.9661 47.9654 2.27087 1.22558 45012900.0
841 0.01405 0.000255565 297.931 901.293 47.9663 47.9657 2.4425 0.321965 45012800.0
842 0.01415 0.000255566 297.93 901.301 47.967 47.9652 2.20265 0.497949 45012800.0
843 0.01425 0.000255591 297.902 901.339 47.9738 47.9681 2.6843 3.46702 45016300.0
844 0.01435 0.000255577 297.919 901.352 47.9718 47.9674 1.29548 1.10974 45016600.0
845 0.01445 0.000255558 297.939 901.423 47.9719 47.9647 -1.03974 -0.935327 45015400.0
846 0.01455 0.000255565 297.933 901.411 47.9726 47.9663 -0.36014 -0.35909 45016300.0
847 0.01465 0.000255539 297.963 901.391 47.9667 47.9639 -1.56239 -4.2365 45015000.0
848 0.01475 0.00025556 297.938 901.372 47.9696 47.9654 0.0423984 -1.38475 45015400.0
849 0.01485 0.000255569 297.925 901.404 47.9731 47.9661 -0.404057 -0.58797 45016500.0
850 0.01495 0.000255571 297.925 901.383 47.9722 47.9658 0.363343 0.398081 45016300.0
851 0.01505 0.000255572 297.922 901.408 47.9738 47.9665 -0.300168 0.668291 45016500.0
852 0.01515 0.000255573 297.922 901.374 47.9723 47.9667 0.98198 1.08256 45017200.0
853 0.01525 0.000255578 297.917 901.352 47.9719 47.9671 1.50568 1.93547 45017000.0
854 0.01535 0.000255557 297.942 901.37 47.9689 47.9645 -0.286468 -0.899112 45014200.0
855 0.01545 0.000255537 297.963 901.357 47.9645 47.9632 -0.59598 -2.56995 45013400.0
856 0.01555 0.000255555 297.945 901.396 47.97 47.9646 -0.696495 0.699873 45014700.0
857 0.01565 0.000255518 297.986 901.368 47.9616 47.9615 -2.34376 -4.6597 45012500.0
858 0.01575 0.000255521 297.983 901.338 47.9606 47.9617 -1.31372 -3.11026 45011800.0
859 0.01585 0.000255547 297.953 901.334 47.9652 47.9647 0.231005 -0.189253 45014500.0
860 0.01595 0.000255534 297.969 901.363 47.9642 47.9632 -1.01107 -2.71884 45013600.0
861 0.01605 0.000255521 297.983 901.328 47.96 47.9613 -0.993256 -3.7609 45011100.0
862 0.01615 0.000255543 297.956 901.314 47.9634 47.9636 0.564937 -0.442999 45012400.0
863 0.01625 0.000255522 297.982 901.352 47.9615 47.9618 -1.29577 -2.51288 45010600.0
864 0.01635 0.000255544 297.957 901.345 47.9652 47.9641 0.119757 -0.0434529 45012200.0
865 0.01645 0.000255538 297.965 901.376 47.9658 47.9635 -0.821569 -0.525077 45012500.0
866 0.01655 0.000255541 297.96 901.397 47.9675 47.9631 -1.62703 -1.1973 45012900.0
867 0.01665 0.000255553 297.947 901.436 47.9718 47.9645 -1.4812 -0.154071 45013100.0
868 0.01675 0.00025554 297.959 901.443 47.9697 47.9631 -2.28664 -1.84123 45013300.0
869 0.01685 0.000255566 297.931 901.352 47.9698 47.9657 1.12926 1.45882 45013600.0
870 0.01695 0.000255556 297.943 901.386 47.9697 47.9649 -0.509431 0.032541 45013200.0
871 0.01705 0.000255577 297.919 901.351 47.9718 47.967 1.65378 2.78464 45013500.0
872 0.01715 0.00025556 297.938 901.361 47.9691 47.9651 0.317475 0.526068 45012300.0
873 0.01725 0.000255561 297.936 901.404 47.9715 47.9655 -0.66557 1.49072 45013600.0
874 0.01735 0.000255559 297.94 901.365 47.969 47.965 0.290187 1.51927 45012600.0
875 0.01745 0.000255567 297.929 901.343 47.9695 47.9648 1.90822 2.98385 45010600.0
876 0.01755 0.000255571 297.923 901.327 47.9694 47.965 1.88823 2.89518 45011300.0
877 0.01765 0.000255567 297.932 901.312 47.9678 47.9654 2.31268 3.47983 45010500.0
878 0.01775 0.000255557 297.943 901.316 47.9661 47.9649 1.64518 1.21372 45009800.0
879 0.01785 0.000255561 297.937 901.347 47.9685 47.9652 0.801697 1.3684 45010300.0
880 0.01795 0.000255554 297.945 901.367 47.9684 47.964 0.0271756 1.54393 45008800.0
881 0.01805 0.000255558 297.94 901.334 47.9673 47.9645 1.27917 2.386 45007600.0
882 0.01815 0.000255542 297.962 901.3 47.9624 47.9629 0.935723 0.256799 45007500.0
883 0.01825 0.000255538 297.966 901.329 47.9632 47.9627 -0.4047 -0.447798 45007900.0
884 0.01835 0.000255527 297.979 901.331 47.9613 47.9607 -0.658059 -1.22122 45006500.0
885 0.01845 0.00025553 297.975 901.392 47.9651 47.9616 -2.18802 -1.42966 45008900.0
886 0.01855 0.000255544 297.955 901.349 47.9655 47.9627 -0.0285538 0.68341 45008900.0
887 0.01865 0.000255552 297.95 901.352 47.967 47.9635 0.289451 1.12946 45009900.0
888 0.01875 0.00025555 297.95 901.369 47.9677 47.9633 0.00618817 0.116741 45010300.0
889 0.01885 0.000255576 297.921 901.364 47.9721 47.9654 1.36968 3.18902 45011600.0
890 0.01895 0.000255553 297.948 901.349 47.9672 47.9637 0.291939 -0.335596 45010400.0
891 0.01905 0.00025557 297.927 901.327 47.9691 47.9651 2.15234 2.48695 45009500.0
892 0.01915 0.000255553 297.948 901.333 47.9664 47.9639 0.876786 0.0605801 45009400.0
893 0.01925 0.000255537 297.968 901.35 47.9642 47.9621 -0.398577 -1.76997 45008900.0
894 0.01935 0.000255534 297.968 901.379 47.9652 47.9613 -1.15464 -1.47738 45008900.0
895 0.01945 0.00025554 297.964 901.386 47.9667 47.9625 -1.50251 -1.0261 45009800.0
896 0.01955 0.000255557 297.942 901.353 47.968 47.9636 0.47261 1.97592 45009600.0
897 0.01965 0.000255564 297.934 901.349 47.9693 47.9644 1.34096 2.82125 45010500.0
898 0.01975 0.000255581 297.917 901.324 47.971 47.966 2.68622 5.30838 45012200.0
899 0.01985 0.000255558 297.939 901.339 47.9675 47.9634 0.694171 2.29667 45010700.0
900 0.01995 0.000255561 297.938 901.333 47.9677 47.964 1.44511 2.97956 45010800.0
901 0.02005 0.000255537 297.968 901.281 47.9604 47.9619 1.03213 0.408101 45009500.0
902 0.02015 0.000255544 297.958 901.292 47.9625 47.9632 1.35153 1.58691 45010500.0
903 0.02025 0.000255537 297.963 901.301 47.9616 47.9617 0.84843 0.016437 45010000.0
904 0.02035 0.000255534 297.967 901.339 47.9631 47.9618 -0.245003 -0.810095 45011100.0
905 0.02045 0.000255526 297.977 901.334 47.9613 47.9613 -0.407734 -1.96568 45011100.0
906 0.02055 0.000255526 297.976 901.331 47.9611 47.9605 -0.430048 -2.08513 45010200.0
907 0.02065 0.000255522 297.978 901.364 47.9621 47.9607 -1.34078 -2.82283 45011100.0
908 0.02075 0.000255528 297.971 901.372 47.9637 47.9614 -0.991704 -1.85813 45011300.0
909 0.02085 0.000255531 297.969 901.374 47.9643 47.962 -0.845302 -1.36802 45011500.0
910 0.02095 0.000255533 297.965 901.363 47.9642 47.9612 -0.318599 -0.722991 45010800.0
911 0.02105 0.000255531 297.968 901.376 47.9644 47.9622 -0.551308 -1.18571 45012900.0
912 0.02115 0.000255546 297.949 901.337 47.9652 47.9626 0.863749 1.17803 45012900.0
913 0.02125 0.000255534 297.963 901.418 47.9672 47.9616 -1.2766 0.224108 45013500.0
914 0.02135 0.000255555 297.939 901.38 47.9691 47.9643 0.46866 2.64121 45014400.0
915 0.02145 0.000255526 297.975 901.391 47.9644 47.9619 -1.43529 -1.33105 45013500.0
916 0.02155 0.000255531 297.966 901.361 47.9637 47.9623 -0.247552 0.0665413 45014000.0
917 0.02165 0.000255499 298.005 901.4 47.9598 47.9589 -2.77489 -4.29752 45012600.0
918 0.02175 0.000255527 297.972 901.342 47.9618 47.9617 0.0977893 -0.724846 45013900.0
919 0.02185 0.000255534 297.963 901.38 47.9651 47.9619 -0.614206 0.147038 45015000.0
920 0.02195 0.000255522 297.977 901.395 47.9638 47.9612 -1.69368 -1.41632 45014700.0
921 0.02205 0.000255544 297.95 901.392 47.9677 47.9634 0.00269601 1.5888 45016300.0
922 0.02215 0.000255561 297.93 901.392 47.9709 47.9642 0.636966 3.4088 45015700.0
923 0.02225 0.000255555 297.935 901.419 47.9712 47.9644 -0.199224 2.35363 45016100.0
924 0.02235 0.000255545 297.951 901.403 47.9684 47.9644 -0.444966 1.41514 45015700.0
925 0.02245 0.000255536 297.958 901.389 47.9661 47.9625 -0.565528 0.374077 45013500.0
926 0.02255 0.000255543 297.952 901.385 47.9672 47.9637 -0.269975 0.774182 45014700.0
927 0.02265 0.000255555 297.935 901.407 47.9706 47.9641 -0.0929647 2.02607 45014700.0
928 0.02275 0.000255552 297.939 901.381 47.9686 47.9643 0.833062 2.15726 45014800.0
929 0.02285 0.000255546 297.944 901.408 47.9689 47.9645 -0.429069 0.692655 45015700.0
930 0.02295 0.000255548 297.945 901.404 47.9691 47.9645 -0.397672 0.65743 45015900.0
931 0.02305 0.000255548 297.941 901.377 47.9676 47.964 0.0866513 0.293684 45014500.0
932 0.02315 0.000255552 297.938 901.374 47.9684 47.965 1.01385 0.707372 45015300.0
933 0.02325 0.000255549 297.942 901.394 47.9687 47.9648 0.334257 0.496162 45016200.0
934 0.02335 0.000255544 297.945 901.38 47.9672 47.9644 0.37341 0.242342 45016700.0
935 0.02345 0.000255554 297.933 901.398 47.9699 47.9657 0.260599 1.43214 45018200.0
936 0.02355 0.000255561 297.923 901.399 47.9713 47.9657 1.26359 4.12898 45016800.0
937 0.02365 0.00025557 297.913 901.361 47.9709 47.9666 2.29706 4.87759 45016600.0
938 0.02375 0.000255562 297.922 901.403 47.9718 47.9664 1.25078 2.73107 45017500.0
939 0.02385 0.000255568 297.915 901.351 47.9701 47.966 2.39144 3.20709 45016500.0
940 0.02395 0.000255555 297.932 901.4 47.9702 47.9659 0.488053 0.853762 45017700.0
941 0.02405 0.000255547 297.941 901.431 47.9703 47.9641 -0.668916 -0.163452 45016200.0
942 0.02415 0.000255528 297.962 901.45 47.9679 47.9629 -1.90527 -2.1234 45016200.0
943 0.02425 0.00025553 297.961 901.372 47.964 47.9631 -0.191305 -1.85442 45014800.0
944 0.02435 0.000255531 297.958 901.381 47.9647 47.9632 -0.528093 -1.49198 45014800.0
945 0.02445 0.000255535 297.952 901.407 47.9667 47.9629 -0.745744 -0.801546 45015300.0
946 0.02455 0.000255527 297.963 901.389 47.9644 47.9632 -0.434847 -1.64502 45015800.0
947 0.02465 0.000255543 297.943 901.346 47.965 47.9641 1.22015 0.21061 45016000.0
948 0.02475 0.000255538 297.949 901.331 47.9632 47.9641 1.4461 -0.370034 45015400.0
949 0.02485 0.000255551 297.932 901.342 47.9664 47.965 1.8894 1.34315 45015600.0
950 0.02495 0.000255542 297.944 901.337 47.9645 47.9645 1.448 -0.0429087 45015000.0
951 0.02505 0.000255537 297.948 901.359 47.9646 47.964 0.953165 -0.267142 45014900.0
952 0.02515 0.000255531 297.956 901.35 47.9631 47.9631 0.395406 -0.904291 45013200.0
953 0.02525 0.000255517 297.972 901.395 47.9628 47.9627 -1.34121 -2.43181 45014700.0
954 0.02535 0.000255527 297.961 901.455 47.9678 47.9627 -2.00359 -1.0521 45015100.0
955 0.02545 0.000255532 297.952 901.397 47.9657 47.9632 -0.620496 -0.829052 45014400.0
956 0.02555 0.000255567 297.913 901.374 47.9711 47.9673 1.99381 2.95722 45016400.0
957 0.02565 0.000255555 297.926 901.334 47.9667 47.9654 2.52116 1.3856 45014600.0
958 0.02575 0.000255544 297.94 901.365 47.9663 47.9644 1.1235 -0.306463 45014400.0
959 0.02585 0.000255561 297.918 901.351 47.9687 47.9661 2.14522 1.41755 45016400.0
960 0.02595 0.000255563 297.919 901.375 47.9705 47.9663 1.73836 1.64197 45016500.0
961 0.02605 0.000255557 297.923 901.428 47.9721 47.966 0.304738 0.878129 45017400.0
962 0.02615 0.000255555 297.928 901.429 47.9717 47.9657 0.0309322 0.780997 45017500.0
963 0.02625 0.000255573 297.905 901.407 47.9739 47.9668 1.68436 3.50643 45017900.0
964 0.02635 0.000255559 297.922 901.405 47.9713 47.9661 0.906317 1.28326 45018600.0
965 0.02645 0.000255552 297.932 901.385 47.9689 47.9649 0.834666 -0.0426893 45017200.0
966 0.02655 0.00025553 297.957 901.43 47.9672 47.9638 -1.22685 -3.72268 45018000.0
967 0.02665 0.000255513 297.979 901.459 47.9654 47.9616 -2.98902 -5.8493 45017100.0
968 0.02675 0.000255536 297.949 901.465 47.9701 47.964 -1.72155 -2.8256 45018200.0
969 0.02685 0.000255537 297.949 901.433 47.9687 47.9637 -0.928038 -2.24285 45018000.0
970 0.02695 0.000255516 297.972 901.469 47.9666 47.9621 -2.7692 -4.40112 45016300.0
971 0.02705 0.000255526 297.962 901.415 47.9655 47.9632 -0.953336 -3.06226 45016300.0
972 0.02715 0.000255551 297.93 901.41 47.97 47.9651 0.325526 -0.270738 45017600.0
973 0.02725 0.000255537 297.947 901.418 47.9677 47.9639 -0.6312 -2.95116 45016600.0
974 0.02735 0.000255537 297.945 901.438 47.9689 47.964 -0.648154 -2.07722 45017000.0
975 0.02745 0.000255521 297.963 901.461 47.967 47.9628 -1.99613 -4.80695 45017100.0
976 0.02755 0.00025553 297.953 901.418 47.9664 47.9637 -0.747268 -3.48247 45016800.0
977 0.02765 0.000255551 297.929 901.384 47.9686 47.9657 0.947348 -0.94345 45017400.0
978 0.02775 0.000255575 297.902 901.387 47.9733 47.9689 2.1402 2.90777 45019700.0
979 0.02785 0.000255567 297.91 901.41 47.973 47.9665 1.47536 2.67519 45017600.0
980 0.02795 0.000255556 297.925 901.426 47.9719 47.9667 0.50157 1.3508 45017200.0
981 0.02805 0.000255566 297.913 901.411 47.9728 47.9672 1.15299 1.96415 45016900.0
982 0.02815 0.000255575 297.903 901.366 47.9722 47.9675 2.86136 2.68021 45015600.0
983 0.02825 0.000255558 297.922 901.382 47.9698 47.9662 2.01139 0.569983 45015700.0
984 0.02835 0.000255575 297.904 901.391 47.9735 47.9682 2.7498 2.31277 45017200.0
985 0.02845 0.000255564 297.914 901.438 47.9738 47.9663 0.772691 1.04417 45015900.0
986 0.02855 0.000255554 297.927 901.464 47.9735 47.9664 -0.0879232 -0.172271 45017000.0
987 0.02865 0.000255553 297.928 901.409 47.9703 47.9655 0.750004 -0.176668 45014800.0
988 0.02875 0.000255561 297.918 901.418 47.9723 47.9673 1.47188 1.49077 45016800.0
989 0.02885 0.00025558 297.893 901.418 47.9759 47.9683 2.34321 5.09685 45017700.0
990 0.02895 0.000255566 297.911 901.408 47.9728 47.9669 1.90245 3.59112 45016300.0
991 0.02905 0.000255556 297.924 901.422 47.9716 47.9663 0.512671 1.73345 45016000.0
992 0.02915 0.000255551 297.929 901.412 47.9701 47.9659 0.833574 0.752914 45016300.0
993 0.02925 0.000255546 297.933 901.393 47.9682 47.9657 1.31818 -0.0585996 45017100.0
994 0.02935 0.00025557 297.907 901.383 47.9722 47.9683 2.51944 2.99891 45018800.0
995 0.02945 0.00025554 297.942 901.414 47.9681 47.9646 0.0439646 -1.1535 45016500.0
996 0.02955 0.000255545 297.933 901.418 47.9693 47.9656 0.552717 -0.601665 45016800.0
997 0.02965 0.000255561 297.918 901.422 47.9725 47.9673 1.17269 1.94523 45018200.0
998 0.02975 0.000255567 297.91 901.419 47.9736 47.9682 1.52045 3.21633 45017600.0
999 0.02985 0.000255569 297.908 901.415 47.9737 47.9683 1.91817 3.41302 45018100.0
1000 0.02995 0.000255552 297.928 901.457 47.9727 47.966 -0.671399 0.877896 45017300.0
