TITLE = "DSMC"
VARIABLES = "ID" "X" "rho" "v1" "Ttrans" "p" "p1" "q1" "mv1v1v1" "mvvv1v1"
ZONE T="Ma=2.8_inv", I=1000, J=1, K=1, F=POINT
1000 -0.02995 0.00025556 -297.925 901.457 47.9741 47.9692 1.09712 -0.088498 45022300.0
999 -0.02985 0.000255582 -297.9 901.376 47.9741 47.9712 -2.42206 -3.18297 45020900.0
998 -0.02975 0.000255571 -297.909 901.389 47.9727 47.9699 -1.32024 -1.63632 45020200.0
997 -0.02965 0.000255561 -297.923 901.416 47.9723 47.9689 0.0451307 0.411449 45019500.0
996 -0.02955 0.000255575 -297.909 901.371 47.9725 47.9703 -1.84957 -2.31298 45019700.0
995 -0.02945 0.000255573 -297.911 901.373 47.9721 47.9702 -1.39686 -1.73103 45020800.0
994 -0.02935 0.000255577 -297.904 901.343 47.9713 47.9705 -2.60785 -2.19057 45020200.0
993 -0.02925 0.000255576 -297.908 901.377 47.973 47.9703 -1.79562 -2.56884 45019700.0
992 -0.02915 0.000255578 -297.903 901.35 47.9719 47.9704 -2.48655 -2.72378 45018900.0
991 -0.02905 0.000255577 -297.905 901.342 47.9712 47.9696 -2.48593 -2.77543 45017600.0
990 -0.02895 0.000255581 -297.901 901.401 47.9752 47.9709 -1.57452 -2.70878 45020000.0
989 -0.02885 0.000255586 -297.897 901.382 47.9751 47.972 -2.17372 -3.06199 45020500.0
988 -0.02875 0.00025558 -297.901 901.395 47.9747 47.9708 -1.80553 -2.46222 45019300.0
987 -0.02865 0.000255593 -297.886 901.41 47.9779 47.972 -2.08016 -3.74192 45021200.0
986 -0.02855 0.000255566 -297.918 901.44 47.9744 47.9698 0.0501915 -0.211858 45021300.0
985 -0.02845 0.000255566 -297.919 901.405 47.9725 47.9692 -0.587673 -0.130638 45020200.0
984 -0.02835 0.000255582 -297.899 901.433 47.977 47.9705 -0.840023 -2.49696 45021200.0
983 -0.02825 0.000255553 -297.931 901.374 47.9684 47.968 -0.884493 0.863205 45018500.0
982 -0.02815 0.00025556 -297.92 901.422 47.9723 47.9694 -0.0441003 -0.224007 45020000.0
981 -0.02805 0.000255554 -297.928 901.408 47.9704 47.9689 0.0384603 -0.264052 45020500.0
980 -0.02795 0.000255559 -297.92 901.427 47.9725 47.9693 0.172388 -1.19515 45021100.0
979 -0.02785 0.000255564 -297.915 901.417 47.9729 47.9699 -0.356184 -2.34495 45021600.0
978 -0.02775 0.000255555 -297.925 901.425 47.9715 47.9693 0.191293 -0.698814 45021800.0
977 -0.02765 0.000255546 -297.938 901.441 47.9708 47.9687 1.09689 0.297207 45021700.0
976 -0.02755 0.000255536 -297.948 901.469 47.9703 47.9675 2.38463 2.51626 45021400.0
975 -0.02745 0.000255528 -297.957 901.443 47.9675 47.9663 2.21428 4.57444 45020300.0
974 -0.02735 0.000255539 -297.945 901.379 47.9662 47.9672 0.47049 2.7399 45018800.0
973 -0.02725 0.000255546 -297.936 901.409 47.969 47.9683 0.273537 1.32947 45020200.0
972 -0.02715 0.00025555 -297.929 901.411 47.9699 47.9685 0.212629 0.862377 45019800.0
971 -0.02705 0.00025554 -297.941 901.387 47.9668 47.9677 0.17488 1.68148 45019500.0
970 -0.02695 0.000255544 -297.936 901.384 47.9673 47.9679 -0.291674 1.67259 45020000.0
969 -0.02685 0.000255564 -297.915 901.404 47.9721 47.9698 -0.792785 -0.0857444 45021300.0
968 -0.02675 0.000255567 -297.91 901.399 47.9724 47.9694 -0.714067 -0.670749 45021000.0
967 -0.02665 0.000255554 -297.927 901.394 47.9697 47.9689 -0.10568 0.467919 45021000.0
966 -0.02655 0.000255541 -297.942 901.437 47.9696 47.9683 1.19608 2.22403 45021000.0
965 -0.02645 0.000255544 -297.937 901.44 47.9703 47.9679 1.01816 1.98246 45020200.0
964 -0.02635 0.000255549 -297.934 901.461 47.9724 47.9689 1.69524 1.67657 45021400.0
963 -0.02625 0.000255569 -297.912 901.396 47.9726 47.9705 -0.806888 -1.00923 45020600.0
962 -0.02615 0.000255579 -297.902 901.403 47.975 47.9708 -1.12732 -3.17289 45020700.0
961 -0.02605 0.000255585 -297.893 901.397 47.9757 47.972 -1.88756 -4.64034 45022300.0
960 -0.02595 0.000255565 -297.915 901.395 47.9718 47.9694 -0.944438 -2.65187 45020300.0
959 -0.02585 0.00025556 -297.927 901.381 47.9701 47.9691 -1.05151 -1.79956 45021400.0
958 -0.02575 0.000255568 -297.913 901.399 47.9727 47.9704 -1.11023 -2.90328 45022600.0
957 -0.02565 0.000255559 -297.927 901.363 47.969 47.9689 -1.13485 -1.82771 45021000.0
956 -0.02555 0.00025556 -297.926 901.387 47.9705 47.9698 -0.752924 -1.5841 45022300.0
955 -0.02545 0.000255548 -297.94 901.386 47.9681 47.9681 -0.00225307 0.555296 45021200.0
954 -0.02535 0.000255548 -297.939 901.413 47.9696 47.968 0.255281 0.927133 45020700.0
953 -0.02525 0.000255554 -297.933 901.389 47.9695 47.9687 0.0327649 1.05861 45020700.0
952 -0.02515 0.000255528 -297.963 901.403 47.9652 47.9661 1.48154 3.52381 45019300.0
951 -0.02505 0.000255553 -297.932 901.436 47.9718 47.9687 0.956287 0.667422 45022000.0
950 -0.02495 0.000255547 -297.941 901.423 47.9699 47.9688 0.503563 1.12971 45022400.0
949 -0.02485 0.000255567 -297.917 901.424 47.9737 47.9701 -0.151964 -0.333222 45022700.0
948 -0.02475 0.000255565 -297.921 901.459 47.9752 47.97 0.839751 -0.345382 45023600.0
947 -0.02465 0.000255547 -297.94 901.416 47.9697 47.9678 0.68439 1.9554 45021100.0
946 -0.02455 0.000255551 -297.933 901.426 47.9708 47.9683 0.845366 1.51532 45022000.0
945 -0.02445 0.000255554 -297.932 901.445 47.9725 47.9689 1.32622 0.747056 45023500.0
944 -0.02435 0.000255544 -297.943 901.462 47.9715 47.9683 1.96438 2.16654 45022300.0
943 -0.02425 0.000255556 -297.928 901.444 47.9728 47.969 0.794681 0.855497 45022500.0
942 -0.02415 0.000255574 -297.909 901.428 47.9753 47.9699 -0.37923 -1.89383 45022200.0
941 -0.02405 0.000255546 -297.942 901.435 47.9703 47.9678 1.35233 1.28233 45021200.0
940 -0.02395 0.00025554 -297.95 901.418 47.9684 47.9675 1.54105 2.51937 45020700.0
939 -0.02385 0.000255532 -297.96 901.432 47.9676 47.9661 2.35192 3.84282 45019200.0
938 -0.02375 0.000255555 -297.933 901.42 47.9713 47.9684 0.658817 1.13488 45020600.0
937 -0.02365 0.000255564 -297.924 901.455 47.9748 47.9691 1.31814 -0.413864 45021900.0
936 -0.02355 0.000255554 -297.933 901.425 47.9713 47.9677 0.734829 0.231952 45019900.0
935 -0.02345 0.00025557 -297.917 901.412 47.9736 47.9692 -0.376524 -2.13865 45020700.0
934 -0.02335 0.000255552 -297.934 901.363 47.9676 47.967 -0.154105 -0.646843 45017600.0
933 -0.02325 0.00025556 -297.926 901.322 47.9671 47.9689 -2.0879 -2.17274 45019700.0
932 -0.02315 0.000255549 -297.938 901.336 47.9658 47.9679 -1.29918 -0.563212 45018800.0
931 -0.02305 0.000255549 -297.94 901.379 47.9679 47.9674 -0.045954 -0.67587 45019200.0
930 -0.02295 0.000255543 -297.948 901.373 47.9665 47.9672 0.0713005 0.852586 45019400.0
929 -0.02285 0.000255535 -297.957 901.405 47.9667 47.9657 1.40684 2.09101 45019000.0
928 -0.02275 0.00025556 -297.927 901.366 47.9694 47.9681 -0.728016 -0.887803 45019400.0
927 -0.02265 0.000255549 -297.941 901.404 47.9694 47.9674 0.790991 1.42392 45019300.0
926 -0.02255 0.000255555 -297.935 901.4 47.9702 47.9675 0.352974 0.556121 45018300.0
925 -0.02245 0.000255582 -297.903 901.378 47.9741 47.9701 -1.70491 -3.69342 45019500.0
924 -0.02235 0.000255569 -297.918 901.4 47.9728 47.969 -0.10737 -2.04464 45019600.0
923 -0.02225 0.000255566 -297.924 901.429 47.9738 47.9683 0.542519 -1.86041 45019500.0
922 -0.02215 0.000255561 -297.929 901.393 47.9709 47.9683 -0.205226 -0.457575 45019600.0
921 -0.02205 0.000255551 -297.937 901.408 47.97 47.9678 1.07222 1.59995 45019600.0
920 -0.02195 0.000255549 -297.942 901.427 47.9705 47.9672 1.29251 1.46388 45019000.0
919 -0.02185 0.000255552 -297.938 901.45 47.9722 47.9678 1.48818 0.802331 45019100.0
918 -0.02175 0.000255539 -297.95 901.396 47.967 47.9668 0.925253 2.07352 45018100.0
917 -0.02165 0.000255552 -297.938 901.419 47.9706 47.9677 1.05656 0.427313 45019300.0
916 -0.02155 0.000255569 -297.917 901.389 47.9722 47.9691 -1.11891 -2.94074 45019200.0
915 -0.02145 0.000255561 -297.926 901.38 47.9703 47.9675 -1.09147 -2.50717 45017200.0
914 -0.02135 0.00025556 -297.932 901.414 47.9719 47.9684 0.0770574 -2.49161 45018500.0
913 -0.02125 0.000255557 -297.934 901.428 47.9721 47.9679 0.638296 -1.97474 45018400.0
912 -0.02115 0.000255549 -297.943 901.372 47.9676 47.9675 -0.0308595 -0.44744 45017600.0
911 -0.02105 0.000255563 -297.928 901.371 47.9702 47.9687 -1.2053 -2.8757 45018600.0
910 -0.02095 0.000255548 -297.944 901.388 47.9682 47.9672 0.000534411 -0.619282 45017400.0
909 -0.02085 0.000255538 -297.956 901.425 47.9683 47.9659 1.5483 1.37278 45016800.0
908 -0.02075 0.000255537 -297.955 901.417 47.9678 47.9667 1.24771 2.06935 45018000.0
907 -0.02065 0.000255535 -297.957 901.435 47.9684 47.9653 1.90311 2.27163 45016400.0
906 -0.02055 0.000255539 -297.95 901.403 47.9674 47.9661 0.670046 2.07327 45016600.0
905 -0.02045 0.000255532 -297.957 901.399 47.9659 47.9649 1.00495 2.88033 45015200.0
904 -0.02035 0.000255551 -297.94 901.414 47.9701 47.9675 0.561091 0.570969 45018400.0
903 -0.02025 0.000255546 -297.941 901.448 47.9711 47.9678 1.25872 1.10404 45019400.0
902 -0.02015 0.000255554 -297.93 901.425 47.9714 47.9677 0.654496 -0.411729 45019700.0
901 -0.02005 0.00025556 -297.923 901.401 47.9712 47.9688 -0.450173 -0.836872 45019900.0
900 -0.01995 0.000255582 -297.898 901.416 47.9761 47.9704 -1.33841 -3.29132 45021600.0
899 -0.01985 0.00025556 -297.922 901.431 47.9729 47.9686 -0.154318 0.0520499 45020000.0
898 -0.01975 0.000255556 -297.931 901.485 47.9749 47.9678 1.63125 0.000246085 45019300.0
897 -0.01965 0.00025555 -297.936 901.432 47.971 47.9671 0.438593 0.2145 45017700.0
896 -0.01955 0.000255552 -297.933 901.437 47.9717 47.9676 0.435814 -0.0701949 45019300.0
895 -0.01945 0.000255565 -297.919 901.436 47.974 47.9686 -0.153789 -1.53634 45020100.0
894 -0.01935 0.000255574 -297.908 901.451 47.9765 47.9689 -0.00714396 -2.06271 45020300.0
893 -0.01925 0.000255564 -297.919 901.416 47.9727 47.9683 -0.48193 -1.24507 45020200.0
892 -0.01915 0.000255573 -297.909 901.442 47.9758 47.9693 -0.376018 -2.4813 45021200.0
891 -0.01905 0.000255578 -297.904 901.435 47.9764 47.9699 -0.530945 -3.49763 45021500.0
890 -0.01895 0.000255571 -297.91 901.445 47.9756 47.9693 0.130742 -2.34834 45021900.0
889 -0.01885 0.000255565 -297.917 901.449 47.9746 47.9687 0.136452 -1.39333 45021800.0
888 -0.01875 0.000255573 -297.908 901.401 47.9736 47.97 -1.20975 -2.19325 45022500.0
887 -0.01865 0.00025557 -297.91 901.428 47.9745 47.9695 -0.480195 -1.21124 45022100.0
886 -0.01855 0.000255593 -297.886 901.392 47.9769 47.9714 -2.7343 -4.00433 45022900.0
885 -0.01845 0.000255575 -297.905 901.433 47.9758 47.9699 -1.01783 -2.10158 45022400.0
884 -0.01835 0.000255554 -297.931 901.401 47.9701 47.968 -0.729986 0.0362762 45020300.0
883 -0.01825 0.000255555 -297.93 901.439 47.9723 47.9676 0.37726 -0.111823 45020200.0
882 -0.01815 0.000255561 -297.922 901.472 47.9753 47.9685 0.823796 -0.86863 45021500.0
881 -0.01805 0.000255562 -297.924 901.445 47.9739 47.9685 0.157564 -1.11221 45021100.0
880 -0.01795 0.000255554 -297.931 901.43 47.9717 47.9679 0.180046 -0.693767 45021600.0
879 -0.01785 0.000255539 -297.951 901.42 47.9682 47.9659 0.950767 1.87767 45020600.0
878 -0.01775 0.000255541 -297.951 901.393 47.9672 47.9658 0.482542 1.02781 45020200.0
877 -0.01765 0.000255555 -297.932 901.388 47.9696 47.9676 -0.80928 -1.745 45020400.0
876 -0.01755 0.000255568 -297.918 901.413 47.9733 47.9687 -0.458827 -2.29113 45022500.0
875 -0.01745 0.000255558 -297.93 901.368 47.9691 47.9679 -1.51759 -2.3495 45020700.0
874 -0.01735 0.000255544 -297.948 901.401 47.9683 47.9664 0.479429 -0.674913 45020800.0
873 -0.01725 0.000255561 -297.927 901.431 47.9731 47.9679 0.145399 -3.51608 45020600.0
872 -0.01715 0.000255551 -297.939 901.424 47.9708 47.9668 0.603603 -2.11654 45019600.0
871 -0.01705 0.000255562 -297.93 901.362 47.9695 47.9681 -1.35041 -3.98922 45019000.0
870 -0.01695 0.00025554 -297.954 901.39 47.9668 47.9655 0.549268 -1.19163 45018600.0
869 -0.01685 0.000255535 -297.961 901.372 47.965 47.9649 0.849036 0.379637 45018700.0
868 -0.01675 0.000255518 -297.98 901.388 47.9627 47.9637 2.04414 2.54027 45017700.0
867 -0.01665 0.000255525 -297.974 901.343 47.9616 47.9647 0.16429 1.32567 45016900.0
866 -0.01655 0.000255528 -297.971 901.4 47.9651 47.9647 1.3864 1.0378 45017100.0
865 -0.01645 0.00025554 -297.956 901.381 47.9663 47.9653 0.647363 -0.23503 45017100.0
864 -0.01635 0.000255555 -297.939 901.376 47.969 47.9672 -0.60646 -2.82786 45017900.0
863 -0.01625 0.000255538 -297.959 901.441 47.9692 47.9656 1.75335 -0.791045 45017700.0
862 -0.01615 0.000255549 -297.947 901.4 47.9691 47.9665 0.398574 -1.69254 45016800.0
861 -0.01605 0.000255547 -297.951 901.357 47.9663 47.966 -0.397148 -1.14799 45015100.0
860 -0.01595 0.000255556 -297.939 901.385 47.9695 47.967 -0.644888 -2.04153 45016000.0
859 -0.01585 0.000255547 -297.947 901.356 47.9664 47.9659 -0.70834 -0.433742 45015300.0
858 -0.01575 0.00025554 -297.955 901.328 47.9636 47.9656 -0.909804 0.394824 45014200.0
857 -0.01565 0.000255549 -297.949 901.354 47.9665 47.9659 -0.548952 -0.717769 45014600.0
856 -0.01555 0.000255554 -297.942 901.346 47.9671 47.9662 -1.11705 -1.27229 45014600.0
855 -0.01545 0.000255566 -297.929 901.352 47.9697 47.9678 -1.62946 -3.09966 45015500.0
854 -0.01535 0.000255562 -297.934 901.339 47.9683 47.9675 -1.3715 -2.16231 45015100.0
853 -0.01525 0.000255558 -297.937 901.319 47.9665 47.9664 -2.00057 -2.19061 45014000.0
852 -0.01515 0.000255564 -297.932 901.338 47.9687 47.968 -1.59821 -2.42216 45016700.0
851 -0.01505 0.000255572 -297.922 901.411 47.974 47.9681 -0.600788 -2.96599 45016800.0
850 -0.01495 0.000255551 -297.948 901.361 47.9675 47.9661 -0.424774 -0.436831 45014100.0
849 -0.01485 0.000255554 -297.943 901.378 47.9689 47.9663 -0.250097 -0.259852 45013700.0
848 -0.01475 0.000255573 -297.92 901.375 47.9723 47.9679 -1.58062 -2.65494 45014800.0
847 -0.01465 0.000255576 -297.917 901.348 47.9715 47.969 -2.39674 -1.8659 45016500.0
846 -0.01455 0.000255579 -297.913 901.372 47.9732 47.9689 -1.79192 -1.50282 45015800.0
845 -0.01445 0.000255562 -297.933 901.426 47.9728 47.9672 0.0485759 0.67529 45015000.0
844 -0.01435 0.000255566 -297.928 901.497 47.9775 47.9673 1.78155 0.158959 45015400.0
843 -0.01425 0.00025558 -297.91 901.516 47.981 47.9693 1.21578 -1.09356 45017800.0
842 -0.01415 0.000255567 -297.924 901.472 47.9764 47.9682 1.12347 1.03967 45017000.0
841 -0.01405 0.000255568 -297.924 901.47 47.9764 47.968 1.01966 0.257042 45015600.0
840 -0.01395 0.000255592 -297.899 901.46 47.9804 47.9701 -0.542576 -3.6419 45017500.0
839 -0.01385 0.000255579 -297.912 901.457 47.9777 47.9685 0.115978 -2.17951 45016300.0
838 -0.01375 0.000255568 -297.927 901.416 47.9735 47.9681 -0.289622 -0.413622 45015500.0
837 -0.01365 0.000255562 -297.934 901.44 47.9737 47.9677 0.379933 0.258893 45015500.0
836 -0.01355 0.000255587 -297.903 901.41 47.9767 47.9691 -1.33397 -2.76224 45015400.0
835 -0.01345 0.000255564 -297.928 901.416 47.9727 47.9678 0.0551376 1.23197 45014900.0
834 -0.01335 0.00025555 -297.943 901.453 47.9721 47.9667 1.54798 3.91074 45015000.0
833 -0.01325 0.000255544 -297.951 901.406 47.9685 47.9663 0.782075 4.56971 45013500.0
832 -0.01315 0.000255553 -297.941 901.446 47.9722 47.9665 1.11814 2.95085 45013800.0
831 -0.01305 0.000255556 -297.938 901.423 47.9716 47.9672 0.4878 2.37261 45014400.0
830 -0.01295 0.000255543 -297.953 901.391 47.9675 47.9657 0.675189 4.29652 45012800.0
829 -0.01285 0.000255539 -297.954 901.422 47.9684 47.9648 0.890524 3.55419 45011800.0
828 -0.01275 0.000255546 -297.948 901.469 47.9722 47.9669 1.40897 1.88744 45014300.0
827 -0.01265 0.000255533 -297.96 901.492 47.9711 47.9655 2.89484 3.20699 45014200.0
826 -0.01255 0.000255539 -297.953 901.471 47.9711 47.9654 2.49868 2.11485 45013300.0
825 -0.01245 0.000255556 -297.935 901.471 47.9741 47.9678 1.42049 0.731385 45015300.0
824 -0.01235 0.000255559 -297.931 901.443 47.9732 47.9671 0.837309 0.113405 45013800.0
823 -0.01225 0.000255557 -297.934 901.448 47.9731 47.967 1.11117 0.927496 45014600.0
822 -0.01215 0.000255546 -297.948 901.409 47.969 47.9662 0.446861 2.37216 45013300.0
821 -0.01205 0.000255534 -297.958 901.456 47.9694 47.9645 2.19657 3.81807 45012000.0
820 -0.01195 0.000255529 -297.966 901.473 47.9691 47.9645 3.17403 4.60963 45011700.0
819 -0.01185 0.000255523 -297.973 901.467 47.9678 47.9644 3.0912 4.00982 45011100.0
818 -0.01175 0.000255524 -297.974 901.438 47.9665 47.9646 2.58147 3.84574 45010300.0
817 -0.01165 0.000255507 -297.991 901.445 47.9636 47.9634 3.61331 5.97429 45008700.0
816 -0.01155 0.00025552 -297.976 901.41 47.9642 47.9645 1.78048 3.40677 45008300.0
815 -0.01145 0.000255513 -297.983 901.407 47.9627 47.9639 2.40116 4.18824 45007900.0
814 -0.01135 0.000255511 -297.985 901.431 47.9637 47.9644 2.83063 4.15959 45008900.0
813 -0.01125 0.000255494 -298.006 901.426 47.9601 47.9618 3.58231 5.42302 45006700.0
812 -0.01115 0.000255491 -298.009 901.448 47.9607 47.9619 4.38469 5.56914 45006700.0
811 -0.01105 0.00025548 -298.021 901.497 47.9613 47.9606 5.77473 6.30147 45006300.0
810 -0.01095 0.000255483 -298.019 901.491 47.9616 47.9609 5.72484 5.9011 45006700.0
809 -0.01085 0.000255511 -297.985 901.421 47.9631 47.9639 2.89356 2.77144 45007000.0
808 -0.01075 0.000255469 -298.036 901.49 47.9589 47.9592 6.69849 7.82508 45004300.0
807 -0.01065 0.000255456 -298.052 901.496 47.9567 47.959 7.23023 9.67645 45003500.0
806 -0.01055 0.000255452 -298.055 901.473 47.9548 47.9578 6.7308 8.6066 44999800.0
805 -0.01045 0.000255466 -298.041 901.449 47.9561 47.9597 5.58224 6.81061 44999600.0
804 -0.01035 0.000255454 -298.053 901.479 47.9554 47.9576 6.98188 7.32739 44998100.0
803 -0.01025 0.000255447 -298.06 901.464 47.9534 47.9581 7.1754 7.31546 44997500.0
802 -0.01015 0.000255435 -298.077 901.439 47.9498 47.9573 6.98067 8.00517 44995200.0
801 -0.01005 0.000255422 -298.088 901.472 47.9491 47.956 8.51266 9.90889 44992500.0
800 -0.00995 0.00025544 -298.069 901.521 47.955 47.9573 8.79199 8.29125 44993000.0
799 -0.00985 0.00025545 -298.055 901.45 47.9533 47.9582 6.38359 6.74897 44991600.0
798 -0.00975 0.000255451 -298.054 901.479 47.9549 47.958 6.86816 6.94298 44990900.0
797 -0.00965 0.000255434 -298.075 901.487 47.9521 47.9572 8.23669 9.05828 44989400.0
796 -0.00955 0.000255418 -298.092 901.503 47.95 47.9555 9.34571 10.2726 44987500.0
795 -0.00945 0.000255394 -298.121 901.551 47.948 47.9529 11.4981 12.049 44985500.0
794 -0.00935 0.000255379 -298.139 901.518 47.9434 47.9517 11.974 13.6861 44984200.0
793 -0.00925 0.000255361 -298.161 901.568 47.9428 47.95 13.8948 15.1277 44982100.0
792 -0.00915 0.000255348 -298.174 901.498 47.9365 47.9482 13.1454 16.7052 44978600.0
791 -0.00905 0.00025534 -298.186 901.547 47.9376 47.9478 14.7386 17.1478 44977100.0
790 -0.00895 0.000255336 -298.189 901.549 47.937 47.9477 15.134 16.0791 44975200.0
789 -0.00885 0.000255325 -298.205 901.587 47.937 47.9463 16.931 16.0915 44972600.0
788 -0.00875 0.000255304 -298.228 901.556 47.9314 47.9448 16.9314 17.8391 44969200.0
787 -0.00865 0.000255295 -298.239 901.569 47.9304 47.9442 17.9263 19.0378 44966800.0
786 -0.00855 0.000255272 -298.266 901.625 47.929 47.942 20.6181 21.2073 44962600.0
785 -0.00845 0.000255261 -298.28 901.614 47.9263 47.9406 20.5403 20.9907 44958000.0
784 -0.00835 0.000255232 -298.313 901.567 47.9185 47.9382 21.1413 22.8173 44953100.0
783 -0.00825 0.000255182 -298.369 901.63 47.9125 47.9332 25.5962 28.3475 44947800.0
782 -0.00815 0.00025517 -298.384 901.644 47.9109 47.9327 26.0998 27.8099 44944900.0
781 -0.00805 0.000255146 -298.41 901.649 47.9068 47.9303 27.6482 29.2513 44940400.0
780 -0.00795 0.00025513 -298.431 901.677 47.9052 47.9295 29.3546 28.6134 44936600.0
779 -0.00785 0.000255087 -298.479 901.694 47.898 47.9251 32.2729 31.9879 44930200.0
778 -0.00775 0.000255058 -298.515 901.663 47.8908 47.9224 32.8356 33.6993 44923900.0
777 -0.00765 0.000255027 -298.549 901.666 47.8852 47.9198 35.0684 35.459 44918200.0
776 -0.00755 0.000254991 -298.594 901.691 47.8797 47.9164 37.6581 37.0867 44912600.0
775 -0.00745 0.000254973 -298.611 901.711 47.8775 47.9154 39.2401 36.5255 44908900.0
774 -0.00735 0.000254919 -298.679 901.704 47.867 47.9105 42.2994 40.5951 44901800.0
773 -0.00725 0.000254863 -298.741 901.745 47.8587 47.9049 46.1834 44.6263 44893300.0
772 -0.00715 0.000254812 -298.8 901.774 47.8506 47.9005 49.3119 48.3419 44885900.0
771 -0.00705 0.000254765 -298.857 901.811 47.8438 47.8957 53.1547 49.8802 44876200.0
770 -0.00695 0.00025471 -298.919 901.801 47.8328 47.8907 55.62 52.0821 44866500.0
769 -0.00685 0.000254657 -298.986 901.829 47.8243 47.8858 59.665 54.7963 44857800.0
768 -0.00675 0.000254607 -299.045 901.803 47.8136 47.8818 61.9349 57.1275 44848500.0
767 -0.00665 0.000254539 -299.124 901.778 47.7996 47.8757 65.2761 61.11 44836100.0
766 -0.00655 0.000254483 -299.19 901.787 47.7896 47.8707 68.3501 62.4664 44824100.0
765 -0.00645 0.000254396 -299.291 901.801 47.7739 47.8621 73.6031 66.9933 44809900.0
764 -0.00635 0.000254312 -299.392 901.778 47.757 47.855 77.6983 71.6845 44796300.0
763 -0.00625 0.000254201 -299.522 901.818 47.7382 47.845 84.8712 79.1804 44782000.0
762 -0.00615 0.000254107 -299.631 901.816 47.7205 47.8363 90.0643 83.6588 44766600.0
761 -0.00605 0.000254016 -299.738 901.833 47.7043 47.8278 95.6726 86.7047 44750300.0
760 -0.00595 0.0002539 -299.877 901.841 47.6829 47.8175 102.343 92.3101 44732200.0
759 -0.00585 0.000253764 -300.036 901.911 47.661 47.8053 111.16 99.3848 44714200.0
758 -0.00575 0.000253621 -300.204 901.922 47.6348 47.7919 119.78 106.647 44692500.0
757 -0.00565 0.000253481 -300.372 901.856 47.605 47.7794 126.364 111.924 44669400.0
756 -0.00555 0.000253328 -300.551 901.86 47.5765 47.7659 135.099 117.457 44647100.0
755 -0.00545 0.000253167 -300.744 901.824 47.5443 47.7514 143.061 124.16 44621200.0
754 -0.00535 0.000252983 -300.962 901.815 47.5093 47.7341 153.225 132.356 44593500.0
753 -0.00525 0.000252823 -301.153 901.823 47.4796 47.7197 162.423 137.147 44567500.0
752 -0.00515 0.000252632 -301.383 901.783 47.4417 47.7018 172.535 143.991 44537800.0
751 -0.00505 0.000252404 -301.655 901.788 47.3991 47.6809 185.539 154.833 44504500.0
750 -0.00495 0.000252153 -301.953 901.797 47.3525 47.658 199.812 166.282 44468900.0
749 -0.00485 0.000251895 -302.266 901.766 47.3024 47.6346 213.535 176.707 44431200.0
748 -0.00475 0.000251634 -302.579 901.653 47.2474 47.61 225.951 186.363 44390100.0
747 -0.00465 0.000251337 -302.938 901.634 47.1907 47.5824 242.259 198.104 44347800.0
746 -0.00455 0.000251037 -303.298 901.573 47.1311 47.5549 257.838 207.479 44302400.0
745 -0.00445 0.000250686 -303.725 901.507 47.0618 47.5216 276.481 221.059 44251200.0
744 -0.00435 0.00025032 -304.17 901.423 46.9888 47.4877 295.575 234.398 44198100.0
743 -0.00425 0.000249921 -304.653 901.346 46.9099 47.4499 316.815 249.393 44140700.0
742 -0.00415 0.000249467 -305.21 901.284 46.8215 47.4085 341.102 268.469 44079500.0
741 -0.00405 0.000248997 -305.786 901.202 46.7289 47.3637 366.407 285.767 44012300.0
740 -0.00395 0.000248506 -306.393 901.023 46.6275 47.3175 390.757 303.648 43941800.0
739 -0.00385 0.000247954 -307.07 900.925 46.5188 47.2648 420.49 325.354 43865400.0
738 -0.00375 0.000247371 -307.795 900.753 46.4007 47.2093 450.298 348.159 43783600.0
737 -0.00365 0.000246771 -308.546 900.56 46.2782 47.1516 481.009 368.755 43696600.0
736 -0.00355 0.000246098 -309.389 900.375 46.1424 47.0867 516.413 395.402 43603200.0
735 -0.00345 0.000245382 -310.292 900.169 45.9977 47.0171 553.904 422.19 43503100.0
734 -0.00335 0.000244594 -311.294 899.906 45.8366 46.9397 594.347 454.139 43394500.0
733 -0.00325 0.000243764 -312.352 899.644 45.6679 46.8587 637.592 485.346 43279400.0
732 -0.00315 0.000242885 -313.482 899.342 45.4879 46.7716 683.334 519.221 43156200.0
731 -0.00305 0.00024195 -314.695 898.988 45.295 46.6787 731.13 554.009 43023900.0
730 -0.00295 0.000240893 -316.075 898.608 45.078 46.5729 785.934 599.681 42880000.0
729 -0.00285 0.000239814 -317.497 898.196 44.8554 46.4629 842.036 641.46 42728800.0
728 -0.00275 0.000238641 -319.058 897.68 44.6105 46.3438 901.907 689.885 42566500.0
727 -0.00265 0.000237395 -320.735 897.153 44.3514 46.2144 966.646 740.866 42392000.0
726 -0.00255 0.000236052 -322.559 896.605 44.0736 46.0743 1037.77 798.157 42206700.0
725 -0.00245 0.000234616 -324.536 895.954 43.7737 45.9228 1112.61 860.745 42008800.0
724 -0.00235 0.000233111 -326.628 895.209 43.4566 45.7621 1190.61 925.782 41798400.0
723 -0.00225 0.000231477 -328.936 894.495 43.1176 45.5852 1278.55 1001.98 41573400.0
722 -0.00215 0.000229762 -331.392 893.6 42.7554 45.3972 1368.63 1081.76 41334500.0
721 -0.00205 0.000227967 -334.0 892.661 42.3768 45.1969 1464.26 1165.68 41082200.0
720 -0.00195 0.000226043 -336.844 891.648 41.9716 44.9788 1567.62 1260.73 40811700.0
719 -0.00185 0.000224033 -339.866 890.488 41.5441 44.7475 1674.99 1360.09 40525800.0
718 -0.00175 0.000221869 -343.18 889.263 41.0864 44.4934 1793.44 1474.36 40222500.0
717 -0.00165 0.000219629 -346.681 887.839 40.6062 44.2253 1914.57 1593.09 39902200.0
716 -0.00155 0.000217276 -350.439 886.334 40.1032 43.9379 2044.12 1722.4 39565800.0
715 -0.00145 0.000214816 -354.45 884.674 39.5748 43.6311 2179.81 1860.9 39211700.0
714 -0.00135 0.00021225 -358.733 882.802 39.0194 43.3035 2320.73 2010.55 38839000.0
713 -0.00125 0.00020957 -363.323 880.834 38.4408 42.9526 2471.62 2173.02 38449300.0
712 -0.00115 0.000206796 -368.198 878.611 37.8364 42.5807 2626.79 2345.91 38040400.0
711 -0.00105 0.000203906 -373.412 876.198 37.205 42.1811 2789.89 2533.98 37613100.0
710 -0.00095 0.000200957 -378.895 873.568 36.5569 41.7633 2957.14 2728.58 37171300.0
709 -0.00085 0.000197905 -384.737 870.653 35.8817 41.318 3130.12 2938.81 36710400.0
708 -0.00075 0.00019479 -390.888 867.426 35.186 40.8474 3305.93 3156.75 36230000.0
707 -0.00065 0.000191585 -397.431 864.047 34.4721 40.3487 3490.97 3391.37 35738700.0
706 -0.00055 0.000188326 -404.304 860.273 33.7378 39.8246 3676.36 3635.43 35229600.0
705 -0.00045 0.000185033 -411.504 856.138 32.9885 39.2751 3862.29 3886.49 34705300.0
704 -0.00035 0.000181684 -419.089 851.683 32.2228 38.6972 4051.91 4150.12 34169400.0
703 -0.00025 0.000178331 -426.97 846.92 31.4514 38.0974 4241.3 4416.84 33623500.0
702 -0.00015 0.000174958 -435.204 841.603 30.6627 37.4704 4425.8 4689.46 33063700.0
701 -5e-05 0.000171583 -443.763 835.921 29.8681 36.8182 4608.7 4965.77 32494800.0
700 5e-05 0.000168223 -452.627 829.811 29.0693 36.1436 4786.66 5242.44 31918400.0
699 0.00015 0.000164873 -461.825 823.277 28.2661 35.4436 4960.55 5520.98 31336400.0
698 0.00025 0.000161564 -471.284 816.229 27.4616 34.7233 5124.92 5794.65 30746600.0
697 0.00035 0.000158305 -480.986 808.776 26.6619 33.9856 5281.16 6062.39 30155000.0
696 0.00045 0.000155085 -490.974 800.766 25.8609 33.2254 5426.83 6322.99 29556900.0
695 0.00055 0.000151924 -501.193 792.3 25.066 32.4486 5561.0 6572.57 28956400.0
694 0.00065 0.000148847 -511.55 783.434 24.2836 31.6604 5682.54 6805.69 28355100.0
693 0.00075 0.000145859 -522.031 774.018 23.5101 30.8635 5786.89 7021.5 27751200.0
692 0.00085 0.000142945 -532.673 764.169 22.7473 30.0546 5877.43 7220.8 27146800.0
691 0.00095 0.000140123 -543.397 753.854 21.9972 29.2388 5950.6 7398.22 26539300.0
690 0.00105 0.000137385 -554.229 743.127 21.2604 28.4153 6008.14 7555.73 25932300.0
689 0.00115 0.000134759 -565.031 732.024 20.5425 27.5939 6047.28 7686.99 25324500.0
688 0.00125 0.000132232 -575.823 720.56 19.8416 26.7733 6068.59 7793.23 24715800.0
687 0.00135 0.000129826 -586.5 708.762 19.1617 25.9618 6070.12 7871.22 24106300.0
686 0.00145 0.000127499 -597.199 696.677 18.4974 25.1485 6056.99 7927.15 23496900.0
685 0.00155 0.000125288 -607.741 684.357 17.855 24.3465 6025.55 7954.39 22886000.0
684 0.00165 0.000123177 -618.162 671.885 17.2343 23.5547 5979.08 7956.82 22277200.0
683 0.00175 0.000121164 -628.425 659.185 16.6322 22.7747 5915.59 7934.51 21666800.0
682 0.00185 0.000119259 -638.464 646.455 16.0546 22.0116 5838.41 7887.63 21058700.0
681 0.00195 0.00011745 -648.302 633.713 15.4994 21.2637 5748.89 7817.97 20452500.0
680 0.00205 0.000115728 -657.941 620.901 14.9634 20.5311 5646.56 7727.5 19847800.0
679 0.00215 0.000114106 -667.298 608.139 14.4504 19.8197 5532.42 7616.49 19244900.0
678 0.00225 0.000112569 -676.402 595.464 13.9586 19.1273 5408.97 7487.43 18645500.0
677 0.00235 0.000111122 -685.213 582.895 13.4884 18.4577 5276.22 7342.2 18050400.0
676 0.00245 0.000109751 -693.772 570.451 13.0376 17.8076 5136.32 7183.26 17460300.0
675 0.00255 0.000108457 -702.048 558.214 12.6074 17.178 4990.5 7010.84 16875300.0
674 0.00265 0.000107249 -709.956 546.26 12.2001 16.5771 4840.49 6829.2 16301400.0
673 0.00275 0.000106107 -717.591 534.538 11.8111 15.9964 4686.51 6637.87 15733700.0
672 0.00285 0.000105036 -724.916 523.083 11.4413 15.4397 4529.91 6440.1 15175600.0
671 0.00295 0.000104032 -731.907 511.98 11.0915 14.9082 4372.56 6237.4 14629700.0
670 0.00305 0.000103085 -738.63 501.182 10.7587 14.3972 4214.79 6030.72 14094400.0
669 0.00315 0.000102187 -745.116 490.591 10.4396 13.9043 4055.33 5821.02 13567500.0
668 0.00325 0.000101354 -751.244 480.449 10.1405 13.4383 3898.32 5610.74 13056200.0
667 0.00335 0.000100567 -757.122 470.631 9.85614 12.991 3742.88 5399.64 12556700.0
666 0.00345 9.98222e-05 -762.772 461.065 9.58426 12.5617 3588.19 5189.48 12068900.0
665 0.00355 9.91284e-05 -768.11 451.923 9.32894 12.1561 3437.16 4982.09 11597200.0
664 0.00365 9.84805e-05 -773.161 443.165 9.08836 11.772 3289.71 4778.09 11141100.0
663 0.00375 9.78716e-05 -777.976 434.725 8.86014 11.406 3145.09 4577.37 10698900.0
662 0.00385 9.73024e-05 -782.521 426.661 8.64523 11.0605 3004.89 4381.55 10272700.0
661 0.00395 9.67663e-05 -786.862 418.92 8.4416 10.7305 2868.39 4189.5 9860240.0
660 0.00405 9.62605e-05 -790.989 411.511 8.24897 10.4166 2736.21 4002.45 9463110.0
659 0.00415 9.57904e-05 -794.878 404.455 8.06793 10.1212 2608.63 3821.41 9081660.0
658 0.00425 9.53476e-05 -798.567 397.692 7.89636 9.84059 2484.98 3645.56 8714040.0
657 0.00435 9.49363e-05 -802.031 391.322 7.73635 9.57734 2367.44 3476.59 8364310.0
656 0.00445 9.45467e-05 -805.33 385.186 7.58379 9.32637 2252.88 3312.53 8025620.0
655 0.00455 9.41816e-05 -808.462 379.344 7.43994 9.08821 2143.01 3154.02 7701410.0
654 0.00465 9.38362e-05 -811.428 373.769 7.30371 8.86253 2037.35 3001.76 7390900.0
653 0.00475 9.35168e-05 -814.209 368.544 7.17709 8.65134 1937.67 2856.36 7097150.0
652 0.00485 9.32122e-05 -816.868 363.501 7.05583 8.44915 1840.64 2715.44 6812930.0
651 0.00495 9.29246e-05 -819.392 358.657 6.94033 8.25709 1746.82 2580.13 6539550.0
650 0.00505 9.26569e-05 -821.759 354.132 6.83301 8.07733 1658.67 2451.39 6281840.0
649 0.00515 9.24088e-05 -823.971 349.864 6.73259 7.90904 1575.09 2329.06 6037150.0
648 0.00525 9.21752e-05 -826.053 345.804 6.63764 7.75074 1495.03 2212.62 5803840.0
647 0.00535 9.19539e-05 -828.045 341.951 6.54793 7.59921 1418.71 2100.11 5580840.0
646 0.00545 9.17469e-05 -829.916 338.29 6.46325 7.45706 1346.05 1993.6 5368970.0
645 0.00555 9.15508e-05 -831.689 334.812 6.38312 7.32215 1276.42 1891.46 5166330.0
644 0.00565 9.13706e-05 -833.33 331.569 6.30884 7.19729 1211.37 1795.74 4976440.0
643 0.00575 9.11977e-05 -834.912 328.441 6.23752 7.07708 1148.36 1703.21 4793070.0
642 0.00585 9.10357e-05 -836.392 325.501 6.17069 6.96446 1088.99 1615.82 4620110.0
641 0.00595 9.08835e-05 -837.791 322.728 6.10788 6.85796 1032.84 1532.57 4456370.0
640 0.00605 9.07414e-05 -839.109 320.077 6.04826 6.7578 978.861 1453.6 4299490.0
639 0.00615 9.06074e-05 -840.351 317.59 5.99239 6.66337 928.157 1378.65 4151760.0
638 0.00625 9.04796e-05 -841.533 315.23 5.93947 6.57346 879.98 1307.18 4011110.0
637 0.00635 9.03586e-05 -842.659 312.971 5.88902 6.48786 833.66 1238.75 3876660.0
636 0.00645 9.02461e-05 -843.719 310.831 5.84149 6.40731 789.673 1173.67 3748400.0
635 0.00655 9.01404e-05 -844.703 308.844 5.79734 6.33233 748.825 1112.96 3629160.0
634 0.00665 9.00426e-05 -845.628 306.963 5.75578 6.2622 709.975 1055.45 3515630.0
633 0.00675 8.99489e-05 -846.503 305.19 5.71657 6.19559 673.377 1000.94 3408580.0
632 0.00685 8.98601e-05 -847.339 303.483 5.679 6.13187 638.009 948.606 3305660.0
631 0.00695 8.97784e-05 -848.117 301.906 5.64434 6.07261 605.269 899.391 3209280.0
630 0.00705 8.96982e-05 -848.872 300.375 5.61069 6.01537 573.458 852.164 3116560.0
629 0.00715 8.96225e-05 -849.594 298.897 5.57838 5.96042 542.724 806.83 3027390.0
628 0.00725 8.95541e-05 -850.237 297.57 5.54938 5.91135 515.029 765.656 2946180.0
627 0.00735 8.94866e-05 -850.883 296.251 5.52062 5.86238 487.539 724.876 2866170.0
626 0.00745 8.9424e-05 -851.473 295.051 5.49441 5.81763 462.501 687.386 2792730.0
625 0.00755 8.93681e-05 -852.005 293.947 5.47043 5.77684 439.388 652.513 2724420.0
624 0.00765 8.93114e-05 -852.548 292.826 5.44611 5.73574 415.866 617.991 2656180.0
623 0.00775 8.92583e-05 -853.052 291.773 5.42331 5.69736 393.799 585.621 2592100.0
622 0.00785 8.9211e-05 -853.506 290.835 5.40299 5.66295 374.068 556.171 2533910.0
621 0.00795 8.91669e-05 -853.93 289.949 5.38388 5.6306 355.502 528.247 2478870.0
620 0.00805 8.91204e-05 -854.372 289.043 5.36425 5.597 336.431 499.919 2423390.0
619 0.00815 8.90785e-05 -854.77 288.213 5.34634 5.56669 318.931 473.949 2372040.0
618 0.00825 8.90394e-05 -855.147 287.425 5.32939 5.53812 302.354 449.431 2323490.0
617 0.00835 8.90031e-05 -855.502 286.689 5.31357 5.51119 286.832 426.204 2277800.0
616 0.00845 8.89669e-05 -855.841 285.978 5.29824 5.48506 271.849 403.982 2233950.0
615 0.00855 8.8935e-05 -856.159 285.32 5.28414 5.46124 257.918 383.299 2192960.0
614 0.00865 8.8903e-05 -856.462 284.698 5.27073 5.43819 244.849 363.522 2154380.0
613 0.00875 8.88748e-05 -856.737 284.11 5.25817 5.41717 232.372 345.134 2117760.0
612 0.00885 8.88461e-05 -857.008 283.54 5.24593 5.39672 220.313 327.453 2082470.0
611 0.00895 8.88184e-05 -857.277 282.983 5.234 5.37605 208.534 309.937 2048170.0
610 0.00905 8.87929e-05 -857.522 282.471 5.22302 5.35736 197.694 293.877 2016380.0
609 0.00915 8.87707e-05 -857.74 282.013 5.21325 5.34082 188.004 279.374 1987610.0
608 0.00925 8.87494e-05 -857.95 281.58 5.204 5.32487 178.842 265.485 1960290.0
607 0.00935 8.87282e-05 -858.148 281.165 5.19509 5.30978 170.034 252.237 1934110.0
606 0.00945 8.87079e-05 -858.342 280.763 5.18648 5.2951 161.492 239.457 1908750.0
605 0.00955 8.86888e-05 -858.53 280.369 5.17808 5.28078 153.177 227.105 1884400.0
604 0.00965 8.86709e-05 -858.708 279.996 5.17014 5.26732 145.31 215.451 1861270.0
603 0.00975 8.86539e-05 -858.865 279.656 5.16288 5.25536 138.066 204.721 1839850.0
602 0.00985 8.86382e-05 -859.021 279.325 5.15585 5.24343 130.977 194.312 1818980.0
601 0.00995 8.86228e-05 -859.168 279.011 5.14916 5.2323 124.272 184.459 1799320.0
600 0.01005 8.86082e-05 -859.308 278.72 5.14295 5.22148 118.112 174.983 1780890.0
599 0.01015 8.85957e-05 -859.433 278.445 5.13715 5.21215 112.214 166.512 1763470.0
598 0.01025 8.85821e-05 -859.561 278.168 5.13125 5.20231 106.341 157.931 1746300.0
597 0.01035 8.85702e-05 -859.682 277.922 5.12602 5.19329 101.078 149.923 1730700.0
596 0.01045 8.85584e-05 -859.791 277.687 5.121 5.18493 96.0235 142.456 1715730.0
595 0.01055 8.85464e-05 -859.904 277.45 5.11593 5.17628 90.986 135.039 1701030.0
594 0.01065 8.85363e-05 -860.009 277.237 5.11142 5.16848 86.5383 128.177 1687650.0
593 0.01075 8.8527e-05 -860.094 277.044 5.10734 5.16182 82.3702 122.087 1675220.0
592 0.01085 8.85174e-05 -860.194 276.837 5.10296 5.15429 78.0172 115.633 1662450.0
591 0.01095 8.85087e-05 -860.273 276.663 5.09926 5.14816 74.2424 110.011 1651100.0
590 0.01105 8.85008e-05 -860.35 276.497 5.09574 5.14229 70.7195 104.791 1640590.0
589 0.01115 8.84925e-05 -860.429 276.331 5.09221 5.13635 67.2116 99.5506 1630040.0
588 0.01125 8.84861e-05 -860.499 276.184 5.08912 5.13122 64.0779 94.806 1620730.0
587 0.01135 8.84779e-05 -860.572 276.032 5.08586 5.12564 60.7936 90.0025 1611010.0
586 0.01145 8.8472e-05 -860.629 275.9 5.08308 5.12114 57.9363 85.8755 1602490.0
585 0.01155 8.84653e-05 -860.69 275.771 5.08033 5.11668 55.2707 81.9466 1594440.0
584 0.01165 8.8458e-05 -860.764 275.628 5.07726 5.11115 52.1396 77.1997 1585340.0
583 0.01175 8.84526e-05 -860.811 275.514 5.07487 5.10738 49.7932 73.8343 1578310.0
582 0.01185 8.84472e-05 -860.866 275.396 5.07237 5.10316 47.2224 70.0738 1570830.0
581 0.01195 8.84427e-05 -860.915 275.288 5.07014 5.09934 44.9534 66.662 1563960.0
580 0.01205 8.84377e-05 -860.964 275.195 5.06813 5.09591 42.9099 63.5365 1557710.0
579 0.01215 8.84319e-05 -861.018 275.082 5.06571 5.09163 40.4451 59.8569 1550640.0
578 0.01225 8.84275e-05 -861.065 274.979 5.06357 5.08805 38.3491 56.7493 1544430.0
577 0.01235 8.84238e-05 -861.104 274.898 5.06186 5.08523 36.5547 54.0419 1538980.0
576 0.01245 8.84196e-05 -861.143 274.813 5.06005 5.08219 34.7807 51.3995 1533760.0
575 0.01255 8.84169e-05 -861.173 274.748 5.05871 5.08 33.3519 49.3412 1529370.0
574 0.01265 8.84137e-05 -861.204 274.676 5.0572 5.07748 31.8714 47.0811 1524860.0
573 0.01275 8.84087e-05 -861.245 274.599 5.05549 5.07447 30.2278 44.5985 1519910.0
572 0.01285 8.84063e-05 -861.278 274.525 5.05399 5.07199 28.6319 42.3267 1515320.0
571 0.01295 8.8402e-05 -861.312 274.456 5.05247 5.06941 27.17 40.1529 1510930.0
570 0.01305 8.83984e-05 -861.35 274.377 5.05081 5.06641 25.4697 37.624 1506130.0
569 0.01315 8.8396e-05 -861.371 274.332 5.04985 5.06494 24.5362 36.115 1503140.0
568 0.01325 8.83943e-05 -861.388 274.284 5.04888 5.06348 23.4797 34.5818 1499870.0
567 0.01335 8.83912e-05 -861.417 274.225 5.04761 5.06127 22.2768 32.6735 1496290.0
566 0.01345 8.83899e-05 -861.432 274.187 5.04683 5.06018 21.3632 31.4822 1493570.0
565 0.01355 8.83882e-05 -861.451 274.143 5.04592 5.05875 20.4223 30.1721 1490690.0
564 0.01365 8.83851e-05 -861.48 274.091 5.0448 5.05674 19.3511 28.4928 1487540.0
563 0.01375 8.83845e-05 -861.485 274.063 5.04425 5.05622 18.7346 27.6378 1485500.0
562 0.01385 8.83821e-05 -861.508 274.015 5.04322 5.05447 17.7236 26.1458 1482560.0
561 0.01395 8.83798e-05 -861.53 273.971 5.04229 5.05282 16.7556 24.805 1479770.0
560 0.01405 8.83777e-05 -861.557 273.923 5.04127 5.05096 15.7321 23.2064 1476860.0
559 0.01415 8.83755e-05 -861.576 273.882 5.0404 5.04954 14.8978 22.0534 1474380.0
558 0.01425 8.83744e-05 -861.583 273.86 5.03993 5.04891 14.4162 21.3406 1472770.0
557 0.01435 8.83732e-05 -861.592 273.834 5.03939 5.04799 13.8489 20.4725 1470940.0
556 0.01445 8.83717e-05 -861.61 273.805 5.03876 5.04696 13.1863 19.5028 1468970.0
555 0.01455 8.83705e-05 -861.622 273.774 5.03813 5.04585 12.6028 18.5903 1467110.0
554 0.01465 8.83684e-05 -861.641 273.738 5.03735 5.04426 11.8553 17.4306 1464910.0
553 0.01475 8.83668e-05 -861.658 273.715 5.03683 5.04338 11.2725 16.6004 1463260.0
552 0.01485 8.83659e-05 -861.66 273.694 5.03639 5.04293 10.8532 16.0835 1462060.0
551 0.01495 8.83658e-05 -861.668 273.671 5.03597 5.04236 10.3311 15.3285 1460570.0
550 0.01505 8.83657e-05 -861.676 273.651 5.03559 5.04185 9.92247 14.7724 1459330.0
549 0.01515 8.83627e-05 -861.69 273.625 5.03495 5.0407 9.39638 13.8783 1457660.0
548 0.01525 8.83624e-05 -861.701 273.607 5.0346 5.03999 8.95964 13.0916 1456430.0
547 0.01535 8.83619e-05 -861.706 273.586 5.03417 5.03956 8.54077 12.622 1455210.0
546 0.01545 8.83613e-05 -861.709 273.571 5.03387 5.0392 8.14489 12.086 1454180.0
545 0.01555 8.83608e-05 -861.717 273.547 5.0334 5.03845 7.71648 11.5229 1452860.0
544 0.01565 8.83598e-05 -861.727 273.534 5.0331 5.03777 7.39769 10.9207 1451870.0
543 0.01575 8.836e-05 -861.727 273.524 5.03294 5.03771 7.19535 10.7831 1451220.0
542 0.01585 8.83588e-05 -861.745 273.504 5.03249 5.0367 6.74706 9.99812 1449850.0
541 0.01595 8.8358e-05 -861.746 273.491 5.0322 5.03631 6.47511 9.61684 1449030.0
540 0.01605 8.83578e-05 -861.752 273.476 5.03191 5.03595 6.12354 9.16179 1448010.0
539 0.01615 8.83576e-05 -861.75 273.473 5.03186 5.03599 6.12542 9.19245 1447730.0
538 0.01625 8.83573e-05 -861.758 273.464 5.03166 5.03554 5.92113 8.78217 1446990.0
537 0.01635 8.83561e-05 -861.765 273.45 5.03134 5.03488 5.58716 8.21784 1446090.0
536 0.01645 8.83555e-05 -861.778 273.428 5.03091 5.03404 5.2192 7.66327 1445030.0
535 0.01655 8.83549e-05 -861.78 273.425 5.03082 5.03387 5.06623 7.4347 1444520.0
534 0.01665 8.8355e-05 -861.783 273.418 5.0307 5.0337 4.9306 7.16517 1444070.0
533 0.01675 8.83534e-05 -861.79 273.403 5.03033 5.03306 4.58917 6.75015 1443130.0
532 0.01685 8.83544e-05 -861.797 273.39 5.03014 5.03271 4.35483 6.4572 1442480.0
531 0.01695 8.83524e-05 -861.805 273.375 5.02976 5.03193 4.02556 5.92992 1441560.0
530 0.01705 8.83522e-05 -861.81 273.366 5.02958 5.03163 3.88168 5.74082 1441050.0
529 0.01715 8.83509e-05 -861.819 273.353 5.02926 5.031 3.54907 5.20802 1440200.0
528 0.01725 8.83509e-05 -861.819 273.341 5.02905 5.03077 3.32855 4.95932 1439640.0
527 0.01735 8.83516e-05 -861.823 273.335 5.02897 5.03053 3.17344 4.70128 1439180.0
526 0.01745 8.835e-05 -861.829 273.321 5.02864 5.02991 2.93995 4.28613 1438460.0
525 0.01755 8.83497e-05 -861.83 273.322 5.02862 5.02984 2.91826 4.17392 1438300.0
524 0.01765 8.83496e-05 -861.833 273.315 5.0285 5.02969 2.8149 4.00574 1437950.0
523 0.01775 8.83506e-05 -861.83 273.318 5.02861 5.03002 2.88591 4.14563 1438080.0
522 0.01785 8.83487e-05 -861.839 273.305 5.02826 5.02931 2.61222 3.75376 1437320.0
521 0.01795 8.83485e-05 -861.839 273.304 5.02823 5.02927 2.55582 3.69983 1437130.0
520 0.01805 8.83479e-05 -861.846 273.288 5.0279 5.02864 2.29036 3.2687 1436390.0
519 0.01815 8.8348e-05 -861.845 273.29 5.02794 5.02865 2.28328 3.29315 1436280.0
518 0.01825 8.83481e-05 -861.847 273.285 5.02786 5.02879 2.16987 3.24232 1436140.0
517 0.01835 8.83476e-05 -861.85 273.276 5.02766 5.02822 2.02783 2.9343 1435640.0
516 0.01845 8.83481e-05 -861.849 273.281 5.02777 5.02841 2.07922 2.9649 1435720.0
515 0.01855 8.83479e-05 -861.857 273.266 5.02749 5.02795 1.7954 2.63212 1435090.0
514 0.01865 8.83473e-05 -861.856 273.265 5.02743 5.02792 1.79918 2.5825 1434960.0
513 0.01875 8.83474e-05 -861.86 273.256 5.02728 5.02762 1.57766 2.28486 1434490.0
512 0.01885 8.83474e-05 -861.86 273.251 5.0272 5.02763 1.53169 2.28627 1434370.0
511 0.01895 8.83469e-05 -861.865 273.243 5.02702 5.02728 1.31482 1.90188 1433870.0
510 0.01905 8.83482e-05 -861.859 273.251 5.02723 5.0278 1.48717 2.1953 1434210.0
509 0.01915 8.83472e-05 -861.858 273.249 5.02714 5.02774 1.42213 2.16947 1434030.0
508 0.01925 8.83463e-05 -861.868 273.235 5.02683 5.02704 1.14986 1.72417 1433320.0
507 0.01935 8.83463e-05 -861.868 273.232 5.02678 5.02704 1.14656 1.70869 1433230.0
506 0.01945 8.83464e-05 -861.863 273.239 5.02691 5.02743 1.21484 1.85436 1433390.0
505 0.01955 8.83466e-05 -861.868 273.232 5.02679 5.02706 1.08023 1.57938 1433030.0
504 0.01965 8.83463e-05 -861.867 273.235 5.02683 5.02724 1.14508 1.71184 1433140.0
503 0.01975 8.83463e-05 -861.866 273.23 5.02675 5.02707 1.06349 1.57029 1432890.0
502 0.01985 8.83469e-05 -861.867 273.23 5.02678 5.02712 1.01668 1.47933 1432820.0
501 0.01995 8.83452e-05 -861.875 273.223 5.02654 5.02652 0.896558 1.25826 1432360.0
500 0.02005 8.8346e-05 -861.871 273.227 5.02668 5.02681 0.951918 1.41366 1432480.0
499 0.02015 8.83457e-05 -861.87 273.227 5.02665 5.02687 0.952948 1.44759 1432440.0
498 0.02025 8.83458e-05 -861.871 273.226 5.02664 5.02682 0.903539 1.34671 1432300.0
497 0.02035 8.83462e-05 -861.87 273.223 5.0266 5.02678 0.919722 1.31203 1432280.0
496 0.02045 8.83462e-05 -861.867 273.227 5.02668 5.02705 0.937482 1.43232 1432390.0
495 0.02055 8.83457e-05 -861.871 273.222 5.02655 5.02669 0.799654 1.17502 1431960.0
494 0.02065 8.83461e-05 -861.869 273.221 5.02656 5.02683 0.823764 1.24232 1432000.0
493 0.02075 8.83453e-05 -861.877 273.217 5.02644 5.02641 0.666666 0.89851 1431570.0
492 0.02085 8.83456e-05 -861.869 273.217 5.02647 5.02665 0.759584 1.09696 1431730.0
491 0.02095 8.83455e-05 -861.874 273.217 5.02645 5.02653 0.67488 0.922883 1431590.0
490 0.02105 8.83456e-05 -861.872 273.216 5.02645 5.0266 0.705166 0.966787 1431580.0
489 0.02115 8.83451e-05 -861.874 273.217 5.02643 5.0267 0.685878 0.995957 1431560.0
488 0.02125 8.83446e-05 -861.876 273.214 5.02635 5.02639 0.671208 0.979948 1431370.0
487 0.02135 8.8345e-05 -861.881 273.211 5.02632 5.02626 0.558838 0.789026 1431170.0
486 0.02145 8.83449e-05 -861.875 273.215 5.02638 5.02655 0.630533 0.954915 1431290.0
485 0.02155 8.83455e-05 -861.876 273.211 5.02634 5.0265 0.595318 0.980566 1431230.0
484 0.02165 8.83438e-05 -861.883 273.202 5.02608 5.02582 0.384614 0.597926 1430660.0
483 0.02175 8.83445e-05 -861.882 273.205 5.02618 5.0261 0.469389 0.751389 1430820.0
482 0.02185 8.83436e-05 -861.891 273.193 5.02591 5.02543 0.246775 0.301984 1430250.0
481 0.02195 8.83444e-05 -861.884 273.202 5.02611 5.02591 0.406228 0.584109 1430630.0
480 0.02205 8.83437e-05 -861.889 273.2 5.02603 5.02564 0.351713 0.468983 1430490.0
479 0.02215 8.83437e-05 -861.885 273.203 5.0261 5.02582 0.395423 0.570004 1430620.0
478 0.02225 8.83439e-05 -861.888 273.195 5.02596 5.02561 0.254789 0.493201 1430260.0
477 0.02235 8.83437e-05 -861.897 273.187 5.02581 5.02507 0.100191 0.161782 1429840.0
476 0.02245 8.83427e-05 -861.895 273.191 5.02582 5.02515 0.156018 0.241141 1429940.0
475 0.02255 8.8344e-05 -861.891 273.2 5.02606 5.02548 0.353474 0.549787 1430350.0
474 0.02265 8.83434e-05 -861.895 273.198 5.02598 5.02536 0.345486 0.495644 1430230.0
473 0.02275 8.83425e-05 -861.896 273.195 5.02587 5.02512 0.260651 0.379212 1429970.0
472 0.02285 8.83447e-05 -861.882 273.21 5.02629 5.02621 0.579953 1.01014 1430790.0
471 0.02295 8.83441e-05 -861.89 273.204 5.02614 5.02575 0.451519 0.70079 1430380.0
470 0.02305 8.83445e-05 -861.889 273.204 5.02617 5.02583 0.453288 0.683706 1430380.0
469 0.02315 8.83447e-05 -861.883 273.207 5.02623 5.02615 0.499943 0.78494 1430530.0
468 0.02325 8.8344e-05 -861.888 273.198 5.02603 5.0257 0.315243 0.470727 1430090.0
467 0.02335 8.83441e-05 -861.888 273.199 5.02604 5.02577 0.298708 0.518248 1430130.0
466 0.02345 8.83449e-05 -861.882 273.207 5.02624 5.02624 0.445764 0.752232 1430550.0
465 0.02355 8.83448e-05 -861.882 273.206 5.02621 5.02629 0.454708 0.852036 1430550.0
464 0.02365 8.83445e-05 -861.885 273.205 5.02618 5.02622 0.440897 0.791791 1430460.0
463 0.02375 8.83454e-05 -861.881 273.21 5.02632 5.02652 0.4841 0.902943 1430630.0
462 0.02385 8.83442e-05 -861.885 273.202 5.02611 5.0261 0.394015 0.776323 1430330.0
461 0.02395 8.83439e-05 -861.888 273.195 5.02596 5.02584 0.196613 0.488307 1429960.0
460 0.02405 8.83431e-05 -861.892 273.19 5.02583 5.02548 0.11221 0.321494 1429710.0
459 0.02415 8.83441e-05 -861.891 273.197 5.026 5.02585 0.263694 0.569021 1430050.0
458 0.02425 8.83432e-05 -861.889 273.194 5.02591 5.02562 0.202351 0.477011 1429910.0
457 0.02435 8.83436e-05 -861.89 273.194 5.02593 5.02588 0.205222 0.59953 1430080.0
456 0.02445 8.8344e-05 -861.89 273.194 5.02595 5.02582 0.209665 0.564139 1430090.0
455 0.02455 8.83435e-05 -861.895 273.189 5.02583 5.02545 0.093278 0.324144 1429820.0
454 0.02465 8.83426e-05 -861.895 273.185 5.0257 5.02525 0.0286015 0.122498 1429570.0
453 0.02475 8.8343e-05 -861.897 273.187 5.02577 5.0253 0.0818716 0.192139 1429670.0
452 0.02485 8.83427e-05 -861.9 273.182 5.02565 5.025 -0.0307474 -0.0204146 1429390.0
451 0.02495 8.83427e-05 -861.898 273.187 5.02574 5.02529 0.0252733 0.180669 1429540.0
450 0.02505 8.83436e-05 -861.893 273.186 5.02578 5.0254 0.0989318 0.338037 1429670.0
449 0.02515 8.83431e-05 -861.899 273.182 5.02568 5.02508 -0.0594289 0.0266976 1429320.0
448 0.02525 8.8344e-05 -861.893 273.19 5.02588 5.02564 0.144574 0.40466 1429830.0
447 0.02535 8.83431e-05 -861.898 273.183 5.02569 5.02505 -0.0466708 0.00620719 1429380.0
446 0.02545 8.83433e-05 -861.894 273.189 5.02581 5.02547 0.114984 0.373098 1429770.0
445 0.02555 8.83432e-05 -861.898 273.179 5.02562 5.02496 -0.12617 -0.0267712 1429180.0
444 0.02565 8.83437e-05 -861.887 273.192 5.0259 5.02573 0.166437 0.473557 1429920.0
443 0.02575 8.83437e-05 -861.897 273.187 5.0258 5.02536 0.0110345 0.126857 1429550.0
442 0.02585 8.83429e-05 -861.898 273.181 5.02564 5.02505 -0.079747 -0.0524111 1429310.0
441 0.02595 8.83437e-05 -861.893 273.188 5.02581 5.02546 0.0325331 0.127547 1429610.0
440 0.02605 8.83431e-05 -861.895 273.184 5.02572 5.02521 -0.0366256 0.0293834 1429360.0
439 0.02615 8.83426e-05 -861.9 273.177 5.02556 5.02487 -0.0901422 -0.0657812 1429140.0
438 0.02625 8.83429e-05 -861.906 273.175 5.02554 5.02457 -0.184938 -0.319734 1428920.0
437 0.02635 8.83437e-05 -861.892 273.19 5.02586 5.02559 0.135322 0.312049 1429770.0
436 0.02645 8.83435e-05 -861.888 273.192 5.02588 5.02581 0.171316 0.411831 1429930.0
435 0.02655 8.83432e-05 -861.895 273.181 5.02567 5.02541 -0.0134863 0.12802 1429460.0
434 0.02665 8.83442e-05 -861.888 273.19 5.02588 5.02581 0.081884 0.300412 1429730.0
433 0.02675 8.83442e-05 -861.884 273.19 5.02588 5.02606 0.148996 0.462042 1429890.0
432 0.02685 8.8344e-05 -861.886 273.188 5.02584 5.02596 0.121452 0.406368 1429790.0
431 0.02695 8.83436e-05 -861.889 273.182 5.0257 5.02556 -0.0100865 0.128267 1429450.0
430 0.02705 8.83434e-05 -861.891 273.178 5.02562 5.02552 -0.0842501 0.0934803 1429390.0
429 0.02715 8.83427e-05 -861.896 273.179 5.0256 5.0253 -0.0917358 0.0548932 1429340.0
428 0.02725 8.83427e-05 -861.897 273.176 5.02554 5.02505 -0.154792 -0.114551 1429190.0
427 0.02735 8.83427e-05 -861.897 273.173 5.02549 5.02505 -0.169199 -0.0924291 1429160.0
426 0.02745 8.83428e-05 -861.894 273.185 5.0257 5.0254 -0.0218663 0.0665485 1429520.0
425 0.02755 8.83422e-05 -861.897 273.176 5.02551 5.02507 -0.102795 -0.0967033 1429290.0
424 0.02765 8.83432e-05 -861.886 273.189 5.0258 5.0259 0.140064 0.385226 1429880.0
423 0.02775 8.83418e-05 -861.893 273.177 5.02551 5.0253 -0.109007 0.0344155 1429330.0
422 0.02785 8.83429e-05 -861.889 273.185 5.02572 5.02577 0.0278494 0.300643 1429710.0
421 0.02795 8.83425e-05 -861.888 273.184 5.02568 5.02564 0.0177191 0.29834 1429620.0
420 0.02805 8.83434e-05 -861.886 273.184 5.02574 5.02579 0.06288 0.379903 1429720.0
419 0.02815 8.83416e-05 -861.893 273.18 5.02556 5.02539 -0.0838852 0.0706904 1429420.0
418 0.02825 8.83429e-05 -861.887 273.182 5.02567 5.02562 0.0209592 0.247329 1429660.0
417 0.02835 8.83426e-05 -861.889 273.184 5.02568 5.02577 -0.00307316 0.230483 1429700.0
416 0.02845 8.8343e-05 -861.888 273.179 5.02562 5.02573 -0.0904496 0.139909 1429490.0
415 0.02855 8.83422e-05 -861.892 273.176 5.02551 5.02535 -0.194675 -0.0974409 1429230.0
414 0.02865 8.83408e-05 -861.899 273.171 5.02534 5.02491 -0.218989 -0.184667 1429060.0
413 0.02875 8.83414e-05 -861.897 273.175 5.02544 5.025 -0.130107 -0.0690238 1429250.0
412 0.02885 8.83405e-05 -861.9 273.172 5.02534 5.02489 -0.200995 -0.0977285 1429160.0
411 0.02895 8.83403e-05 -861.905 273.171 5.02531 5.02468 -0.249671 -0.220881 1429020.0
410 0.02905 8.83408e-05 -861.899 273.172 5.02537 5.02492 -0.168648 -0.0543663 1429150.0
409 0.02915 8.83405e-05 -861.894 273.18 5.02549 5.02539 -0.0517812 0.248247 1429540.0
408 0.02925 8.83416e-05 -861.891 273.182 5.0256 5.02568 -0.0476159 0.241823 1429650.0
407 0.02935 8.83404e-05 -861.897 273.17 5.0253 5.02502 -0.193661 -0.172148 1429140.0
406 0.02945 8.83407e-05 -861.899 273.176 5.02542 5.02519 -0.152815 -0.087365 1429250.0
405 0.02955 8.83415e-05 -861.891 273.182 5.02558 5.02577 0.0419165 0.363202 1429770.0
404 0.02965 8.83414e-05 -861.89 273.181 5.02555 5.02571 -0.0784435 0.218025 1429590.0
403 0.02975 8.83402e-05 -861.898 273.172 5.02534 5.02505 -0.235557 -0.218041 1429110.0
402 0.02985 8.83399e-05 -861.904 273.167 5.02522 5.02471 -0.338606 -0.371948 1428810.0
401 0.02995 8.8341e-05 -861.896 273.176 5.02544 5.0253 -0.181434 -0.100991 1429260.0
400 0.03005 8.83414e-05 -861.89 273.183 5.0256 5.02572 -0.0183847 0.289811 1429630.0
399 0.03015 8.83406e-05 -861.902 273.174 5.02538 5.02503 -0.233186 -0.176048 1429090.0
398 0.03025 8.83407e-05 -861.897 273.176 5.02543 5.02509 -0.153795 -0.147579 1429190.0
397 0.03035 8.83407e-05 -861.898 273.178 5.02547 5.02509 -0.108501 -0.155058 1429310.0
396 0.03045 8.83415e-05 -861.888 273.186 5.02566 5.0258 0.0807137 0.209903 1429780.0
395 0.03055 8.83412e-05 -861.892 273.183 5.0256 5.02559 -0.0527265 -0.00155346 1429550.0
394 0.03065 8.83423e-05 -861.887 273.188 5.02573 5.02604 0.0376376 0.232988 1429830.0
393 0.03075 8.83417e-05 -861.889 273.182 5.02559 5.02574 -0.0604283 -0.0139908 1429560.0
392 0.03085 8.83425e-05 -861.882 273.188 5.02575 5.02615 0.0973124 0.239708 1429910.0
391 0.03095 8.83424e-05 -861.888 273.186 5.02572 5.02593 0.0370779 0.158269 1429740.0
390 0.03105 8.83415e-05 -861.891 273.18 5.02555 5.02553 -0.0846628 -0.118939 1429390.0
389 0.03115 8.83416e-05 -861.892 273.183 5.02561 5.02559 -0.0669158 -0.148253 1429460.0
388 0.03125 8.83417e-05 -861.889 273.18 5.02557 5.02553 -0.0456221 -0.0992061 1429460.0
387 0.03135 8.8342e-05 -861.891 273.182 5.02561 5.0256 -0.0628183 -0.0657947 1429480.0
386 0.03145 8.8341e-05 -861.895 273.178 5.02548 5.02524 -0.0840755 -0.158564 1429270.0
385 0.03155 8.83417e-05 -861.893 273.184 5.02563 5.02548 0.00171728 0.0123399 1429500.0
384 0.03165 8.83409e-05 -861.896 273.179 5.0255 5.02517 -0.0650839 -0.1704 1429300.0
383 0.03175 8.83408e-05 -861.893 273.185 5.02559 5.02533 0.060472 -0.00371769 1429490.0
382 0.03185 8.83412e-05 -861.891 273.187 5.02565 5.02562 0.0652618 0.0684348 1429640.0
381 0.03195 8.8341e-05 -861.894 273.178 5.02548 5.02523 -0.0860686 -0.12707 1429280.0
380 0.03205 8.83418e-05 -861.887 273.188 5.02571 5.0259 0.0901831 0.249603 1429750.0
379 0.03215 8.83409e-05 -861.894 273.178 5.02547 5.02536 -0.12519 -0.0561768 1429240.0
378 0.03225 8.83411e-05 -861.89 273.184 5.0256 5.02556 -0.0292572 0.0503792 1429500.0
377 0.03235 8.83413e-05 -861.891 273.185 5.02563 5.02568 0.0485146 0.250466 1429650.0
376 0.03245 8.83416e-05 -861.892 273.186 5.02566 5.02547 0.0546025 0.131765 1429580.0
375 0.03255 8.83419e-05 -861.891 273.188 5.02572 5.0256 0.0785406 0.165861 1429670.0
374 0.03265 8.83416e-05 -861.889 273.186 5.02567 5.02561 0.0551236 0.122947 1429640.0
373 0.03275 8.83411e-05 -861.895 273.179 5.02551 5.02506 -0.0722829 -0.218926 1429310.0
372 0.03285 8.83411e-05 -861.898 273.179 5.0255 5.02507 -0.107435 -0.200331 1429260.0
371 0.03295 8.83413e-05 -861.89 273.183 5.02559 5.02551 0.0211044 0.0837045 1429580.0
370 0.03305 8.83416e-05 -861.89 273.186 5.02566 5.02566 0.0886962 0.22545 1429760.0
369 0.03315 8.83421e-05 -861.892 273.184 5.02566 5.02552 0.0762586 0.129275 1429730.0
368 0.03325 8.83428e-05 -861.887 273.19 5.02581 5.02583 0.193318 0.339898 1430010.0
367 0.03335 8.83413e-05 -861.892 273.188 5.02568 5.02543 0.129961 0.208343 1429830.0
366 0.03345 8.83409e-05 -861.893 273.185 5.02561 5.02531 0.0739425 0.123079 1429710.0
365 0.03355 8.83413e-05 -861.898 273.177 5.02548 5.0251 -0.0824945 -0.0656636 1429430.0
364 0.03365 8.83407e-05 -861.889 273.185 5.02559 5.0256 0.0268055 0.194597 1429740.0
363 0.03375 8.83414e-05 -861.892 273.18 5.02555 5.02543 -0.0346866 0.0698938 1429590.0
362 0.03385 8.83406e-05 -861.897 273.174 5.02538 5.02506 -0.126006 -0.0198589 1429320.0
361 0.03395 8.83406e-05 -861.898 273.177 5.02544 5.02513 -0.0828488 -0.069511 1429440.0
360 0.03405 8.83405e-05 -861.899 273.179 5.02547 5.02519 -0.0194391 -0.0349815 1429540.0
359 0.03415 8.83408e-05 -861.896 273.182 5.02554 5.02532 0.0156404 0.0293926 1429620.0
358 0.03425 8.834e-05 -861.908 273.168 5.02524 5.02454 -0.229086 -0.417081 1428940.0
357 0.03435 8.83393e-05 -861.911 273.164 5.02512 5.02422 -0.268912 -0.528589 1428780.0
356 0.03445 8.83399e-05 -861.906 273.166 5.0252 5.02444 -0.229978 -0.31681 1428920.0
355 0.03455 8.83402e-05 -861.904 273.17 5.0253 5.02467 -0.181545 -0.19365 1429130.0
354 0.03465 8.83392e-05 -861.909 273.166 5.02516 5.02436 -0.262085 -0.354661 1428940.0
353 0.03475 8.834e-05 -861.907 273.17 5.02528 5.02451 -0.196485 -0.229588 1429110.0
352 0.03485 8.83402e-05 -861.907 273.172 5.02533 5.02461 -0.155231 -0.100905 1429220.0
351 0.03495 8.83392e-05 -861.913 273.163 5.0251 5.02406 -0.360387 -0.570358 1428690.0
350 0.03505 8.83391e-05 -861.916 273.157 5.02499 5.02374 -0.449289 -0.794 1428390.0
349 0.03515 8.83393e-05 -861.911 273.161 5.02507 5.02414 -0.38695 -0.566065 1428610.0
348 0.03525 8.83403e-05 -861.908 273.166 5.02522 5.0245 -0.320531 -0.406785 1428870.0
347 0.03535 8.8341e-05 -861.902 273.174 5.02542 5.025 -0.127718 -0.122576 1429260.0
346 0.03545 8.83414e-05 -861.895 273.182 5.02558 5.02546 0.0301753 0.217367 1429660.0
345 0.03555 8.83416e-05 -861.894 273.181 5.02557 5.02546 -0.0289059 0.123039 1429470.0
344 0.03565 8.83412e-05 -861.892 273.186 5.02564 5.02575 0.0752829 0.345531 1429760.0
343 0.03575 8.83414e-05 -861.892 273.184 5.02561 5.02561 0.0288131 0.216418 1429640.0
342 0.03585 8.83408e-05 -861.891 273.184 5.02557 5.02559 0.0515259 0.22535 1429660.0
341 0.03595 8.83407e-05 -861.899 273.177 5.02544 5.02517 -0.105418 -0.0544176 1429300.0
340 0.03605 8.83404e-05 -861.898 273.177 5.02544 5.02517 -0.0944875 -0.111355 1429270.0
339 0.03615 8.83403e-05 -861.9 273.175 5.0254 5.02502 -0.0877987 -0.119729 1429260.0
338 0.03625 8.83396e-05 -861.902 273.174 5.02533 5.02495 -0.143217 -0.230372 1429130.0
337 0.03635 8.83405e-05 -861.899 273.176 5.02542 5.02517 -0.105295 -0.165481 1429280.0
336 0.03645 8.834e-05 -861.896 273.179 5.02544 5.02535 -0.0116606 0.0316447 1429460.0
335 0.03655 8.83405e-05 -861.892 273.185 5.02558 5.02572 0.0304936 0.169321 1429690.0
334 0.03665 8.83405e-05 -861.891 273.183 5.02554 5.02571 0.0737483 0.20421 1429680.0
333 0.03675 8.83396e-05 -861.894 273.18 5.02543 5.02545 -0.0261026 0.0469417 1429450.0
332 0.03685 8.834e-05 -861.89 273.183 5.02552 5.02566 0.0430502 0.120618 1429590.0
331 0.03695 8.83397e-05 -861.899 273.175 5.02536 5.02518 -0.10461 -0.13134 1429190.0
330 0.03705 8.83406e-05 -861.891 273.184 5.02558 5.0257 0.0338511 0.148584 1429630.0
329 0.03715 8.83398e-05 -861.895 273.183 5.02551 5.02557 0.0531083 0.145661 1429590.0
328 0.03725 8.83398e-05 -861.894 273.18 5.02546 5.0254 -0.0186262 -0.0129442 1429400.0
327 0.03735 8.83404e-05 -861.89 273.187 5.02562 5.02586 0.15256 0.315647 1429760.0
326 0.03745 8.83402e-05 -861.894 273.181 5.02549 5.02566 0.0222213 0.136487 1429530.0
325 0.03755 8.83407e-05 -861.891 273.186 5.02561 5.0258 0.0578676 0.113987 1429630.0
324 0.03765 8.8341e-05 -861.888 273.185 5.02561 5.02599 0.0683689 0.189876 1429710.0
323 0.03775 8.83415e-05 -861.885 273.19 5.02574 5.02629 0.174032 0.438917 1429950.0
322 0.03785 8.83404e-05 -861.886 273.188 5.02564 5.02611 0.138411 0.343325 1429850.0
321 0.03795 8.83411e-05 -861.886 273.185 5.02562 5.02598 0.0831576 0.285247 1429720.0
320 0.03805 8.83404e-05 -861.891 273.185 5.02558 5.02582 0.0365565 0.20305 1429580.0
319 0.03815 8.83408e-05 -861.888 273.187 5.02564 5.02606 0.090988 0.276573 1429750.0
318 0.03825 8.83409e-05 -861.885 273.191 5.02572 5.02615 0.15331 0.421057 1429850.0
317 0.03835 8.83404e-05 -861.89 273.183 5.02554 5.02573 0.0231829 0.130391 1429480.0
316 0.03845 8.83409e-05 -861.892 273.183 5.02557 5.02572 0.0330358 0.0226274 1429440.0
315 0.03855 8.83406e-05 -861.89 273.185 5.02559 5.02588 0.0357767 0.101353 1429540.0
314 0.03865 8.83411e-05 -861.885 273.185 5.02562 5.02612 0.0439464 0.270354 1429590.0
313 0.03875 8.83407e-05 -861.888 273.187 5.02562 5.02613 0.0374508 0.234089 1429580.0
312 0.03885 8.83405e-05 -861.891 273.184 5.02556 5.02576 0.0614757 0.187949 1429450.0
311 0.03895 8.83402e-05 -861.892 273.183 5.02552 5.02577 0.0375025 0.0838852 1429440.0
310 0.03905 8.83408e-05 -861.888 273.185 5.0256 5.02597 0.0697311 0.229982 1429560.0
309 0.03915 8.83404e-05 -861.889 273.188 5.02564 5.02606 0.0890054 0.238072 1429630.0
308 0.03925 8.83407e-05 -861.886 273.187 5.02564 5.02611 0.135733 0.409181 1429700.0
307 0.03935 8.83407e-05 -861.885 273.192 5.02572 5.02636 0.181387 0.531676 1429880.0
306 0.03945 8.83402e-05 -861.888 273.189 5.02564 5.02606 0.132462 0.487529 1429680.0
305 0.03955 8.8339e-05 -861.903 273.178 5.02537 5.02528 -0.0845318 -0.0307349 1429080.0
304 0.03965 8.83399e-05 -861.897 273.183 5.02551 5.02549 0.0211735 0.19474 1429340.0
303 0.03975 8.834e-05 -861.894 273.192 5.02569 5.02574 0.151627 0.301971 1429660.0
302 0.03985 8.83397e-05 -861.896 273.19 5.02563 5.02558 0.19227 0.301714 1429610.0
301 0.03995 8.83403e-05 -861.888 273.197 5.02579 5.02607 0.309435 0.610173 1430000.0
300 0.04005 8.83407e-05 -861.89 273.195 5.02578 5.02609 0.22475 0.554343 1429950.0
299 0.04015 8.83404e-05 -861.892 273.19 5.02567 5.02586 0.150899 0.441402 1429760.0
298 0.04025 8.83397e-05 -861.9 273.181 5.02547 5.02535 -0.00907014 0.116936 1429330.0
297 0.04035 8.83397e-05 -861.897 273.187 5.02556 5.02563 0.0771315 0.272323 1429550.0
296 0.04045 8.83398e-05 -861.893 273.188 5.0256 5.02569 0.119958 0.304531 1429620.0
295 0.04055 8.834e-05 -861.897 273.188 5.02561 5.02575 0.0858192 0.280846 1429630.0
294 0.04065 8.83395e-05 -861.891 273.193 5.02567 5.02595 0.196129 0.402942 1429870.0
293 0.04075 8.83399e-05 -861.895 273.191 5.02565 5.02583 0.125146 0.275955 1429720.0
292 0.04085 8.83397e-05 -861.895 273.184 5.02551 5.02558 0.0253345 0.0964629 1429480.0
291 0.04095 8.83397e-05 -861.895 273.191 5.02565 5.02586 0.130878 0.238811 1429760.0
290 0.04105 8.83395e-05 -861.891 273.191 5.02563 5.02586 0.159287 0.318833 1429770.0
289 0.04115 8.83396e-05 -861.895 273.186 5.02555 5.02564 0.014622 0.142364 1429510.0
288 0.04125 8.83401e-05 -861.894 273.184 5.02554 5.0257 0.0237906 0.186216 1429560.0
287 0.04135 8.83397e-05 -861.892 273.185 5.02554 5.02575 -0.026537 0.0924391 1429480.0
286 0.04145 8.83403e-05 -861.893 273.186 5.02559 5.02579 -0.00784733 0.115053 1429550.0
285 0.04155 8.83403e-05 -861.891 273.185 5.02556 5.02601 -0.00108021 0.19769 1429630.0
284 0.04165 8.83402e-05 -861.893 273.183 5.02553 5.02583 -0.0784825 0.0737727 1429440.0
283 0.04175 8.83408e-05 -861.892 273.185 5.02559 5.02601 -0.00251782 0.25045 1429620.0
282 0.04185 8.8339e-05 -861.9 273.174 5.02529 5.0252 -0.233554 -0.239877 1429030.0
281 0.04195 8.83398e-05 -861.895 273.177 5.02539 5.0255 -0.169444 -0.0613605 1429270.0
280 0.04205 8.83402e-05 -861.899 273.179 5.02546 5.02548 -0.111579 -0.0219729 1429310.0
279 0.04215 8.83405e-05 -861.893 273.185 5.02559 5.0258 -0.0155735 0.169036 1429590.0
278 0.04225 8.83415e-05 -861.885 273.198 5.02588 5.02654 0.231587 0.597504 1430230.0
277 0.04235 8.83406e-05 -861.888 273.19 5.02569 5.02592 0.0935175 0.340049 1429840.0
276 0.04245 8.83413e-05 -861.891 273.19 5.02573 5.02596 0.0952076 0.275193 1429830.0
275 0.04255 8.83413e-05 -861.888 273.195 5.02581 5.02605 0.162009 0.40582 1430020.0
274 0.04265 8.83409e-05 -861.895 273.185 5.0256 5.02552 0.00503037 0.112119 1429530.0
273 0.04275 8.83406e-05 -861.893 273.192 5.02572 5.02579 0.0877662 0.32306 1429810.0
272 0.04285 8.834e-05 -861.902 273.178 5.02543 5.02503 -0.120281 -0.128787 1429190.0
271 0.04295 8.83404e-05 -861.897 273.18 5.02549 5.02528 -0.108683 -0.0141367 1429310.0
270 0.04305 8.83408e-05 -861.898 273.181 5.02553 5.02534 0.0134131 0.138059 1429450.0
269 0.04315 8.83404e-05 -861.901 273.184 5.02555 5.02529 -0.00665001 0.0659228 1429420.0
268 0.04325 8.834e-05 -861.898 273.183 5.02551 5.02528 -0.0376749 0.0389155 1429380.0
267 0.04335 8.83405e-05 -861.894 273.187 5.02561 5.02559 0.0245723 0.242995 1429550.0
266 0.04345 8.83402e-05 -861.9 273.183 5.02553 5.02532 -0.0355664 0.0854871 1429390.0
265 0.04355 8.83397e-05 -861.907 273.178 5.02542 5.02497 -0.10752 -0.131902 1429150.0
264 0.04365 8.83388e-05 -861.907 273.174 5.02529 5.0246 -0.17982 -0.263236 1428980.0
263 0.04375 8.83387e-05 -861.909 273.169 5.0252 5.02462 -0.27877 -0.312183 1428850.0
262 0.04385 8.83387e-05 -861.906 273.173 5.02527 5.02472 -0.208237 -0.247885 1428930.0
261 0.04395 8.83398e-05 -861.902 273.177 5.02539 5.02503 -0.184922 -0.157672 1429090.0
260 0.04405 8.83399e-05 -861.901 273.176 5.02539 5.02496 -0.154246 -0.205959 1429070.0
259 0.04415 8.83401e-05 -861.898 273.185 5.02555 5.02543 -0.0222823 0.0478528 1429440.0
258 0.04425 8.83403e-05 -861.896 273.184 5.02555 5.02542 -0.0143722 0.0943367 1429430.0
257 0.04435 8.83415e-05 -861.892 273.188 5.0257 5.02584 0.101113 0.306086 1429750.0
256 0.04445 8.83405e-05 -861.89 273.192 5.02571 5.02587 0.102806 0.302351 1429760.0
255 0.04455 8.83403e-05 -861.899 273.183 5.02553 5.02526 -0.0146359 0.0168885 1429340.0
254 0.04465 8.83408e-05 -861.895 273.186 5.02562 5.02556 -0.00165608 0.0150646 1429500.0
253 0.04475 8.83402e-05 -861.898 273.178 5.02544 5.02518 -0.153576 -0.210273 1429170.0
252 0.04485 8.83403e-05 -861.897 273.185 5.02558 5.0255 -0.0299863 0.0309059 1429480.0
251 0.04495 8.83404e-05 -861.889 273.192 5.02571 5.02588 0.139079 0.367603 1429900.0
250 0.04505 8.83404e-05 -861.897 273.187 5.02561 5.02547 -0.00932728 0.108424 1429550.0
249 0.04515 8.83408e-05 -861.89 273.188 5.02565 5.02564 0.0613673 0.144394 1429690.0
248 0.04525 8.83409e-05 -861.89 273.192 5.02573 5.02578 0.0958637 0.231166 1429790.0
247 0.04535 8.83414e-05 -861.894 273.188 5.02569 5.02555 0.0411121 0.0653091 1429590.0
246 0.04545 8.83399e-05 -861.9 273.183 5.02552 5.0252 -0.0699154 -0.101701 1429320.0
245 0.04555 8.83405e-05 -861.895 273.188 5.02564 5.02545 0.0334082 0.109536 1429560.0
244 0.04565 8.83407e-05 -861.899 273.183 5.02557 5.02529 -0.0720088 -0.0768009 1429340.0
243 0.04575 8.83403e-05 -861.899 273.182 5.02552 5.02516 -0.102757 -0.165626 1429240.0
242 0.04585 8.8341e-05 -861.892 273.193 5.02577 5.02578 0.146453 0.27643 1429820.0
241 0.04595 8.83407e-05 -861.898 273.185 5.0256 5.02539 -0.0143041 -0.0173601 1429510.0
240 0.04605 8.83393e-05 -861.9 273.184 5.02549 5.02519 -0.058439 -0.0513399 1429410.0
239 0.04615 8.83398e-05 -861.898 273.182 5.02549 5.02534 -0.0847161 0.0104272 1429400.0
238 0.04625 8.83405e-05 -861.9 273.182 5.02552 5.02531 -0.0567403 0.0382107 1429430.0
237 0.04635 8.834e-05 -861.896 273.19 5.02564 5.02552 0.0656442 0.205319 1429710.0
236 0.04645 8.83404e-05 -861.892 273.193 5.02572 5.02564 0.142054 0.247566 1429790.0
235 0.04655 8.83408e-05 -861.893 273.19 5.02569 5.02566 0.0729376 0.185978 1429710.0
234 0.04665 8.83419e-05 -861.881 273.204 5.02601 5.02654 0.316179 0.668919 1430310.0
233 0.04675 8.83414e-05 -861.883 273.202 5.02594 5.02644 0.265851 0.545402 1430200.0
232 0.04685 8.83418e-05 -861.884 273.199 5.02591 5.02631 0.245064 0.53553 1430100.0
231 0.04695 8.83413e-05 -861.893 273.19 5.02572 5.02576 0.0747005 0.266565 1429610.0
230 0.04705 8.83408e-05 -861.894 273.19 5.02569 5.02557 0.0428806 0.167536 1429530.0
229 0.04715 8.83404e-05 -861.895 273.189 5.02564 5.02554 0.0205343 0.158926 1429490.0
228 0.04725 8.83408e-05 -861.897 273.186 5.02563 5.02557 0.043561 0.176056 1429530.0
227 0.04735 8.83404e-05 -861.895 273.19 5.02567 5.02557 0.0633806 0.173007 1429570.0
226 0.04745 8.83408e-05 -861.894 273.188 5.02566 5.02546 0.0519483 0.118842 1429480.0
225 0.04755 8.83404e-05 -861.903 273.18 5.02548 5.02492 -0.154078 -0.301276 1429010.0
224 0.04765 8.83406e-05 -861.902 273.182 5.02553 5.02496 -0.0695967 -0.253931 1429160.0
223 0.04775 8.83405e-05 -861.896 273.186 5.02561 5.02527 0.0284107 -0.0523866 1429380.0
222 0.04785 8.83409e-05 -861.897 273.186 5.02562 5.0253 0.0207401 0.0120121 1429410.0
221 0.04795 8.83407e-05 -861.896 273.19 5.02569 5.02532 0.121227 0.150688 1429580.0
220 0.04805 8.83408e-05 -861.9 273.189 5.02567 5.02526 0.090614 0.169607 1429530.0
219 0.04815 8.83409e-05 -861.892 273.196 5.0258 5.02575 0.215909 0.488855 1429870.0
218 0.04825 8.83411e-05 -861.894 273.188 5.02567 5.02538 0.0946056 0.216049 1429520.0
217 0.04835 8.83399e-05 -861.907 273.178 5.02541 5.0246 -0.13213 -0.241418 1428900.0
216 0.04845 8.834e-05 -861.907 273.176 5.0254 5.0246 -0.115209 -0.22929 1428970.0
215 0.04855 8.83406e-05 -861.906 273.178 5.02546 5.02462 -0.0901762 -0.192503 1429010.0
214 0.04865 8.83409e-05 -861.898 273.188 5.02566 5.02506 0.0590023 0.0621165 1429350.0
213 0.04875 8.83398e-05 -861.909 273.177 5.02539 5.02438 -0.140046 -0.34732 1428870.0
212 0.04885 8.83407e-05 -861.902 273.182 5.02553 5.02489 -0.00462756 -0.0354598 1429180.0
211 0.04895 8.83412e-05 -861.899 273.184 5.0256 5.02512 0.0474908 0.0501947 1429320.0
210 0.04905 8.83405e-05 -861.899 273.182 5.02552 5.02496 -0.0260509 -0.050959 1429190.0
209 0.04915 8.83399e-05 -861.905 273.179 5.02543 5.02471 -0.079427 -0.167535 1429040.0
208 0.04925 8.83399e-05 -861.904 273.176 5.02538 5.02455 -0.145847 -0.291913 1428820.0
207 0.04935 8.83405e-05 -861.905 273.18 5.02549 5.02467 -0.0366925 -0.155473 1429000.0
206 0.04945 8.83409e-05 -861.9 273.187 5.02564 5.0251 0.0722575 0.0481439 1429300.0
205 0.04955 8.83402e-05 -861.905 273.181 5.0255 5.0247 0.020483 -0.096919 1429070.0
204 0.04965 8.83414e-05 -861.895 273.191 5.02574 5.02526 0.122723 0.122113 1429410.0
203 0.04975 8.83411e-05 -861.9 273.184 5.0256 5.02501 0.0714903 0.0573003 1429280.0
202 0.04985 8.83414e-05 -861.895 273.189 5.02571 5.02536 0.192928 0.342699 1429600.0
201 0.04995 8.83407e-05 -861.9 273.183 5.02556 5.02498 0.0683239 0.0978888 1429270.0
200 0.05005 8.83409e-05 -861.9 273.179 5.0255 5.02484 -0.0515944 -0.0752156 1429100.0
199 0.05015 8.83411e-05 -861.901 273.178 5.02548 5.02495 -0.0318528 0.0077972 1429200.0
198 0.05025 8.83416e-05 -861.896 273.187 5.02569 5.02531 0.0572367 0.159314 1429460.0
197 0.05035 8.83415e-05 -861.899 273.182 5.02559 5.02506 -0.0295076 0.0283585 1429220.0
196 0.05045 8.83417e-05 -861.897 273.183 5.02562 5.02525 0.0480182 0.117966 1429370.0
195 0.05055 8.83416e-05 -861.891 273.19 5.02574 5.02547 0.127569 0.273063 1429550.0
194 0.05065 8.83418e-05 -861.898 273.185 5.02565 5.0252 0.0168726 0.0838009 1429330.0
193 0.05075 8.83423e-05 -861.888 273.194 5.02585 5.02568 0.205024 0.475981 1429800.0
192 0.05085 8.83426e-05 -861.887 273.195 5.02589 5.02582 0.224029 0.490983 1429830.0
191 0.05095 8.83423e-05 -861.889 273.189 5.02576 5.0255 0.144133 0.274633 1429620.0
190 0.05105 8.8342e-05 -861.893 273.188 5.02572 5.02545 0.0329865 0.127657 1429490.0
189 0.05115 8.8342e-05 -861.893 273.187 5.02571 5.02534 0.0533935 0.17524 1429390.0
188 0.05125 8.83412e-05 -861.899 273.182 5.02557 5.02509 -0.0232073 -0.00643737 1429200.0
187 0.05135 8.8342e-05 -861.894 273.183 5.02564 5.02523 -0.00816239 0.0339777 1429250.0
186 0.05145 8.83422e-05 -861.892 273.189 5.02576 5.02555 0.127595 0.202094 1429540.0
185 0.05155 8.83417e-05 -861.897 273.183 5.02561 5.02515 -0.0320019 -0.0843214 1429180.0
184 0.05165 8.83414e-05 -861.898 273.183 5.02559 5.02504 -0.0339059 -0.091609 1429100.0
183 0.05175 8.83416e-05 -861.899 273.183 5.02561 5.02512 -0.0400107 -0.121625 1429110.0
182 0.05185 8.83423e-05 -861.885 273.199 5.02593 5.02605 0.273339 0.506994 1429850.0
181 0.05195 8.83419e-05 -861.887 273.197 5.02588 5.02581 0.206458 0.443758 1429660.0
180 0.05205 8.83424e-05 -861.893 273.19 5.02579 5.02549 0.110929 0.272937 1429410.0
179 0.05215 8.83419e-05 -861.894 273.195 5.02584 5.02542 0.203166 0.340476 1429500.0
178 0.05225 8.83415e-05 -861.895 273.196 5.02584 5.02532 0.217881 0.303845 1429520.0
177 0.05235 8.83411e-05 -861.899 273.191 5.02573 5.02505 0.124794 0.205897 1429260.0
176 0.05245 8.8342e-05 -861.899 273.192 5.0258 5.02524 0.117398 0.237365 1429300.0
175 0.05255 8.83412e-05 -861.896 273.194 5.02578 5.02532 0.197043 0.375346 1429400.0
174 0.05265 8.83419e-05 -861.891 273.198 5.0259 5.02562 0.251732 0.509193 1429640.0
173 0.05275 8.83416e-05 -861.897 273.194 5.02581 5.02527 0.162286 0.256496 1429380.0
172 0.05285 8.8341e-05 -861.893 273.2 5.02589 5.02549 0.286571 0.396359 1429640.0
171 0.05295 8.83416e-05 -861.894 273.199 5.02591 5.02542 0.231398 0.343189 1429510.0
170 0.05305 8.83416e-05 -861.894 273.198 5.02588 5.02533 0.235063 0.323268 1429480.0
169 0.05315 8.8341e-05 -861.898 273.193 5.02575 5.02512 0.191559 0.246763 1429350.0
168 0.05325 8.83411e-05 -861.898 273.199 5.02587 5.02517 0.20108 0.244799 1429420.0
167 0.05335 8.83412e-05 -861.902 273.192 5.02576 5.0249 0.130631 0.0766024 1429190.0
166 0.05345 8.83402e-05 -861.906 273.19 5.02565 5.02449 0.0681322 -0.0530449 1429010.0
165 0.05355 8.83397e-05 -861.912 273.181 5.02546 5.02403 -0.0840127 -0.384356 1428640.0
164 0.05365 8.83404e-05 -861.903 273.192 5.02571 5.02466 0.17255 0.0849704 1429190.0
163 0.05375 8.83402e-05 -861.904 273.19 5.02566 5.02456 0.103184 -0.0177973 1429070.0
162 0.05385 8.83404e-05 -861.905 273.19 5.02566 5.02467 0.0850133 -0.0204559 1429040.0
161 0.05395 8.83398e-05 -861.902 273.19 5.02564 5.02474 0.0776801 0.0329787 1429000.0
160 0.05405 8.83405e-05 -861.904 273.189 5.02565 5.02469 0.0419408 -0.092533 1428920.0
159 0.05415 8.83408e-05 -861.896 273.196 5.0258 5.0251 0.139332 0.162166 1429200.0
158 0.05425 8.83409e-05 -861.894 273.199 5.02585 5.02544 0.25652 0.426476 1429480.0
157 0.05435 8.83416e-05 -861.891 273.2 5.02592 5.02549 0.259787 0.41354 1429560.0
156 0.05445 8.83414e-05 -861.891 273.202 5.02595 5.02568 0.29233 0.509098 1429680.0
155 0.05455 8.83413e-05 -861.888 273.2 5.0259 5.02569 0.266117 0.393083 1429600.0
154 0.05465 8.83415e-05 -861.892 273.2 5.02591 5.0256 0.224606 0.303187 1429490.0
153 0.05475 8.83416e-05 -861.887 273.204 5.026 5.02597 0.360352 0.564338 1429790.0
152 0.05485 8.83406e-05 -861.894 273.196 5.02579 5.02524 0.147268 0.118266 1429240.0
151 0.05495 8.83402e-05 -861.899 273.191 5.02567 5.02499 0.0636475 0.00677092 1429060.0
150 0.05505 8.83404e-05 -861.901 273.184 5.02556 5.0247 -0.113304 -0.279962 1428740.0
149 0.05515 8.83416e-05 -861.895 273.192 5.02578 5.02533 0.0965325 0.161316 1429310.0
148 0.05525 8.83413e-05 -861.889 273.198 5.02587 5.02561 0.193121 0.293762 1429480.0
147 0.05535 8.83421e-05 -861.891 273.199 5.02593 5.02565 0.198518 0.281594 1429550.0
146 0.05545 8.83422e-05 -861.886 273.206 5.02606 5.02593 0.337111 0.523859 1429810.0
145 0.05555 8.83424e-05 -861.886 273.203 5.02602 5.02597 0.291873 0.493499 1429750.0
144 0.05565 8.8342e-05 -861.891 273.198 5.02591 5.02561 0.165657 0.23758 1429380.0
143 0.05575 8.83418e-05 -861.891 273.199 5.02592 5.02565 0.201345 0.228051 1429410.0
142 0.05585 8.83424e-05 -861.886 273.201 5.02598 5.02587 0.215393 0.277644 1429540.0
141 0.05595 8.83424e-05 -861.887 273.201 5.02598 5.02589 0.263122 0.346443 1429610.0
140 0.05605 8.83426e-05 -861.888 273.201 5.02599 5.02586 0.22821 0.337637 1429540.0
139 0.05615 8.83429e-05 -861.887 273.204 5.02607 5.02602 0.25403 0.433897 1429660.0
138 0.05625 8.83436e-05 -861.881 273.205 5.02613 5.02625 0.296399 0.558399 1429730.0
137 0.05635 8.83443e-05 -861.873 273.215 5.02634 5.02673 0.431308 0.785789 1430090.0
136 0.05645 8.83446e-05 -861.88 273.206 5.02621 5.0264 0.318986 0.547627 1429810.0
135 0.05655 8.83434e-05 -861.883 273.206 5.02613 5.02627 0.27776 0.476373 1429730.0
134 0.05665 8.83432e-05 -861.89 273.197 5.02597 5.02577 0.129052 0.203778 1429310.0
133 0.05675 8.83422e-05 -861.893 273.193 5.02583 5.02541 0.0744854 0.0148948 1429070.0
132 0.05685 8.83423e-05 -861.893 273.194 5.02585 5.02548 0.116364 0.140992 1429120.0
131 0.05695 8.83422e-05 -861.895 273.196 5.02588 5.02554 0.140283 0.16032 1429230.0
130 0.05705 8.83425e-05 -861.896 273.195 5.02589 5.02534 0.140741 0.0499891 1429130.0
129 0.05715 8.83414e-05 -861.899 273.19 5.02572 5.02503 0.0402833 -0.0931765 1428900.0
128 0.05725 8.83415e-05 -861.893 273.197 5.02585 5.02548 0.214289 0.2831 1429340.0
127 0.05735 8.83419e-05 -861.89 273.203 5.026 5.02587 0.319021 0.466312 1429610.0
126 0.05745 8.83414e-05 -861.892 273.203 5.02597 5.02554 0.319851 0.364579 1429500.0
125 0.05755 8.83404e-05 -861.903 273.195 5.02576 5.02496 0.168036 0.0828773 1429110.0
124 0.05765 8.83401e-05 -861.905 273.192 5.02569 5.02483 0.136027 0.0201608 1428990.0
123 0.05775 8.83408e-05 -861.9 273.198 5.02583 5.02517 0.242168 0.248521 1429240.0
122 0.05785 8.83399e-05 -861.903 273.193 5.02569 5.02494 0.163403 0.129528 1429060.0
121 0.05795 8.83403e-05 -861.9 273.193 5.02572 5.02515 0.195443 0.249409 1429150.0
120 0.05805 8.83403e-05 -861.896 273.198 5.02581 5.02543 0.209056 0.321824 1429270.0
119 0.05815 8.8341e-05 -861.895 273.197 5.02582 5.02559 0.236634 0.431788 1429330.0
118 0.05825 8.834e-05 -861.898 273.192 5.02569 5.02525 0.142029 0.254528 1429060.0
117 0.05835 8.83402e-05 -861.894 273.2 5.02584 5.02563 0.277249 0.51666 1429440.0
116 0.05845 8.83403e-05 -861.901 273.188 5.02562 5.02487 0.0996776 0.112401 1428850.0
115 0.05855 8.83394e-05 -861.902 273.191 5.02562 5.02487 0.0611836 -0.0228508 1428810.0
114 0.05865 8.83391e-05 -861.904 273.188 5.02557 5.02465 0.0815362 -0.0565139 1428780.0
113 0.05875 8.83395e-05 -861.904 273.188 5.02558 5.02472 0.0827682 0.000804265 1428780.0
112 0.05885 8.83395e-05 -861.904 273.19 5.02561 5.02472 0.0975044 0.0208687 1428760.0
111 0.05895 8.834e-05 -861.896 273.197 5.02578 5.02518 0.185758 0.252706 1429030.0
110 0.05905 8.83399e-05 -861.896 273.196 5.02575 5.02516 0.22249 0.240844 1429080.0
109 0.05915 8.83399e-05 -861.897 273.2 5.02582 5.02523 0.221938 0.304461 1429120.0
108 0.05925 8.83398e-05 -861.898 273.197 5.02577 5.02515 0.258834 0.36978 1429120.0
107 0.05935 8.83403e-05 -861.899 273.196 5.02578 5.02506 0.191606 0.213096 1429010.0
106 0.05945 8.83398e-05 -861.901 273.193 5.02569 5.02491 0.154562 0.143061 1428980.0
105 0.05955 8.834e-05 -861.9 273.2 5.02582 5.02506 0.268328 0.328068 1429210.0
104 0.05965 8.83412e-05 -861.889 273.204 5.02597 5.02567 0.356252 0.647619 1429560.0
103 0.05975 8.83417e-05 -861.891 273.204 5.026 5.02578 0.326354 0.699209 1429590.0
102 0.05985 8.83415e-05 -861.889 273.202 5.02596 5.02566 0.311381 0.615098 1429480.0
101 0.05995 8.83414e-05 -861.891 273.201 5.02593 5.0256 0.307445 0.576497 1429500.0
100 0.06005 8.83416e-05 -861.887 273.207 5.02604 5.02596 0.358586 0.702663 1429680.0
99 0.06015 8.83417e-05 -861.894 273.198 5.02589 5.02546 0.236478 0.432142 1429320.0
98 0.06025 8.83405e-05 -861.9 273.191 5.02569 5.02496 0.0994507 0.154291 1428990.0
97 0.06035 8.83408e-05 -861.899 273.192 5.02573 5.02502 0.129068 0.215569 1429080.0
96 0.06045 8.83399e-05 -861.906 273.188 5.02561 5.02472 0.0580141 0.0556464 1428880.0
95 0.06055 8.83412e-05 -861.897 273.197 5.02584 5.02521 0.195516 0.298717 1429260.0
94 0.06065 8.83414e-05 -861.894 273.199 5.02589 5.02535 0.227722 0.414419 1429400.0
93 0.06075 8.83413e-05 -861.895 273.196 5.02582 5.02523 0.2193 0.380065 1429390.0
92 0.06085 8.83411e-05 -861.897 273.201 5.02591 5.02529 0.276592 0.498883 1429520.0
91 0.06095 8.83415e-05 -861.899 273.198 5.02588 5.02505 0.27651 0.385495 1429460.0
90 0.06105 8.83401e-05 -861.904 273.188 5.02562 5.02441 0.0250332 -0.00653447 1428900.0
89 0.06115 8.83401e-05 -861.911 273.176 5.02539 5.02399 -0.164605 -0.294047 1428420.0
88 0.06125 8.834e-05 -861.906 273.186 5.02557 5.02443 -0.0707052 -0.0648598 1428800.0
87 0.06135 8.83384e-05 -861.91 273.181 5.02538 5.02407 -0.126033 -0.229419 1428540.0
86 0.06145 8.83404e-05 -861.909 273.185 5.02557 5.02434 -0.0530953 -0.0694274 1428690.0
85 0.06155 8.83391e-05 -861.909 273.183 5.02547 5.02425 -0.0539729 -0.0517902 1428620.0
84 0.06165 8.83396e-05 -861.904 273.191 5.02564 5.0247 0.0928317 0.197101 1429020.0
83 0.06175 8.83401e-05 -861.902 273.195 5.02573 5.025 0.174808 0.405003 1429180.0
82 0.06185 8.83399e-05 -861.906 273.186 5.02557 5.02446 0.0156657 0.0454679 1428780.0
81 0.06195 8.83405e-05 -861.907 273.187 5.02561 5.02458 0.0363586 0.0820305 1428870.0
80 0.06205 8.83406e-05 -861.901 273.196 5.02579 5.02497 0.212301 0.365965 1429240.0
79 0.06215 8.83411e-05 -861.895 273.201 5.0259 5.02541 0.307473 0.600512 1429560.0
78 0.06225 8.8341e-05 -861.897 273.195 5.0258 5.02517 0.186449 0.430626 1429240.0
77 0.06235 8.83407e-05 -861.905 273.187 5.02563 5.02471 0.0331968 0.0377666 1428850.0
76 0.06245 8.8341e-05 -861.899 273.193 5.02575 5.02499 0.132493 0.204078 1429080.0
75 0.06255 8.83412e-05 -861.899 273.192 5.02575 5.02513 0.1022 0.295656 1429060.0
74 0.06265 8.83402e-05 -861.901 273.186 5.02559 5.02474 0.0411176 0.1207 1428840.0
73 0.06275 8.83404e-05 -861.904 273.186 5.0256 5.02462 -0.0423184 -0.107821 1428640.0
72 0.06285 8.8342e-05 -861.896 273.194 5.02583 5.02524 0.135209 0.263068 1429080.0
71 0.06295 8.83424e-05 -861.886 273.203 5.02603 5.02576 0.342998 0.567193 1429540.0
70 0.06305 8.83417e-05 -861.896 273.192 5.02578 5.02516 0.141717 0.207258 1429070.0
69 0.06315 8.83418e-05 -861.903 273.189 5.02573 5.02479 0.0257212 -0.0232377 1428740.0
68 0.06325 8.83418e-05 -861.892 273.199 5.02592 5.02538 0.24939 0.402614 1429300.0
67 0.06335 8.83427e-05 -861.893 273.2 5.02598 5.02557 0.290675 0.542073 1429420.0
66 0.06345 8.83427e-05 -861.884 273.21 5.02617 5.02621 0.507401 1.0193 1429940.0
65 0.06355 8.83421e-05 -861.892 273.2 5.02595 5.02556 0.277011 0.544618 1429380.0
64 0.06365 8.83415e-05 -861.898 273.191 5.02576 5.02503 0.147056 0.238662 1428940.0
63 0.06375 8.83418e-05 -861.896 273.196 5.02586 5.02528 0.251628 0.38589 1429160.0
62 0.06385 8.83421e-05 -861.888 273.205 5.02604 5.02582 0.336324 0.693896 1429520.0
61 0.06395 8.83423e-05 -861.889 273.198 5.02593 5.02563 0.228609 0.55552 1429230.0
60 0.06405 8.83416e-05 -861.891 273.2 5.02592 5.02556 0.24617 0.491841 1429210.0
59 0.06415 8.83422e-05 -861.889 273.202 5.02599 5.02581 0.33659 0.668288 1429420.0
58 0.06425 8.83419e-05 -861.885 273.21 5.02612 5.02603 0.437147 0.782894 1429630.0
57 0.06435 8.83424e-05 -861.888 273.207 5.0261 5.02596 0.391375 0.735588 1429510.0
56 0.06445 8.83417e-05 -861.888 273.207 5.02605 5.02589 0.414639 0.778054 1429490.0
55 0.06455 8.83415e-05 -861.894 273.205 5.02602 5.02565 0.373123 0.655076 1429320.0
54 0.06465 8.83424e-05 -861.893 273.203 5.02602 5.02559 0.361612 0.659871 1429260.0
53 0.06475 8.83416e-05 -861.887 273.211 5.02612 5.02586 0.484565 0.944437 1429530.0
52 0.06485 8.83415e-05 -861.893 273.21 5.0261 5.0258 0.485473 0.961538 1429520.0
51 0.06495 8.8342e-05 -861.892 273.206 5.02606 5.02563 0.419149 0.845234 1429290.0
50 0.06505 8.8342e-05 -861.895 273.201 5.02596 5.0255 0.285332 0.671506 1429080.0
49 0.06515 8.83423e-05 -861.89 273.207 5.02608 5.02575 0.446456 0.927173 1429330.0
48 0.06525 8.83416e-05 -861.892 273.211 5.02613 5.02563 0.480337 0.923751 1429350.0
47 0.06535 8.8342e-05 -861.895 273.203 5.02599 5.02546 0.384352 0.743727 1429120.0
46 0.06545 8.83418e-05 -861.892 273.209 5.02609 5.02571 0.464973 0.962445 1429330.0
45 0.06555 8.83425e-05 -861.886 273.216 5.02627 5.0262 0.588401 1.2044 1429680.0
44 0.06565 8.83426e-05 -861.887 273.212 5.02621 5.02613 0.4978 1.10043 1429460.0
43 0.06575 8.83419e-05 -861.889 273.208 5.02608 5.02587 0.445297 0.932128 1429330.0
42 0.06585 8.83426e-05 -861.891 273.207 5.02611 5.02583 0.437821 0.89596 1429280.0
41 0.06595 8.83411e-05 -861.899 273.198 5.02586 5.02514 0.234365 0.479435 1428750.0
40 0.06605 8.83402e-05 -861.906 273.188 5.02562 5.02449 0.0849763 0.194895 1428280.0
39 0.06615 8.83409e-05 -861.905 273.194 5.02577 5.02485 0.195709 0.402897 1428630.0
38 0.06625 8.8341e-05 -861.898 273.199 5.02587 5.02512 0.263614 0.568999 1428800.0
37 0.06635 8.83414e-05 -861.898 273.201 5.02593 5.02526 0.314764 0.602724 1428900.0
36 0.06645 8.83409e-05 -861.896 273.202 5.02592 5.02528 0.334308 0.665739 1428930.0
35 0.06655 8.83418e-05 -861.897 273.201 5.02595 5.02544 0.350726 0.670185 1428980.0
34 0.06665 8.83412e-05 -861.899 273.199 5.02588 5.02525 0.304591 0.596035 1428810.0
33 0.06675 8.83414e-05 -861.899 273.198 5.02587 5.02516 0.266529 0.561799 1428740.0
32 0.06685 8.8341e-05 -861.899 273.196 5.02581 5.02507 0.261649 0.513244 1428740.0
31 0.06695 8.83407e-05 -861.898 273.202 5.02591 5.02529 0.340394 0.609194 1428880.0
30 0.06705 8.83411e-05 -861.899 273.199 5.02588 5.02526 0.360808 0.641191 1428840.0
29 0.06715 8.83406e-05 -861.899 273.197 5.02581 5.02517 0.280242 0.526381 1428660.0
28 0.06725 8.83413e-05 -861.895 273.204 5.02598 5.02555 0.415907 0.753463 1428990.0
27 0.06735 8.83414e-05 -861.893 273.206 5.02603 5.02568 0.448831 0.816848 1429060.0
26 0.06745 8.83409e-05 -861.898 273.197 5.02583 5.02527 0.267416 0.560443 1428690.0
25 0.06755 8.83406e-05 -861.896 273.2 5.02587 5.02542 0.348879 0.727264 1428890.0
24 0.06765 8.83411e-05 -861.89 273.207 5.02603 5.02577 0.475762 1.01403 1429170.0
23 0.06775 8.83409e-05 -861.892 273.211 5.02608 5.02582 0.583296 1.11956 1429300.0
22 0.06785 8.83413e-05 -861.891 273.215 5.02617 5.0258 0.663553 1.18809 1429390.0
21 0.06795 8.83402e-05 -861.902 273.201 5.02587 5.02502 0.364902 0.687544 1428650.0
20 0.06805 8.83403e-05 -861.9 273.198 5.02582 5.02498 0.35523 0.666853 1428610.0
19 0.06815 8.834e-05 -861.904 273.201 5.02584 5.02491 0.350998 0.617219 1428610.0
18 0.06825 8.83403e-05 -861.903 273.2 5.02584 5.02485 0.32818 0.623839 1428580.0
17 0.06835 8.83391e-05 -861.907 273.193 5.02565 5.02445 0.268078 0.437083 1428360.0
16 0.06845 8.83408e-05 -861.899 273.203 5.02594 5.02507 0.395635 0.694939 1428720.0
15 0.06855 8.83402e-05 -861.898 273.203 5.0259 5.02513 0.437575 0.713212 1428710.0
14 0.06865 8.83418e-05 -861.895 273.207 5.02606 5.02546 0.48019 0.891665 1428880.0
13 0.06875 8.83418e-05 -861.891 273.212 5.02616 5.02579 0.58966 1.14292 1429150.0
12 0.06885 8.83416e-05 -861.892 273.213 5.02616 5.02575 0.547761 1.05614 1429070.0
11 0.06895 8.8341e-05 -861.895 273.206 5.02599 5.02537 0.474924 0.914132 1428740.0
10 0.06905 8.8341e-05 -861.9 273.204 5.02595 5.02525 0.407491 0.816465 1428610.0
9 0.06915 8.83419e-05 -861.892 273.209 5.02611 5.02554 0.517734 0.974304 1428840.0
8 0.06925 8.83416e-05 -861.895 273.21 5.0261 5.02558 0.49964 1.04269 1428870.0
7 0.06935 8.83409e-05 -861.894 273.211 5.02608 5.02547 0.532368 1.01338 1428860.0
6 0.06945 8.83418e-05 -861.892 273.214 5.02619 5.02567 0.622985 1.18985 1429060.0
5 0.06955 8.83408e-05 -861.895 273.214 5.02613 5.02563 0.627055 1.19632 1429100.0
4 0.06965 8.83415e-05 -861.897 273.206 5.02602 5.02516 0.46568 0.889107 1428650.0
3 0.06975 8.83409e-05 -861.898 273.214 5.02615 5.02547 0.595936 1.16523 1428980.0
2 0.06985 8.83409e-05 -861.894 273.215 5.02616 5.02561 0.644787 1.22717 1429030.0
1 0.06995 8.83419e-05 -861.897 273.211 5.02614 5.02555 0.526088 1.12247 1428870.0
