TITLE = "DSMC"
VARIABLES = "ID" "X" "rho" "v1" "Ttrans" "p" "p1" "q1" "mv1v1v1" "mvvv1v1"
ZONE T="Ma=2.8_inv", I=1000, J=1, K=1, F=POINT
1000 -0.02995 0.000255585 -297.926 901.363 47.9738 47.9663 1.04607 -0.201512 45017000.0
999 -0.02985 0.00025559 -297.919 901.338 47.9734 47.9656 0.368589 -1.39706 45015200.0
998 -0.02975 0.000255583 -297.926 901.346 47.9726 47.9655 0.600353 -0.383546 45015800.0
997 -0.02965 0.000255594 -297.916 901.29 47.9717 47.9668 -1.37808 -1.72232 45016400.0
996 -0.02955 0.000255612 -297.892 901.281 47.9746 47.9682 -2.26644 -3.40059 45016100.0
995 -0.02945 0.000255579 -297.933 901.303 47.9696 47.9651 -0.187083 0.906314 45014300.0
994 -0.02935 0.000255592 -297.915 901.306 47.9721 47.9666 -0.614851 -1.00993 45015300.0
993 -0.02925 0.000255595 -297.915 901.322 47.9735 47.9674 -0.322713 -1.63419 45016500.0
992 -0.02915 0.000255592 -297.913 901.294 47.9715 47.967 -1.06307 -1.6308 45015200.0
991 -0.02905 0.000255588 -297.921 901.295 47.9708 47.9664 -0.825463 -1.43476 45015000.0
990 -0.02895 0.000255591 -297.916 901.23 47.9679 47.9668 -2.74928 -2.27799 45014400.0
989 -0.02885 0.000255594 -297.911 901.204 47.9671 47.9668 -3.31591 -3.18192 45012800.0
988 -0.02875 0.00025559 -297.917 901.222 47.9674 47.9671 -2.82627 -2.3205 45012900.0
987 -0.02865 0.000255606 -297.897 901.228 47.9707 47.9682 -3.2446 -4.84688 45013400.0
986 -0.02855 0.000255602 -297.903 901.211 47.969 47.9675 -3.90781 -4.80573 45011600.0
985 -0.02845 0.00025559 -297.916 901.173 47.9648 47.9666 -3.88488 -2.55159 45010600.0
984 -0.02835 0.000255595 -297.912 901.204 47.9672 47.9669 -3.75022 -3.60404 45011600.0
983 -0.02825 0.000255596 -297.91 901.235 47.9691 47.9675 -2.62754 -2.9858 45013000.0
982 -0.02815 0.000255592 -297.914 901.256 47.9694 47.9668 -2.07092 -2.23857 45012800.0
981 -0.02805 0.000255613 -297.893 901.259 47.9735 47.9693 -3.24174 -4.66766 45014200.0
980 -0.02795 0.000255611 -297.891 901.26 47.9734 47.9683 -3.1044 -4.78986 45013700.0
979 -0.02785 0.000255586 -297.921 901.236 47.9674 47.9665 -2.06805 -0.765803 45012100.0
978 -0.02775 0.000255577 -297.933 901.276 47.9677 47.9653 -1.3068 -0.410797 45012900.0
977 -0.02765 0.00025558 -297.929 901.271 47.968 47.9656 -1.09991 -0.357287 45012600.0
976 -0.02755 0.000255603 -297.902 901.268 47.9721 47.9683 -2.48835 -2.84788 45014900.0
975 -0.02745 0.000255595 -297.911 901.335 47.9743 47.9673 -0.64169 -1.05897 45015700.0
974 -0.02735 0.000255584 -297.926 901.304 47.9705 47.9663 -0.764624 1.15118 45014700.0
973 -0.02725 0.00025558 -297.929 901.3 47.9696 47.966 -0.673225 1.54079 45014800.0
972 -0.02715 0.000255568 -297.942 901.315 47.9681 47.9654 0.3592 2.68078 45015000.0
971 -0.02705 0.000255573 -297.935 901.316 47.9691 47.9658 0.0522163 2.1468 45015200.0
970 -0.02695 0.000255594 -297.913 901.34 47.9744 47.9681 -0.029113 0.0976356 45017400.0
969 -0.02685 0.000255571 -297.936 901.302 47.968 47.9655 -0.323196 1.85277 45014100.0
968 -0.02675 0.000255577 -297.933 901.318 47.9699 47.9664 -0.182835 0.528189 45015000.0
967 -0.02665 0.000255582 -297.923 901.347 47.9725 47.9665 0.2771 -0.442457 45015500.0
966 -0.02655 0.000255597 -297.907 901.317 47.9737 47.9682 -1.26939 -3.24913 45015900.0
965 -0.02645 0.000255588 -297.916 901.311 47.9717 47.9677 -1.03109 -2.3566 45015000.0
964 -0.02635 0.000255564 -297.948 901.275 47.9652 47.9648 -0.46378 0.704115 45012200.0
963 -0.02625 0.000255579 -297.927 901.316 47.9703 47.9663 -0.327018 -1.65813 45013400.0
962 -0.02615 0.000255554 -297.957 901.359 47.9679 47.9645 1.93173 1.60116 45013800.0
961 -0.02605 0.000255541 -297.972 901.363 47.9657 47.9629 2.8933 3.5114 45012900.0
960 -0.02595 0.000255559 -297.951 901.337 47.9677 47.9646 1.35111 2.00508 45013800.0
959 -0.02585 0.000255566 -297.943 901.338 47.969 47.9652 0.984145 0.800322 45013800.0
958 -0.02575 0.000255584 -297.921 901.377 47.9744 47.9669 0.741754 -0.881719 45015300.0
957 -0.02565 0.000255572 -297.935 901.347 47.9705 47.966 0.719502 1.22354 45014100.0
956 -0.02555 0.000255564 -297.945 901.317 47.9676 47.9656 0.520464 1.84081 45014600.0
955 -0.02545 0.000255559 -297.949 901.348 47.9682 47.9651 1.78531 2.99662 45014500.0
954 -0.02535 0.000255547 -297.963 901.35 47.966 47.9638 2.0912 4.25887 45014100.0
953 -0.02525 0.000255578 -297.927 901.318 47.9701 47.9663 -0.345077 -0.459609 45015100.0
952 -0.02515 0.000255574 -297.933 901.309 47.969 47.9663 -0.385284 -0.314476 45015100.0
951 -0.02505 0.000255565 -297.939 901.31 47.9673 47.9652 0.154534 0.501873 45014000.0
950 -0.02495 0.000255567 -297.94 901.284 47.9664 47.9657 -0.70827 0.11001 45013800.0
949 -0.02485 0.000255566 -297.939 901.317 47.9678 47.9652 0.394565 0.686277 45014300.0
948 -0.02475 0.000255588 -297.915 901.278 47.9699 47.9677 -1.62862 -1.27629 45015300.0
947 -0.02465 0.000255557 -297.948 901.302 47.9653 47.9646 0.325481 2.3947 45013000.0
946 -0.02455 0.000255567 -297.939 901.27 47.9655 47.9653 -0.632504 1.01133 45012700.0
945 -0.02445 0.000255583 -297.92 901.256 47.9679 47.9669 -2.09337 -1.83671 45013800.0
944 -0.02435 0.000255579 -297.922 901.266 47.9677 47.9666 -1.55254 -1.45257 45014100.0
943 -0.02425 0.000255597 -297.902 901.321 47.9738 47.9688 -1.31302 -3.95206 45017000.0
942 -0.02415 0.000255586 -297.914 901.348 47.9732 47.9668 0.0376526 -2.3697 45015100.0
941 -0.02405 0.00025559 -297.908 901.322 47.9727 47.9681 -0.912857 -2.70445 45017100.0
940 -0.02395 0.000255593 -297.903 901.362 47.9754 47.968 -0.414168 -3.76 45016800.0
939 -0.02385 0.000255585 -297.915 901.33 47.9721 47.9676 -0.465124 -2.774 45016900.0
938 -0.02375 0.000255574 -297.929 901.271 47.967 47.9662 -1.45771 -1.82025 45015000.0
937 -0.02365 0.000255561 -297.94 901.33 47.9677 47.965 0.763017 0.264743 45014600.0
936 -0.02355 0.000255574 -297.928 901.34 47.9706 47.9661 0.198306 -1.19197 45014700.0
935 -0.02345 0.00025557 -297.93 901.349 47.9703 47.9659 0.802398 -0.340735 45014300.0
934 -0.02335 0.000255552 -297.949 901.298 47.9642 47.9643 0.38407 1.97649 45012600.0
933 -0.02325 0.000255547 -297.956 901.37 47.9671 47.9648 2.44068 3.61226 45015100.0
932 -0.02315 0.000255556 -297.943 901.375 47.9692 47.9647 1.75145 1.35503 45014200.0
931 -0.02305 0.00025558 -297.918 901.338 47.9715 47.9675 -0.117002 -1.44941 45015100.0
930 -0.02295 0.000255569 -297.93 901.353 47.9703 47.9665 0.497811 0.162981 45014000.0
929 -0.02285 0.000255563 -297.932 901.348 47.969 47.9662 1.07278 1.24074 45013700.0
928 -0.02275 0.000255556 -297.944 901.308 47.9656 47.9656 0.447139 1.5845 45013300.0
927 -0.02265 0.000255556 -297.939 901.326 47.9665 47.966 0.749428 1.44366 45014700.0
926 -0.02255 0.000255578 -297.919 901.295 47.969 47.9676 -1.0902 -1.86833 45015300.0
925 -0.02245 0.000255554 -297.941 901.319 47.9658 47.966 0.286309 1.09893 45014800.0
924 -0.02235 0.000255578 -297.915 901.259 47.967 47.9679 -2.61801 -1.44875 45014900.0
923 -0.02225 0.00025556 -297.935 901.239 47.9627 47.9663 -1.7009 1.77477 45013500.0
922 -0.02215 0.000255542 -297.958 901.34 47.9645 47.9642 2.05849 4.83688 45014500.0
921 -0.02205 0.000255563 -297.933 901.307 47.9667 47.966 -0.727554 1.93456 45014800.0
920 -0.02195 0.000255559 -297.935 901.363 47.9691 47.9659 1.14515 3.0126 45016500.0
919 -0.02185 0.000255576 -297.919 901.32 47.9699 47.9669 -1.06111 0.00237507 45015800.0
918 -0.02175 0.000255582 -297.908 901.365 47.9735 47.9681 -0.1837 -0.268865 45017900.0
917 -0.02165 0.000255582 -297.91 901.34 47.972 47.9677 -0.689023 -0.034734 45016700.0
916 -0.02155 0.000255586 -297.904 901.356 47.9737 47.9681 -0.833096 -1.03502 45017100.0
915 -0.02145 0.000255587 -297.902 901.385 47.9754 47.9683 0.123635 -1.08678 45017800.0
914 -0.02135 0.000255594 -297.894 901.378 47.9764 47.9688 -0.183571 -1.04679 45017600.0
913 -0.02125 0.000255589 -297.899 901.348 47.9738 47.9682 -0.846248 -0.245479 45016000.0
912 -0.02115 0.000255584 -297.908 901.362 47.9736 47.9677 -0.164212 0.543448 45016800.0
911 -0.02105 0.000255585 -297.902 901.293 47.9703 47.9679 -1.57525 0.888554 45015600.0
910 -0.02095 0.00025558 -297.91 901.327 47.971 47.9676 -0.724705 1.40987 45016600.0
909 -0.02085 0.000255574 -297.916 901.34 47.9706 47.9673 -0.0126204 1.75468 45016600.0
908 -0.02075 0.000255588 -297.899 901.329 47.9727 47.9688 -1.15106 0.442461 45016700.0
907 -0.02065 0.000255572 -297.918 901.332 47.9698 47.9667 -0.322588 2.64158 45014700.0
906 -0.02055 0.000255573 -297.915 901.299 47.9682 47.9675 -0.826685 2.08773 45016600.0
905 -0.02045 0.000255579 -297.909 901.376 47.9734 47.9676 0.0767901 0.9035 45017600.0
904 -0.02035 0.000255587 -297.898 901.364 47.9743 47.9687 -0.501893 0.378906 45018600.0
903 -0.02025 0.000255596 -297.889 901.359 47.9757 47.9696 -0.651093 0.219548 45020000.0
902 -0.02015 0.000255574 -297.913 901.376 47.9725 47.9673 0.576642 2.49194 45017800.0
901 -0.02005 0.000255578 -297.909 901.358 47.9723 47.9674 -0.154402 1.37789 45017200.0
900 -0.01995 0.000255592 -297.892 901.366 47.9754 47.969 -0.745841 -0.954795 45018700.0
899 -0.01985 0.000255572 -297.916 901.34 47.9703 47.9676 0.169252 1.94508 45018000.0
898 -0.01975 0.000255573 -297.914 901.367 47.9719 47.967 0.402166 1.51293 45019000.0
897 -0.01965 0.000255572 -297.914 901.373 47.9721 47.9667 0.567104 1.05357 45019500.0
896 -0.01955 0.000255578 -297.907 901.386 47.9738 47.9681 0.258867 0.394331 45020800.0
895 -0.01945 0.000255595 -297.888 901.344 47.9747 47.9697 -1.35281 -0.851557 45021300.0
894 -0.01935 0.000255577 -297.911 901.339 47.971 47.9678 -0.439867 1.4679 45018600.0
893 -0.01925 0.000255596 -297.886 901.278 47.9714 47.9695 -3.17985 -2.3725 45018000.0
892 -0.01915 0.000255575 -297.908 901.312 47.9694 47.9678 -0.840778 1.35723 45017300.0
891 -0.01905 0.000255569 -297.917 901.322 47.9688 47.9666 -0.382914 1.03049 45016800.0
890 -0.01895 0.000255565 -297.922 901.296 47.9666 47.9673 -0.98432 1.56319 45017600.0
889 -0.01885 0.00025559 -297.894 901.251 47.9688 47.9694 -3.22789 -2.01816 45017900.0
888 -0.01875 0.000255594 -297.887 901.302 47.9724 47.9696 -2.33838 -2.40129 45019300.0
887 -0.01865 0.000255587 -297.896 901.34 47.9731 47.9686 -1.09698 -2.03988 45019400.0
886 -0.01855 0.000255585 -297.9 901.329 47.9721 47.9688 -1.29475 -2.18435 45018400.0
885 -0.01845 0.000255583 -297.899 901.292 47.9697 47.968 -1.77545 -2.27311 45017400.0
884 -0.01835 0.000255586 -297.898 901.303 47.9709 47.9694 -1.90968 -2.63947 45018500.0
883 -0.01825 0.000255609 -297.868 901.344 47.9773 47.9708 -1.91095 -5.26751 45019200.0
882 -0.01815 0.000255599 -297.881 901.333 47.9749 47.9696 -1.52137 -3.61181 45018700.0
881 -0.01805 0.000255592 -297.891 901.343 47.9742 47.9686 -1.07726 -3.25953 45018100.0
880 -0.01795 0.000255595 -297.886 901.312 47.9731 47.9695 -1.99417 -3.57708 45019100.0
879 -0.01785 0.000255597 -297.881 901.358 47.9758 47.9691 -1.09778 -3.37963 45019200.0
878 -0.01775 0.000255603 -297.878 901.385 47.9783 47.9695 -0.620674 -3.91818 45019300.0
877 -0.01765 0.000255599 -297.881 901.383 47.9776 47.9697 -0.297511 -3.11087 45019300.0
876 -0.01755 0.000255612 -297.866 901.354 47.9785 47.9703 -2.00933 -5.84658 45018400.0
875 -0.01745 0.00025559 -297.891 901.377 47.9756 47.9688 0.253233 -2.21539 45018000.0
874 -0.01735 0.000255563 -297.922 901.364 47.9699 47.966 1.1716 1.57999 45016300.0
873 -0.01725 0.000255591 -297.889 901.35 47.9744 47.9689 -0.88876 -2.57565 45016900.0
872 -0.01715 0.000255595 -297.884 901.349 47.9751 47.9679 -1.30675 -3.27002 45015000.0
871 -0.01705 0.00025559 -297.892 901.393 47.9763 47.9681 0.182755 -3.07888 45016500.0
870 -0.01695 0.000255583 -297.895 901.351 47.9729 47.9678 -0.410778 -2.80078 45015100.0
869 -0.01685 0.000255572 -297.914 901.308 47.9684 47.9669 -0.581621 -0.92879 45014100.0
868 -0.01675 0.000255568 -297.915 901.345 47.9697 47.9661 0.288801 -0.809412 45013400.0
867 -0.01665 0.000255568 -297.916 901.321 47.9685 47.9667 -0.153749 -1.12881 45014300.0
866 -0.01655 0.000255573 -297.909 901.322 47.9695 47.9667 -0.388654 -1.08686 45014000.0
865 -0.01645 0.000255587 -297.892 901.298 47.9708 47.968 -1.63648 -3.0591 45014000.0
864 -0.01635 0.000255554 -297.931 901.326 47.9661 47.9648 0.364867 0.75256 45012800.0
863 -0.01625 0.000255581 -297.9 901.326 47.9711 47.9672 -0.865018 -2.61779 45014400.0
862 -0.01615 0.000255579 -297.903 901.328 47.9709 47.9674 -0.617462 -2.10564 45015700.0
861 -0.01605 0.000255583 -297.897 901.264 47.9682 47.9671 -2.45731 -3.04416 45014400.0
860 -0.01595 0.00025559 -297.889 901.328 47.9729 47.9675 -1.42705 -4.35276 45014900.0
859 -0.01585 0.000255575 -297.904 901.319 47.9697 47.967 -0.711345 -2.10152 45015100.0
858 -0.01575 0.000255574 -297.907 901.254 47.966 47.9676 -2.16848 -2.35947 45015200.0
857 -0.01565 0.000255569 -297.914 901.261 47.9654 47.9667 -1.73618 -2.14125 45014600.0
856 -0.01555 0.000255573 -297.91 901.246 47.9654 47.9672 -2.35103 -2.21121 45015000.0
855 -0.01545 0.000255571 -297.908 901.281 47.9669 47.9671 -1.53246 -1.3255 45015600.0
854 -0.01535 0.000255557 -297.926 901.289 47.9647 47.9654 -0.425287 1.15556 45014700.0
853 -0.01525 0.000255563 -297.92 901.312 47.9671 47.9661 -0.375201 0.371753 45015200.0
852 -0.01515 0.000255567 -297.915 901.257 47.9648 47.9663 -1.69065 0.739073 45014300.0
851 -0.01505 0.000255576 -297.905 901.259 47.9667 47.9668 -2.3983 -0.4889 45013800.0
850 -0.01495 0.000255573 -297.907 901.257 47.966 47.9669 -2.069 0.168046 45013600.0
849 -0.01485 0.000255566 -297.915 901.287 47.9663 47.9663 -0.926324 1.47057 45013500.0
848 -0.01475 0.000255576 -297.904 901.281 47.9677 47.9675 -2.25775 -0.430985 45013900.0
847 -0.01465 0.000255575 -297.904 901.304 47.9689 47.9675 -1.10247 0.491178 45013300.0
846 -0.01455 0.000255587 -297.891 901.313 47.9716 47.9683 -1.8134 -1.28252 45013700.0
845 -0.01445 0.000255598 -297.878 901.33 47.9745 47.9691 -1.91028 -2.64819 45014500.0
844 -0.01435 0.000255577 -297.901 901.324 47.9703 47.9673 -0.571951 0.0777845 45013900.0
843 -0.01425 0.000255584 -297.893 901.35 47.9731 47.9679 -0.429954 -0.975054 45014400.0
842 -0.01415 0.000255572 -297.908 901.402 47.9735 47.9673 1.25633 0.90989 45016000.0
841 -0.01405 0.000255554 -297.929 901.434 47.9718 47.9656 3.30074 3.18836 45014800.0
840 -0.01395 0.000255546 -297.939 901.403 47.9686 47.9639 2.93268 3.42311 45012600.0
839 -0.01385 0.000255557 -297.927 901.36 47.9685 47.966 1.28578 2.31238 45014300.0
838 -0.01375 0.000255558 -297.924 901.348 47.968 47.966 0.760684 2.21914 45014300.0
837 -0.01365 0.000255547 -297.94 901.364 47.9667 47.9648 1.97865 4.41392 45013600.0
836 -0.01355 0.00025556 -297.92 901.366 47.9694 47.9658 1.03922 1.86134 45013800.0
835 -0.01345 0.000255565 -297.917 901.402 47.9721 47.9661 1.57453 0.89307 45014100.0
834 -0.01335 0.000255561 -297.92 901.379 47.9703 47.9655 1.46736 1.35266 45012200.0
833 -0.01325 0.000255571 -297.909 901.341 47.9701 47.9672 0.103314 0.747937 45012900.0
832 -0.01315 0.000255592 -297.886 901.335 47.9738 47.9689 -1.22 -2.47754 45012600.0
831 -0.01305 0.000255576 -297.904 901.392 47.9737 47.9673 1.20102 0.21653 45013700.0
830 -0.01295 0.00025557 -297.909 901.371 47.9715 47.967 0.768175 0.351736 45013500.0
829 -0.01285 0.000255564 -297.918 901.392 47.9714 47.9658 1.95597 1.46917 45013000.0
828 -0.01275 0.000255553 -297.93 901.359 47.9677 47.9646 1.40153 3.00826 45012100.0
827 -0.01265 0.000255562 -297.919 901.371 47.9701 47.9657 1.06602 1.73014 45014000.0
826 -0.01255 0.000255531 -297.955 901.397 47.9656 47.9639 3.14852 6.03932 45013100.0
825 -0.01245 0.000255541 -297.944 901.37 47.9659 47.9642 2.46521 4.78955 45013300.0
824 -0.01235 0.000255529 -297.957 901.388 47.9648 47.9631 3.5066 5.48337 45012800.0
823 -0.01225 0.000255525 -297.96 901.406 47.965 47.9632 3.92963 5.90458 45013100.0
822 -0.01215 0.000255538 -297.945 901.39 47.9665 47.9637 2.98435 4.21864 45012400.0
821 -0.01205 0.000255546 -297.939 901.437 47.9705 47.9645 3.34231 2.78987 45013100.0
820 -0.01195 0.000255543 -297.94 901.401 47.968 47.9648 2.70719 2.86264 45012200.0
819 -0.01185 0.000255548 -297.932 901.37 47.9673 47.9645 1.86304 2.04906 45009800.0
818 -0.01175 0.000255534 -297.952 901.377 47.965 47.9633 2.65625 3.55252 45008700.0
817 -0.01165 0.000255546 -297.938 901.363 47.9667 47.9648 2.07168 2.0719 45008800.0
816 -0.01155 0.000255537 -297.947 901.412 47.9675 47.9631 3.51347 2.88732 45007600.0
815 -0.01145 0.000255542 -297.943 901.376 47.9664 47.9645 2.35418 1.84702 45009100.0
814 -0.01135 0.000255522 -297.966 901.45 47.9668 47.9627 5.37392 5.03019 45008600.0
813 -0.01125 0.000255524 -297.962 901.431 47.9661 47.9626 4.5544 3.80961 45007600.0
812 -0.01115 0.000255513 -297.977 901.415 47.9631 47.9617 4.79309 5.20131 45005600.0
811 -0.01105 0.000255519 -297.97 901.408 47.9638 47.962 4.59904 4.1497 45005300.0
810 -0.01095 0.000255496 -297.994 901.384 47.9583 47.9599 5.11844 7.2973 45002200.0
809 -0.01085 0.000255509 -297.982 901.382 47.9606 47.9621 4.55124 5.655 45003900.0
808 -0.01075 0.000255509 -297.979 901.348 47.9588 47.9615 3.7648 5.03504 45002000.0
807 -0.01065 0.0002555 -297.99 901.402 47.9599 47.9612 5.56074 4.97532 45000600.0
806 -0.01055 0.00025549 -298.002 901.446 47.9605 47.9594 7.2803 6.01841 44999700.0
805 -0.01045 0.000255506 -297.982 901.358 47.9588 47.9612 4.36188 4.57808 44998900.0
804 -0.01035 0.000255506 -297.981 901.382 47.96 47.9611 5.05502 5.26814 44998200.0
803 -0.01025 0.000255493 -297.995 901.38 47.9576 47.9595 5.57569 6.23011 44996700.0
802 -0.01015 0.000255484 -298.009 901.388 47.9563 47.9598 6.07409 6.96382 44995900.0
801 -0.01005 0.00025547 -298.023 901.392 47.9539 47.9585 6.96038 8.33345 44994100.0
800 -0.00995 0.000255493 -297.996 901.405 47.9588 47.9607 6.05492 5.85944 44994200.0
799 -0.00985 0.000255478 -298.015 901.421 47.9569 47.9593 7.36415 7.17259 44992900.0
798 -0.00975 0.000255465 -298.028 901.415 47.9541 47.958 8.09739 9.49413 44991700.0
797 -0.00965 0.000255443 -298.054 901.44 47.9514 47.9559 9.8178 12.8935 44989300.0
796 -0.00955 0.000255456 -298.04 901.483 47.9562 47.9581 9.88149 10.5023 44991400.0
795 -0.00945 0.000255437 -298.062 901.476 47.9522 47.9555 10.5601 11.9211 44987600.0
794 -0.00935 0.000255429 -298.071 901.48 47.9508 47.9556 11.4867 13.7078 44986800.0
793 -0.00925 0.000255417 -298.085 901.463 47.9477 47.9539 11.7225 14.272 44984100.0
792 -0.00915 0.000255415 -298.087 901.428 47.9455 47.954 11.2971 13.8161 44982100.0
791 -0.00905 0.000255421 -298.079 901.442 47.9474 47.9544 11.2171 11.4902 44980600.0
790 -0.00895 0.000255402 -298.101 901.481 47.9458 47.9528 13.3127 14.3174 44979400.0
789 -0.00885 0.000255392 -298.114 901.512 47.9456 47.9521 14.6139 14.955 44978500.0
788 -0.00875 0.000255377 -298.133 901.486 47.9414 47.9509 14.7346 16.1762 44975200.0
787 -0.00865 0.000255364 -298.143 901.506 47.9399 47.9499 15.8859 17.4067 44972400.0
786 -0.00855 0.000255325 -298.189 901.562 47.9356 47.9463 19.0825 20.0813 44969000.0
785 -0.00845 0.000255297 -298.221 901.563 47.9305 47.9442 21.1525 22.7834 44964900.0
784 -0.00835 0.000255283 -298.237 901.536 47.9264 47.9429 20.885 22.6117 44960800.0
783 -0.00825 0.000255259 -298.264 901.544 47.9223 47.9406 22.7217 24.298 44956500.0
782 -0.00815 0.000255245 -298.28 901.561 47.9206 47.94 23.7324 24.6895 44954100.0
781 -0.00805 0.000255222 -298.306 901.578 47.9171 47.9376 24.7896 25.1737 44949000.0
780 -0.00795 0.000255172 -298.361 901.629 47.9106 47.9331 28.992 30.7997 44942900.0
779 -0.00785 0.00025515 -298.387 901.589 47.9042 47.9327 29.5178 31.3138 44939700.0
778 -0.00775 0.000255113 -298.43 901.621 47.8991 47.9291 31.8882 33.7606 44933600.0
777 -0.00765 0.00025507 -298.478 901.639 47.8918 47.9246 34.8963 37.8104 44926800.0
776 -0.00755 0.000255025 -298.53 901.658 47.8845 47.9214 37.4586 40.4133 44921500.0
775 -0.00745 0.00025498 -298.581 901.672 47.8768 47.9172 40.6154 44.0986 44914500.0
774 -0.00735 0.000254966 -298.597 901.697 47.8754 47.9163 42.0025 43.0874 44909100.0
773 -0.00725 0.000254928 -298.638 901.721 47.8697 47.9131 44.487 44.2948 44902700.0
772 -0.00715 0.000254895 -298.68 901.73 47.8638 47.9102 46.5347 45.4448 44896200.0
771 -0.00705 0.000254853 -298.725 901.724 47.8557 47.9063 48.923 47.5355 44888500.0
770 -0.00695 0.000254796 -298.792 901.728 47.8452 47.9013 52.3415 51.8086 44879900.0
769 -0.00685 0.000254763 -298.83 901.744 47.8397 47.8986 54.4652 51.8632 44872500.0
768 -0.00675 0.000254712 -298.885 901.738 47.8298 47.8944 56.4765 53.3318 44862900.0
767 -0.00665 0.000254661 -298.946 901.755 47.8212 47.8901 60.3264 55.338 44853900.0
766 -0.00655 0.000254576 -299.041 901.813 47.8083 47.8825 65.8034 60.8697 44842700.0
765 -0.00645 0.000254507 -299.121 901.849 47.7972 47.8771 70.6743 64.0346 44832200.0
764 -0.00635 0.000254422 -299.218 901.844 47.7811 47.8694 74.8284 67.6608 44819500.0
763 -0.00625 0.000254335 -299.315 901.83 47.7639 47.8617 79.6276 73.3576 44805700.0
762 -0.00615 0.000254252 -299.413 901.856 47.7497 47.8556 84.6647 76.8512 44792900.0
761 -0.00605 0.000254148 -299.53 901.842 47.7295 47.8458 90.1958 81.7009 44775600.0
760 -0.00595 0.000254032 -299.665 901.899 47.7107 47.8359 98.0611 88.291 44759000.0
759 -0.00585 0.000253913 -299.801 901.875 47.6871 47.8246 103.74 93.1814 44739000.0
758 -0.00575 0.000253793 -299.939 901.868 47.6642 47.8156 110.097 98.2662 44722600.0
757 -0.00565 0.000253643 -300.114 901.893 47.6374 47.8019 118.67 106.109 44701400.0
756 -0.00555 0.000253501 -300.279 901.904 47.6113 47.7901 127.236 111.94 44679500.0
755 -0.00545 0.000253353 -300.45 901.847 47.5805 47.777 133.736 117.164 44655800.0
754 -0.00535 0.000253169 -300.664 901.878 47.5476 47.7607 144.922 126.622 44629700.0
753 -0.00525 0.000252972 -300.893 901.956 47.5147 47.7439 157.45 135.759 44603400.0
752 -0.00515 0.000252804 -301.09 901.926 47.4816 47.729 165.942 139.164 44576000.0
751 -0.00505 0.000252586 -301.341 901.938 47.4412 47.7095 178.072 148.25 44545300.0
750 -0.00495 0.000252372 -301.591 901.91 47.3995 47.6916 189.299 154.545 44514300.0
749 -0.00485 0.000252134 -301.868 901.887 47.3536 47.6706 201.792 162.511 44479200.0
748 -0.00475 0.000251841 -302.211 901.872 47.2979 47.6443 217.722 176.447 44438300.0
747 -0.00465 0.000251577 -302.521 901.831 47.2461 47.622 231.655 184.507 44399800.0
746 -0.00455 0.000251291 -302.856 901.798 47.1906 47.5971 246.949 192.919 44357400.0
745 -0.00445 0.000250939 -303.274 901.803 47.1247 47.5659 266.366 208.419 44309700.0
744 -0.00435 0.000250569 -303.712 901.758 47.0529 47.5326 286.089 223.045 44259400.0
743 -0.00425 0.000250164 -304.194 901.67 46.9723 47.4965 306.819 239.886 44203300.0
742 -0.00415 0.00024976 -304.671 901.621 46.8939 47.4605 328.424 253.18 44146200.0
741 -0.00405 0.000249284 -305.242 901.565 46.8016 47.4174 353.535 272.322 44083100.0
740 -0.00395 0.000248794 -305.827 901.488 46.7057 47.3737 379.664 290.324 44015600.0
739 -0.00385 0.000248273 -306.457 901.389 46.6028 47.3265 406.871 308.256 43943400.0
738 -0.00375 0.000247712 -307.133 901.217 46.4885 47.2749 434.586 327.704 43864600.0
737 -0.00365 0.000247094 -307.883 901.077 46.3654 47.2191 466.696 350.973 43781000.0
736 -0.00355 0.000246449 -308.669 900.82 46.2312 47.1592 497.479 372.568 43690200.0
735 -0.00345 0.00024575 -309.528 900.727 46.0953 47.0956 535.763 397.881 43596900.0
734 -0.00335 0.000244968 -310.496 900.503 45.9372 47.0223 575.572 428.05 43491300.0
733 -0.00325 0.00024413 -311.536 900.291 45.7692 46.9445 619.745 461.239 43381500.0
732 -0.00315 0.000243238 -312.653 900.039 45.5892 46.8602 665.885 496.01 43262000.0
731 -0.00305 0.00024231 -313.825 899.763 45.4014 46.7727 714.221 529.56 43136200.0
730 -0.00295 0.000241283 -315.132 899.425 45.192 46.6746 767.036 570.628 42999500.0
729 -0.00285 0.000240197 -316.522 899.061 44.9704 46.5702 822.884 611.691 42853900.0
728 -0.00275 0.000239033 -318.029 898.652 44.7321 46.457 883.127 656.782 42697500.0
727 -0.00265 0.000237784 -319.668 898.212 44.4767 46.335 948.877 707.603 42531800.0
726 -0.00255 0.000236442 -321.44 897.708 44.2006 46.2016 1018.69 762.637 42352900.0
725 -0.00245 0.000235024 -323.335 897.137 43.9077 46.0599 1092.49 820.743 42161700.0
724 -0.00235 0.000233492 -325.41 896.599 43.5953 45.9046 1175.07 887.617 41958300.0
723 -0.00225 0.000231888 -327.613 895.913 43.2627 45.7405 1259.85 956.321 41742800.0
722 -0.00215 0.000230154 -330.026 895.238 42.9068 45.5591 1353.73 1034.61 41510700.0
721 -0.00205 0.000228319 -332.618 894.332 42.5217 45.3656 1450.17 1120.44 41263900.0
720 -0.00195 0.000226398 -335.379 893.414 42.1207 45.1593 1553.09 1209.11 41003500.0
719 -0.00185 0.000224326 -338.409 892.451 41.6901 44.9328 1666.89 1312.64 40724900.0
718 -0.00175 0.00022214 -341.664 891.321 41.2316 44.6899 1786.11 1424.93 40430300.0
717 -0.00165 0.000219856 -345.135 890.062 40.75 44.4308 1911.11 1543.9 40118200.0
716 -0.00155 0.000217454 -348.863 888.704 40.2434 44.1528 2044.48 1674.75 39789700.0
715 -0.00145 0.000214933 -352.859 887.195 39.7093 43.8549 2184.74 1816.04 39443000.0
714 -0.00135 0.000212284 -357.166 885.537 39.1465 43.5343 2334.33 1970.73 39077800.0
713 -0.00125 0.00020953 -361.752 883.641 38.556 43.1937 2488.97 2137.24 38694700.0
712 -0.00115 0.000206663 -366.656 881.595 37.9405 42.8294 2652.15 2316.34 38293400.0
711 -0.00105 0.000203687 -371.89 879.39 37.3006 42.441 2823.63 2509.41 37875600.0
710 -0.00095 0.000200622 -377.439 876.953 36.6374 42.0291 3001.52 2714.37 37439800.0
709 -0.00085 0.000197468 -383.33 874.218 35.9489 41.5932 3184.3 2932.6 36986800.0
708 -0.00075 0.000194206 -389.61 871.27 35.2359 41.1279 3375.74 3167.76 36516900.0
707 -0.00065 0.000190859 -396.278 868.031 34.5 40.6347 3573.66 3419.14 36032200.0
706 -0.00055 0.000187446 -403.318 864.456 33.7435 40.1144 3775.56 3682.63 35532700.0
705 -0.00045 0.000183965 -410.762 860.505 32.9654 39.565 3980.85 3961.28 35017600.0
704 -0.00035 0.000180455 -418.552 856.245 32.1764 38.9915 4188.84 4248.33 34494700.0
703 -0.00025 0.000176867 -426.834 851.598 31.3653 38.382 4402.52 4554.49 33958900.0
702 -0.00015 0.000173221 -435.585 846.506 30.5352 37.738 4618.81 4876.85 33411500.0
701 -5e-05 0.000169522 -444.844 840.875 29.6844 37.0572 4836.06 5216.19 32853600.0
700 5e-05 0.000165798 -454.829 834.414 28.8092 36.3045 5050.54 5570.75 32265200.0
699 0.00015 0.000162282 -464.922 827.241 27.9559 35.5265 5240.08 5889.9 31651700.0
698 0.00025 0.000158875 -475.132 819.562 27.1149 34.7394 5413.91 6190.47 31035400.0
697 0.00035 0.000155565 -485.47 811.484 26.2883 33.9427 5574.51 6474.33 30419200.0
696 0.00045 0.000152331 -496.001 802.817 25.4668 33.1314 5719.32 6744.55 29799300.0
695 0.00055 0.000149183 -506.686 793.747 24.6588 32.3083 5850.92 6997.59 29178900.0
694 0.00065 0.000146125 -517.498 784.114 23.8602 31.4755 5964.3 7231.67 28556300.0
693 0.00075 0.000143172 -528.378 774.057 23.0782 30.639 6060.85 7443.75 27935200.0
692 0.00085 0.000140324 -539.303 763.563 22.3123 29.7987 6139.04 7631.27 27313400.0
691 0.00095 0.00013757 -550.295 752.604 21.5605 28.9532 6198.78 7795.44 26688900.0
690 0.00105 0.000134925 -561.264 741.318 20.8289 28.1099 6240.93 7933.11 26066000.0
689 0.00115 0.000132384 -572.219 729.583 20.1131 27.2679 6262.97 8044.9 25440600.0
688 0.00125 0.000129943 -583.14 717.612 19.4184 26.4288 6269.16 8130.29 24817600.0
687 0.00135 0.000127603 -593.999 705.299 18.7415 25.5946 6256.36 8189.03 24192500.0
686 0.00145 0.000125382 -604.689 692.706 18.0864 24.7738 6223.67 8218.64 23565500.0
685 0.00155 0.000123261 -615.242 679.939 17.4529 23.9636 6174.65 8222.07 22939100.0
684 0.00165 0.000121243 -625.632 667.025 16.841 23.1651 6110.07 8198.8 22312300.0
683 0.00175 0.000119321 -635.854 653.995 16.2502 22.3808 6030.59 8151.28 21687000.0
682 0.00185 0.000117502 -645.832 640.9 15.6821 21.6147 5936.42 8079.71 21061900.0
681 0.00195 0.000115775 -655.593 627.827 15.1365 20.8654 5830.5 7986.38 20439800.0
680 0.00205 0.000114153 -665.032 614.87 14.6164 20.1407 5713.38 7871.01 19821100.0
679 0.00215 0.000112607 -674.284 601.913 14.1146 19.4304 5586.24 7738.44 19205000.0
678 0.00225 0.000111147 -683.245 589.003 13.6329 18.7424 5447.82 7587.84 18589200.0
677 0.00235 0.000109782 -691.858 576.43 13.1779 18.0818 5305.12 7423.2 17985300.0
676 0.00245 0.00010849 -700.192 563.966 12.7413 17.4417 5154.57 7245.47 17384000.0
675 0.00255 0.000107265 -708.285 551.636 12.322 16.8207 4997.69 7056.58 16787700.0
674 0.00265 0.000106122 -716.002 539.649 11.9258 16.2282 4838.07 6858.83 16202100.0
673 0.00275 0.000105038 -723.48 527.872 11.5464 15.6543 4675.04 6653.1 15623300.0
672 0.00285 0.000104012 -730.708 516.359 11.1842 15.0998 4510.51 6441.7 15054800.0
671 0.00295 0.000103065 -737.498 505.341 10.8459 14.5787 4347.28 6227.73 14502700.0
670 0.00305 0.000102174 -744.001 494.617 10.524 14.0796 4183.55 6010.97 13961000.0
669 0.00315 0.000101335 -750.234 484.21 10.2179 13.6008 4020.33 5792.45 13431000.0
668 0.00325 0.000100544 -756.196 474.135 9.92725 13.1432 3858.76 5574.27 12914500.0
667 0.00335 9.98059e-05 -761.86 464.469 9.65346 12.7089 3700.19 5357.53 12413500.0
666 0.00345 9.91079e-05 -767.281 455.065 9.39187 12.2926 3542.67 5142.39 11923600.0
665 0.00355 9.8458e-05 -772.407 446.117 9.14681 11.899 3390.23 4930.54 11451600.0
664 0.00365 9.78407e-05 -777.329 437.465 8.91318 11.5212 3240.58 4721.41 10992900.0
663 0.00375 9.72643e-05 -781.99 429.145 8.69215 11.1635 3094.02 4516.77 10548500.0
662 0.00385 9.67301e-05 -786.349 421.281 8.486 10.8289 2953.42 4318.77 10123300.0
661 0.00395 9.62257e-05 -790.522 413.695 8.28974 10.5085 2816.16 4124.66 9711210.0
660 0.00405 9.57551e-05 -794.452 406.505 8.10583 10.2065 2684.46 3936.74 9316560.0
659 0.00415 9.53085e-05 -798.211 399.593 7.93084 9.91812 2556.6 3754.13 8935990.0
658 0.00425 9.48929e-05 -801.742 393.02 7.76636 9.64678 2433.75 3578.18 8571410.0
657 0.00435 9.4504e-05 -805.082 386.762 7.6114 9.39043 2315.42 3408.22 8221230.0
656 0.00445 9.4137e-05 -808.256 380.767 7.4643 9.147 2201.12 3244.55 7885290.0
655 0.00455 9.37906e-05 -811.269 375.08 7.32576 8.91524 2092.02 3086.04 7563620.0
654 0.00465 9.34716e-05 -814.078 369.74 7.19692 8.69985 1988.7 2935.69 7259530.0
653 0.00475 9.31705e-05 -816.724 364.634 7.07466 8.49622 1889.06 2791.48 6967230.0
652 0.00485 9.28879e-05 -819.243 359.8 6.95969 8.30295 1794.25 2652.44 6688440.0
651 0.00495 9.26229e-05 -821.608 355.195 6.85102 8.12119 1703.26 2520.1 6422410.0
650 0.00505 9.23738e-05 -823.853 350.837 6.74876 7.94883 1616.85 2393.19 6168960.0
649 0.00515 9.21394e-05 -825.97 346.68 6.65187 7.78637 1533.86 2272.35 5927120.0
648 0.00525 9.19184e-05 -827.98 342.75 6.56069 7.6319 1455.07 2156.2 5696650.0
647 0.00535 9.17141e-05 -829.844 339.021 6.47488 7.48834 1379.77 2046.72 5477210.0
646 0.00545 9.15205e-05 -831.618 335.522 6.39454 7.35249 1308.96 1942.26 5269890.0
645 0.00555 9.13353e-05 -833.324 332.14 6.31727 7.22134 1240.24 1841.05 5069840.0
644 0.00565 9.11632e-05 -834.911 328.948 6.24478 7.09929 1175.14 1745.75 4880520.0
643 0.00575 9.10008e-05 -836.418 325.932 6.1765 6.98362 1113.46 1654.96 4701060.0
642 0.00585 9.08498e-05 -837.825 323.105 6.11276 6.87543 1055.4 1569.12 4531480.0
641 0.00595 9.07035e-05 -839.183 320.389 6.05162 6.77113 999.531 1486.35 4368720.0
640 0.00605 9.05712e-05 -840.426 317.876 5.9954 6.67559 947.539 1409.31 4216300.0
639 0.00615 9.04458e-05 -841.603 315.499 5.94232 6.58526 898.32 1336.22 4072520.0
638 0.00625 9.03263e-05 -842.732 313.215 5.8915 6.49873 850.903 1266.08 3934330.0
637 0.00635 9.0215e-05 -843.776 311.086 5.84426 6.4183 806.563 1200.21 3804480.0
636 0.00645 9.01108e-05 -844.764 309.069 5.79965 6.3423 764.51 1137.63 3681540.0
635 0.00655 9.00116e-05 -845.707 307.139 5.75708 6.26979 724.116 1077.56 3563230.0
634 0.00665 8.9917e-05 -846.605 305.297 5.71654 6.201 685.514 1020.61 3451080.0
633 0.00675 8.98304e-05 -847.432 303.593 5.67916 6.13733 649.784 967.4 3346160.0
632 0.00685 8.97483e-05 -848.216 301.992 5.64405 6.07727 616.138 917.073 3247460.0
631 0.00695 8.96704e-05 -848.961 300.46 5.61055 6.01997 583.88 868.998 3152940.0
630 0.00705 8.95965e-05 -849.669 298.98 5.57831 5.96543 552.644 823.118 3062170.0
629 0.00715 8.95273e-05 -850.332 297.61 5.54847 5.91442 523.67 779.887 2977210.0
628 0.00725 8.94634e-05 -850.95 296.33 5.52067 5.86714 496.597 739.532 2897490.0
627 0.00735 8.9402e-05 -851.536 295.108 5.49411 5.82192 470.703 700.899 2821400.0
626 0.00745 8.93425e-05 -852.109 293.925 5.46845 5.77803 445.662 663.703 2748200.0
625 0.00755 8.92873e-05 -852.645 292.807 5.44429 5.73674 421.95 628.551 2678940.0
624 0.00765 8.92349e-05 -853.144 291.766 5.42175 5.69836 399.791 595.531 2614020.0
623 0.00775 8.91878e-05 -853.605 290.803 5.401 5.66307 379.293 564.941 2553540.0
622 0.00785 8.91428e-05 -854.037 289.906 5.38161 5.62978 360.216 536.055 2497010.0
621 0.00795 8.90995e-05 -854.458 289.024 5.36264 5.59749 341.322 508.073 2441500.0
620 0.00805 8.90589e-05 -854.852 288.19 5.34473 5.56696 323.573 481.589 2389270.0
619 0.00815 8.90202e-05 -855.226 287.402 5.32779 5.53843 306.729 456.843 2340030.0
618 0.00825 8.89855e-05 -855.571 286.678 5.3123 5.51203 291.196 433.628 2294110.0
617 0.00835 8.89492e-05 -855.919 285.955 5.29675 5.48505 275.801 410.479 2248830.0
616 0.00845 8.89182e-05 -856.219 285.304 5.28285 5.46187 261.763 389.737 2207370.0
615 0.00855 8.88878e-05 -856.517 284.681 5.26951 5.43915 248.55 369.901 2168190.0
614 0.00865 8.88585e-05 -856.808 284.073 5.25652 5.41664 235.472 350.386 2129870.0
613 0.00875 8.88302e-05 -857.076 283.504 5.24432 5.39613 223.206 332.233 2093910.0
612 0.00885 8.88041e-05 -857.338 282.951 5.23255 5.37596 211.398 314.684 2059220.0
611 0.00895 8.87807e-05 -857.563 282.47 5.22228 5.3586 200.988 299.126 2028250.0
610 0.00905 8.87566e-05 -857.802 281.967 5.21157 5.3401 190.273 283.02 1996600.0
609 0.00915 8.87338e-05 -858.023 281.507 5.20172 5.32324 180.348 268.247 1967370.0
608 0.00925 8.87142e-05 -858.215 281.093 5.19294 5.30847 171.423 254.99 1940650.0
607 0.00935 8.86939e-05 -858.414 280.672 5.18397 5.29319 162.357 241.586 1914080.0
606 0.00945 8.86758e-05 -858.588 280.303 5.1761 5.27967 154.443 229.55 1890220.0
605 0.00955 8.86588e-05 -858.758 279.941 5.16843 5.26674 146.642 217.917 1867140.0
604 0.00965 8.86426e-05 -858.914 279.603 5.16123 5.2547 139.293 207.118 1845330.0
603 0.00975 8.86271e-05 -859.071 279.277 5.15433 5.24281 132.273 196.551 1824460.0
602 0.00985 8.86123e-05 -859.213 278.965 5.1477 5.23159 125.601 186.631 1804550.0
601 0.00995 8.85976e-05 -859.356 278.673 5.14146 5.2208 119.301 177.025 1785830.0
600 0.01005 8.85843e-05 -859.491 278.387 5.13541 5.21043 113.085 167.863 1767540.0
599 0.01015 8.85712e-05 -859.614 278.12 5.12973 5.20077 107.36 159.294 1750430.0
598 0.01025 8.85615e-05 -859.713 277.895 5.12503 5.19331 102.432 152.107 1735600.0
597 0.01035 8.85497e-05 -859.825 277.651 5.11984 5.18454 97.1787 144.307 1720130.0
596 0.01045 8.85388e-05 -859.935 277.422 5.11499 5.17616 92.2408 136.95 1705520.0
595 0.01055 8.85287e-05 -860.033 277.208 5.11046 5.16854 87.5819 129.927 1691690.0
594 0.01065 8.85199e-05 -860.118 277.019 5.10646 5.16196 83.4697 123.878 1679290.0
593 0.01075 8.85099e-05 -860.215 276.813 5.10209 5.15458 79.0348 117.305 1666370.0
592 0.01085 8.85008e-05 -860.305 276.624 5.09808 5.14772 74.9264 111.213 1654100.0
591 0.01095 8.84932e-05 -860.379 276.449 5.09442 5.14176 71.1788 105.855 1643130.0
590 0.01105 8.84856e-05 -860.449 276.305 5.09134 5.13642 68.0148 100.877 1633400.0
589 0.01115 8.84796e-05 -860.517 276.15 5.08813 5.13113 64.6013 95.8769 1623300.0
588 0.01125 8.8472e-05 -860.589 275.997 5.08487 5.12567 61.3208 90.9908 1613560.0
587 0.01135 8.84654e-05 -860.658 275.849 5.08176 5.12056 58.096 86.3873 1604140.0
586 0.01145 8.84589e-05 -860.719 275.719 5.079 5.11567 55.296 82.1166 1595630.0
585 0.01155 8.84522e-05 -860.782 275.586 5.07617 5.11087 52.486 77.8792 1587250.0
584 0.01165 8.84475e-05 -860.833 275.476 5.07387 5.10694 50.0292 74.2384 1579830.0
583 0.01175 8.84413e-05 -860.886 275.365 5.07147 5.10287 47.6542 70.594 1572510.0
582 0.01185 8.84363e-05 -860.94 275.251 5.06908 5.0987 45.1726 66.8731 1565200.0
581 0.01195 8.84312e-05 -860.991 275.142 5.06678 5.0948 42.8415 63.3053 1558330.0
580 0.01205 8.84257e-05 -861.041 275.033 5.06447 5.09082 40.4617 59.858 1551440.0
579 0.01215 8.84225e-05 -861.074 274.957 5.06288 5.08836 38.8023 57.3172 1546280.0
578 0.01225 8.84191e-05 -861.114 274.873 5.06113 5.08549 36.9499 54.6495 1540770.0
577 0.01235 8.84145e-05 -861.151 274.788 5.05931 5.08243 35.084 51.9053 1535240.0
576 0.01245 8.84113e-05 -861.192 274.7 5.0575 5.07937 33.2414 49.1502 1529810.0
575 0.01255 8.84065e-05 -861.23 274.621 5.05578 5.0764 31.4992 46.5766 1524660.0
574 0.01265 8.84036e-05 -861.261 274.545 5.05422 5.07382 29.9537 44.3272 1519990.0
573 0.01275 8.84017e-05 -861.287 274.494 5.05315 5.072 28.7423 42.4795 1516290.0
572 0.01285 8.8398e-05 -861.32 274.424 5.05167 5.06948 27.2684 40.2854 1511830.0
571 0.01295 8.83957e-05 -861.351 274.36 5.05035 5.06715 25.8542 38.1779 1507710.0
570 0.01305 8.83921e-05 -861.377 274.299 5.04902 5.06499 24.5145 36.2847 1503760.0
569 0.01315 8.83903e-05 -861.4 274.249 5.04801 5.06337 23.4426 34.6961 1500570.0
568 0.01325 8.83875e-05 -861.425 274.192 5.04679 5.06141 22.1686 32.9047 1496940.0
567 0.01335 8.83847e-05 -861.452 274.132 5.04553 5.05916 20.8834 30.9039 1493160.0
566 0.01345 8.83833e-05 -861.468 274.096 5.04479 5.05802 20.1222 29.7278 1490660.0
565 0.01355 8.83808e-05 -861.491 274.054 5.04387 5.05638 19.2022 28.3047 1487920.0
564 0.01365 8.83787e-05 -861.513 274.005 5.04284 5.05442 18.1325 26.6518 1484670.0
563 0.01375 8.83774e-05 -861.527 273.971 5.04214 5.05343 17.3358 25.5969 1482350.0
562 0.01385 8.83752e-05 -861.547 273.927 5.04121 5.05183 16.4582 24.1753 1479650.0
561 0.01395 8.83734e-05 -861.57 273.886 5.04036 5.05032 15.542 22.8888 1476950.0
560 0.01405 8.83718e-05 -861.582 273.856 5.0397 5.04931 14.8879 21.9666 1474960.0
559 0.01415 8.83704e-05 -861.6 273.82 5.03897 5.04792 14.0432 20.6722 1472440.0
558 0.01425 8.83692e-05 -861.609 273.798 5.03849 5.04727 13.5899 19.9813 1470890.0
557 0.01435 8.83683e-05 -861.617 273.773 5.03798 5.04654 13.0299 19.1881 1469180.0
556 0.01445 8.83682e-05 -861.628 273.747 5.0375 5.04577 12.4666 18.4805 1467400.0
555 0.01455 8.83664e-05 -861.637 273.727 5.03703 5.04502 12.0224 17.8175 1466000.0
554 0.01465 8.83653e-05 -861.651 273.698 5.03643 5.04394 11.3615 16.8301 1464070.0
553 0.01475 8.83644e-05 -861.663 273.67 5.03587 5.04301 10.7861 16.0348 1462420.0
552 0.01485 8.83643e-05 -861.663 273.658 5.03565 5.04304 10.4717 15.6772 1461420.0
551 0.01495 8.83628e-05 -861.678 273.629 5.03502 5.04179 9.84483 14.613 1459500.0
550 0.01505 8.83612e-05 -861.687 273.608 5.03455 5.04108 9.40831 14.0292 1458200.0
549 0.01515 8.8361e-05 -861.698 273.586 5.03413 5.04034 8.95385 13.3513 1456840.0
548 0.01525 8.83593e-05 -861.711 273.565 5.03364 5.03935 8.4479 12.5884 1455390.0
547 0.01535 8.83574e-05 -861.728 273.536 5.033 5.03805 7.90664 11.632 1453770.0
546 0.01545 8.83578e-05 -861.726 273.529 5.0329 5.03801 7.69866 11.443 1453060.0
545 0.01555 8.83577e-05 -861.734 273.516 5.03265 5.03759 7.40966 11.0383 1452080.0
544 0.01565 8.83553e-05 -861.749 273.49 5.03203 5.03631 6.87192 10.0778 1450500.0
543 0.01575 8.83554e-05 -861.753 273.485 5.03196 5.0362 6.7219 9.80463 1449910.0
542 0.01585 8.83552e-05 -861.756 273.47 5.03166 5.03585 6.44725 9.49302 1449040.0
541 0.01595 8.83536e-05 -861.762 273.454 5.03129 5.0353 6.10727 9.0027 1448110.0
540 0.01605 8.83536e-05 -861.768 273.444 5.03109 5.03507 5.87411 8.68909 1447410.0
539 0.01615 8.83526e-05 -861.779 273.424 5.03068 5.03407 5.44379 7.98319 1446150.0
538 0.01625 8.83515e-05 -861.787 273.415 5.03044 5.0336 5.24908 7.67345 1445410.0
537 0.01635 8.83524e-05 -861.783 273.41 5.0304 5.03371 5.14145 7.61954 1445080.0
536 0.01645 8.83516e-05 -861.783 273.405 5.03027 5.03355 4.95176 7.40739 1444570.0
535 0.01655 8.83506e-05 -861.798 273.388 5.0299 5.03259 4.6357 6.728 1443510.0
534 0.01665 8.83498e-05 -861.805 273.372 5.02956 5.03205 4.31759 6.28539 1442630.0
533 0.01675 8.83491e-05 -861.807 273.365 5.02938 5.03181 4.10669 6.00578 1442010.0
532 0.01685 8.8349e-05 -861.809 273.355 5.02919 5.03152 3.92073 5.77562 1441380.0
531 0.01695 8.83484e-05 -861.812 273.351 5.02908 5.03144 3.797 5.67196 1440980.0
530 0.01705 8.83489e-05 -861.809 273.349 5.02908 5.03173 3.72896 5.66199 1440720.0
529 0.01715 8.83493e-05 -861.804 273.353 5.02917 5.03209 3.83567 5.84791 1440810.0
528 0.01725 8.83488e-05 -861.815 273.336 5.02884 5.0314 3.40262 5.21381 1439840.0
527 0.01735 8.83484e-05 -861.817 273.328 5.02867 5.03103 3.31957 5.0379 1439390.0
526 0.01745 8.8349e-05 -861.813 273.33 5.02874 5.03132 3.28425 5.07011 1439340.0
525 0.01755 8.83488e-05 -861.817 273.323 5.02859 5.03117 3.10842 4.77808 1438900.0
524 0.01765 8.83473e-05 -861.826 273.309 5.02824 5.03025 2.79595 4.17259 1437950.0
523 0.01775 8.83468e-05 -861.832 273.297 5.02801 5.02992 2.60208 3.93123 1437400.0
522 0.01785 8.83462e-05 -861.836 273.287 5.02778 5.02945 2.34864 3.51901 1436760.0
521 0.01795 8.83464e-05 -861.841 273.279 5.02764 5.02926 2.18229 3.32145 1436350.0
520 0.01805 8.83458e-05 -861.834 273.285 5.02771 5.02952 2.25396 3.49016 1436500.0
519 0.01815 8.83466e-05 -861.838 273.281 5.0277 5.02945 2.23618 3.36234 1436260.0
518 0.01825 8.83455e-05 -861.839 273.276 5.02754 5.02918 2.12068 3.15116 1435900.0
517 0.01835 8.83454e-05 -861.844 273.273 5.02748 5.02896 2.02036 2.95547 1435630.0
516 0.01845 8.83444e-05 -861.846 273.266 5.0273 5.02869 1.90201 2.73256 1435200.0
515 0.01855 8.83453e-05 -861.845 273.265 5.02733 5.02872 1.87253 2.69981 1435070.0
514 0.01865 8.83447e-05 -861.849 273.262 5.02724 5.02869 1.80015 2.71879 1434860.0
513 0.01875 8.83449e-05 -861.844 273.261 5.02724 5.02881 1.77893 2.8655 1434820.0
512 0.01885 8.8344e-05 -861.85 273.252 5.02702 5.02835 1.55639 2.47433 1434330.0
511 0.01895 8.83448e-05 -861.851 273.248 5.02698 5.02837 1.50212 2.425 1434160.0
510 0.01905 8.83445e-05 -861.845 273.251 5.02703 5.02861 1.52273 2.58035 1434220.0
509 0.01915 8.83444e-05 -861.851 273.242 5.02686 5.02828 1.36177 2.24591 1433790.0
508 0.01925 8.83447e-05 -861.845 273.244 5.02691 5.02855 1.3956 2.33633 1433910.0
507 0.01935 8.83433e-05 -861.853 273.236 5.02669 5.02806 1.24216 2.0112 1433430.0
506 0.01945 8.83448e-05 -861.856 273.236 5.02677 5.02814 1.17446 1.86545 1433280.0
505 0.01955 8.83436e-05 -861.854 273.231 5.0266 5.02786 1.17485 1.86674 1433060.0
504 0.01965 8.83442e-05 -861.857 273.234 5.0267 5.02796 1.16791 1.91519 1433060.0
503 0.01975 8.83428e-05 -861.866 273.223 5.0264 5.02712 0.952543 1.43462 1432340.0
502 0.01985 8.83425e-05 -861.868 273.218 5.02631 5.02692 0.90746 1.28608 1432210.0
501 0.01995 8.83433e-05 -861.867 273.219 5.02637 5.02714 0.860202 1.24422 1432100.0
500 0.02005 8.83428e-05 -861.866 273.216 5.02628 5.02704 0.853021 1.21613 1432040.0
499 0.02015 8.83427e-05 -861.867 273.214 5.02624 5.02705 0.820116 1.26416 1431990.0
498 0.02025 8.83427e-05 -861.865 273.217 5.0263 5.02697 0.834255 1.27191 1431930.0
497 0.02035 8.83429e-05 -861.865 273.221 5.02638 5.02719 0.924704 1.41735 1432020.0
496 0.02045 8.8343e-05 -861.865 273.217 5.02631 5.02702 0.868944 1.29095 1431880.0
495 0.02055 8.83425e-05 -861.864 273.219 5.02632 5.02706 0.928352 1.36789 1431940.0
494 0.02065 8.83424e-05 -861.865 273.217 5.02627 5.02691 0.848462 1.31526 1431740.0
493 0.02075 8.8342e-05 -861.872 273.212 5.02616 5.02659 0.716939 1.02539 1431440.0
492 0.02085 8.83419e-05 -861.868 273.212 5.02616 5.02666 0.732908 1.11338 1431440.0
491 0.02095 8.83421e-05 -861.871 273.204 5.02602 5.02635 0.558015 0.822921 1431040.0
490 0.02105 8.83418e-05 -861.874 273.201 5.02595 5.02622 0.482865 0.62124 1430890.0
489 0.02115 8.83429e-05 -861.868 273.208 5.02614 5.0266 0.616782 0.866363 1431220.0
488 0.02125 8.83421e-05 -861.871 273.207 5.02609 5.02642 0.584658 0.681075 1431030.0
487 0.02135 8.83418e-05 -861.868 273.208 5.02609 5.02671 0.658458 0.897689 1431210.0
486 0.02145 8.83419e-05 -861.872 273.201 5.02595 5.0262 0.501732 0.52542 1430760.0
485 0.02155 8.83417e-05 -861.875 273.199 5.02592 5.02611 0.439631 0.409491 1430650.0
484 0.02165 8.83421e-05 -861.873 273.201 5.02598 5.02631 0.460023 0.474239 1430740.0
483 0.02175 8.83423e-05 -861.87 273.202 5.026 5.02643 0.501409 0.585075 1430770.0
482 0.02185 8.83422e-05 -861.869 273.204 5.02602 5.02664 0.520371 0.656179 1430920.0
481 0.02195 8.83415e-05 -861.874 273.197 5.02586 5.02619 0.396701 0.438969 1430580.0
480 0.02205 8.83409e-05 -861.884 273.188 5.02566 5.02561 0.252313 0.0999242 1430150.0
479 0.02215 8.83413e-05 -861.883 273.191 5.02574 5.02574 0.237615 0.17805 1430260.0
478 0.02225 8.83414e-05 -861.878 273.194 5.02581 5.02593 0.319271 0.346419 1430410.0
477 0.02235 8.83418e-05 -861.878 273.193 5.02581 5.02595 0.317806 0.353254 1430370.0
476 0.02245 8.83414e-05 -861.877 273.195 5.02581 5.0261 0.305686 0.413857 1430410.0
475 0.02255 8.83419e-05 -861.875 273.197 5.02588 5.02615 0.373278 0.556757 1430440.0
474 0.02265 8.83417e-05 -861.875 273.197 5.02588 5.02615 0.352662 0.474372 1430420.0
473 0.02275 8.83411e-05 -861.88 273.191 5.02572 5.02582 0.237876 0.33145 1430130.0
472 0.02285 8.83413e-05 -861.879 273.192 5.02576 5.02582 0.322789 0.482795 1430230.0
471 0.02295 8.83425e-05 -861.874 273.201 5.02598 5.02634 0.404749 0.657138 1430530.0
470 0.02305 8.83414e-05 -861.877 273.192 5.02577 5.02603 0.264769 0.419842 1430180.0
469 0.02315 8.83415e-05 -861.884 273.19 5.02573 5.02575 0.190262 0.263557 1430020.0
468 0.02325 8.83404e-05 -861.884 273.186 5.02559 5.0255 0.128715 0.168196 1429800.0
467 0.02335 8.83408e-05 -861.885 273.187 5.02564 5.02547 0.190893 0.227967 1429850.0
466 0.02345 8.8341e-05 -861.883 273.191 5.02572 5.02565 0.299038 0.430498 1430040.0
465 0.02355 8.83405e-05 -861.891 273.182 5.02552 5.02505 0.0531333 -0.00898471 1429480.0
464 0.02365 8.83408e-05 -861.892 273.178 5.02547 5.02493 0.00179427 -0.107501 1429340.0
463 0.02375 8.83405e-05 -861.888 273.185 5.02558 5.0253 0.124459 0.149883 1429630.0
462 0.02385 8.83406e-05 -861.89 273.181 5.02552 5.02505 0.0850383 0.00867713 1429490.0
461 0.02395 8.83405e-05 -861.89 273.185 5.02558 5.02516 0.15359 0.16182 1429600.0
460 0.02405 8.83416e-05 -861.883 273.192 5.02577 5.02563 0.192893 0.360222 1429850.0
459 0.02415 8.83404e-05 -861.892 273.178 5.02545 5.0249 -0.00152437 -0.0182877 1429270.0
458 0.02425 8.83406e-05 -861.892 273.176 5.02543 5.02484 -0.0869469 -0.14712 1429160.0
457 0.02435 8.83403e-05 -861.892 273.183 5.02553 5.02492 0.0845234 0.0152263 1429400.0
456 0.02445 8.83401e-05 -861.886 273.186 5.02559 5.02511 0.134953 0.111823 1429530.0
455 0.02455 8.83409e-05 -861.886 273.186 5.02562 5.02522 0.127565 0.11241 1429480.0
454 0.02465 8.83405e-05 -861.887 273.186 5.02561 5.02522 0.153248 0.123831 1429520.0
453 0.02475 8.83404e-05 -861.888 273.188 5.02564 5.02514 0.18402 0.0935836 1429490.0
452 0.02485 8.83412e-05 -861.882 273.198 5.02586 5.02562 0.367653 0.406407 1429850.0
451 0.02495 8.83413e-05 -861.881 273.198 5.02587 5.02567 0.381193 0.483161 1429860.0
450 0.02505 8.83406e-05 -861.886 273.19 5.02567 5.02518 0.263352 0.251101 1429510.0
449 0.02515 8.83405e-05 -861.886 273.192 5.02572 5.02523 0.283684 0.258399 1429600.0
448 0.02525 8.83405e-05 -861.884 273.195 5.02577 5.02532 0.366956 0.413206 1429740.0
447 0.02535 8.83415e-05 -861.885 273.196 5.02584 5.02539 0.371559 0.43475 1429730.0
446 0.02545 8.83405e-05 -861.886 273.194 5.02575 5.02527 0.331359 0.341265 1429660.0
445 0.02555 8.83408e-05 -861.884 273.193 5.02575 5.02532 0.374456 0.407767 1429690.0
444 0.02565 8.83409e-05 -861.886 273.192 5.02574 5.02526 0.313268 0.312247 1429620.0
443 0.02575 8.83409e-05 -861.883 273.196 5.02582 5.02557 0.427647 0.56093 1429840.0
442 0.02585 8.8341e-05 -861.886 273.191 5.02573 5.0253 0.317828 0.340078 1429580.0
441 0.02595 8.83405e-05 -861.881 273.198 5.02583 5.02552 0.4202 0.519455 1429850.0
440 0.02605 8.83419e-05 -861.877 273.202 5.02597 5.02594 0.553916 0.830327 1430160.0
439 0.02615 8.83415e-05 -861.882 273.199 5.02591 5.02571 0.466905 0.682001 1429890.0
438 0.02625 8.83407e-05 -861.881 273.197 5.02583 5.02559 0.438724 0.63555 1429840.0
437 0.02635 8.83407e-05 -861.887 273.192 5.02573 5.02535 0.35918 0.475824 1429570.0
436 0.02645 8.83403e-05 -861.887 273.19 5.02567 5.02518 0.314194 0.371037 1429440.0
435 0.02655 8.83407e-05 -861.884 273.195 5.02579 5.02556 0.38074 0.538919 1429690.0
434 0.02665 8.83413e-05 -861.884 273.191 5.02574 5.02544 0.30777 0.455904 1429520.0
433 0.02675 8.83404e-05 -861.879 273.193 5.02572 5.02567 0.293168 0.537463 1429590.0
432 0.02685 8.83412e-05 -861.881 273.197 5.02585 5.02583 0.386207 0.604252 1429790.0
431 0.02695 8.8341e-05 -861.88 273.198 5.02584 5.0257 0.373458 0.507564 1429680.0
430 0.02705 8.83413e-05 -861.882 273.192 5.02576 5.02566 0.240445 0.282558 1429450.0
429 0.02715 8.83413e-05 -861.881 273.197 5.02585 5.0259 0.357731 0.469023 1429760.0
428 0.02725 8.83412e-05 -861.876 273.199 5.02588 5.02617 0.374043 0.616128 1429900.0
427 0.02735 8.83407e-05 -861.882 273.192 5.02573 5.02569 0.234896 0.365271 1429520.0
426 0.02745 8.83408e-05 -861.89 273.187 5.02563 5.02536 0.130675 0.107544 1429250.0
425 0.02755 8.83401e-05 -861.885 273.185 5.02555 5.02531 0.112296 0.120289 1429180.0
424 0.02765 8.83409e-05 -861.878 273.196 5.02582 5.02601 0.324097 0.560705 1429760.0
423 0.02775 8.83407e-05 -861.876 273.194 5.02577 5.02592 0.318851 0.474301 1429740.0
422 0.02785 8.83409e-05 -861.881 273.195 5.02579 5.02583 0.305096 0.456906 1429720.0
421 0.02795 8.8341e-05 -861.881 273.191 5.02572 5.02556 0.250896 0.296754 1429540.0
420 0.02805 8.83406e-05 -861.887 273.187 5.02563 5.02523 0.121038 -0.00389472 1429210.0
419 0.02815 8.83394e-05 -861.891 273.181 5.02545 5.02489 0.049759 -0.140493 1428940.0
418 0.02825 8.83399e-05 -861.885 273.19 5.02563 5.02541 0.184666 0.173268 1429380.0
417 0.02835 8.83416e-05 -861.876 273.197 5.02587 5.02589 0.349331 0.458544 1429740.0
416 0.02845 8.83405e-05 -861.885 273.189 5.02565 5.02529 0.212199 0.140189 1429310.0
415 0.02855 8.83398e-05 -861.894 273.181 5.02546 5.02465 -0.00184712 -0.262942 1428810.0
414 0.02865 8.83402e-05 -861.886 273.186 5.02558 5.02526 0.0930442 0.00937927 1429190.0
413 0.02875 8.83408e-05 -861.883 273.185 5.02561 5.02542 0.112854 0.0937826 1429250.0
412 0.02885 8.83404e-05 -861.887 273.18 5.02549 5.02509 0.0183941 -0.12616 1429020.0
411 0.02895 8.83408e-05 -861.884 273.189 5.02568 5.02545 0.180875 0.125983 1429410.0
410 0.02905 8.83405e-05 -861.879 273.194 5.02576 5.02573 0.282379 0.230705 1429660.0
409 0.02915 8.83408e-05 -861.879 273.192 5.02573 5.02578 0.242131 0.2645 1429670.0
408 0.02925 8.834e-05 -861.882 273.185 5.02556 5.02544 0.129105 0.0581659 1429400.0
407 0.02935 8.83401e-05 -861.886 273.181 5.02549 5.02518 0.0637482 -0.0338808 1429200.0
406 0.02945 8.8341e-05 -861.88 273.19 5.02569 5.02571 0.183606 0.199954 1429570.0
405 0.02955 8.83409e-05 -861.877 273.191 5.02571 5.02582 0.185542 0.228732 1429590.0
404 0.02965 8.83407e-05 -861.879 273.187 5.02563 5.0257 0.124514 0.107322 1429520.0
403 0.02975 8.83419e-05 -861.874 273.195 5.02585 5.02628 0.245586 0.362755 1429880.0
402 0.02985 8.83402e-05 -861.88 273.182 5.02551 5.02557 0.0221131 0.0489611 1429320.0
401 0.02995 8.83413e-05 -861.879 273.185 5.02562 5.02584 0.0733747 0.20821 1429480.0
400 0.03005 8.83414e-05 -861.881 273.181 5.02555 5.02562 -0.0202694 0.0551751 1429270.0
399 0.03015 8.83407e-05 -861.881 273.183 5.02556 5.02559 3.06028e-05 0.104843 1429290.0
398 0.03025 8.83415e-05 -861.879 273.182 5.02559 5.02556 0.00271064 0.0120016 1429310.0
397 0.03035 8.83416e-05 -861.873 273.191 5.02576 5.02617 0.203447 0.445581 1429790.0
396 0.03045 8.83423e-05 -861.87 273.19 5.02578 5.02622 0.211706 0.502125 1429890.0
395 0.03055 8.83415e-05 -861.874 273.191 5.02575 5.02605 0.125766 0.285511 1429740.0
394 0.03065 8.83427e-05 -861.871 273.191 5.02581 5.02632 0.187889 0.477185 1429870.0
393 0.03075 8.83426e-05 -861.867 273.192 5.02584 5.02639 0.158614 0.458237 1429860.0
392 0.03085 8.83419e-05 -861.874 273.184 5.02565 5.02608 0.0735642 0.284024 1429590.0
391 0.03095 8.83411e-05 -861.884 273.178 5.02549 5.02543 -0.128793 -0.208911 1429090.0
390 0.03105 8.8342e-05 -861.877 273.188 5.02572 5.02588 0.0623662 0.0833326 1429550.0
389 0.03115 8.83422e-05 -861.876 273.181 5.02561 5.02568 -0.0543729 -0.0445682 1429320.0
388 0.03125 8.83413e-05 -861.881 273.18 5.02553 5.02557 -0.0715489 -0.0668938 1429320.0
387 0.03135 8.8341e-05 -861.884 273.178 5.02549 5.02525 -0.121082 -0.15593 1429150.0
386 0.03145 8.8342e-05 -861.878 273.186 5.02568 5.0257 0.0205934 0.15159 1429480.0
385 0.03155 8.83413e-05 -861.884 273.179 5.02551 5.02542 -0.102356 -0.0641782 1429190.0
384 0.03165 8.83412e-05 -861.88 273.18 5.02553 5.02536 -0.0879846 -0.130324 1429170.0
383 0.03175 8.83415e-05 -861.881 273.181 5.02556 5.02547 -0.07691 -0.150929 1429220.0
382 0.03185 8.83422e-05 -861.874 273.189 5.02575 5.02596 0.112984 0.243922 1429620.0
381 0.03195 8.83419e-05 -861.876 273.187 5.02569 5.02581 0.0239118 0.103196 1429470.0
380 0.03205 8.83407e-05 -861.881 273.18 5.0255 5.02542 -0.0626606 -0.0652859 1429220.0
379 0.03215 8.8342e-05 -861.876 273.187 5.02571 5.02576 0.0299896 0.166675 1429540.0
378 0.03225 8.83416e-05 -861.879 273.182 5.02558 5.02547 0.00125483 0.0510455 1429320.0
377 0.03235 8.83418e-05 -861.878 273.185 5.02566 5.02564 0.0252132 0.103344 1429440.0
376 0.03245 8.83417e-05 -861.874 273.191 5.02576 5.02585 0.162518 0.302373 1429660.0
375 0.03255 8.83419e-05 -861.875 273.19 5.02575 5.02577 0.108127 0.164416 1429540.0
374 0.03265 8.83421e-05 -861.874 273.192 5.0258 5.02584 0.190288 0.265022 1429690.0
373 0.03275 8.83426e-05 -861.875 273.19 5.02579 5.02589 0.151826 0.209489 1429690.0
372 0.03285 8.83419e-05 -861.87 273.193 5.02581 5.02602 0.212823 0.361085 1429800.0
371 0.03295 8.83423e-05 -861.873 273.191 5.02579 5.02603 0.152018 0.306634 1429700.0
370 0.03305 8.8342e-05 -861.876 273.184 5.02566 5.02569 0.0897219 0.197922 1429490.0
369 0.03315 8.83413e-05 -861.875 273.19 5.02572 5.02574 0.144952 0.321791 1429650.0
368 0.03325 8.83417e-05 -861.88 273.182 5.0256 5.02544 0.00481039 0.1801 1429280.0
367 0.03335 8.83407e-05 -861.881 273.179 5.02548 5.02531 -0.0697048 0.0296371 1429150.0
366 0.03345 8.83407e-05 -861.885 273.174 5.0254 5.02509 -0.133371 -0.0932679 1428980.0
365 0.03355 8.83418e-05 -861.88 273.182 5.02561 5.02559 0.00355674 0.169831 1429360.0
364 0.03365 8.83407e-05 -861.883 273.174 5.0254 5.02511 -0.0669861 0.0156991 1429050.0
363 0.03375 8.8341e-05 -861.878 273.185 5.0256 5.02551 0.0493406 0.183112 1429400.0
362 0.03385 8.83411e-05 -861.879 273.184 5.02559 5.02541 0.0642755 0.207187 1429350.0
361 0.03395 8.83423e-05 -861.877 273.186 5.0257 5.02564 0.102437 0.358317 1429500.0
360 0.03405 8.83414e-05 -861.879 273.181 5.02557 5.02544 -0.00101695 0.174342 1429240.0
359 0.03415 8.83418e-05 -861.879 273.182 5.0256 5.02545 0.0600313 0.187996 1429320.0
358 0.03425 8.83416e-05 -861.878 273.182 5.02559 5.02542 0.010579 0.14218 1429230.0
357 0.03435 8.83414e-05 -861.883 273.182 5.02558 5.02522 0.0397119 0.11968 1429200.0
356 0.03445 8.83414e-05 -861.884 273.181 5.02557 5.02506 0.0172655 -0.00631264 1429120.0
355 0.03455 8.83418e-05 -861.881 273.184 5.02564 5.02532 0.0568788 0.054048 1429290.0
354 0.03465 8.83409e-05 -861.883 273.179 5.02549 5.02497 -0.0210337 -0.084782 1429000.0
353 0.03475 8.83425e-05 -861.874 273.191 5.02581 5.02584 0.184502 0.34132 1429610.0
352 0.03485 8.8342e-05 -861.876 273.188 5.02572 5.02548 0.135541 0.145296 1429410.0
351 0.03495 8.83423e-05 -861.879 273.187 5.02573 5.02548 0.0968561 0.0617947 1429390.0
350 0.03505 8.83419e-05 -861.879 273.184 5.02565 5.02525 0.0821449 0.0564313 1429290.0
349 0.03515 8.83412e-05 -861.883 273.18 5.02553 5.02499 -0.0384869 -0.124955 1429040.0
348 0.03525 8.83416e-05 -861.883 273.175 5.02547 5.02498 -0.133079 -0.208116 1428900.0
347 0.03535 8.83414e-05 -861.88 273.178 5.02551 5.02512 -0.073234 -0.122008 1429010.0
346 0.03545 8.83416e-05 -861.881 273.183 5.02561 5.02519 0.0117337 -0.0351734 1429170.0
345 0.03555 8.83421e-05 -861.876 273.186 5.0257 5.02554 0.0894407 0.0959947 1429360.0
344 0.03565 8.83423e-05 -861.877 273.185 5.02567 5.02546 0.0330256 0.0550825 1429260.0
343 0.03575 8.83428e-05 -861.87 273.194 5.02587 5.02595 0.239028 0.408473 1429710.0
342 0.03585 8.83434e-05 -861.872 273.192 5.02588 5.02588 0.191654 0.312496 1429620.0
341 0.03595 8.83419e-05 -861.877 273.186 5.02568 5.02545 0.0931172 0.180854 1429330.0
340 0.03605 8.83423e-05 -861.879 273.187 5.02572 5.02541 0.100276 0.158314 1429380.0
339 0.03615 8.83423e-05 -861.873 273.186 5.0257 5.02554 0.132325 0.28778 1429460.0
338 0.03625 8.83428e-05 -861.873 273.192 5.02585 5.02585 0.196432 0.444716 1429710.0
337 0.03635 8.83426e-05 -861.871 273.189 5.02577 5.0258 0.111571 0.339165 1429540.0
336 0.03645 8.83423e-05 -861.87 273.187 5.02572 5.02571 0.113021 0.317823 1429540.0
335 0.03655 8.83418e-05 -861.877 273.185 5.02566 5.02553 0.0286172 0.197783 1429330.0
334 0.03665 8.83417e-05 -861.878 273.179 5.02554 5.02529 -0.0595357 0.0255318 1429090.0
333 0.03675 8.83431e-05 -861.872 273.187 5.02577 5.02584 0.0503063 0.210711 1429510.0
332 0.03685 8.83436e-05 -861.863 273.197 5.02599 5.02655 0.267273 0.711946 1430080.0
331 0.03695 8.83431e-05 -861.863 273.194 5.02589 5.02631 0.238659 0.622219 1429960.0
330 0.03705 8.83434e-05 -861.866 273.193 5.0259 5.02637 0.215494 0.602137 1430010.0
329 0.03715 8.8343e-05 -861.87 273.19 5.02581 5.026 0.118154 0.476338 1429810.0
328 0.03725 8.83429e-05 -861.869 273.189 5.0258 5.02606 0.135991 0.555348 1429830.0
327 0.03735 8.83426e-05 -861.87 273.187 5.02574 5.02581 0.0964276 0.433174 1429710.0
326 0.03745 8.83429e-05 -861.875 273.187 5.02576 5.02573 0.0482763 0.36864 1429640.0
325 0.03755 8.8343e-05 -861.868 273.19 5.02581 5.02607 0.149165 0.606199 1429900.0
324 0.03765 8.83429e-05 -861.873 273.184 5.02571 5.0258 0.0413065 0.3736 1429630.0
323 0.03775 8.83423e-05 -861.869 273.188 5.02573 5.02584 0.0817343 0.366696 1429650.0
322 0.03785 8.83425e-05 -861.877 273.179 5.02558 5.02541 -0.105998 0.0595336 1429210.0
321 0.03795 8.83415e-05 -861.877 273.177 5.0255 5.0252 -0.0811024 0.030897 1429160.0
320 0.03805 8.83424e-05 -861.877 273.182 5.02564 5.02543 -0.0372233 0.100168 1429310.0
319 0.03815 8.83427e-05 -861.877 273.18 5.02562 5.0253 -0.0313476 0.094454 1429270.0
318 0.03825 8.83419e-05 -861.874 273.189 5.02574 5.02548 0.077222 0.281133 1429540.0
317 0.03835 8.83422e-05 -861.878 273.182 5.02562 5.02519 -0.0258068 0.106706 1429240.0
316 0.03845 8.83421e-05 -861.877 273.182 5.02561 5.02532 -0.0113779 0.182071 1429350.0
315 0.03855 8.83423e-05 -861.878 273.18 5.0256 5.02521 -0.0956149 0.0946323 1429170.0
314 0.03865 8.83428e-05 -861.869 273.188 5.02576 5.02578 0.0444958 0.436027 1429580.0
313 0.03875 8.83426e-05 -861.877 273.181 5.02563 5.02531 -0.0882285 0.121984 1429230.0
312 0.03885 8.83418e-05 -861.881 273.173 5.02543 5.02494 -0.190265 -0.142729 1428960.0
311 0.03895 8.83419e-05 -861.879 273.173 5.02544 5.02506 -0.260921 -0.143543 1428950.0
310 0.03905 8.83423e-05 -861.874 273.182 5.02563 5.02538 -0.099183 0.0592154 1429330.0
309 0.03915 8.83422e-05 -861.88 273.178 5.02556 5.02516 -0.110839 0.0195891 1429180.0
308 0.03925 8.83419e-05 -861.874 273.182 5.0256 5.02521 -0.0679758 0.111434 1429310.0
307 0.03935 8.83433e-05 -861.867 273.194 5.0259 5.02602 0.172321 0.611537 1429910.0
306 0.03945 8.83428e-05 -861.868 273.193 5.02586 5.02573 0.186504 0.518016 1429820.0
305 0.03955 8.83421e-05 -861.878 273.18 5.02557 5.02509 -0.0658246 0.081683 1429230.0
304 0.03965 8.83418e-05 -861.875 273.185 5.02566 5.02521 -0.0056594 0.219351 1429390.0
303 0.03975 8.83431e-05 -861.869 273.193 5.02588 5.02573 0.140826 0.491403 1429770.0
302 0.03985 8.8342e-05 -861.872 273.188 5.02572 5.02538 0.0421541 0.211242 1429450.0
301 0.03995 8.83412e-05 -861.883 273.18 5.02553 5.02483 -0.0824948 -0.151603 1429110.0
300 0.04005 8.83417e-05 -861.881 273.18 5.02555 5.02494 -0.0618879 -0.0452302 1429190.0
299 0.04015 8.83418e-05 -861.88 273.184 5.02563 5.02512 -0.0484009 -0.00798361 1429270.0
298 0.04025 8.83421e-05 -861.874 273.189 5.02575 5.02531 0.111682 0.249171 1429570.0
297 0.04035 8.83427e-05 -861.873 273.19 5.0258 5.02549 0.14479 0.31411 1429660.0
296 0.04045 8.83422e-05 -861.88 273.185 5.02568 5.02522 0.00326423 0.0181998 1429300.0
295 0.04055 8.83421e-05 -861.869 273.195 5.02586 5.02566 0.204398 0.371023 1429820.0
294 0.04065 8.83428e-05 -861.869 273.189 5.02578 5.02562 0.143511 0.357507 1429680.0
293 0.04075 8.83426e-05 -861.869 273.195 5.02589 5.02588 0.205832 0.420336 1429850.0
292 0.04085 8.83423e-05 -861.877 273.186 5.02569 5.02528 -0.0014829 0.0401264 1429370.0
291 0.04095 8.83421e-05 -861.876 273.181 5.0256 5.02519 -0.0455536 0.00281268 1429230.0
290 0.04105 8.83423e-05 -861.877 273.188 5.02573 5.02521 0.0189498 0.0734904 1429340.0
289 0.04115 8.83419e-05 -861.881 273.181 5.02559 5.02481 -0.0310125 -0.126392 1429060.0
288 0.04125 8.83424e-05 -861.878 273.186 5.02572 5.02517 0.0842346 0.122263 1429350.0
287 0.04135 8.83419e-05 -861.876 273.185 5.02566 5.02517 0.06861 0.122146 1429360.0
286 0.04145 8.83428e-05 -861.877 273.187 5.02574 5.02536 0.0196652 0.120081 1429360.0
285 0.04155 8.83412e-05 -861.883 273.177 5.02548 5.02467 -0.16118 -0.202747 1428880.0
284 0.04165 8.83428e-05 -861.877 273.184 5.0257 5.02517 0.0381057 0.140498 1429370.0
283 0.04175 8.83419e-05 -861.88 273.184 5.02565 5.025 -0.00365296 0.129489 1429260.0
282 0.04185 8.83431e-05 -861.873 273.192 5.02586 5.02534 0.164737 0.409258 1429620.0
281 0.04195 8.83427e-05 -861.874 273.194 5.02586 5.02537 0.15028 0.33755 1429580.0
280 0.04205 8.83429e-05 -861.872 273.192 5.02584 5.02539 0.15363 0.378232 1429580.0
279 0.04215 8.83432e-05 -861.873 273.188 5.02579 5.02533 0.0624471 0.247948 1429440.0
278 0.04225 8.83421e-05 -861.878 273.186 5.02569 5.02504 -0.0109261 0.0469219 1429210.0
277 0.04235 8.83424e-05 -861.878 273.182 5.02564 5.02495 -0.0171265 0.0219814 1429170.0
276 0.04245 8.83422e-05 -861.879 273.183 5.02565 5.02478 -0.059925 -0.096015 1429090.0
275 0.04255 8.83423e-05 -861.878 273.187 5.02572 5.02506 0.0300883 0.0983435 1429310.0
274 0.04265 8.83429e-05 -861.878 273.185 5.02573 5.02494 0.0268608 0.0951063 1429310.0
273 0.04275 8.83422e-05 -861.876 273.188 5.02573 5.02511 0.041358 0.160985 1429380.0
272 0.04285 8.83426e-05 -861.878 273.187 5.02574 5.02503 0.0186078 0.0971599 1429320.0
271 0.04295 8.83417e-05 -861.885 273.179 5.02555 5.02447 -0.0598943 -0.137801 1428970.0
270 0.04305 8.83414e-05 -861.886 273.179 5.02553 5.02455 -0.0677406 -0.0504341 1428990.0
269 0.04315 8.8342e-05 -861.878 273.185 5.02567 5.02483 -0.0115369 0.0391414 1429180.0
268 0.04325 8.83422e-05 -861.88 273.188 5.02574 5.0249 0.0690673 0.078978 1429380.0
267 0.04335 8.8342e-05 -861.878 273.188 5.02573 5.02496 0.0625374 0.102617 1429350.0
266 0.04345 8.83425e-05 -861.871 273.188 5.02576 5.02533 0.0937153 0.288062 1429530.0
265 0.04355 8.83424e-05 -861.88 273.185 5.02569 5.02493 -0.0746444 -0.0499877 1429180.0
264 0.04365 8.83425e-05 -861.878 273.181 5.02563 5.02484 -0.0894338 -0.188828 1429090.0
263 0.04375 8.83425e-05 -861.875 273.184 5.02568 5.02515 -0.0221452 0.0421191 1429330.0
262 0.04385 8.83428e-05 -861.874 273.186 5.02573 5.02521 0.000841868 0.0835723 1429400.0
261 0.04395 8.83438e-05 -861.874 273.189 5.02584 5.02535 0.0275877 0.125187 1429490.0
260 0.04405 8.83419e-05 -861.884 273.18 5.02556 5.02455 -0.141499 -0.282242 1428980.0
259 0.04415 8.83432e-05 -861.873 273.184 5.02572 5.02507 0.0198841 -0.00353125 1429380.0
258 0.04425 8.83422e-05 -861.882 273.177 5.02553 5.02455 -0.192885 -0.449534 1428890.0
257 0.04435 8.83435e-05 -861.873 273.187 5.0258 5.02523 0.0618684 0.0578047 1429490.0
256 0.04445 8.83433e-05 -861.871 273.187 5.02578 5.02513 0.0172947 -0.027016 1429400.0
255 0.04455 8.83432e-05 -861.873 273.188 5.02578 5.02516 -0.0239317 -0.124955 1429330.0
254 0.04465 8.83433e-05 -861.872 273.189 5.02581 5.02526 -0.00520483 -0.00727464 1429400.0
253 0.04475 8.83434e-05 -861.872 273.189 5.02583 5.0253 0.0578036 0.0909859 1429470.0
252 0.04485 8.83435e-05 -861.867 273.193 5.0259 5.02551 0.090954 0.159751 1429630.0
251 0.04495 8.83422e-05 -861.883 273.172 5.02545 5.02442 -0.309957 -0.67055 1428600.0
250 0.04505 8.83423e-05 -861.881 273.177 5.02553 5.02467 -0.226523 -0.483388 1428870.0
249 0.04515 8.83424e-05 -861.876 273.18 5.0256 5.02488 -0.150726 -0.276929 1429040.0
248 0.04525 8.83428e-05 -861.875 273.184 5.0257 5.02509 -0.0628891 -0.086396 1429240.0
247 0.04535 8.8343e-05 -861.875 273.182 5.02568 5.02515 -0.0723778 -0.071877 1429330.0
246 0.04545 8.83435e-05 -861.87 273.192 5.02588 5.02566 0.0625889 0.217274 1429720.0
245 0.04555 8.83434e-05 -861.867 273.191 5.02586 5.02556 0.0698654 0.250626 1429620.0
244 0.04565 8.83434e-05 -861.874 273.182 5.02569 5.02537 -0.124544 -0.00902493 1429310.0
243 0.04575 8.83438e-05 -861.868 273.191 5.02588 5.02566 0.0161154 0.180015 1429670.0
242 0.04585 8.8342e-05 -861.88 273.178 5.02553 5.02483 -0.216098 -0.345549 1428990.0
241 0.04595 8.8342e-05 -861.88 273.175 5.02549 5.02477 -0.27061 -0.462113 1428920.0
240 0.04605 8.83431e-05 -861.871 273.185 5.02573 5.02527 -0.0988781 -0.0374221 1429320.0
239 0.04615 8.83425e-05 -861.873 273.18 5.0256 5.02507 -0.161066 -0.196371 1429130.0
238 0.04625 8.83427e-05 -861.877 273.18 5.02562 5.02494 -0.154225 -0.253209 1429110.0
237 0.04635 8.83424e-05 -861.875 273.182 5.02564 5.02504 -0.12299 -0.2224 1429220.0
236 0.04645 8.83429e-05 -861.875 273.182 5.02566 5.02508 -0.102077 -0.217483 1429220.0
235 0.04655 8.83432e-05 -861.871 273.19 5.02582 5.02531 0.0190924 0.0563383 1429550.0
234 0.04665 8.83426e-05 -861.873 273.186 5.02572 5.02518 0.000166567 0.00048951 1429400.0
233 0.04675 8.83419e-05 -861.88 273.178 5.02553 5.02481 -0.202911 -0.344231 1429010.0
232 0.04685 8.83426e-05 -861.874 273.183 5.02566 5.02513 -0.127147 -0.139197 1429220.0
231 0.04695 8.8343e-05 -861.875 273.184 5.02571 5.0251 -0.0687491 -0.0726509 1429300.0
230 0.04705 8.83414e-05 -861.881 273.172 5.0254 5.02453 -0.247872 -0.390357 1428820.0
229 0.04715 8.83417e-05 -861.883 273.175 5.02547 5.02458 -0.274825 -0.512311 1428860.0
228 0.04725 8.83419e-05 -861.884 273.171 5.02541 5.02455 -0.237082 -0.48507 1428800.0
227 0.04735 8.83417e-05 -861.881 273.175 5.02548 5.02469 -0.23168 -0.44473 1428890.0
226 0.04745 8.83425e-05 -861.876 273.182 5.02565 5.02517 -0.0755581 -0.113658 1429290.0
225 0.04755 8.83426e-05 -861.875 273.183 5.02567 5.02516 -0.0582443 -0.111436 1429360.0
224 0.04765 8.83432e-05 -861.871 273.181 5.02565 5.02531 -0.0830358 -0.0418018 1429340.0
223 0.04775 8.83432e-05 -861.868 273.191 5.02584 5.02568 0.0938035 0.254865 1429730.0
222 0.04785 8.83426e-05 -861.882 273.172 5.02546 5.02467 -0.22124 -0.403595 1428890.0
221 0.04795 8.83414e-05 -861.884 273.169 5.02533 5.02461 -0.294394 -0.424754 1428820.0
220 0.04805 8.83434e-05 -861.872 273.186 5.02576 5.02553 -0.027705 0.163034 1429580.0
219 0.04815 8.83424e-05 -861.878 273.174 5.0255 5.02497 -0.196467 -0.240767 1429100.0
218 0.04825 8.8343e-05 -861.872 273.183 5.02569 5.02552 -0.0763119 0.101655 1429480.0
217 0.04835 8.83426e-05 -861.869 273.182 5.02564 5.02558 -0.0611282 0.142717 1429510.0
216 0.04845 8.83435e-05 -861.872 273.182 5.02569 5.02562 -0.124681 0.0733063 1429440.0
215 0.04855 8.83434e-05 -861.865 273.185 5.02574 5.02587 -0.0221685 0.36019 1429710.0
214 0.04865 8.83427e-05 -861.878 273.177 5.02556 5.02511 -0.208444 -0.0831628 1429140.0
213 0.04875 8.83427e-05 -861.873 273.181 5.02563 5.0254 -0.0853321 0.154018 1429380.0
212 0.04885 8.83428e-05 -861.871 273.185 5.02571 5.02541 -0.0513245 0.176415 1429460.0
211 0.04895 8.8343e-05 -861.87 273.191 5.02583 5.02566 0.0862142 0.389083 1429760.0
210 0.04905 8.83424e-05 -861.876 273.18 5.0256 5.02507 -0.131525 0.00847545 1429240.0
209 0.04915 8.83427e-05 -861.875 273.185 5.02571 5.02522 -0.0751212 0.139877 1429400.0
208 0.04925 8.83424e-05 -861.879 273.178 5.02557 5.025 -0.137694 -0.0388157 1429210.0
207 0.04935 8.8343e-05 -861.866 273.189 5.0258 5.02553 0.056299 0.350132 1429640.0
206 0.04945 8.83427e-05 -861.875 273.183 5.02567 5.02529 -0.0863116 0.141189 1429340.0
205 0.04955 8.83429e-05 -861.874 273.183 5.02568 5.02521 -0.0664234 0.152353 1429320.0
204 0.04965 8.83426e-05 -861.874 273.182 5.02565 5.02519 -0.0576008 0.0789622 1429330.0
203 0.04975 8.83432e-05 -861.87 273.189 5.02581 5.02551 0.0483984 0.255557 1429590.0
202 0.04985 8.83422e-05 -861.87 273.186 5.0257 5.02526 -0.00343654 0.12318 1429390.0
201 0.04995 8.83434e-05 -861.868 273.189 5.02582 5.02567 0.0684989 0.293779 1429640.0
200 0.05005 8.83442e-05 -861.863 273.192 5.02593 5.026 0.141123 0.498039 1429830.0
199 0.05015 8.8343e-05 -861.868 273.184 5.02571 5.02563 -0.0239711 0.331627 1429440.0
198 0.05025 8.83432e-05 -861.875 273.183 5.0257 5.0253 -0.0397466 0.19905 1429340.0
197 0.05035 8.83432e-05 -861.872 273.188 5.0258 5.02554 0.0739084 0.325254 1429550.0
196 0.05045 8.8344e-05 -861.867 273.193 5.02593 5.02588 0.182546 0.575705 1429790.0
195 0.05055 8.83425e-05 -861.874 273.185 5.0257 5.02529 0.00521603 0.150795 1429370.0
194 0.05065 8.83427e-05 -861.881 273.18 5.02561 5.02487 -0.121765 -0.0307734 1429010.0
193 0.05075 8.83418e-05 -861.883 273.179 5.02555 5.02481 -0.0968463 0.0271442 1429030.0
192 0.05085 8.83419e-05 -861.88 273.181 5.02559 5.02481 -0.110167 0.0243955 1429010.0
191 0.05095 8.83427e-05 -861.88 273.183 5.02567 5.02517 -0.0247323 0.228029 1429290.0
190 0.05105 8.83425e-05 -861.878 273.184 5.02567 5.02507 0.0267046 0.256498 1429270.0
189 0.05115 8.83427e-05 -861.877 273.191 5.02583 5.02528 0.0853114 0.397156 1429460.0
188 0.05125 8.83434e-05 -861.874 273.187 5.02577 5.02524 0.0832675 0.338136 1429380.0
187 0.05135 8.83426e-05 -861.883 273.177 5.02556 5.02481 -0.123122 0.0041187 1428950.0
186 0.05145 8.83426e-05 -861.88 273.183 5.02566 5.02485 -0.0692977 0.0836221 1429030.0
185 0.05155 8.83431e-05 -861.876 273.189 5.0258 5.02538 0.0903091 0.429334 1429460.0
184 0.05165 8.83436e-05 -861.871 273.189 5.02584 5.02545 0.0609275 0.409278 1429460.0
183 0.05175 8.83434e-05 -861.871 273.189 5.02582 5.02549 0.0439421 0.410127 1429400.0
182 0.05185 8.83433e-05 -861.873 273.19 5.02584 5.02547 0.109301 0.426396 1429490.0
181 0.05195 8.83427e-05 -861.873 273.191 5.02582 5.02524 0.120456 0.335844 1429420.0
180 0.05205 8.83436e-05 -861.872 273.19 5.02585 5.02542 0.114736 0.403219 1429460.0
179 0.05215 8.83436e-05 -861.878 273.188 5.02582 5.02532 0.021397 0.292082 1429310.0
178 0.05225 8.8342e-05 -861.88 273.179 5.02556 5.02469 -0.0904734 -0.0098077 1428880.0
177 0.05235 8.83421e-05 -861.884 273.178 5.02555 5.02469 -0.141276 0.00190253 1428780.0
176 0.05245 8.83429e-05 -861.878 273.184 5.02571 5.02504 -0.0436841 0.165357 1429040.0
175 0.05255 8.83435e-05 -861.878 273.184 5.02574 5.02522 -0.0472549 0.190304 1429100.0
174 0.05265 8.83415e-05 -861.884 273.172 5.02541 5.02448 -0.236072 -0.207328 1428580.0
173 0.05275 8.83424e-05 -861.883 273.18 5.02561 5.02476 -0.131937 -0.0748778 1428850.0
172 0.05285 8.83423e-05 -861.884 273.181 5.02561 5.02483 -0.0832598 0.048827 1428920.0
171 0.05295 8.83424e-05 -861.878 273.183 5.02566 5.02497 -0.0596044 0.0951527 1429040.0
170 0.05305 8.83427e-05 -861.878 273.186 5.02572 5.02506 -0.00855669 0.136462 1429110.0
169 0.05315 8.83426e-05 -861.879 273.187 5.02573 5.02507 0.0399644 0.143379 1429130.0
168 0.05325 8.83424e-05 -861.881 273.185 5.02569 5.02482 0.0199476 0.0241579 1429060.0
167 0.05335 8.83428e-05 -861.879 273.188 5.02577 5.02502 0.0424797 0.0631066 1429150.0
166 0.05345 8.83424e-05 -861.882 273.184 5.02567 5.02482 -0.0121289 -0.00233888 1429030.0
165 0.05355 8.83428e-05 -861.877 273.185 5.02571 5.0251 0.00564655 0.148138 1429150.0
164 0.05365 8.83426e-05 -861.878 273.185 5.0257 5.02514 0.0343993 0.144444 1429160.0
163 0.05375 8.83424e-05 -861.883 273.178 5.02556 5.02477 -0.147948 -0.130315 1428780.0
162 0.05385 8.83419e-05 -861.88 273.182 5.0256 5.02496 -0.0588467 -0.012009 1428940.0
161 0.05395 8.83432e-05 -861.876 273.188 5.02579 5.02534 0.0678888 0.189389 1429270.0
160 0.05405 8.83427e-05 -861.873 273.188 5.02576 5.02533 0.0623959 0.19892 1429310.0
159 0.05415 8.83434e-05 -861.869 273.195 5.02593 5.02574 0.158107 0.387368 1429600.0
158 0.05425 8.83443e-05 -861.863 273.202 5.02611 5.02635 0.314453 0.659805 1430090.0
157 0.05435 8.8344e-05 -861.866 273.195 5.02596 5.02587 0.196788 0.377439 1429700.0
156 0.05445 8.83437e-05 -861.87 273.192 5.0259 5.02568 0.0928997 0.204943 1429530.0
155 0.05455 8.83437e-05 -861.875 273.19 5.02585 5.02555 0.0994365 0.142973 1429510.0
154 0.05465 8.83431e-05 -861.874 273.188 5.02579 5.02538 0.0513477 0.0203801 1429340.0
153 0.05475 8.83429e-05 -861.881 273.182 5.02566 5.02509 -0.0765151 -0.182772 1429030.0
152 0.05485 8.83431e-05 -861.879 273.181 5.02565 5.02505 -0.0768622 -0.141641 1429010.0
151 0.05495 8.83432e-05 -861.876 273.189 5.02581 5.02538 0.034228 0.0309435 1429300.0
150 0.05505 8.83439e-05 -861.872 273.196 5.02598 5.02588 0.209739 0.359023 1429720.0
149 0.05515 8.83426e-05 -861.87 273.195 5.02589 5.02579 0.1885 0.363839 1429630.0
148 0.05525 8.83425e-05 -861.883 273.185 5.02569 5.02505 0.0199947 -0.0622759 1429110.0
147 0.05535 8.83427e-05 -861.883 273.182 5.02566 5.02476 -0.0620124 -0.168667 1428870.0
146 0.05545 8.83426e-05 -861.877 273.193 5.02584 5.02534 0.124259 0.10367 1429310.0
145 0.05555 8.83426e-05 -861.878 273.193 5.02585 5.02531 0.145381 0.086395 1429350.0
144 0.05565 8.83429e-05 -861.877 273.189 5.02579 5.02531 0.0922074 0.0624904 1429190.0
143 0.05575 8.8343e-05 -861.874 273.194 5.02589 5.0255 0.126623 0.227156 1429350.0
142 0.05585 8.83436e-05 -861.867 273.199 5.02602 5.02586 0.26167 0.504191 1429690.0
141 0.05595 8.83435e-05 -861.875 273.191 5.02587 5.02532 0.0663105 0.0977596 1429260.0
140 0.05605 8.83429e-05 -861.879 273.187 5.02576 5.02511 0.0207054 -0.0389495 1429080.0
139 0.05615 8.83429e-05 -861.876 273.192 5.02585 5.02526 0.122994 0.121665 1429280.0
138 0.05625 8.83432e-05 -861.875 273.191 5.02585 5.02528 0.100624 0.155005 1429240.0
137 0.05635 8.83441e-05 -861.868 273.202 5.0261 5.02595 0.322963 0.633549 1429740.0
136 0.05645 8.83445e-05 -861.862 273.207 5.02622 5.02617 0.41301 0.732315 1429950.0
135 0.05655 8.83446e-05 -861.86 273.212 5.02631 5.02639 0.443749 0.777279 1430060.0
134 0.05665 8.83439e-05 -861.863 273.205 5.02615 5.02612 0.319418 0.606194 1429750.0
133 0.05675 8.83443e-05 -861.862 273.204 5.02614 5.02624 0.31969 0.643202 1429830.0
132 0.05685 8.83448e-05 -861.857 273.212 5.02633 5.02652 0.460851 0.878203 1430100.0
131 0.05695 8.8345e-05 -861.86 273.207 5.02625 5.02623 0.366481 0.629386 1429900.0
130 0.05705 8.83438e-05 -861.864 273.203 5.0261 5.02594 0.26827 0.455959 1429630.0
129 0.05715 8.83437e-05 -861.868 273.2 5.02605 5.0258 0.294433 0.542009 1429610.0
128 0.05725 8.83431e-05 -861.872 273.196 5.02593 5.02548 0.171832 0.317714 1429290.0
127 0.05735 8.83431e-05 -861.87 273.199 5.02598 5.02558 0.256959 0.4675 1429500.0
126 0.05745 8.8343e-05 -861.877 273.19 5.02581 5.02502 0.0543315 0.0190483 1428970.0
125 0.05755 8.83433e-05 -861.87 273.195 5.02592 5.02538 0.111943 0.197704 1429230.0
124 0.05765 8.83435e-05 -861.872 273.197 5.02597 5.02553 0.162747 0.305305 1429310.0
123 0.05775 8.83436e-05 -861.872 273.197 5.02598 5.02554 0.196776 0.341228 1429340.0
122 0.05785 8.83433e-05 -861.87 273.202 5.02606 5.02569 0.277307 0.451829 1429530.0
121 0.05795 8.83438e-05 -861.873 273.197 5.02599 5.02539 0.193653 0.286454 1429280.0
120 0.05805 8.83435e-05 -861.873 273.202 5.02606 5.02553 0.317234 0.433366 1429540.0
119 0.05815 8.83431e-05 -861.872 273.198 5.02598 5.02535 0.203229 0.262958 1429300.0
118 0.05825 8.83431e-05 -861.876 273.198 5.02596 5.02526 0.177927 0.177831 1429270.0
117 0.05835 8.83428e-05 -861.873 273.197 5.02593 5.02531 0.166616 0.17014 1429220.0
116 0.05845 8.83435e-05 -861.87 273.2 5.02603 5.02555 0.25483 0.307084 1429440.0
115 0.05855 8.83429e-05 -861.879 273.194 5.02589 5.02498 0.0787616 -0.056408 1429010.0
114 0.05865 8.83433e-05 -861.873 273.196 5.02595 5.02522 0.143683 0.108376 1429210.0
113 0.05875 8.83431e-05 -861.877 273.192 5.02586 5.02502 0.0944169 -0.0175627 1429020.0
112 0.05885 8.83424e-05 -861.88 273.191 5.02581 5.02486 0.0133806 -0.114929 1428900.0
111 0.05895 8.83433e-05 -861.878 273.188 5.0258 5.02485 -0.0181371 -0.163032 1428810.0
110 0.05905 8.83432e-05 -861.874 273.194 5.0259 5.02511 0.0662341 -0.0430362 1429010.0
109 0.05915 8.83431e-05 -861.88 273.19 5.02583 5.02484 -0.0287836 -0.236968 1428800.0
108 0.05925 8.83434e-05 -861.873 273.196 5.02595 5.02529 0.132776 0.109545 1429150.0
107 0.05935 8.83447e-05 -861.864 273.204 5.02618 5.02593 0.26124 0.492593 1429560.0
106 0.05945 8.83446e-05 -861.865 273.202 5.02613 5.02583 0.224589 0.497181 1429450.0
105 0.05955 8.83436e-05 -861.87 273.201 5.02605 5.0255 0.150899 0.316564 1429250.0
104 0.05965 8.83436e-05 -861.871 273.195 5.02594 5.02525 0.0708397 0.185106 1429060.0
103 0.05975 8.83444e-05 -861.867 273.202 5.02611 5.02572 0.214529 0.490112 1429370.0
102 0.05985 8.83435e-05 -861.872 273.196 5.02595 5.02526 0.0783374 0.206873 1429000.0
101 0.05995 8.83428e-05 -861.874 273.193 5.02587 5.02503 0.0360014 0.126336 1428880.0
100 0.06005 8.83438e-05 -861.874 273.193 5.02592 5.0252 0.0292802 0.0693522 1428870.0
99 0.06015 8.83434e-05 -861.87 273.201 5.02604 5.02533 0.152323 0.238905 1429120.0
98 0.06025 8.83436e-05 -861.87 273.197 5.02597 5.02517 0.152697 0.150204 1429040.0
97 0.06035 8.83434e-05 -861.876 273.193 5.02589 5.02501 0.022062 -0.0564444 1428800.0
96 0.06045 8.83434e-05 -861.877 273.193 5.02589 5.02499 0.00750591 -0.141587 1428770.0
95 0.06055 8.83431e-05 -861.873 273.193 5.02588 5.0251 0.0356264 -0.0613599 1428810.0
94 0.06065 8.83436e-05 -861.876 273.193 5.02591 5.02513 0.0356705 -0.045591 1428850.0
93 0.06075 8.83445e-05 -861.868 273.202 5.02613 5.02561 0.211064 0.279495 1429200.0
92 0.06085 8.83436e-05 -861.874 273.193 5.02591 5.02505 0.0518535 -0.00185441 1428810.0
91 0.06095 8.83437e-05 -861.869 273.196 5.02597 5.02527 0.0923521 0.111763 1428930.0
90 0.06105 8.83442e-05 -861.868 273.2 5.02607 5.02556 0.206228 0.217994 1429160.0
89 0.06115 8.83438e-05 -861.87 273.194 5.02594 5.02533 0.0793873 -0.0309128 1428900.0
88 0.06125 8.83437e-05 -861.877 273.188 5.02583 5.025 -0.0417178 -0.202464 1428620.0
87 0.06135 8.83437e-05 -861.873 273.194 5.02592 5.02518 0.0865966 -0.0104239 1428890.0
86 0.06145 8.83428e-05 -861.879 273.19 5.0258 5.02486 0.0101976 -0.0988577 1428660.0
85 0.06155 8.83446e-05 -861.867 273.207 5.02622 5.02577 0.357182 0.520469 1429490.0
84 0.06165 8.83437e-05 -861.873 273.202 5.02608 5.02541 0.21988 0.345278 1429170.0
83 0.06175 8.83431e-05 -861.876 273.195 5.02592 5.02501 0.122772 0.169755 1428890.0
82 0.06185 8.83433e-05 -861.874 273.202 5.02605 5.02535 0.213614 0.323197 1429110.0
81 0.06195 8.83438e-05 -861.872 273.203 5.0261 5.02543 0.268309 0.417929 1429180.0
80 0.06205 8.83436e-05 -861.87 273.201 5.02606 5.02536 0.217398 0.336546 1429040.0
79 0.06215 8.8344e-05 -861.872 273.202 5.0261 5.02543 0.271453 0.328579 1429130.0
78 0.06225 8.83442e-05 -861.867 273.208 5.02621 5.02571 0.337931 0.432298 1429340.0
77 0.06235 8.83443e-05 -861.867 273.21 5.02626 5.02581 0.36678 0.503356 1429470.0
76 0.06245 8.83438e-05 -861.867 273.206 5.02616 5.02568 0.355988 0.469251 1429360.0
75 0.06255 8.83438e-05 -861.869 273.207 5.02618 5.02572 0.333554 0.442979 1429340.0
74 0.06265 8.83438e-05 -861.87 273.206 5.02615 5.02557 0.3291 0.362577 1429260.0
73 0.06275 8.83445e-05 -861.867 273.214 5.02635 5.026 0.44736 0.560547 1429640.0
72 0.06285 8.83439e-05 -861.868 273.204 5.02612 5.02566 0.355996 0.426889 1429310.0
71 0.06295 8.8343e-05 -861.873 273.201 5.02602 5.02528 0.21213 0.16628 1429000.0
70 0.06305 8.83441e-05 -861.87 273.206 5.02617 5.02561 0.361734 0.452613 1429310.0
69 0.06315 8.83437e-05 -861.867 273.212 5.02627 5.02588 0.482756 0.696386 1429600.0
68 0.06325 8.83436e-05 -861.868 273.206 5.02614 5.02567 0.390016 0.544099 1429340.0
67 0.06335 8.83432e-05 -861.871 273.204 5.02609 5.02543 0.327771 0.402905 1429150.0
66 0.06345 8.83438e-05 -861.874 273.202 5.02608 5.02542 0.246927 0.295219 1429000.0
65 0.06355 8.8344e-05 -861.864 273.211 5.02626 5.02592 0.472739 0.761484 1429480.0
64 0.06365 8.83447e-05 -861.863 273.214 5.02636 5.02617 0.514111 0.831042 1429600.0
63 0.06375 8.83439e-05 -861.87 273.202 5.0261 5.02561 0.304471 0.438196 1429120.0
62 0.06385 8.83432e-05 -861.87 273.203 5.02606 5.02551 0.254443 0.284975 1429070.0
61 0.06395 8.83448e-05 -861.861 273.21 5.02629 5.02615 0.475549 0.764046 1429610.0
60 0.06405 8.83435e-05 -861.873 273.201 5.02604 5.02538 0.228106 0.267122 1429000.0
59 0.06415 8.83441e-05 -861.864 273.205 5.02616 5.02583 0.303778 0.515504 1429250.0
58 0.06425 8.83434e-05 -861.872 273.201 5.02605 5.02545 0.267053 0.409341 1429050.0
57 0.06435 8.83446e-05 -861.867 273.206 5.02619 5.02574 0.349771 0.591192 1429270.0
56 0.06445 8.8343e-05 -861.871 273.202 5.02605 5.02538 0.310205 0.412569 1429070.0
55 0.06455 8.83441e-05 -861.867 273.213 5.0263 5.02585 0.480308 0.734254 1429500.0
54 0.06465 8.83432e-05 -861.871 273.206 5.02613 5.02549 0.373422 0.591049 1429270.0
53 0.06475 8.83423e-05 -861.88 273.197 5.0259 5.02478 0.24333 0.293064 1428850.0
52 0.06485 8.83429e-05 -861.879 273.199 5.02597 5.02491 0.242978 0.395574 1428860.0
51 0.06495 8.83422e-05 -861.885 273.194 5.02585 5.02453 0.117212 0.183701 1428570.0
50 0.06505 8.83409e-05 -861.89 273.193 5.02576 5.0242 0.134317 0.0609601 1428500.0
49 0.06515 8.83426e-05 -861.881 273.198 5.02595 5.02475 0.281236 0.356554 1428910.0
48 0.06525 8.83422e-05 -861.877 273.204 5.02604 5.02504 0.325958 0.504246 1429080.0
47 0.06535 8.83428e-05 -861.879 273.201 5.02601 5.02498 0.272318 0.362636 1428950.0
46 0.06545 8.8343e-05 -861.873 273.207 5.02613 5.02535 0.399468 0.616748 1429250.0
45 0.06555 8.83438e-05 -861.869 273.212 5.02626 5.0256 0.507193 0.823162 1429470.0
44 0.06565 8.83438e-05 -861.867 273.212 5.02627 5.02587 0.475421 0.842241 1429480.0
43 0.06575 8.83444e-05 -861.863 273.219 5.02643 5.02618 0.626382 1.02221 1429780.0
42 0.06585 8.83445e-05 -861.865 273.213 5.02632 5.0259 0.53434 0.853129 1429520.0
41 0.06595 8.83436e-05 -861.867 273.207 5.02617 5.02571 0.472045 0.700387 1429340.0
40 0.06605 8.83441e-05 -861.864 273.215 5.02635 5.02617 0.558881 0.92801 1429660.0
39 0.06615 8.83439e-05 -861.862 273.213 5.02629 5.02618 0.549856 0.99202 1429610.0
38 0.06625 8.83448e-05 -861.862 273.214 5.02637 5.02624 0.553663 0.997208 1429610.0
37 0.06635 8.83431e-05 -861.872 273.203 5.02606 5.02557 0.289628 0.575528 1428980.0
36 0.06645 8.83441e-05 -861.862 273.212 5.02628 5.0261 0.529157 0.958453 1429510.0
35 0.06655 8.83436e-05 -861.868 273.204 5.02611 5.0257 0.373098 0.65953 1429080.0
34 0.06665 8.83426e-05 -861.874 273.202 5.02601 5.02544 0.335738 0.62165 1428930.0
33 0.06675 8.83438e-05 -861.871 273.208 5.0262 5.02569 0.474788 0.843294 1429200.0
32 0.06685 8.8344e-05 -861.862 273.213 5.02629 5.02606 0.609205 1.08173 1429490.0
31 0.06695 8.83434e-05 -861.869 273.208 5.02616 5.02567 0.462328 0.798319 1429090.0
30 0.06705 8.83437e-05 -861.865 273.214 5.0263 5.02595 0.540134 0.910694 1429310.0
29 0.06715 8.8344e-05 -861.863 273.215 5.02633 5.02606 0.612765 1.01557 1429380.0
28 0.06725 8.83436e-05 -861.867 273.211 5.02623 5.02575 0.506864 0.848954 1429130.0
27 0.06735 8.8344e-05 -861.866 273.211 5.02626 5.02572 0.551382 0.858824 1429180.0
26 0.06745 8.83443e-05 -861.861 273.219 5.02643 5.02626 0.667123 1.16428 1429560.0
25 0.06755 8.83437e-05 -861.876 273.201 5.02606 5.02525 0.336703 0.578031 1428650.0
24 0.06765 8.83429e-05 -861.876 273.2 5.02599 5.02504 0.254899 0.444235 1428440.0
23 0.06775 8.8343e-05 -861.874 273.201 5.02602 5.02524 0.362237 0.635943 1428640.0
22 0.06785 8.83439e-05 -861.874 273.203 5.02612 5.02544 0.336811 0.688681 1428660.0
21 0.06795 8.8344e-05 -861.867 273.212 5.02628 5.02578 0.536798 1.03955 1429110.0
20 0.06805 8.83443e-05 -861.864 273.215 5.02636 5.02597 0.63777 1.17586 1429240.0
19 0.06815 8.83442e-05 -861.869 273.21 5.02624 5.02571 0.529398 1.03011 1428960.0
18 0.06825 8.83443e-05 -861.864 273.215 5.02635 5.02605 0.587018 1.15073 1429170.0
17 0.06835 8.83449e-05 -861.86 273.219 5.02646 5.02626 0.663418 1.21045 1429340.0
16 0.06845 8.83442e-05 -861.865 273.214 5.02632 5.02586 0.601435 1.01479 1429090.0
15 0.06855 8.83438e-05 -861.867 273.215 5.02632 5.02581 0.63198 1.09063 1429070.0
14 0.06865 8.83441e-05 -861.866 273.212 5.02628 5.02576 0.557611 0.993606 1429000.0
13 0.06875 8.83447e-05 -861.862 273.22 5.02646 5.02619 0.723818 1.32727 1429390.0
12 0.06885 8.83442e-05 -861.867 273.218 5.02639 5.02593 0.662631 1.18249 1429200.0
11 0.06895 8.83439e-05 -861.87 273.21 5.02624 5.02567 0.521013 0.976724 1428880.0
10 0.06905 8.83437e-05 -861.869 273.212 5.02627 5.02568 0.545907 0.998105 1428900.0
9 0.06915 8.83443e-05 -861.863 273.218 5.02641 5.02604 0.633478 1.23862 1429190.0
8 0.06925 8.83448e-05 -861.862 273.218 5.02643 5.02606 0.626481 1.1669 1429150.0
7 0.06935 8.8344e-05 -861.868 273.211 5.02626 5.02579 0.5011 1.00562 1428860.0
6 0.06945 8.83442e-05 -861.864 273.214 5.02632 5.02609 0.517948 1.04762 1428980.0
5 0.06955 8.83441e-05 -861.863 273.213 5.0263 5.02602 0.490582 1.06319 1428910.0
4 0.06965 8.83437e-05 -861.869 273.208 5.02618 5.02569 0.42926 0.941722 1428670.0
3 0.06975 8.83455e-05 -861.861 273.219 5.02649 5.02641 0.604591 1.21309 1429200.0
2 0.06985 8.83449e-05 -861.856 273.222 5.02651 5.02659 0.693154 1.453 1429390.0
1 0.06995 8.83452e-05 -861.862 273.219 5.02648 5.02619 0.612369 1.18312 1429170.0
