TITLE = "DSMC"
VARIABLES = "ID" "X" "rho" "v1" "Ttrans" "p" "p1" "q1" "mv1v1v1" "mvvv1v1"
ZONE T="Ma=2.0_inv", I=1000, J=1, K=1, F=POINT
1000 -0.02995 0.000201894 -269.333 567.708 23.8681 23.8651 -0.329644 -1.04435 14107700.0
999 -0.02985 0.000201908 -269.311 567.686 23.8688 23.8664 -1.00164 -2.08203 14108100.0
998 -0.02975 0.000201899 -269.322 567.707 23.8687 23.8661 -0.493789 -1.22065 14108200.0
997 -0.02965 0.000201873 -269.356 567.72 23.8661 23.8636 0.579452 0.65276 14107300.0
996 -0.02955 0.000201878 -269.348 567.702 23.866 23.8643 -0.0998968 0.153897 14107500.0
995 -0.02945 0.000201878 -269.346 567.711 23.8663 23.8643 0.175075 0.336173 14107700.0
994 -0.02935 0.000201884 -269.338 567.714 23.8672 23.8648 0.00244382 -0.057128 14107900.0
993 -0.02925 0.000201858 -269.369 567.721 23.8645 23.8632 0.763105 1.43558 14107000.0
992 -0.02915 0.000201865 -269.364 567.723 23.8653 23.8638 0.658932 1.00667 14107000.0
991 -0.02905 0.000201868 -269.357 567.707 23.865 23.8643 0.31664 0.795935 14106900.0
990 -0.02895 0.000201882 -269.336 567.72 23.8672 23.865 -0.0670368 -0.185366 14107000.0
989 -0.02885 0.000201868 -269.354 567.724 23.8658 23.8644 0.422286 0.931311 14107200.0
988 -0.02875 0.000201866 -269.357 567.722 23.8654 23.8638 0.377341 0.857285 14106900.0
987 -0.02865 0.000201881 -269.336 567.75 23.8684 23.8651 0.315043 0.0481532 14107600.0
986 -0.02855 0.0002019 -269.308 567.726 23.8696 23.8667 -0.775754 -1.38137 14108200.0
985 -0.02845 0.000201901 -269.31 567.7 23.8687 23.8668 -1.15785 -1.51612 14108400.0
984 -0.02835 0.000201873 -269.345 567.713 23.8658 23.8649 -0.201663 0.17839 14108000.0
983 -0.02825 0.000201888 -269.324 567.718 23.8678 23.8656 -0.50924 -1.17755 14108100.0
982 -0.02815 0.00020189 -269.321 567.743 23.8692 23.8661 -0.281791 -1.34903 14108500.0
981 -0.02805 0.000201905 -269.301 567.717 23.8698 23.8672 -1.13115 -2.25636 14108800.0
980 -0.02795 0.000201888 -269.321 567.732 23.8684 23.8657 -0.449284 -1.22978 14108200.0
979 -0.02785 0.000201868 -269.351 567.745 23.8666 23.8646 0.537653 0.239339 14108200.0
978 -0.02775 0.000201875 -269.338 567.747 23.8676 23.8652 0.225008 -0.420558 14108500.0
977 -0.02765 0.000201877 -269.334 567.762 23.8684 23.8653 0.39141 -0.258663 14108400.0
976 -0.02755 0.000201878 -269.333 567.755 23.8682 23.8653 0.275353 -0.283067 14108100.0
975 -0.02745 0.000201873 -269.34 567.745 23.8672 23.865 0.259639 0.0310945 14108000.0
974 -0.02735 0.000201859 -269.355 567.774 23.8668 23.8643 1.09431 0.956373 14108100.0
973 -0.02725 0.00020185 -269.368 567.788 23.8662 23.8637 1.47199 1.77102 14107800.0
972 -0.02715 0.000201875 -269.331 567.753 23.8677 23.8655 0.112461 -0.231923 14108000.0
971 -0.02705 0.000201873 -269.334 567.723 23.8663 23.8653 -0.422979 -0.698955 14107300.0
970 -0.02695 0.000201893 -269.306 567.717 23.8684 23.8667 -1.12457 -2.3175 14108300.0
969 -0.02685 0.000201887 -269.314 567.729 23.8681 23.8659 -0.610668 -1.67753 14108000.0
968 -0.02675 0.000201887 -269.315 567.73 23.8682 23.8663 -0.789099 -1.88544 14108600.0
967 -0.02665 0.000201868 -269.339 567.714 23.8653 23.8656 -0.486517 0.107201 14108100.0
966 -0.02655 0.000201871 -269.337 567.771 23.868 23.8655 0.550059 0.297078 14108800.0
965 -0.02645 0.000201869 -269.337 567.76 23.8673 23.865 0.348561 0.488903 14108500.0
964 -0.02635 0.000201881 -269.324 567.764 23.869 23.8663 -0.107652 -0.206266 14109200.0
963 -0.02625 0.000201879 -269.325 567.767 23.8688 23.8656 -0.049493 -0.304028 14108900.0
962 -0.02615 0.000201869 -269.338 567.785 23.8683 23.865 0.666399 0.500245 14108900.0
961 -0.02605 0.000201861 -269.348 567.753 23.8662 23.8647 0.34665 1.60893 14108500.0
960 -0.02595 0.000201864 -269.344 567.75 23.8663 23.865 0.329052 1.46169 14108500.0
959 -0.02585 0.000201863 -269.343 567.801 23.8684 23.8649 1.09449 1.737 14109000.0
958 -0.02575 0.000201887 -269.311 567.777 23.8702 23.8666 -0.204381 -0.153373 14109100.0
957 -0.02565 0.000201891 -269.309 567.803 23.8717 23.867 0.2047 -0.229866 14109600.0
956 -0.02555 0.000201872 -269.333 567.813 23.8699 23.8654 0.984079 1.14312 14109100.0
955 -0.02545 0.000201886 -269.313 567.809 23.8714 23.8666 0.498991 0.186608 14109400.0
954 -0.02535 0.000201887 -269.311 567.825 23.8722 23.8667 0.637977 -0.0193223 14109800.0
953 -0.02525 0.000201875 -269.328 567.818 23.8704 23.8658 0.891202 0.730893 14109000.0
952 -0.02515 0.000201873 -269.329 567.813 23.87 23.8659 0.861533 0.608836 14108700.0
951 -0.02505 0.000201867 -269.336 567.811 23.8693 23.8656 0.862608 1.04184 14108700.0
950 -0.02495 0.00020186 -269.346 567.827 23.8691 23.8645 1.51863 1.62693 14108100.0
949 -0.02485 0.000201873 -269.326 567.812 23.87 23.8657 0.725153 0.402925 14108400.0
948 -0.02475 0.000201879 -269.319 567.816 23.8709 23.8664 0.604121 0.202968 14108900.0
947 -0.02465 0.000201891 -269.301 567.751 23.8696 23.8671 -0.924323 -1.12293 14108700.0
946 -0.02455 0.000201882 -269.313 567.783 23.8698 23.8663 -0.238143 -0.715782 14108800.0
945 -0.02445 0.000201864 -269.336 567.764 23.867 23.8651 0.0228921 0.172054 14108200.0
944 -0.02435 0.000201854 -269.348 567.765 23.8658 23.8647 0.240689 0.641415 14108300.0
943 -0.02425 0.000201845 -269.36 567.733 23.8634 23.8637 0.0586577 1.56113 14107500.0
942 -0.02415 0.000201848 -269.355 567.767 23.8652 23.8646 0.569348 1.5532 14108600.0
941 -0.02405 0.000201857 -269.343 567.744 23.8652 23.8652 -0.160671 0.518192 14108700.0
940 -0.02395 0.000201866 -269.33 567.785 23.868 23.8658 0.32093 0.0356628 14109500.0
939 -0.02385 0.000201887 -269.301 567.78 23.8703 23.8674 -0.461329 -1.6371 14110000.0
938 -0.02375 0.000201902 -269.28 567.762 23.8714 23.8679 -1.34705 -2.69324 14109900.0
937 -0.02365 0.000201889 -269.297 567.783 23.8706 23.8675 -0.737187 -1.68739 14110000.0
936 -0.02355 0.000201885 -269.304 567.799 23.8708 23.8667 -0.246099 -1.45411 14109500.0
935 -0.02345 0.000201898 -269.284 567.742 23.87 23.8674 -1.54237 -2.67331 14109000.0
934 -0.02335 0.00020189 -269.298 567.784 23.8708 23.8669 -0.661993 -1.70472 14109100.0
933 -0.02325 0.000201872 -269.32 567.749 23.8673 23.8655 -0.606499 -0.592976 14108100.0
932 -0.02315 0.000201877 -269.312 567.756 23.8682 23.8661 -0.707314 -0.923953 14108600.0
931 -0.02305 0.00020187 -269.322 567.763 23.8676 23.8658 -0.417091 -0.344569 14108500.0
930 -0.02295 0.000201844 -269.356 567.781 23.8653 23.8634 0.715419 1.25759 14107400.0
929 -0.02285 0.000201865 -269.329 567.772 23.8674 23.8652 -0.0395843 0.033504 14108200.0
928 -0.02275 0.000201862 -269.335 567.767 23.8668 23.8643 -0.0420451 0.076453 14107500.0
927 -0.02265 0.000201859 -269.339 567.777 23.8668 23.8644 0.171555 0.226472 14107500.0
926 -0.02255 0.000201888 -269.3 567.738 23.8687 23.8665 -1.42522 -2.14518 14108200.0
925 -0.02245 0.000201884 -269.305 567.749 23.8687 23.8664 -1.06611 -1.86954 14108400.0
924 -0.02235 0.000201868 -269.325 567.74 23.8664 23.865 -0.600458 -0.465864 14108300.0
923 -0.02225 0.000201863 -269.331 567.762 23.8668 23.8645 0.0601683 -0.160583 14108100.0
922 -0.02215 0.000201879 -269.31 567.762 23.8686 23.8665 -0.745528 -1.10525 14108800.0
921 -0.02205 0.00020188 -269.308 567.734 23.8676 23.8662 -1.12425 -1.06669 14108300.0
920 -0.02195 0.000201864 -269.329 567.78 23.8676 23.865 0.181959 0.0115103 14108400.0
919 -0.02185 0.000201868 -269.323 567.801 23.8689 23.8653 0.42718 -0.10278 14108500.0
918 -0.02175 0.000201883 -269.302 567.759 23.8689 23.8666 -0.836275 -1.30553 14108700.0
917 -0.02165 0.000201882 -269.305 567.768 23.8692 23.8667 -0.796302 -1.75093 14109000.0
916 -0.02155 0.000201882 -269.303 567.726 23.8675 23.8666 -1.39046 -1.92107 14108300.0
915 -0.02145 0.000201874 -269.315 567.741 23.8672 23.8657 -0.890984 -1.55121 14107800.0
914 -0.02135 0.000201887 -269.299 567.749 23.8691 23.8668 -1.20024 -2.42083 14108500.0
913 -0.02125 0.000201884 -269.3 567.755 23.869 23.8667 -1.02572 -2.26329 14108400.0
912 -0.02115 0.000201868 -269.323 567.773 23.8678 23.8651 -0.306356 -1.10753 14107900.0
911 -0.02105 0.00020185 -269.349 567.714 23.8632 23.8644 -0.451195 0.203884 14107700.0
910 -0.02095 0.000201862 -269.329 567.692 23.8637 23.8651 -1.27566 -0.630237 14108000.0
909 -0.02085 0.000201865 -269.326 567.675 23.8633 23.865 -1.85905 -0.953914 14107300.0
908 -0.02075 0.000201869 -269.32 567.71 23.8652 23.8655 -1.36912 -1.17098 14107800.0
907 -0.02065 0.000201866 -269.324 567.687 23.864 23.8651 -1.61268 -0.911714 14107500.0
906 -0.02055 0.000201859 -269.331 567.699 23.8636 23.8646 -1.37423 -0.846827 14107300.0
905 -0.02045 0.000201855 -269.338 567.731 23.8644 23.8648 -0.731135 -0.40911 14107800.0
904 -0.02035 0.000201866 -269.323 567.731 23.8658 23.8652 -0.882931 -0.928097 14107800.0
903 -0.02025 0.000201867 -269.323 567.775 23.8677 23.8654 -0.307882 -0.970131 14108400.0
902 -0.02015 0.000201877 -269.31 567.767 23.8685 23.8661 -0.682311 -1.68715 14108400.0
901 -0.02005 0.000201873 -269.314 567.778 23.8686 23.8655 -0.351525 -1.37472 14108000.0
900 -0.01995 0.000201877 -269.309 567.739 23.8674 23.866 -1.30646 -2.19324 14107400.0
899 -0.01985 0.000201847 -269.347 567.748 23.8642 23.8642 -0.0367313 0.00730673 14106800.0
898 -0.01975 0.000201861 -269.329 567.791 23.8677 23.8654 0.0822888 -0.934836 14107800.0
897 -0.01965 0.000201852 -269.341 567.792 23.8667 23.8642 0.539702 -0.752252 14107700.0
896 -0.01955 0.000201872 -269.314 567.771 23.8681 23.8662 -0.416999 -1.35759 14108800.0
895 -0.01945 0.000201867 -269.322 567.781 23.868 23.8657 -0.106641 -0.798242 14108700.0
894 -0.01935 0.000201881 -269.302 567.762 23.8688 23.8667 -0.798202 -1.46274 14109000.0
893 -0.01925 0.00020189 -269.29 567.777 23.8705 23.8675 -0.901556 -1.78121 14109700.0
892 -0.01915 0.000201899 -269.279 567.756 23.8707 23.8682 -1.54916 -1.73814 14109800.0
891 -0.01905 0.000201895 -269.281 567.76 23.8705 23.8678 -1.43867 -1.68937 14109400.0
890 -0.01895 0.000201887 -269.291 567.79 23.8707 23.8674 -0.676392 -1.0737 14109600.0
889 -0.01885 0.000201892 -269.286 567.768 23.8704 23.868 -1.22056 -1.47984 14109300.0
888 -0.01875 0.000201883 -269.298 567.781 23.8699 23.8671 -0.525766 -0.669516 14109200.0
887 -0.01865 0.000201878 -269.302 567.741 23.8676 23.8671 -1.10648 -0.560627 14108700.0
886 -0.01855 0.000201876 -269.307 567.755 23.8679 23.8665 -0.910602 -0.511813 14108800.0
885 -0.01845 0.000201891 -269.284 567.72 23.8683 23.868 -2.01609 -1.56906 14109100.0
884 -0.01835 0.000201884 -269.293 567.742 23.8684 23.8676 -1.60087 -1.07626 14108900.0
883 -0.01825 0.000201883 -269.296 567.754 23.8687 23.867 -1.05076 -0.995092 14108800.0
882 -0.01815 0.000201859 -269.327 567.791 23.8675 23.8657 0.376212 0.752011 14109100.0
881 -0.01805 0.000201874 -269.306 567.75 23.8675 23.8669 -0.953553 -0.886717 14109100.0
880 -0.01795 0.000201886 -269.29 567.759 23.8693 23.8681 -1.13578 -1.72727 14109900.0
879 -0.01785 0.000201881 -269.298 567.808 23.8707 23.8674 -0.169167 -1.0587 14110100.0
878 -0.01775 0.000201867 -269.315 567.826 23.8699 23.8661 0.593565 0.405978 14109400.0
877 -0.01765 0.000201866 -269.315 567.795 23.8685 23.8663 0.0860822 0.455917 14109000.0
876 -0.01755 0.000201886 -269.29 567.784 23.8703 23.8676 -0.592836 -0.460497 14109400.0
875 -0.01745 0.00020188 -269.296 567.815 23.8709 23.8674 0.0804251 -0.0173253 14110000.0
874 -0.01735 0.000201888 -269.285 567.8 23.8713 23.868 -0.489915 -0.598516 14109700.0
873 -0.01725 0.000201887 -269.287 567.824 23.8721 23.868 -0.0648428 -0.449594 14110200.0
872 -0.01715 0.000201869 -269.311 567.851 23.8712 23.8664 0.790761 0.711771 14109600.0
871 -0.01705 0.000201882 -269.293 567.795 23.8703 23.8676 -0.321065 -0.195131 14109500.0
870 -0.01695 0.000201879 -269.298 567.767 23.8688 23.8677 -0.635895 -0.126344 14109200.0
869 -0.01685 0.000201868 -269.31 567.804 23.8691 23.8666 0.325724 0.63994 14108800.0
868 -0.01675 0.000201869 -269.311 567.844 23.8709 23.8669 0.961217 0.45303 14109400.0
867 -0.01665 0.000201876 -269.301 567.827 23.871 23.8671 0.537891 -0.263241 14109300.0
866 -0.01655 0.000201873 -269.306 567.817 23.8702 23.8671 0.451298 0.17548 14109700.0
865 -0.01645 0.000201859 -269.326 567.815 23.8685 23.8661 0.879844 1.41318 14109500.0
864 -0.01635 0.000201842 -269.348 567.807 23.8662 23.8647 1.3244 2.44271 14109200.0
863 -0.01625 0.000201852 -269.331 567.814 23.8677 23.8653 0.950693 1.44937 14109000.0
862 -0.01615 0.000201852 -269.334 567.804 23.8673 23.8658 0.788157 1.50072 14109000.0
861 -0.01605 0.000201853 -269.332 567.819 23.8679 23.8654 1.1963 1.57057 14109100.0
860 -0.01595 0.000201855 -269.329 567.774 23.8663 23.8656 0.345586 1.04788 14108600.0
859 -0.01585 0.000201848 -269.339 567.748 23.8644 23.865 0.153128 1.49472 14108400.0
858 -0.01575 0.000201863 -269.319 567.772 23.8672 23.8662 -0.144791 0.176736 14109000.0
857 -0.01565 0.000201869 -269.308 567.759 23.8674 23.8667 -0.583998 -0.355596 14109100.0
856 -0.01555 0.000201848 -269.34 567.75 23.8645 23.8647 0.0398383 1.5067 14108300.0
855 -0.01545 0.000201843 -269.343 567.786 23.8654 23.8648 0.756378 1.84244 14108900.0
854 -0.01535 0.000201854 -269.328 567.822 23.8682 23.8659 0.982857 0.843316 14109600.0
853 -0.01525 0.000201847 -269.337 567.822 23.8674 23.8652 1.18629 0.906991 14109100.0
852 -0.01515 0.000201862 -269.317 567.777 23.8672 23.8664 0.0227986 0.100401 14108700.0
851 -0.01505 0.000201846 -269.337 567.8 23.8663 23.8653 0.93146 1.06314 14108800.0
850 -0.01495 0.000201863 -269.317 567.812 23.8688 23.8665 0.546457 -0.077835 14109000.0
849 -0.01485 0.000201858 -269.323 567.817 23.8684 23.8662 0.814289 0.440364 14108900.0
848 -0.01475 0.000201862 -269.318 567.785 23.8676 23.8662 0.0741437 0.527838 14108300.0
847 -0.01465 0.00020185 -269.335 567.785 23.8662 23.8654 0.640919 1.53303 14107800.0
846 -0.01455 0.000201852 -269.334 567.821 23.8679 23.8652 1.0927 1.44648 14108000.0
845 -0.01445 0.000201853 -269.332 567.823 23.8681 23.8655 1.02552 1.42714 14108000.0
844 -0.01435 0.000201862 -269.318 567.792 23.8679 23.8662 0.282828 0.776414 14107900.0
843 -0.01425 0.000201839 -269.35 567.828 23.8667 23.8645 1.54471 2.10587 14108100.0
842 -0.01415 0.000201846 -269.34 567.811 23.8667 23.8653 1.15592 1.12662 14108300.0
841 -0.01405 0.000201834 -269.356 567.787 23.8643 23.8644 1.134 2.19505 14107400.0
840 -0.01395 0.000201837 -269.349 567.776 23.8643 23.8646 0.926854 1.97691 14107600.0
839 -0.01385 0.000201832 -269.357 567.818 23.8655 23.8646 1.56243 2.49176 14108100.0
838 -0.01375 0.000201837 -269.349 567.808 23.8656 23.8647 1.22341 2.20116 14107800.0
837 -0.01365 0.000201843 -269.341 567.832 23.8673 23.8654 1.41332 1.60027 14108100.0
836 -0.01355 0.000201838 -269.349 567.801 23.8654 23.8648 1.1497 1.88516 14107400.0
835 -0.01345 0.000201843 -269.345 567.82 23.8668 23.8651 1.23688 1.60349 14107600.0
834 -0.01335 0.000201828 -269.362 567.834 23.8656 23.8643 1.98558 2.99494 14107700.0
833 -0.01325 0.000201835 -269.352 567.846 23.867 23.8649 1.87692 2.13785 14107600.0
832 -0.01315 0.000201836 -269.351 567.833 23.8665 23.8646 1.69242 1.92194 14107200.0
831 -0.01305 0.000201826 -269.365 567.801 23.8639 23.8638 1.38335 2.36812 14106200.0
830 -0.01295 0.000201814 -269.378 567.837 23.8641 23.8631 2.43867 2.98765 14106400.0
829 -0.01285 0.000201843 -269.342 567.788 23.8654 23.8655 0.778315 1.01199 14106900.0
828 -0.01275 0.000201847 -269.334 567.809 23.8668 23.8656 0.84006 0.606916 14106800.0
827 -0.01265 0.000201823 -269.367 567.825 23.8647 23.864 1.93115 2.54862 14106100.0
826 -0.01255 0.000201827 -269.358 567.79 23.8636 23.8642 1.32031 2.27382 14105900.0
825 -0.01245 0.000201815 -269.375 567.804 23.8629 23.8635 1.72088 2.85049 14105500.0
824 -0.01235 0.000201809 -269.383 567.833 23.8634 23.8628 2.52506 3.56642 14105200.0
823 -0.01225 0.000201818 -269.37 567.852 23.8652 23.8638 2.5575 2.61826 14105400.0
822 -0.01215 0.000201799 -269.395 567.826 23.8618 23.8624 2.45794 3.172 14104200.0
821 -0.01205 0.000201788 -269.408 567.864 23.8622 23.8621 3.54219 3.99683 14104400.0
820 -0.01195 0.000201793 -269.401 567.86 23.8625 23.862 3.58167 3.44249 14103900.0
819 -0.01185 0.000201798 -269.394 567.826 23.8617 23.8624 2.56236 2.75897 14103600.0
818 -0.01175 0.000201792 -269.402 567.811 23.8604 23.8619 2.46128 3.14969 14103200.0
817 -0.01165 0.000201796 -269.398 567.79 23.86 23.8625 1.98251 2.99866 14102900.0
816 -0.01155 0.000201799 -269.393 567.766 23.8593 23.8623 1.56953 2.47124 14102300.0
815 -0.01145 0.00020179 -269.405 567.826 23.8608 23.8618 2.84269 3.0335 14102300.0
814 -0.01135 0.000201792 -269.4 567.796 23.8598 23.8618 2.10115 2.01275 14101500.0
813 -0.01125 0.000201783 -269.412 567.792 23.8586 23.8613 2.5717 2.45417 14101000.0
812 -0.01115 0.000201789 -269.404 567.805 23.8598 23.8622 2.50951 2.30462 14101600.0
811 -0.01105 0.000201783 -269.414 567.847 23.8609 23.8616 3.52852 2.82479 14101400.0
810 -0.01095 0.000201755 -269.451 567.826 23.8566 23.8598 3.88257 4.24387 14100200.0
809 -0.01085 0.000201755 -269.451 567.801 23.8556 23.8595 3.47744 3.51802 14099500.0
808 -0.01075 0.000201761 -269.443 567.786 23.8557 23.8599 3.08259 2.92428 14099300.0
807 -0.01065 0.000201771 -269.428 567.734 23.8547 23.8605 1.90606 1.60151 14098700.0
806 -0.01055 0.000201748 -269.461 567.761 23.8531 23.859 3.13838 3.06281 14098300.0
805 -0.01045 0.000201731 -269.482 567.813 23.8532 23.858 4.52808 4.07273 14097700.0
804 -0.01035 0.000201694 -269.529 567.798 23.8482 23.8554 5.61768 6.2587 14096400.0
803 -0.01025 0.000201695 -269.528 567.788 23.848 23.8557 5.30723 5.7592 14096400.0
802 -0.01015 0.000201679 -269.546 567.849 23.8487 23.8543 6.73097 6.27126 14096000.0
801 -0.01005 0.000201683 -269.542 567.841 23.8488 23.855 6.43698 5.67115 14095600.0
800 -0.00995 0.000201654 -269.58 567.836 23.8452 23.8528 7.32322 7.56856 14094600.0
799 -0.00985 0.000201654 -269.58 567.832 23.8449 23.8528 7.12902 7.07727 14093800.0
798 -0.00975 0.000201652 -269.58 567.815 23.844 23.8526 6.95431 6.58619 14092700.0
797 -0.00965 0.000201636 -269.604 567.847 23.8434 23.8519 8.01698 7.29893 14092000.0
796 -0.00955 0.000201614 -269.631 567.829 23.8401 23.8498 8.41742 8.14595 14090200.0
795 -0.00945 0.000201611 -269.633 567.855 23.8409 23.8502 8.93574 8.01038 14090300.0
794 -0.00935 0.000201585 -269.668 567.824 23.8364 23.8484 9.24224 9.75092 14088400.0
793 -0.00925 0.000201555 -269.707 567.833 23.8332 23.846 10.235 10.5641 14087200.0
792 -0.00915 0.000201542 -269.721 567.87 23.8334 23.8453 11.2288 10.6742 14086700.0
791 -0.00905 0.000201533 -269.734 567.825 23.8303 23.8447 10.7613 10.7073 14085000.0
790 -0.00895 0.000201517 -269.753 567.828 23.8286 23.8438 11.2894 11.6274 14083700.0
789 -0.00885 0.000201492 -269.785 567.831 23.8258 23.8416 12.0236 12.3211 14081900.0
788 -0.00875 0.000201487 -269.792 567.845 23.8257 23.8414 12.3786 12.1177 14080800.0
787 -0.00865 0.000201458 -269.827 567.868 23.8233 23.8396 13.7203 12.908 14079500.0
786 -0.00855 0.000201428 -269.867 567.853 23.8191 23.8376 14.2025 13.9739 14077300.0
785 -0.00845 0.000201417 -269.879 567.837 23.8171 23.837 14.3396 13.7604 14075500.0
784 -0.00835 0.000201408 -269.889 567.792 23.8142 23.8365 13.8872 13.0664 14073600.0
783 -0.00825 0.000201361 -269.952 567.816 23.8096 23.8333 15.7903 15.7676 14071600.0
782 -0.00815 0.000201326 -269.995 567.812 23.8053 23.8307 16.8366 16.9879 14069600.0
781 -0.00805 0.000201299 -270.029 567.794 23.8014 23.8291 17.2973 17.2007 14067100.0
780 -0.00795 0.00020127 -270.066 567.799 23.7981 23.8269 18.1217 17.5299 14064400.0
779 -0.00785 0.000201236 -270.108 567.777 23.7932 23.8244 18.8459 17.9554 14061500.0
778 -0.00775 0.0002012 -270.154 567.727 23.7869 23.8224 19.219 18.4557 14058700.0
777 -0.00765 0.000201174 -270.191 567.748 23.7847 23.8205 20.3692 18.7631 14056200.0
776 -0.00755 0.000201125 -270.249 567.8 23.7811 23.8177 22.869 20.4718 14053800.0
775 -0.00745 0.000201081 -270.308 567.8 23.7759 23.8143 24.139 21.2644 14050600.0
774 -0.00735 0.000201034 -270.369 567.76 23.7687 23.811 24.8268 21.9438 14047000.0
773 -0.00725 0.000200982 -270.435 567.754 23.7623 23.8075 26.4451 23.4078 14043800.0
772 -0.00715 0.000200921 -270.515 567.788 23.7564 23.8038 28.8669 25.1851 14040500.0
771 -0.00705 0.000200858 -270.599 567.773 23.7484 23.7991 30.6927 26.4572 14036000.0
770 -0.00695 0.000200791 -270.686 567.783 23.7409 23.7941 32.9179 28.1953 14031500.0
769 -0.00685 0.000200698 -270.807 567.743 23.7282 23.7877 35.0256 31.4019 14026000.0
768 -0.00675 0.000200655 -270.865 567.728 23.7225 23.785 36.1923 31.0998 14021900.0
767 -0.00665 0.000200586 -270.954 567.669 23.7119 23.7802 37.4117 32.2006 14016600.0
766 -0.00655 0.000200492 -271.076 567.648 23.6999 23.7737 39.9038 34.7603 14011000.0
765 -0.00645 0.00020041 -271.185 567.647 23.6901 23.7683 42.5107 36.4675 14005900.0
764 -0.00635 0.000200345 -271.269 567.591 23.6801 23.7639 43.5464 36.3266 14000000.0
763 -0.00625 0.000200236 -271.412 567.597 23.6675 23.7562 46.9393 38.8448 13993500.0
762 -0.00615 0.000200127 -271.554 567.531 23.6519 23.7486 49.4224 41.6069 13985700.0
761 -0.00605 0.000200012 -271.705 567.497 23.6369 23.7402 52.2699 44.0978 13978100.0
760 -0.00595 0.000199899 -271.855 567.474 23.6225 23.7326 55.5226 46.0786 13970800.0
759 -0.00585 0.000199778 -272.013 567.438 23.6067 23.7241 58.6099 47.9201 13962300.0
758 -0.00575 0.000199625 -272.216 567.398 23.587 23.7135 62.5925 51.855 13952700.0
757 -0.00565 0.000199488 -272.399 567.342 23.5684 23.704 66.1475 54.5907 13943600.0
756 -0.00555 0.000199328 -272.607 567.293 23.5476 23.693 70.2525 57.6241 13933400.0
755 -0.00545 0.00019916 -272.831 567.246 23.5258 23.681 74.6929 60.6691 13922600.0
754 -0.00535 0.000198983 -273.065 567.115 23.4994 23.6686 78.113 64.0744 13910600.0
753 -0.00525 0.000198785 -273.33 567.033 23.4726 23.6546 82.9521 68.4214 13897900.0
752 -0.00515 0.000198593 -273.583 566.956 23.4468 23.641 87.6696 71.5284 13885400.0
751 -0.00505 0.000198378 -273.87 566.884 23.4185 23.6261 93.2545 75.9896 13872000.0
750 -0.00495 0.000198151 -274.177 566.814 23.3887 23.61 99.1514 80.4672 13857800.0
749 -0.00485 0.000197917 -274.487 566.723 23.3574 23.5936 105.148 84.7662 13842900.0
748 -0.00475 0.000197667 -274.826 566.608 23.3231 23.5755 111.12 89.5701 13826400.0
747 -0.00465 0.000197402 -275.182 566.459 23.2858 23.557 117.064 94.4722 13809300.0
746 -0.00455 0.000197111 -275.576 566.356 23.2471 23.5359 124.605 100.251 13791500.0
745 -0.00445 0.000196803 -275.994 566.264 23.2071 23.5141 132.687 106.228 13772600.0
744 -0.00435 0.000196478 -276.436 566.124 23.163 23.4906 141.022 112.702 13751700.0
743 -0.00425 0.000196152 -276.879 565.944 23.1173 23.4669 148.492 117.629 13730000.0
742 -0.00415 0.000195799 -277.362 565.755 23.068 23.4417 156.503 123.097 13707000.0
741 -0.00405 0.000195402 -277.909 565.602 23.0149 23.4129 166.84 131.121 13682300.0
740 -0.00395 0.000195001 -278.461 565.406 22.9597 23.3838 176.614 137.949 13656900.0
739 -0.00385 0.000194557 -279.08 565.176 22.8981 23.3511 187.017 146.038 13629000.0
738 -0.00375 0.00019409 -279.729 564.929 22.8332 23.3166 198.228 155.017 13599600.0
737 -0.00365 0.000193594 -280.423 564.689 22.7652 23.2801 210.336 164.583 13569000.0
736 -0.00355 0.000193056 -281.183 564.385 22.6897 23.2397 222.785 175.411 13535300.0
735 -0.00345 0.000192504 -281.965 564.094 22.6131 23.1986 236.232 186.007 13500800.0
734 -0.00335 0.000191882 -282.852 563.821 22.5291 23.1514 252.298 200.076 13463400.0
733 -0.00325 0.000191277 -283.719 563.474 22.4443 23.1058 266.711 210.752 13424600.0
732 -0.00315 0.000190614 -284.675 563.08 22.3509 23.0553 282.231 223.597 13383100.0
731 -0.00305 0.000189921 -285.68 562.703 22.2547 23.0023 299.054 237.14 13339600.0
730 -0.00295 0.000189188 -286.754 562.246 22.1508 22.9456 315.893 250.989 13293400.0
729 -0.00285 0.000188401 -287.912 561.772 22.0401 22.8842 334.611 266.954 13243800.0
728 -0.00275 0.000187573 -289.146 561.292 21.9244 22.8191 354.832 284.437 13191900.0
727 -0.00265 0.000186705 -290.449 560.795 21.8036 22.7506 376.424 302.543 13138000.0
726 -0.00255 0.000185788 -291.838 560.191 21.6732 22.6773 397.865 321.735 13080100.0
725 -0.00245 0.000184823 -293.313 559.551 21.536 22.5995 420.693 342.364 13018900.0
724 -0.00235 0.000183786 -294.918 558.878 21.3894 22.5144 445.843 366.404 12953900.0
723 -0.00225 0.000182728 -296.576 558.173 21.2395 22.4273 471.287 389.229 12886500.0
722 -0.00215 0.000181591 -298.376 557.401 21.0781 22.332 498.924 415.976 12814600.0
721 -0.00205 0.000180414 -300.262 556.573 20.9104 22.2328 527.228 443.3 12739500.0
720 -0.00195 0.000179183 -302.264 555.71 20.7355 22.1273 557.368 472.28 12660600.0
719 -0.00185 0.000177879 -304.414 554.748 20.549 22.0141 589.022 504.866 12577000.0
718 -0.00175 0.000176527 -306.672 553.706 20.3545 21.8953 621.569 538.685 12489600.0
717 -0.00165 0.000175113 -309.074 552.638 20.1525 21.7693 656.279 575.105 12398500.0
716 -0.00155 0.000173652 -311.595 551.491 19.9429 21.637 692.207 613.133 12303300.0
715 -0.00145 0.000172118 -314.285 550.223 19.7213 21.4954 729.555 654.904 12202600.0
714 -0.00135 0.000170541 -317.102 548.898 19.4936 21.3475 768.114 697.308 12098500.0
713 -0.00125 0.000168877 -320.134 547.478 19.2533 21.1886 809.53 745.592 11989500.0
712 -0.00115 0.000167173 -323.293 545.923 19.005 21.0229 850.658 794.287 11875800.0
711 -0.00105 0.000165403 -326.646 544.323 18.7486 20.8474 894.726 846.884 11758000.0
710 -0.00095 0.000163582 -330.166 542.533 18.4813 20.6627 938.489 901.88 11634600.0
709 -0.00085 0.000161709 -333.869 540.614 18.2051 20.4691 983.351 959.495 11506400.0
708 -0.00075 0.000159783 -337.769 538.643 17.9226 20.265 1030.58 1020.2 11374700.0
707 -0.00065 0.000157797 -341.884 536.535 17.6305 20.0499 1079.31 1085.13 11238400.0
706 -0.00055 0.000155781 -346.167 534.191 17.3293 19.8266 1126.54 1151.19 11097100.0
705 -0.00045 0.000153747 -350.595 531.797 17.0264 19.5953 1174.78 1217.84 10953000.0
704 -0.00035 0.00015165 -355.284 529.173 16.7113 19.3511 1223.61 1289.64 10803700.0
703 -0.00025 0.000149492 -360.246 526.4 16.3872 19.0923 1274.04 1365.71 10649600.0
702 -0.00015 0.000147297 -365.438 523.413 16.0549 18.8221 1323.93 1444.69 10491000.0
701 -5e-05 0.000145015 -371.001 520.234 15.7102 18.5328 1376.47 1531.26 10327600.0
700 5e-05 0.000142684 -377.067 516.655 15.3513 18.2061 1427.74 1621.07 10149100.0
699 0.00015 0.000140533 -383.038 512.763 15.006 17.8746 1468.11 1693.4 9962110.0
698 0.00025 0.000138454 -388.983 508.76 14.6686 17.5443 1503.99 1758.44 9774790.0
697 0.00035 0.000136423 -394.962 504.594 14.3351 17.2124 1535.88 1818.61 9586280.0
696 0.00045 0.000134447 -400.955 500.273 14.0064 16.8796 1563.13 1872.73 9396240.0
695 0.00055 0.000132516 -406.976 495.785 13.6815 16.5455 1586.19 1921.9 9205060.0
694 0.00065 0.000130611 -413.09 491.196 13.3599 16.2064 1606.97 1967.6 9013120.0
693 0.00075 0.00012876 -419.201 486.426 13.0427 15.8677 1622.58 2007.54 8820230.0
692 0.00085 0.000126976 -425.256 481.573 12.7337 15.5319 1633.73 2040.54 8627430.0
691 0.00095 0.000125212 -431.411 476.576 12.4265 15.1911 1641.99 2070.41 8433610.0
690 0.00105 0.000123499 -437.553 471.465 12.125 14.8513 1646.04 2094.76 8239210.0
689 0.00115 0.000121838 -443.674 466.249 11.8296 14.5126 1645.89 2112.93 8044950.0
688 0.00125 0.000120234 -449.739 460.988 11.5422 14.1772 1642.16 2124.92 7851650.0
687 0.00135 0.000118664 -455.826 455.578 11.2578 13.8402 1634.15 2132.31 7656880.0
686 0.00145 0.000117168 -461.787 450.173 10.984 13.5111 1622.45 2132.93 7464750.0
685 0.00155 0.000115719 -467.702 444.734 10.717 13.1842 1607.73 2128.22 7273630.0
684 0.00165 0.000114319 -473.555 439.233 10.4565 12.8608 1589.04 2118.17 7082720.0
683 0.00175 0.00011298 -479.294 433.76 10.2051 12.5439 1567.7 2102.74 6894210.0
682 0.00185 0.000111694 -484.928 428.244 9.96069 12.2325 1542.42 2082.03 6706260.0
681 0.00195 0.00011045 -490.507 422.745 9.72329 11.9248 1515.12 2057.28 6520390.0
680 0.00205 0.000109271 -495.906 417.302 9.49567 11.6267 1484.97 2027.29 6337010.0
679 0.00215 0.00010813 -501.239 411.888 9.27463 11.3324 1452.96 1993.78 6155620.0
678 0.00225 0.000107059 -506.358 406.521 9.06308 11.05 1417.77 1955.87 5977000.0
677 0.00235 0.000106038 -511.331 401.276 8.86084 10.7755 1381.75 1914.4 5802330.0
676 0.00245 0.000105054 -516.208 396.069 8.66469 10.5064 1343.92 1870.12 5629320.0
675 0.00255 0.000104107 -520.988 390.891 8.47436 10.2427 1304.39 1823.59 5458430.0
674 0.00265 0.00010322 -525.548 385.872 8.29428 9.99129 1264.18 1774.47 5292590.0
673 0.00275 0.000102378 -529.947 380.962 8.12195 9.74873 1223.14 1723.52 5130220.0
672 0.00285 0.000101582 -534.18 376.207 7.95815 9.51546 1182.04 1671.25 4972640.0
671 0.00295 0.000100816 -538.308 371.545 7.80027 9.28766 1140.57 1617.47 4817830.0
670 0.00305 0.000100092 -542.265 366.996 7.64945 9.06946 1098.64 1562.95 4667160.0
669 0.00315 9.94122e-05 -546.042 362.597 7.50643 8.86125 1056.83 1508.04 4521220.0
668 0.00325 9.87719e-05 -549.638 358.35 7.37074 8.66286 1015.17 1452.71 4379680.0
667 0.00335 9.81658e-05 -553.097 354.25 7.24168 8.47253 974.254 1397.85 4243060.0
666 0.00345 9.7582e-05 -556.454 350.233 7.117 8.28726 933.339 1342.8 4109190.0
665 0.00355 9.70415e-05 -559.603 346.409 7.00029 8.11358 893.403 1288.65 3981330.0
664 0.00365 9.65273e-05 -562.635 342.74 6.88945 7.94654 854.616 1235.05 3857950.0
663 0.00375 9.60462e-05 -565.505 339.237 6.78504 7.78849 816.905 1182.41 3739760.0
662 0.00385 9.55958e-05 -568.207 335.877 6.68634 7.63944 779.892 1131.18 3626000.0
661 0.00395 9.51684e-05 -570.802 332.658 6.59266 7.4963 744.212 1080.92 3516830.0
660 0.00405 9.47602e-05 -573.302 329.527 6.50259 7.35866 708.847 1031.56 3410750.0
659 0.00415 9.43826e-05 -575.633 326.594 6.41903 7.23001 675.358 983.856 3310480.0
658 0.00425 9.40209e-05 -577.883 323.742 6.33861 7.1062 642.415 937.495 3213400.0
657 0.00435 9.36822e-05 -580.006 321.007 6.26242 6.9891 610.356 892.487 3120220.0
656 0.00445 9.33613e-05 -582.031 318.42 6.19065 6.87767 579.924 849.066 3031630.0
655 0.00455 9.30635e-05 -583.924 315.975 6.12354 6.77325 550.769 807.293 2947460.0
654 0.00465 9.27802e-05 -585.729 313.648 6.05993 6.6738 522.778 767.19 2867070.0
653 0.00475 9.25145e-05 -587.441 311.418 5.99962 6.57933 495.788 728.461 2790110.0
652 0.00485 9.22614e-05 -589.079 309.309 5.94268 6.48914 470.206 691.04 2716890.0
651 0.00495 9.20294e-05 -590.585 307.35 5.89019 6.40616 446.161 655.831 2648490.0
650 0.00505 9.18122e-05 -592.003 305.471 5.84037 6.32787 422.88 622.078 2582970.0
649 0.00515 9.16038e-05 -593.367 303.665 5.79265 6.25274 400.367 589.501 2519920.0
648 0.00525 9.1412e-05 -594.638 301.973 5.74831 6.18263 379.165 558.626 2460790.0
647 0.00535 9.12285e-05 -595.85 300.359 5.70613 6.11588 358.889 529.154 2404330.0
646 0.00545 9.1055e-05 -597.007 298.818 5.66604 6.05209 339.323 500.726 2350260.0
645 0.00555 9.08924e-05 -598.089 297.371 5.62855 5.99228 320.999 473.859 2299420.0
644 0.00565 9.07422e-05 -599.096 295.997 5.59328 5.9368 303.367 448.37 2251290.0
643 0.00575 9.06021e-05 -600.036 294.721 5.56057 5.88497 286.935 424.379 2206160.0
642 0.00585 9.04702e-05 -600.926 293.518 5.52982 5.83595 271.459 401.565 2163550.0
641 0.00595 9.03407e-05 -601.802 292.344 5.4998 5.78766 256.309 379.387 2122140.0
640 0.00605 9.02231e-05 -602.597 291.27 5.47248 5.74396 242.385 358.856 2083960.0
639 0.00615 9.01145e-05 -603.338 290.251 5.44675 5.70306 229.107 339.371 2047790.0
638 0.00625 9.00078e-05 -604.058 289.28 5.4221 5.66338 216.472 320.648 2013220.0
637 0.00635 8.99138e-05 -604.702 288.38 5.39959 5.62777 204.578 303.352 1981100.0
636 0.00645 8.98174e-05 -605.36 287.49 5.37716 5.59151 193.04 286.174 1949620.0
635 0.00655 8.973e-05 -605.967 286.668 5.35657 5.55832 182.213 270.097 1920300.0
634 0.00665 8.96489e-05 -606.518 285.903 5.33745 5.52772 172.121 255.136 1892880.0
633 0.00675 8.95695e-05 -607.063 285.155 5.31876 5.49773 162.243 240.692 1866320.0
632 0.00685 8.94984e-05 -607.555 284.475 5.30187 5.47064 153.274 227.514 1842050.0
631 0.00695 8.94369e-05 -607.982 283.863 5.28682 5.44698 145.021 215.509 1819850.0
630 0.00705 8.93718e-05 -608.427 283.257 5.2717 5.42227 136.951 203.312 1797860.0
629 0.00715 8.93081e-05 -608.872 282.664 5.25692 5.3978 129.225 191.578 1776620.0
628 0.00725 8.92526e-05 -609.253 282.123 5.2436 5.37676 122.001 181.09 1757270.0
627 0.00735 8.91979e-05 -609.632 281.606 5.23079 5.35577 115.055 170.637 1738570.0
626 0.00745 8.91481e-05 -609.981 281.126 5.21895 5.33664 108.663 161.095 1721260.0
625 0.00755 8.91028e-05 -610.296 280.668 5.20781 5.31927 102.489 152.266 1704910.0
624 0.00765 8.90616e-05 -610.584 280.254 5.19771 5.30337 96.8867 144.034 1689840.0
623 0.00775 8.90164e-05 -610.896 279.838 5.18736 5.28619 91.3577 135.681 1674790.0
622 0.00785 8.89804e-05 -611.149 279.479 5.17861 5.27221 86.4979 128.47 1661670.0
621 0.00795 8.89398e-05 -611.43 279.098 5.16919 5.25666 81.4485 120.898 1647980.0
620 0.00805 8.89075e-05 -611.656 278.778 5.16139 5.24425 77.0817 114.434 1636250.0
619 0.00815 8.88747e-05 -611.887 278.453 5.15347 5.23158 72.7028 107.989 1624570.0
618 0.00825 8.88442e-05 -612.096 278.159 5.14626 5.21983 68.7005 101.977 1613730.0
617 0.00835 8.88188e-05 -612.277 277.884 5.13971 5.21 64.9226 96.6582 1603860.0
616 0.00845 8.87917e-05 -612.465 277.627 5.13339 5.19956 61.4667 91.3365 1594380.0
615 0.00855 8.8768e-05 -612.634 277.386 5.12756 5.19025 58.202 86.4788 1585540.0
614 0.00865 8.87414e-05 -612.819 277.144 5.12154 5.18013 54.9571 81.5147 1576620.0
613 0.00875 8.8718e-05 -612.983 276.911 5.11591 5.17096 51.7972 76.8833 1568170.0
612 0.00885 8.86931e-05 -613.158 276.68 5.1102 5.16143 48.7531 72.266 1559920.0
611 0.00895 8.86739e-05 -613.292 276.488 5.10554 5.15405 46.1222 68.3149 1552830.0
610 0.00905 8.86549e-05 -613.428 276.291 5.10081 5.14649 43.4505 64.3981 1545720.0
609 0.00915 8.86375e-05 -613.548 276.123 5.09671 5.13998 41.1472 60.8709 1539500.0
608 0.00925 8.86206e-05 -613.667 275.958 5.0927 5.13326 38.9584 57.4944 1533380.0
607 0.00935 8.86049e-05 -613.776 275.805 5.08897 5.1273 36.8724 54.4841 1527720.0
606 0.00945 8.85917e-05 -613.872 275.665 5.08562 5.1222 34.8924 51.6335 1522590.0
605 0.00955 8.85759e-05 -613.982 275.509 5.08185 5.11603 32.812 48.6065 1517040.0
604 0.00965 8.85627e-05 -614.074 275.385 5.07879 5.11109 31.0978 46.056 1512450.0
603 0.00975 8.8553e-05 -614.139 275.273 5.07617 5.10733 29.5266 43.9758 1508400.0
602 0.00985 8.85396e-05 -614.241 275.147 5.07308 5.10177 27.8852 41.2721 1503690.0
601 0.00995 8.85291e-05 -614.312 275.045 5.0706 5.09784 26.5049 39.1945 1499890.0
600 0.01005 8.85161e-05 -614.399 274.929 5.06773 5.09306 24.9176 36.7952 1495610.0
599 0.01015 8.85039e-05 -614.488 274.812 5.06486 5.08806 23.3768 34.4621 1491390.0
598 0.01025 8.84955e-05 -614.55 274.723 5.06274 5.08476 22.144 32.6968 1488120.0
597 0.01035 8.84877e-05 -614.608 274.636 5.0607 5.08153 20.9456 30.9914 1484900.0
596 0.01045 8.84804e-05 -614.659 274.56 5.05889 5.07877 19.9168 29.4762 1482030.0
595 0.01055 8.84723e-05 -614.711 274.478 5.0569 5.07566 18.7088 27.8242 1478980.0
594 0.01065 8.84699e-05 -614.733 274.428 5.05584 5.07444 18.0143 26.9016 1477100.0
593 0.01075 8.84633e-05 -614.774 274.368 5.05436 5.07211 17.1716 25.6279 1474710.0
592 0.01085 8.84504e-05 -614.872 274.266 5.05175 5.06692 15.9108 23.4154 1471050.0
591 0.01095 8.84454e-05 -614.906 274.208 5.05039 5.06486 15.1184 22.3129 1468880.0
590 0.01105 8.84393e-05 -614.953 274.143 5.04885 5.0625 14.2018 21.0293 1466540.0
589 0.01115 8.84327e-05 -614.993 274.08 5.04731 5.06002 13.3376 19.7549 1464350.0
588 0.01125 8.84296e-05 -615.018 274.041 5.04641 5.05886 12.7414 18.8876 1462840.0
587 0.01135 8.84253e-05 -615.047 273.997 5.04537 5.05723 12.186 18.0605 1461210.0
586 0.01145 8.84204e-05 -615.08 273.949 5.04419 5.05537 11.4944 17.0785 1459440.0
585 0.01155 8.84177e-05 -615.1 273.911 5.04335 5.05409 10.9101 16.2529 1457910.0
584 0.01165 8.84117e-05 -615.14 273.861 5.04208 5.05203 10.2973 15.2985 1456170.0
583 0.01175 8.84079e-05 -615.172 273.813 5.04098 5.05014 9.62709 14.2664 1454470.0
582 0.01185 8.84072e-05 -615.174 273.799 5.04068 5.05007 9.3406 13.9581 1453800.0
581 0.01195 8.8402e-05 -615.209 273.754 5.03955 5.04792 8.7858 13.0412 1452100.0
580 0.01205 8.84001e-05 -615.224 273.73 5.039 5.04728 8.49821 12.5991 1451230.0
579 0.01215 8.83983e-05 -615.237 273.704 5.03842 5.04642 8.04275 11.8539 1450180.0
578 0.01225 8.83908e-05 -615.29 273.646 5.03692 5.04369 7.3289 10.7762 1448200.0
577 0.01235 8.83867e-05 -615.319 273.605 5.03594 5.04213 6.80047 10.0376 1446820.0
576 0.01245 8.83827e-05 -615.344 273.568 5.03504 5.04072 6.27058 9.27165 1445530.0
575 0.01255 8.83809e-05 -615.356 273.538 5.03437 5.04002 5.8408 8.8603 1444620.0
574 0.01265 8.83794e-05 -615.369 273.522 5.03401 5.03938 5.59555 8.39763 1443960.0
573 0.01275 8.83735e-05 -615.41 273.466 5.03262 5.03697 4.89656 7.49771 1442130.0
572 0.01285 8.83743e-05 -615.404 273.474 5.03282 5.03739 4.92375 7.4807 1442140.0
571 0.01295 8.83748e-05 -615.405 273.467 5.03273 5.03724 4.85359 7.29568 1441780.0
570 0.01305 8.83755e-05 -615.394 273.468 5.03278 5.03775 4.81 7.37767 1441740.0
569 0.01315 8.83692e-05 -615.441 273.434 5.0318 5.03524 4.4079 6.37529 1440280.0
568 0.01325 8.83682e-05 -615.449 273.428 5.03163 5.03477 4.36319 6.1279 1439930.0
567 0.01335 8.83649e-05 -615.475 273.398 5.03089 5.03334 3.95714 5.55238 1438870.0
566 0.01345 8.83632e-05 -615.484 273.38 5.03047 5.03277 3.76372 5.25761 1438320.0
565 0.01355 8.83614e-05 -615.497 273.371 5.0302 5.03209 3.61205 4.96478 1437870.0
564 0.01365 8.83597e-05 -615.508 273.357 5.02984 5.03154 3.44408 4.75614 1437340.0
563 0.01375 8.83584e-05 -615.52 273.337 5.0294 5.03089 3.18211 4.42761 1436680.0
562 0.01385 8.83558e-05 -615.536 273.325 5.02902 5.0299 3.03002 3.97425 1436100.0
561 0.01395 8.83581e-05 -615.52 273.323 5.02912 5.03073 2.9557 4.16613 1436110.0
560 0.01405 8.83545e-05 -615.542 273.297 5.02844 5.02952 2.55338 3.5755 1435160.0
559 0.01415 8.8353e-05 -615.552 273.277 5.02799 5.029 2.29084 3.3335 1434540.0
558 0.01425 8.83519e-05 -615.56 273.267 5.02775 5.02854 2.17277 3.11298 1434160.0
557 0.01435 8.83538e-05 -615.546 273.272 5.02794 5.02918 2.20595 3.21571 1434340.0
556 0.01445 8.8349e-05 -615.582 273.24 5.02708 5.02737 1.81489 2.57239 1433270.0
555 0.01455 8.8352e-05 -615.56 273.248 5.02739 5.02837 1.84983 2.74839 1433550.0
554 0.01465 8.83515e-05 -615.56 273.254 5.02747 5.02856 1.92605 2.82794 1433600.0
553 0.01475 8.83484e-05 -615.58 273.228 5.02682 5.02748 1.60568 2.43642 1432850.0
552 0.01485 8.83493e-05 -615.575 273.228 5.02688 5.02776 1.56779 2.40362 1432860.0
551 0.01495 8.83499e-05 -615.569 273.23 5.02694 5.02788 1.57183 2.45738 1432810.0
550 0.01505 8.8352e-05 -615.553 273.244 5.02733 5.02887 1.75963 2.70475 1433290.0
549 0.01515 8.83495e-05 -615.574 273.236 5.02703 5.02789 1.69463 2.37131 1432870.0
548 0.01525 8.83501e-05 -615.568 273.236 5.02708 5.02807 1.65212 2.3658 1432890.0
547 0.01535 8.83496e-05 -615.573 273.226 5.02686 5.02779 1.57869 2.26326 1432630.0
546 0.01545 8.83481e-05 -615.585 273.217 5.02661 5.02739 1.47209 2.12188 1432390.0
545 0.01555 8.83511e-05 -615.563 273.237 5.02713 5.02832 1.68787 2.33837 1432850.0
544 0.01565 8.83482e-05 -615.584 273.22 5.02667 5.02728 1.46444 1.91543 1432250.0
543 0.01575 8.83476e-05 -615.588 273.22 5.02663 5.02714 1.51097 1.91262 1432160.0
542 0.01585 8.83475e-05 -615.589 273.215 5.02653 5.02703 1.40956 1.75668 1431980.0
541 0.01595 8.83446e-05 -615.602 273.205 5.02618 5.02615 1.3035 1.44421 1431520.0
540 0.01605 8.83472e-05 -615.586 273.211 5.02645 5.02709 1.28736 1.78798 1431720.0
539 0.01615 8.83451e-05 -615.607 273.189 5.02592 5.02603 1.05604 1.40887 1431050.0
538 0.01625 8.83455e-05 -615.6 273.194 5.02603 5.02646 1.06842 1.50079 1431220.0
537 0.01635 8.83446e-05 -615.605 273.185 5.02582 5.02601 0.955689 1.31042 1430900.0
536 0.01645 8.8347e-05 -615.594 273.19 5.02605 5.02676 0.969436 1.44874 1431150.0
535 0.01655 8.83514e-05 -615.558 273.22 5.02685 5.0286 1.31797 1.9819 1432070.0
534 0.01665 8.83463e-05 -615.598 273.188 5.02596 5.02664 1.00571 1.42874 1431040.0
533 0.01675 8.8348e-05 -615.584 273.195 5.02619 5.02725 1.02282 1.56021 1431320.0
532 0.01685 8.83463e-05 -615.597 273.185 5.02591 5.02657 0.894643 1.31328 1430940.0
531 0.01695 8.83445e-05 -615.604 273.173 5.02559 5.02611 0.779693 1.14012 1430700.0
530 0.01705 8.83468e-05 -615.591 273.176 5.02577 5.02683 0.709038 1.31294 1430820.0
529 0.01715 8.83477e-05 -615.586 273.195 5.02617 5.0271 1.01614 1.52282 1431230.0
528 0.01725 8.83474e-05 -615.582 273.198 5.02622 5.02712 1.09327 1.59138 1431270.0
527 0.01735 8.83454e-05 -615.602 273.183 5.02584 5.02623 0.879579 1.24334 1430740.0
526 0.01745 8.83468e-05 -615.591 273.178 5.02582 5.02684 0.81205 1.41791 1430790.0
525 0.01755 8.83473e-05 -615.586 273.184 5.02595 5.02713 0.855266 1.52112 1430960.0
524 0.01765 8.83474e-05 -615.588 273.185 5.02599 5.02713 0.914342 1.51222 1431040.0
523 0.01775 8.83468e-05 -615.587 273.184 5.02593 5.02698 0.905725 1.401 1431030.0
522 0.01785 8.83478e-05 -615.582 273.184 5.02597 5.02724 0.851865 1.48116 1430980.0
521 0.01795 8.83474e-05 -615.585 273.183 5.02593 5.0272 0.810058 1.39332 1430900.0
520 0.01805 8.83447e-05 -615.606 273.162 5.0254 5.02615 0.592457 1.02043 1430330.0
519 0.01815 8.83392e-05 -615.638 273.125 5.0244 5.02419 0.178297 0.362334 1429200.0
518 0.01825 8.83393e-05 -615.644 273.124 5.02439 5.02399 0.131592 0.242147 1429110.0
517 0.01835 8.83419e-05 -615.627 273.139 5.02482 5.02502 0.327404 0.591194 1429660.0
516 0.01845 8.8341e-05 -615.63 273.125 5.0245 5.02457 0.108042 0.43502 1429250.0
515 0.01855 8.83406e-05 -615.634 273.125 5.02448 5.02457 0.131414 0.390471 1429320.0
514 0.01865 8.83385e-05 -615.645 273.12 5.02428 5.0238 0.0738276 0.107587 1429060.0
513 0.01875 8.83409e-05 -615.633 273.128 5.02457 5.02459 0.150415 0.350715 1429370.0
512 0.01885 8.83366e-05 -615.658 273.104 5.02386 5.02327 -0.134374 0.00237985 1428580.0
511 0.01895 8.8335e-05 -615.672 273.103 5.02375 5.02252 -0.0957921 -0.17986 1428420.0
510 0.01905 8.8333e-05 -615.681 273.091 5.02342 5.02203 -0.232594 -0.324316 1428070.0
509 0.01915 8.83365e-05 -615.66 273.118 5.02413 5.02321 0.145069 0.0230246 1428860.0
508 0.01925 8.83387e-05 -615.638 273.133 5.02452 5.02427 0.287509 0.41608 1429290.0
507 0.01935 8.83395e-05 -615.639 273.137 5.02465 5.02444 0.365835 0.412317 1429400.0
506 0.01945 8.83413e-05 -615.625 273.146 5.02491 5.02515 0.433032 0.572697 1429640.0
505 0.01955 8.83424e-05 -615.613 273.15 5.02504 5.02555 0.446308 0.605359 1429770.0
504 0.01965 8.83425e-05 -615.618 273.142 5.02491 5.0254 0.30934 0.503058 1429580.0
503 0.01975 8.83431e-05 -615.612 273.14 5.0249 5.02574 0.297213 0.606271 1429640.0
502 0.01985 8.83478e-05 -615.577 273.165 5.02562 5.02739 0.539507 1.09504 1430390.0
501 0.01995 8.83468e-05 -615.587 273.165 5.02558 5.027 0.563328 0.980342 1430380.0
500 0.02005 8.83409e-05 -615.626 273.127 5.02454 5.02471 0.179512 0.295072 1429230.0
499 0.02015 8.83388e-05 -615.64 273.124 5.02436 5.02408 0.130029 0.127014 1429020.0
498 0.02025 8.83386e-05 -615.642 273.112 5.02413 5.02381 -0.0272281 0.0379219 1428720.0
497 0.02035 8.83378e-05 -615.652 273.099 5.02384 5.02347 -0.203335 -0.0893754 1428390.0
496 0.02045 8.83399e-05 -615.635 273.116 5.02428 5.02425 -0.0208967 0.161827 1428950.0
495 0.02055 8.83427e-05 -615.618 273.133 5.02475 5.02519 0.182855 0.465248 1429420.0
494 0.02065 8.83393e-05 -615.638 273.119 5.0243 5.02398 0.0719016 0.148485 1428950.0
493 0.02075 8.83387e-05 -615.641 273.117 5.02423 5.02394 0.0646735 0.202043 1428910.0
492 0.02085 8.83413e-05 -615.624 273.124 5.02451 5.0248 0.0740481 0.463015 1429230.0
491 0.02095 8.83362e-05 -615.658 273.1 5.02377 5.0229 -0.171644 -0.252153 1428360.0
490 0.02105 8.83366e-05 -615.651 273.103 5.02385 5.02337 -0.193213 -0.11381 1428420.0
489 0.02115 8.83376e-05 -615.646 273.107 5.02399 5.02358 -0.121486 -0.077986 1428530.0
488 0.02125 8.83387e-05 -615.637 273.109 5.02409 5.02395 -0.10741 0.0836092 1428680.0
487 0.02135 8.83404e-05 -615.624 273.118 5.02434 5.02474 -0.0558515 0.35857 1428950.0
486 0.02145 8.83413e-05 -615.618 273.114 5.02433 5.02499 -0.125757 0.326447 1428940.0
485 0.02155 8.83387e-05 -615.642 273.108 5.02406 5.02389 -0.159048 0.00434066 1428570.0
484 0.02165 8.83364e-05 -615.646 273.101 5.02381 5.02339 -0.210734 -0.131366 1428360.0
483 0.02175 8.83359e-05 -615.655 273.111 5.02395 5.02312 -0.0731399 -0.287571 1428420.0
482 0.02185 8.83352e-05 -615.654 273.107 5.02385 5.02311 -0.110074 -0.260799 1428390.0
481 0.02195 8.83358e-05 -615.655 273.105 5.02384 5.02306 -0.15782 -0.314959 1428350.0
480 0.02205 8.83381e-05 -615.639 273.114 5.02413 5.02393 -0.0655667 0.0929426 1428720.0
479 0.02215 8.83365e-05 -615.645 273.112 5.02401 5.02353 -0.0266141 -0.0656628 1428660.0
478 0.02225 8.83397e-05 -615.628 273.13 5.02453 5.0246 0.135433 0.314774 1429170.0
477 0.02235 8.83376e-05 -615.637 273.113 5.02409 5.02397 -0.0895586 0.167844 1428690.0
476 0.02245 8.83388e-05 -615.629 273.129 5.02446 5.0243 0.201448 0.281649 1429080.0
475 0.02255 8.83386e-05 -615.635 273.135 5.02456 5.0242 0.253305 0.223581 1429070.0
474 0.02265 8.83363e-05 -615.65 273.114 5.02404 5.02317 0.047504 -0.0246202 1428450.0
473 0.02275 8.83351e-05 -615.657 273.106 5.02382 5.0228 -0.0912598 -0.229768 1428190.0
472 0.02285 8.83395e-05 -615.629 273.134 5.02458 5.02441 0.230802 0.395693 1429050.0
471 0.02295 8.83368e-05 -615.647 273.114 5.02406 5.02347 -0.0184744 0.0885618 1428490.0
470 0.02305 8.83366e-05 -615.647 273.113 5.02404 5.02337 -0.0536024 0.00316721 1428380.0
469 0.02315 8.83362e-05 -615.648 273.121 5.02416 5.02343 0.105008 -0.00698058 1428570.0
468 0.02325 8.83397e-05 -615.625 273.142 5.02475 5.02466 0.323374 0.339922 1429190.0
467 0.02335 8.83409e-05 -615.618 273.15 5.02496 5.02503 0.462098 0.528773 1429460.0
466 0.02345 8.83394e-05 -615.623 273.14 5.02469 5.02462 0.29797 0.322241 1429190.0
465 0.02355 8.83374e-05 -615.644 273.121 5.02423 5.02375 0.0516573 0.0419548 1428640.0
464 0.02365 8.83366e-05 -615.643 273.121 5.02419 5.02358 0.115352 0.12011 1428610.0
463 0.02375 8.8336e-05 -615.652 273.112 5.02398 5.02314 -0.0589052 -0.104241 1428300.0
462 0.02385 8.83349e-05 -615.656 273.111 5.02391 5.02293 -0.0250379 -0.180871 1428230.0
461 0.02395 8.83356e-05 -615.65 273.108 5.02389 5.02321 -0.106855 -0.122211 1428240.0
460 0.02405 8.8336e-05 -615.651 273.104 5.02383 5.02321 -0.147194 -0.145594 1428170.0
459 0.02415 8.83329e-05 -615.668 273.086 5.02333 5.02232 -0.354813 -0.416029 1427710.0
458 0.02425 8.83348e-05 -615.657 273.105 5.02379 5.023 -0.107503 -0.214522 1428190.0
457 0.02435 8.83363e-05 -615.647 273.119 5.02413 5.02352 0.0335942 0.0259497 1428550.0
456 0.02445 8.83404e-05 -615.618 273.141 5.02477 5.02495 0.319883 0.524774 1429290.0
455 0.02455 8.83386e-05 -615.632 273.127 5.02441 5.02426 0.117387 0.220404 1428850.0
454 0.02465 8.83364e-05 -615.643 273.117 5.02411 5.02354 0.0352816 -0.0414862 1428540.0
453 0.02475 8.83407e-05 -615.618 273.138 5.02473 5.02505 0.280768 0.457343 1429290.0
452 0.02485 8.83382e-05 -615.633 273.132 5.02448 5.02416 0.24209 0.146067 1428950.0
451 0.02495 8.8338e-05 -615.636 273.133 5.02448 5.024 0.266061 0.125685 1428980.0
450 0.02505 8.83327e-05 -615.671 273.106 5.02369 5.02202 -0.0274617 -0.515652 1428090.0
449 0.02515 8.8337e-05 -615.636 273.13 5.02437 5.02379 0.273998 0.138401 1428910.0
448 0.02525 8.83392e-05 -615.628 273.141 5.02471 5.02452 0.369385 0.29914 1429290.0
447 0.02535 8.83372e-05 -615.637 273.127 5.02432 5.02396 0.173606 0.111168 1428850.0
446 0.02545 8.83421e-05 -615.607 273.152 5.02506 5.0256 0.456678 0.585951 1429680.0
445 0.02555 8.83372e-05 -615.638 273.128 5.02435 5.02396 0.198375 0.114952 1428860.0
444 0.02565 8.83418e-05 -615.611 273.149 5.02499 5.02557 0.406517 0.579406 1429630.0
443 0.02575 8.8338e-05 -615.631 273.127 5.02437 5.02425 0.142095 0.169293 1428910.0
442 0.02585 8.83397e-05 -615.626 273.129 5.02451 5.02457 0.156159 0.231523 1429020.0
441 0.02595 8.83379e-05 -615.637 273.118 5.02421 5.02403 0.0392923 0.0499762 1428730.0
440 0.02605 8.83389e-05 -615.627 273.121 5.02431 5.02438 -0.0257169 0.100231 1428790.0
439 0.02615 8.83384e-05 -615.638 273.113 5.02413 5.02379 -0.0934697 -0.128056 1428530.0
438 0.02625 8.83386e-05 -615.632 273.119 5.02427 5.02413 0.0152577 -0.0851855 1428740.0
437 0.02635 8.83396e-05 -615.631 273.125 5.02443 5.02424 0.094738 -0.0376339 1428840.0
436 0.02645 8.83375e-05 -615.644 273.116 5.02414 5.02349 -0.0168627 -0.19327 1428480.0
435 0.02655 8.83369e-05 -615.649 273.113 5.02405 5.02316 0.0125997 -0.243826 1428410.0
434 0.02665 8.83376e-05 -615.649 273.109 5.02402 5.02325 -0.0265607 -0.21209 1428420.0
433 0.02675 8.83381e-05 -615.643 273.113 5.02413 5.02346 -0.0217394 -0.149321 1428480.0
432 0.02685 8.83384e-05 -615.646 273.115 5.02417 5.02356 0.0529795 -0.0573708 1428590.0
431 0.02695 8.83406e-05 -615.628 273.122 5.02443 5.02451 0.0119173 0.21823 1428860.0
430 0.02705 8.83417e-05 -615.622 273.123 5.02451 5.02473 0.0216181 0.239736 1428900.0
429 0.02715 8.83453e-05 -615.594 273.141 5.02505 5.0262 0.196057 0.72295 1429520.0
428 0.02725 8.83419e-05 -615.622 273.125 5.02457 5.02482 0.0784382 0.317711 1428940.0
427 0.02735 8.8343e-05 -615.611 273.142 5.02493 5.02527 0.319401 0.478529 1429330.0
426 0.02745 8.83429e-05 -615.615 273.143 5.02496 5.0252 0.326475 0.419468 1429270.0
425 0.02755 8.83411e-05 -615.624 273.125 5.02452 5.02456 0.0588232 0.19185 1428800.0
424 0.02765 8.83376e-05 -615.648 273.1 5.02386 5.02315 -0.180233 -0.275296 1428120.0
423 0.02775 8.83408e-05 -615.631 273.112 5.02426 5.02422 -0.0489437 0.0529605 1428580.0
422 0.02785 8.83403e-05 -615.629 273.115 5.02429 5.02415 -0.0245159 -0.00169964 1428610.0
421 0.02795 8.83384e-05 -615.647 273.101 5.02393 5.0234 -0.130873 -0.138832 1428240.0
420 0.02805 8.83385e-05 -615.642 273.107 5.02403 5.02362 -0.141715 -0.0758332 1428330.0
419 0.02815 8.83374e-05 -615.655 273.097 5.02378 5.0231 -0.187749 -0.258794 1428090.0
418 0.02825 8.83369e-05 -615.66 273.096 5.02374 5.02273 -0.223278 -0.382648 1427970.0
417 0.02835 8.83371e-05 -615.655 273.094 5.02372 5.02305 -0.253998 -0.235963 1428010.0
416 0.02845 8.83374e-05 -615.65 273.106 5.02396 5.02308 -0.0850232 -0.277567 1428200.0
415 0.02855 8.83364e-05 -615.66 273.099 5.02377 5.02262 -0.135356 -0.413892 1427960.0
414 0.02865 8.83375e-05 -615.651 273.109 5.02401 5.02312 -0.00432238 -0.153982 1428270.0
413 0.02875 8.83356e-05 -615.66 273.1 5.02375 5.02258 -0.162259 -0.328519 1427950.0
412 0.02885 8.83397e-05 -615.636 273.115 5.02426 5.02385 0.0488786 0.168526 1428600.0
411 0.02895 8.83383e-05 -615.643 273.111 5.02411 5.02349 -0.0178344 0.0705546 1428450.0
410 0.02905 8.83375e-05 -615.652 273.099 5.02383 5.02307 -0.164975 -0.126358 1428130.0
409 0.02915 8.83368e-05 -615.655 273.1 5.02382 5.02286 -0.178413 -0.355276 1428120.0
408 0.02925 8.83371e-05 -615.652 273.097 5.02378 5.02302 -0.200071 -0.241026 1428160.0
407 0.02935 8.83376e-05 -615.65 273.099 5.02383 5.02306 -0.162767 -0.170365 1428190.0
406 0.02945 8.83381e-05 -615.649 273.104 5.02396 5.02332 -0.102595 -0.118079 1428380.0
405 0.02955 8.83357e-05 -615.663 273.094 5.02364 5.02252 -0.223656 -0.379001 1427980.0
404 0.02965 8.83372e-05 -615.65 273.097 5.02378 5.0231 -0.218998 -0.186373 1428190.0
403 0.02975 8.83362e-05 -615.66 273.094 5.02366 5.02265 -0.246796 -0.369073 1428030.0
402 0.02985 8.83383e-05 -615.645 273.109 5.02406 5.02332 -0.0508491 -0.171773 1428430.0
401 0.02995 8.83377e-05 -615.646 273.106 5.02398 5.02318 -0.0817216 -0.219937 1428340.0
400 0.03005 8.83413e-05 -615.627 273.126 5.02455 5.02443 0.135967 0.142213 1428980.0
399 0.03015 8.83418e-05 -615.621 273.122 5.0245 5.02449 0.0617803 0.0770343 1428910.0
398 0.03025 8.8339e-05 -615.642 273.116 5.02423 5.02366 0.0408551 -0.0989398 1428650.0
397 0.03035 8.83384e-05 -615.647 273.111 5.0241 5.02336 0.00994249 -0.151878 1428460.0
396 0.03045 8.83399e-05 -615.628 273.126 5.02446 5.02429 0.130282 0.200859 1428880.0
395 0.03055 8.83381e-05 -615.649 273.115 5.02415 5.02338 0.0423273 -0.0272249 1428570.0
394 0.03065 8.83402e-05 -615.627 273.132 5.0246 5.02428 0.268716 0.387832 1429070.0
393 0.03075 8.83389e-05 -615.64 273.118 5.02426 5.02373 0.077381 0.180028 1428730.0
392 0.03085 8.83408e-05 -615.622 273.136 5.0247 5.02481 0.304167 0.579692 1429260.0
391 0.03095 8.83427e-05 -615.61 273.154 5.02514 5.02536 0.530897 0.741919 1429750.0
390 0.03105 8.83383e-05 -615.643 273.124 5.02434 5.02354 0.217488 0.0768437 1428810.0
389 0.03115 8.83373e-05 -615.65 273.119 5.02418 5.02322 0.125124 -0.0360963 1428620.0
388 0.03125 8.83415e-05 -615.625 273.138 5.02478 5.02462 0.342177 0.407671 1429260.0
387 0.03135 8.83401e-05 -615.628 273.125 5.02446 5.02421 0.174107 0.284567 1428920.0
386 0.03145 8.83395e-05 -615.633 273.127 5.02446 5.02403 0.23081 0.226653 1428910.0
385 0.03155 8.83357e-05 -615.658 273.105 5.02383 5.0227 -0.0465743 -0.215323 1428250.0
384 0.03165 8.83418e-05 -615.619 273.141 5.02484 5.02483 0.389229 0.474625 1429350.0
383 0.03175 8.83431e-05 -615.614 273.141 5.02491 5.0251 0.356526 0.543552 1429400.0
382 0.03185 8.83426e-05 -615.611 273.134 5.02477 5.02512 0.265812 0.547614 1429300.0
381 0.03195 8.83436e-05 -615.604 273.137 5.02487 5.02555 0.229965 0.524291 1429490.0
380 0.03205 8.83368e-05 -615.653 273.095 5.02372 5.02301 -0.215124 -0.359356 1428190.0
379 0.03215 8.83353e-05 -615.66 273.091 5.02355 5.02254 -0.244308 -0.494071 1428000.0
378 0.03225 8.83374e-05 -615.649 273.099 5.02382 5.02325 -0.14392 -0.260382 1428260.0
377 0.03235 8.83385e-05 -615.637 273.109 5.02407 5.02374 -0.0305997 -0.150788 1428530.0
376 0.03245 8.83384e-05 -615.637 273.109 5.02406 5.02393 -0.0151734 -0.0478471 1428610.0
375 0.03255 8.83369e-05 -615.649 273.095 5.02372 5.0232 -0.209979 -0.258137 1428180.0
374 0.03265 8.83363e-05 -615.653 273.101 5.02381 5.02292 -0.099513 -0.340113 1428260.0
373 0.03275 8.83338e-05 -615.671 273.086 5.02337 5.02198 -0.26547 -0.586616 1427760.0
372 0.03285 8.8336e-05 -615.658 273.099 5.02375 5.02266 -0.0560334 -0.415224 1428240.0
371 0.03295 8.83379e-05 -615.641 273.111 5.02408 5.02352 0.0521929 -0.135104 1428650.0
370 0.03305 8.8341e-05 -615.624 273.125 5.02451 5.02449 0.19092 0.15221 1429110.0
369 0.03315 8.83398e-05 -615.631 273.124 5.02441 5.0242 0.227695 0.108392 1429080.0
368 0.03325 8.83376e-05 -615.643 273.105 5.02395 5.02337 -0.00401119 -0.171882 1428530.0
367 0.03335 8.83391e-05 -615.64 273.115 5.02422 5.02373 0.104689 -0.0565782 1428740.0
366 0.03345 8.83389e-05 -615.634 273.116 5.02421 5.024 0.102904 0.101697 1428800.0
365 0.03355 8.8338e-05 -615.647 273.105 5.02398 5.02331 -0.0408789 -0.166683 1428470.0
364 0.03365 8.83385e-05 -615.641 273.116 5.0242 5.02376 0.130136 0.0744903 1428760.0
363 0.03375 8.83413e-05 -615.621 273.134 5.0247 5.02479 0.338394 0.443585 1429330.0
362 0.03385 8.83422e-05 -615.612 273.143 5.02491 5.02533 0.440107 0.626054 1429670.0
361 0.03395 8.83405e-05 -615.627 273.132 5.0246 5.02444 0.382546 0.40112 1429310.0
360 0.03405 8.83386e-05 -615.64 273.117 5.02422 5.02381 0.137521 0.163682 1428870.0
359 0.03415 8.83371e-05 -615.651 273.106 5.02394 5.02314 0.0157856 -0.0754703 1428520.0
358 0.03425 8.83387e-05 -615.643 273.107 5.02404 5.02372 -0.00708037 0.0905217 1428610.0
357 0.03435 8.83387e-05 -615.64 273.118 5.02426 5.02399 0.153222 0.185822 1428840.0
356 0.03445 8.83363e-05 -615.656 273.088 5.02356 5.02289 -0.258359 -0.272588 1428010.0
355 0.03455 8.83372e-05 -615.649 273.109 5.024 5.02333 0.0325113 -0.0987678 1428540.0
354 0.03465 8.83364e-05 -615.658 273.109 5.02395 5.02307 0.121514 -0.153647 1428550.0
353 0.03475 8.83374e-05 -615.646 273.108 5.02398 5.02353 0.0378172 -0.0552506 1428590.0
352 0.03485 8.83397e-05 -615.63 273.117 5.02429 5.02453 0.145647 0.330512 1429070.0
351 0.03495 8.83406e-05 -615.626 273.13 5.02458 5.0248 0.304355 0.378132 1429340.0
350 0.03505 8.83419e-05 -615.61 273.142 5.02487 5.02546 0.455272 0.668262 1429660.0
349 0.03515 8.83402e-05 -615.629 273.126 5.02448 5.02477 0.20304 0.464866 1429150.0
348 0.03525 8.83354e-05 -615.656 273.103 5.02379 5.02311 -0.00557645 -0.0234706 1428420.0
347 0.03535 8.83364e-05 -615.653 273.105 5.02388 5.02342 -0.0238315 0.0500215 1428530.0
346 0.03545 8.8333e-05 -615.676 273.089 5.02339 5.02218 -0.132992 -0.276629 1427970.0
345 0.03555 8.83376e-05 -615.639 273.119 5.02421 5.0241 0.165413 0.325031 1428940.0
344 0.03565 8.8339e-05 -615.636 273.111 5.02414 5.02436 0.0648236 0.392031 1428920.0
343 0.03575 8.83398e-05 -615.623 273.125 5.02443 5.02505 0.21854 0.590654 1429280.0
342 0.03585 8.83378e-05 -615.645 273.11 5.02405 5.02386 0.0853335 0.0822491 1428810.0
341 0.03595 8.83375e-05 -615.642 273.11 5.02403 5.0239 0.0369645 0.0581367 1428790.0
340 0.03605 8.83357e-05 -615.657 273.098 5.02371 5.02323 -0.0560085 -0.106727 1428460.0
339 0.03615 8.83332e-05 -615.672 273.08 5.02324 5.0222 -0.270788 -0.486806 1427940.0
338 0.03625 8.83357e-05 -615.655 273.093 5.02361 5.02325 -0.190341 -0.147767 1428330.0
337 0.03635 8.83341e-05 -615.664 273.095 5.02356 5.02259 -0.0814712 -0.269051 1428290.0
336 0.03645 8.83349e-05 -615.664 273.096 5.02364 5.02266 -0.0446709 -0.228445 1428300.0
335 0.03655 8.83332e-05 -615.672 273.091 5.02344 5.02226 -0.164582 -0.40927 1428040.0
334 0.03665 8.83369e-05 -615.649 273.103 5.02387 5.02358 -0.0232035 0.052549 1428570.0
333 0.03675 8.83357e-05 -615.655 273.1 5.02374 5.02316 -0.127368 -0.192571 1428300.0
332 0.03685 8.83358e-05 -615.657 273.097 5.0237 5.02318 -0.106338 -0.219059 1428310.0
331 0.03695 8.8338e-05 -615.645 273.113 5.02413 5.02376 0.104025 -0.0355068 1428740.0
330 0.03705 8.83361e-05 -615.655 273.095 5.02368 5.02315 -0.132796 -0.224462 1428340.0
329 0.03715 8.83389e-05 -615.638 273.11 5.02412 5.02416 0.034848 0.0829941 1428830.0
328 0.03725 8.834e-05 -615.628 273.123 5.02441 5.02464 0.139426 0.223155 1429100.0
327 0.03735 8.83377e-05 -615.643 273.108 5.02401 5.02371 -0.0247697 -0.187353 1428600.0
326 0.03745 8.83392e-05 -615.637 273.107 5.02408 5.02402 -0.0574057 -0.12766 1428600.0
325 0.03755 8.83374e-05 -615.65 273.102 5.02387 5.02362 -0.0931947 -0.198211 1428480.0
324 0.03765 8.83367e-05 -615.654 273.093 5.02368 5.02333 -0.208679 -0.252781 1428230.0
323 0.03775 8.8335e-05 -615.665 273.088 5.02349 5.02263 -0.263337 -0.490439 1427980.0
322 0.03785 8.83332e-05 -615.68 273.075 5.02315 5.02181 -0.379918 -0.738648 1427560.0
321 0.03795 8.83338e-05 -615.674 273.076 5.02319 5.02211 -0.404741 -0.69109 1427650.0
320 0.03805 8.83336e-05 -615.677 273.075 5.02317 5.02195 -0.413252 -0.676166 1427540.0
319 0.03815 8.83323e-05 -615.678 273.076 5.02312 5.02179 -0.389396 -0.735113 1427550.0
318 0.03825 8.83391e-05 -615.64 273.104 5.02402 5.02398 -0.0873878 0.0702242 1428500.0
317 0.03835 8.83375e-05 -615.645 273.104 5.02392 5.02358 -0.0952186 -0.0935919 1428440.0
316 0.03845 8.83367e-05 -615.651 273.105 5.02389 5.02339 -0.0866239 -0.13426 1428430.0
315 0.03855 8.83376e-05 -615.644 273.103 5.0239 5.02365 -0.0957393 -0.0773263 1428500.0
314 0.03865 8.83366e-05 -615.652 273.091 5.02364 5.02331 -0.291037 -0.262819 1428180.0
313 0.03875 8.83352e-05 -615.662 273.083 5.02341 5.02266 -0.373083 -0.493017 1427880.0
312 0.03885 8.83336e-05 -615.675 273.072 5.02311 5.02204 -0.481344 -0.716185 1427570.0
311 0.03895 8.83334e-05 -615.676 273.062 5.02292 5.02195 -0.647379 -0.741331 1427350.0
310 0.03905 8.83334e-05 -615.678 273.068 5.02304 5.02185 -0.553477 -0.769053 1427430.0
309 0.03915 8.83319e-05 -615.687 273.061 5.02282 5.02129 -0.605158 -0.943541 1427150.0
308 0.03925 8.83357e-05 -615.664 273.078 5.02334 5.02268 -0.456605 -0.487721 1427740.0
307 0.03935 8.83352e-05 -615.666 273.075 5.02327 5.02262 -0.462937 -0.512435 1427700.0
306 0.03945 8.8338e-05 -615.649 273.096 5.02381 5.02351 -0.178083 -0.10405 1428300.0
305 0.03955 8.83347e-05 -615.665 273.088 5.02346 5.02266 -0.311661 -0.398849 1427910.0
304 0.03965 8.8337e-05 -615.655 273.093 5.0237 5.02331 -0.222325 -0.20593 1428180.0
303 0.03975 8.83384e-05 -615.639 273.11 5.02408 5.02396 0.00283922 0.0542805 1428630.0
302 0.03985 8.83355e-05 -615.66 273.097 5.02368 5.02299 -0.141112 -0.377221 1428250.0
301 0.03995 8.83385e-05 -615.639 273.106 5.02402 5.02408 -0.106938 -0.0533697 1428610.0
300 0.04005 8.83391e-05 -615.641 273.106 5.02404 5.02405 -0.0344813 -0.0658406 1428670.0
299 0.04015 8.83357e-05 -615.664 273.089 5.02355 5.02275 -0.234786 -0.530438 1428090.0
298 0.04025 8.83411e-05 -615.629 273.113 5.02429 5.02458 -0.00149921 0.0272257 1428880.0
297 0.04035 8.83386e-05 -615.64 273.096 5.02384 5.02393 -0.260762 -0.163717 1428340.0
296 0.04045 8.83392e-05 -615.641 273.105 5.02404 5.02394 -0.087 -0.153595 1428550.0
295 0.04055 8.83425e-05 -615.622 273.117 5.02444 5.02495 0.0282264 0.140236 1428950.0
294 0.04065 8.83427e-05 -615.621 273.121 5.02452 5.02513 0.0332121 0.143656 1429000.0
293 0.04075 8.83423e-05 -615.622 273.121 5.02451 5.02512 0.0937982 0.206462 1429120.0
292 0.04085 8.83405e-05 -615.632 273.112 5.02424 5.02415 -0.00735724 -0.131482 1428730.0
291 0.04095 8.83387e-05 -615.649 273.099 5.0239 5.02356 -0.18668 -0.424881 1428360.0
290 0.04105 8.83389e-05 -615.645 273.095 5.02383 5.02356 -0.235461 -0.38711 1428300.0
289 0.04115 8.83384e-05 -615.652 273.09 5.02371 5.02338 -0.238115 -0.401773 1428210.0
288 0.04125 8.8339e-05 -615.651 273.088 5.02372 5.02331 -0.331492 -0.575068 1428130.0
287 0.04135 8.834e-05 -615.648 273.095 5.02389 5.02358 -0.256206 -0.457345 1428240.0
286 0.04145 8.83414e-05 -615.628 273.108 5.02423 5.02447 -0.0651919 -0.170038 1428700.0
285 0.04155 8.83396e-05 -615.644 273.099 5.02394 5.02365 -0.188893 -0.465434 1428290.0
284 0.04165 8.83417e-05 -615.633 273.105 5.02419 5.02435 -0.162275 -0.24552 1428570.0
283 0.04175 8.83427e-05 -615.625 273.116 5.02443 5.02468 0.0287496 -0.070467 1428830.0
282 0.04185 8.83435e-05 -615.62 273.121 5.02458 5.02505 0.0886896 0.032917 1429080.0
281 0.04195 8.83382e-05 -615.652 273.098 5.02385 5.02324 -0.133384 -0.438314 1428300.0
280 0.04205 8.83431e-05 -615.624 273.116 5.02446 5.02477 0.00055786 0.057224 1428950.0
279 0.04215 8.83374e-05 -615.664 273.087 5.02361 5.02262 -0.273621 -0.520261 1428000.0
278 0.04225 8.83377e-05 -615.662 273.086 5.0236 5.02272 -0.305289 -0.515878 1427990.0
277 0.04235 8.83379e-05 -615.66 273.092 5.02372 5.0228 -0.223229 -0.476875 1428120.0
276 0.04245 8.83408e-05 -615.644 273.107 5.02416 5.02384 -0.0828416 -0.105248 1428620.0
275 0.04255 8.83408e-05 -615.641 273.11 5.02421 5.02391 0.0123282 -0.101653 1428720.0
274 0.04265 8.83402e-05 -615.644 273.108 5.02414 5.02376 -0.0527224 -0.202911 1428630.0
273 0.04275 8.8341e-05 -615.638 273.106 5.02415 5.02402 -0.0380593 -0.0640363 1428690.0
272 0.04285 8.8339e-05 -615.652 273.098 5.02389 5.02321 -0.166006 -0.386365 1428280.0
271 0.04295 8.83395e-05 -615.649 273.092 5.02382 5.02342 -0.280387 -0.357157 1428190.0
270 0.04305 8.83402e-05 -615.648 273.089 5.02379 5.02349 -0.293794 -0.288569 1428140.0
269 0.04315 8.83409e-05 -615.636 273.102 5.02409 5.02393 -0.153875 -0.180592 1428450.0
268 0.04325 8.83415e-05 -615.638 273.104 5.02416 5.02406 -0.143132 -0.170436 1428510.0
267 0.04335 8.83407e-05 -615.644 273.096 5.02396 5.02364 -0.22313 -0.277807 1428280.0
266 0.04345 8.83397e-05 -615.644 273.092 5.02382 5.02358 -0.275774 -0.258835 1428200.0
265 0.04355 8.83426e-05 -615.631 273.105 5.02423 5.02435 -0.122879 -0.00924507 1428570.0
264 0.04365 8.83412e-05 -615.641 273.095 5.02397 5.0238 -0.240756 -0.139211 1428230.0
263 0.04375 8.83405e-05 -615.648 273.106 5.02413 5.02354 -0.0375233 -0.125731 1428390.0
262 0.04385 8.8339e-05 -615.654 273.096 5.02386 5.02289 -0.178431 -0.417939 1428070.0
261 0.04395 8.8338e-05 -615.661 273.089 5.02368 5.02285 -0.317988 -0.441751 1427910.0
260 0.04405 8.83416e-05 -615.641 273.103 5.02414 5.02379 -0.119686 -0.159578 1428400.0
259 0.04415 8.83417e-05 -615.637 273.106 5.02421 5.02402 -0.0821144 -0.0548541 1428520.0
258 0.04425 8.8339e-05 -615.656 273.092 5.02379 5.02287 -0.188454 -0.379853 1428060.0
257 0.04435 8.83371e-05 -615.669 273.087 5.02358 5.02236 -0.265546 -0.552307 1427820.0
256 0.04445 8.83394e-05 -615.652 273.102 5.02399 5.02319 -0.0577721 -0.212334 1428340.0
255 0.04455 8.83364e-05 -615.676 273.083 5.02348 5.02204 -0.302981 -0.651582 1427760.0
254 0.04465 8.83383e-05 -615.659 273.092 5.02375 5.02276 -0.194975 -0.315828 1428090.0
253 0.04475 8.83361e-05 -615.674 273.085 5.02349 5.02209 -0.25528 -0.536308 1427830.0
252 0.04485 8.83349e-05 -615.686 273.07 5.02314 5.02143 -0.438091 -0.748609 1427410.0
251 0.04495 8.83341e-05 -615.687 273.074 5.02317 5.02128 -0.430234 -0.74631 1427350.0
250 0.04505 8.83391e-05 -615.656 273.099 5.02392 5.02312 -0.118899 -0.106912 1428220.0
249 0.04515 8.8342e-05 -615.635 273.12 5.02448 5.02409 0.155757 0.145508 1428900.0
248 0.04525 8.83356e-05 -615.676 273.083 5.02343 5.02181 -0.207092 -0.585177 1427810.0
247 0.04535 8.83387e-05 -615.658 273.103 5.02398 5.023 -0.0477709 -0.243398 1428360.0
246 0.04545 8.83392e-05 -615.645 273.106 5.02406 5.02349 -0.0220213 0.0295296 1428500.0
245 0.04555 8.834e-05 -615.644 273.111 5.02419 5.0237 0.0586935 0.0541574 1428650.0
244 0.04565 8.83412e-05 -615.639 273.103 5.02411 5.02406 -0.115882 0.107137 1428580.0
243 0.04575 8.83387e-05 -615.656 273.09 5.02373 5.02301 -0.226164 -0.233803 1428160.0
242 0.04585 8.83413e-05 -615.635 273.104 5.02414 5.02421 -0.126099 0.1482 1428640.0
241 0.04595 8.83401e-05 -615.644 273.105 5.0241 5.02375 -0.0465031 -0.0200766 1428610.0
240 0.04605 8.83387e-05 -615.654 273.095 5.02382 5.02307 -0.162683 -0.25848 1428270.0
239 0.04615 8.83355e-05 -615.674 273.089 5.02352 5.02214 -0.20648 -0.564945 1427990.0
238 0.04625 8.83397e-05 -615.646 273.117 5.02429 5.02371 0.156521 0.011229 1428780.0
237 0.04635 8.83404e-05 -615.64 273.122 5.02442 5.024 0.227202 0.181934 1428910.0
236 0.04645 8.8341e-05 -615.635 273.116 5.02434 5.02419 0.0657711 0.201414 1428820.0
235 0.04655 8.83404e-05 -615.638 273.114 5.02428 5.02401 0.0329284 0.117453 1428720.0
234 0.04665 8.83423e-05 -615.627 273.123 5.02455 5.02454 0.176359 0.313942 1428980.0
233 0.04675 8.83401e-05 -615.641 273.112 5.02422 5.02381 0.0497842 0.0855067 1428620.0
232 0.04685 8.83416e-05 -615.631 273.12 5.02445 5.02461 0.0847119 0.332057 1428900.0
231 0.04695 8.83378e-05 -615.657 273.098 5.02384 5.02294 -0.0975743 -0.280035 1428230.0
230 0.04705 8.83381e-05 -615.65 273.111 5.02409 5.02339 0.0596382 0.00949998 1428540.0
229 0.04715 8.83395e-05 -615.644 273.108 5.0241 5.02373 -0.0702799 0.0635443 1428530.0
228 0.04725 8.83415e-05 -615.628 273.12 5.02444 5.0246 0.096393 0.35878 1428930.0
227 0.04735 8.83401e-05 -615.635 273.121 5.02438 5.02419 0.152558 0.267959 1428880.0
226 0.04745 8.83414e-05 -615.627 273.129 5.0246 5.02472 0.221906 0.454538 1429120.0
225 0.04755 8.83363e-05 -615.662 273.094 5.02366 5.02283 -0.159978 -0.131377 1428090.0
224 0.04765 8.83355e-05 -615.666 273.092 5.02358 5.02246 -0.170482 -0.303826 1427980.0
223 0.04775 8.83407e-05 -615.629 273.127 5.02452 5.02452 0.176011 0.354457 1429020.0
222 0.04785 8.8341e-05 -615.63 273.119 5.0244 5.02435 0.097271 0.262911 1428830.0
221 0.04795 8.83365e-05 -615.656 273.103 5.02384 5.02302 -0.0272935 -0.122953 1428270.0
220 0.04805 8.83411e-05 -615.629 273.128 5.02457 5.02447 0.272376 0.366562 1429060.0
219 0.04815 8.83373e-05 -615.653 273.107 5.02397 5.02318 0.0136197 -0.0993566 1428440.0
218 0.04825 8.83369e-05 -615.658 273.109 5.02398 5.02276 0.054164 -0.306054 1428350.0
217 0.04835 8.83363e-05 -615.658 273.109 5.02395 5.02275 0.0352409 -0.292558 1428310.0
216 0.04845 8.83395e-05 -615.638 273.128 5.02447 5.02389 0.281707 0.105813 1428980.0
215 0.04855 8.83408e-05 -615.63 273.127 5.02453 5.02436 0.218477 0.202211 1429140.0
214 0.04865 8.83371e-05 -615.653 273.106 5.02394 5.02312 -0.00351684 -0.150884 1428470.0
213 0.04875 8.8339e-05 -615.638 273.123 5.02435 5.0239 0.133747 0.0692619 1428880.0
212 0.04885 8.8343e-05 -615.611 273.146 5.02501 5.02532 0.422522 0.552511 1429610.0
211 0.04895 8.83393e-05 -615.632 273.121 5.02433 5.02394 0.121036 0.0111632 1428840.0
210 0.04905 8.83376e-05 -615.647 273.105 5.02395 5.0233 -0.122611 -0.258788 1428420.0
209 0.04915 8.83409e-05 -615.626 273.121 5.02442 5.0244 0.0544917 -0.00299258 1428930.0
208 0.04925 8.83436e-05 -615.604 273.131 5.02476 5.02547 0.134621 0.391354 1429370.0
207 0.04935 8.83407e-05 -615.622 273.121 5.02441 5.02458 0.0191185 0.0999359 1428930.0
206 0.04945 8.83423e-05 -615.619 273.122 5.02452 5.02481 0.0390608 0.162155 1429010.0
205 0.04955 8.83404e-05 -615.624 273.113 5.02425 5.02443 -0.100981 0.0248846 1428710.0
204 0.04965 8.83424e-05 -615.614 273.118 5.02445 5.02499 -0.0167655 0.249931 1428980.0
203 0.04975 8.83377e-05 -615.641 273.095 5.02377 5.02347 -0.280898 -0.218198 1428260.0
202 0.04985 8.83391e-05 -615.634 273.112 5.02416 5.02395 -0.0251922 -0.0417266 1428690.0
201 0.04995 8.83411e-05 -615.624 273.115 5.02434 5.02447 -0.052567 0.141714 1428870.0
200 0.05005 8.83371e-05 -615.651 273.092 5.02368 5.023 -0.326752 -0.394357 1428130.0
199 0.05015 8.83379e-05 -615.645 273.089 5.02366 5.02314 -0.333707 -0.377427 1428120.0
198 0.05025 8.83405e-05 -615.627 273.107 5.02414 5.02409 -0.185875 -0.14546 1428590.0
197 0.05035 8.83405e-05 -615.627 273.112 5.02424 5.02422 -0.0663878 -0.0111067 1428770.0
196 0.05045 8.83383e-05 -615.636 273.106 5.02401 5.02355 -0.091043 -0.174431 1428590.0
195 0.05055 8.83405e-05 -615.63 273.111 5.02422 5.02403 -0.0330464 -0.0412579 1428800.0
194 0.05065 8.83416e-05 -615.614 273.117 5.0244 5.02485 -0.0139621 0.219777 1428990.0
193 0.05075 8.83402e-05 -615.63 273.109 5.02417 5.0239 -0.0648804 -0.0407744 1428620.0
192 0.05085 8.8337e-05 -615.648 273.096 5.02375 5.02294 -0.162564 -0.302804 1428240.0
191 0.05095 8.83402e-05 -615.63 273.111 5.0242 5.02391 -0.0124515 0.0565451 1428710.0
190 0.05105 8.83384e-05 -615.643 273.099 5.02388 5.02319 -0.136755 -0.235252 1428280.0
189 0.05115 8.8342e-05 -615.62 273.118 5.02445 5.02453 0.0449818 0.237779 1428870.0
188 0.05125 8.83432e-05 -615.609 273.132 5.02476 5.02488 0.221908 0.35184 1429140.0
187 0.05135 8.83388e-05 -615.64 273.099 5.02391 5.02328 -0.207931 -0.204554 1428180.0
186 0.05145 8.83378e-05 -615.651 273.084 5.02358 5.0227 -0.378155 -0.440316 1427790.0
185 0.05155 8.8338e-05 -615.647 273.092 5.02372 5.02288 -0.26611 -0.429788 1427990.0
184 0.05165 8.83396e-05 -615.639 273.097 5.02391 5.02345 -0.283284 -0.237883 1428180.0
183 0.05175 8.83426e-05 -615.617 273.116 5.02444 5.02432 -0.0133233 0.088636 1428720.0
182 0.05185 8.83395e-05 -615.638 273.102 5.02399 5.02339 -0.169979 -0.239928 1428300.0
181 0.05195 8.83435e-05 -615.608 273.12 5.02456 5.0247 0.0364351 0.0910555 1428940.0
180 0.05205 8.83444e-05 -615.607 273.126 5.02472 5.02508 0.0880354 0.255353 1429150.0
179 0.05215 8.83382e-05 -615.647 273.092 5.02374 5.02287 -0.289767 -0.394618 1428090.0
178 0.05225 8.83378e-05 -615.649 273.085 5.02359 5.02281 -0.403266 -0.439029 1427890.0
177 0.05235 8.83433e-05 -615.609 273.119 5.02454 5.0249 0.00950089 0.182468 1428970.0
176 0.05245 8.83437e-05 -615.604 273.126 5.02468 5.0252 0.129105 0.32798 1429190.0
175 0.05255 8.83419e-05 -615.619 273.12 5.02446 5.02446 0.0254893 -0.015677 1428840.0
174 0.05265 8.83387e-05 -615.645 273.094 5.0238 5.02296 -0.257608 -0.462665 1428020.0
173 0.05275 8.83422e-05 -615.614 273.117 5.02442 5.0245 -0.0135023 0.0882749 1428810.0
172 0.05285 8.8341e-05 -615.629 273.102 5.02409 5.02381 -0.20911 -0.285049 1428420.0
171 0.05295 8.83405e-05 -615.633 273.092 5.02387 5.02357 -0.325003 -0.273635 1428190.0
170 0.05305 8.83402e-05 -615.634 273.098 5.02397 5.02351 -0.269573 -0.326874 1428260.0
169 0.05315 8.83388e-05 -615.639 273.098 5.02388 5.02322 -0.255561 -0.323925 1428190.0
168 0.05325 8.83395e-05 -615.637 273.103 5.02403 5.02327 -0.165505 -0.34017 1428330.0
167 0.05335 8.83428e-05 -615.616 273.127 5.02465 5.02451 0.154658 0.145991 1429000.0
166 0.05345 8.8338e-05 -615.647 273.1 5.02387 5.0228 -0.167857 -0.42095 1428150.0
165 0.05355 8.83398e-05 -615.634 273.11 5.02416 5.02357 -0.0835176 -0.158667 1428470.0
164 0.05365 8.83409e-05 -615.627 273.114 5.0243 5.02389 -0.0385898 -0.056296 1428600.0
163 0.05375 8.83384e-05 -615.641 273.101 5.02392 5.02309 -0.157803 -0.240022 1428190.0
162 0.05385 8.83391e-05 -615.642 273.108 5.02408 5.02319 -0.0677311 -0.273336 1428330.0
161 0.05395 8.83391e-05 -615.638 273.099 5.02391 5.02336 -0.249061 -0.231596 1428120.0
160 0.05405 8.83415e-05 -615.624 273.114 5.02433 5.02402 -0.0784076 -0.0610061 1428520.0
159 0.05415 8.83405e-05 -615.632 273.102 5.02405 5.02361 -0.190808 -0.129866 1428270.0
158 0.05425 8.8341e-05 -615.631 273.104 5.02413 5.02374 -0.212217 -0.134869 1428340.0
157 0.05435 8.83415e-05 -615.629 273.115 5.02435 5.02373 -0.0545071 -0.199108 1428550.0
156 0.05445 8.83418e-05 -615.625 273.117 5.02441 5.02402 0.0333099 -0.00136272 1428690.0
155 0.05455 8.83398e-05 -615.639 273.104 5.02405 5.02324 -0.168767 -0.248358 1428250.0
154 0.05465 8.83426e-05 -615.623 273.12 5.0245 5.02408 0.0367594 0.0889294 1428710.0
153 0.05475 8.83419e-05 -615.628 273.118 5.02442 5.02386 -0.0129668 0.021756 1428630.0
152 0.05485 8.83397e-05 -615.635 273.111 5.02419 5.02326 0.00195934 -0.076856 1428430.0
151 0.05495 8.83412e-05 -615.632 273.121 5.02445 5.02372 0.0535891 0.0118064 1428670.0
150 0.05505 8.83416e-05 -615.629 273.113 5.02432 5.02379 -0.0523017 0.0563439 1428530.0
149 0.05515 8.83402e-05 -615.636 273.106 5.02411 5.02332 -0.108153 -0.0932673 1428310.0
148 0.05525 8.83448e-05 -615.602 273.131 5.02483 5.02515 0.0951528 0.525205 1429120.0
147 0.05535 8.83428e-05 -615.62 273.122 5.02456 5.02421 0.0351308 0.135712 1428790.0
146 0.05545 8.83411e-05 -615.628 273.107 5.02418 5.02372 -0.162201 -0.0690141 1428380.0
145 0.05555 8.83385e-05 -615.653 273.093 5.02377 5.02248 -0.303254 -0.463409 1427820.0
144 0.05565 8.83404e-05 -615.637 273.104 5.02409 5.02317 -0.155999 -0.259454 1428200.0
143 0.05575 8.83394e-05 -615.646 273.099 5.02393 5.02288 -0.246325 -0.372088 1428030.0
142 0.05585 8.83394e-05 -615.644 273.098 5.02392 5.02283 -0.251613 -0.355137 1427990.0
141 0.05595 8.83423e-05 -615.624 273.114 5.02438 5.02396 -0.0776974 0.0484183 1428590.0
140 0.05605 8.83428e-05 -615.62 273.117 5.02447 5.02424 -0.0627763 0.0902954 1428680.0
139 0.05615 8.83403e-05 -615.641 273.098 5.02397 5.02307 -0.254073 -0.312605 1428080.0
138 0.05625 8.83379e-05 -615.656 273.084 5.02358 5.02208 -0.401816 -0.630837 1427560.0
137 0.05635 8.83425e-05 -615.625 273.117 5.02444 5.02385 -0.0358489 -0.0885084 1428500.0
136 0.05645 8.83441e-05 -615.621 273.115 5.0245 5.0242 -0.0707955 0.00376505 1428580.0
135 0.05655 8.83451e-05 -615.608 273.125 5.02474 5.02469 0.0428046 0.167867 1428830.0
134 0.05665 8.83439e-05 -615.616 273.124 5.02465 5.02433 0.0444697 0.0803203 1428700.0
133 0.05675 8.83454e-05 -615.613 273.121 5.02469 5.02454 0.00901801 0.0799893 1428710.0
132 0.05685 8.83437e-05 -615.62 273.116 5.0245 5.024 -0.0241888 -0.00848332 1428470.0
131 0.05695 8.83447e-05 -615.613 273.124 5.0247 5.02439 0.069386 0.134943 1428740.0
130 0.05705 8.8345e-05 -615.612 273.124 5.02472 5.0243 0.0988956 0.102836 1428720.0
129 0.05715 8.83429e-05 -615.623 273.119 5.0245 5.02379 0.0294554 -0.0195358 1428490.0
128 0.05725 8.83429e-05 -615.624 273.119 5.02451 5.02383 0.0505145 0.0214518 1428510.0
127 0.05735 8.83447e-05 -615.613 273.12 5.02462 5.02438 -0.0326574 0.136846 1428540.0
126 0.05745 8.83453e-05 -615.603 273.131 5.02487 5.02485 0.131011 0.283805 1428840.0
125 0.05755 8.83457e-05 -615.605 273.142 5.02508 5.0248 0.299449 0.21032 1429010.0
124 0.05765 8.83473e-05 -615.591 273.152 5.02536 5.02547 0.404755 0.424591 1429320.0
123 0.05775 8.83498e-05 -615.578 273.154 5.02553 5.02631 0.351063 0.664483 1429540.0
122 0.05785 8.83453e-05 -615.6 273.132 5.02487 5.02499 0.147336 0.263159 1428880.0
121 0.05795 8.83434e-05 -615.619 273.128 5.0247 5.02399 0.145664 -0.089549 1428610.0
120 0.05805 8.83444e-05 -615.608 273.138 5.02494 5.02456 0.271485 0.16478 1428920.0
119 0.05815 8.83443e-05 -615.61 273.137 5.02491 5.0246 0.265263 0.234143 1428920.0
118 0.05825 8.83378e-05 -615.652 273.111 5.02408 5.02225 0.0377617 -0.498122 1427940.0
117 0.05835 8.83432e-05 -615.621 273.129 5.02471 5.024 0.198453 0.162264 1428630.0
116 0.05845 8.83456e-05 -615.605 273.146 5.02515 5.02493 0.3847 0.469519 1429160.0
115 0.05855 8.83436e-05 -615.619 273.137 5.02488 5.02409 0.320843 0.259864 1428850.0
114 0.05865 8.83456e-05 -615.603 273.154 5.0253 5.02503 0.482291 0.658361 1429310.0
113 0.05875 8.83469e-05 -615.6 273.156 5.02542 5.02527 0.54395 0.67043 1429440.0
112 0.05885 8.83438e-05 -615.614 273.139 5.02493 5.02429 0.316308 0.303568 1428870.0
111 0.05895 8.83451e-05 -615.61 273.138 5.02499 5.0246 0.299648 0.428617 1428930.0
110 0.05905 8.83443e-05 -615.615 273.137 5.02492 5.0245 0.303934 0.412087 1428930.0
109 0.05915 8.83447e-05 -615.61 273.139 5.02498 5.02472 0.29882 0.457675 1428970.0
108 0.05925 8.83445e-05 -615.618 273.14 5.02498 5.02432 0.337381 0.370174 1428900.0
107 0.05935 8.83435e-05 -615.619 273.141 5.02495 5.02403 0.374507 0.266427 1428850.0
106 0.05945 8.83489e-05 -615.581 273.169 5.02576 5.02604 0.64342 0.956632 1429780.0
105 0.05955 8.83483e-05 -615.593 273.161 5.02559 5.02562 0.53032 0.794606 1429510.0
104 0.05965 8.83437e-05 -615.619 273.144 5.025 5.02414 0.350365 0.330168 1428880.0
103 0.05975 8.83433e-05 -615.623 273.128 5.0247 5.02376 0.140044 0.17638 1428510.0
102 0.05985 8.83473e-05 -615.6 273.148 5.02528 5.0253 0.366254 0.651174 1429210.0
101 0.05995 8.83429e-05 -615.623 273.131 5.02473 5.02389 0.238577 0.309294 1428640.0
100 0.06005 8.834e-05 -615.648 273.105 5.02408 5.02255 -0.0765749 -0.115646 1427870.0
99 0.06015 8.83412e-05 -615.644 273.11 5.02425 5.02294 -0.0595956 -0.0510644 1427990.0
98 0.06025 8.83426e-05 -615.631 273.127 5.02464 5.02355 0.152525 0.130974 1428400.0
97 0.06035 8.83455e-05 -615.612 273.136 5.02497 5.02449 0.254444 0.374559 1428800.0
96 0.06045 8.83426e-05 -615.635 273.122 5.02455 5.02332 0.134969 -0.0191613 1428340.0
95 0.06055 8.83394e-05 -615.652 273.102 5.02399 5.02239 -0.150747 -0.330204 1427780.0
94 0.06065 8.83404e-05 -615.648 273.105 5.0241 5.02255 -0.121777 -0.295773 1427810.0
93 0.06075 8.83446e-05 -615.622 273.125 5.02471 5.02415 0.0542151 0.23451 1428500.0
92 0.06085 8.83447e-05 -615.62 273.119 5.02462 5.02414 -0.010462 0.27034 1428340.0
91 0.06095 8.8343e-05 -615.632 273.119 5.02451 5.02347 0.00356252 0.0425671 1428160.0
90 0.06105 8.83454e-05 -615.611 273.147 5.02516 5.02452 0.364057 0.455697 1428910.0
89 0.06115 8.83438e-05 -615.623 273.139 5.02493 5.02387 0.289467 0.304814 1428630.0
88 0.06125 8.83429e-05 -615.634 273.119 5.0245 5.02321 0.0235275 0.0141307 1428130.0
87 0.06135 8.83446e-05 -615.618 273.132 5.02484 5.02403 0.143145 0.233427 1428490.0
86 0.06145 8.83442e-05 -615.626 273.117 5.02453 5.02381 -0.0713177 0.207513 1428220.0
85 0.06155 8.83488e-05 -615.592 273.145 5.02532 5.02561 0.2533 0.850057 1429130.0
84 0.06165 8.83488e-05 -615.59 273.147 5.02536 5.02566 0.280011 0.810815 1429190.0
83 0.06175 8.83431e-05 -615.628 273.113 5.02441 5.02354 -0.0821659 0.0597466 1428130.0
82 0.06185 8.83453e-05 -615.615 273.129 5.02483 5.02428 0.107693 0.227786 1428630.0
81 0.06195 8.83465e-05 -615.61 273.133 5.02496 5.02465 0.0935642 0.277693 1428730.0
80 0.06205 8.83439e-05 -615.619 273.128 5.02472 5.02406 0.114867 0.207715 1428600.0
79 0.06215 8.83458e-05 -615.615 273.133 5.02493 5.0244 0.125758 0.302983 1428740.0
78 0.06225 8.8342e-05 -615.639 273.111 5.02431 5.02317 -0.120799 -0.110427 1428040.0
77 0.06235 8.83427e-05 -615.637 273.109 5.0243 5.02329 -0.176735 -0.0744299 1428040.0
76 0.06245 8.83481e-05 -615.595 273.141 5.02521 5.02526 0.27134 0.701079 1429110.0
75 0.06255 8.83448e-05 -615.617 273.128 5.02478 5.02433 0.0619993 0.295633 1428600.0
74 0.06265 8.83464e-05 -615.608 273.127 5.02485 5.02471 0.0176742 0.401321 1428600.0
73 0.06275 8.83451e-05 -615.616 273.127 5.02477 5.02426 0.0472232 0.262397 1428510.0
72 0.06285 8.83445e-05 -615.621 273.124 5.02469 5.02409 -0.0116076 0.142671 1428410.0
71 0.06295 8.83459e-05 -615.61 273.132 5.02492 5.02454 0.115105 0.35114 1428650.0
70 0.06305 8.83451e-05 -615.616 273.132 5.02488 5.02422 0.114972 0.221276 1428590.0
69 0.06315 8.83494e-05 -615.587 273.162 5.02567 5.02587 0.489971 0.796225 1429490.0
68 0.06325 8.83468e-05 -615.604 273.143 5.02517 5.02477 0.294489 0.452276 1428960.0
67 0.06335 8.83478e-05 -615.601 273.146 5.02529 5.02504 0.264459 0.501576 1429040.0
66 0.06345 8.83472e-05 -615.607 273.144 5.02521 5.02476 0.292463 0.486402 1428970.0
65 0.06355 8.83474e-05 -615.602 273.15 5.02533 5.02495 0.391485 0.458572 1429120.0
64 0.06365 8.83485e-05 -615.596 273.158 5.02554 5.02538 0.467523 0.589353 1429330.0
63 0.06375 8.83504e-05 -615.58 273.175 5.02596 5.02614 0.686572 0.841911 1429780.0
62 0.06385 8.83506e-05 -615.575 273.184 5.02613 5.02642 0.806011 0.949888 1429980.0
61 0.06395 8.83489e-05 -615.593 273.164 5.02568 5.02557 0.564679 0.640029 1429410.0
60 0.06405 8.83497e-05 -615.587 273.168 5.0258 5.02593 0.557714 0.724847 1429500.0
59 0.06415 8.83475e-05 -615.602 273.147 5.02529 5.0251 0.262857 0.506374 1428910.0
58 0.06425 8.83486e-05 -615.594 273.158 5.02555 5.02548 0.460578 0.639982 1429270.0
57 0.06435 8.83457e-05 -615.613 273.136 5.02497 5.02442 0.177734 0.286479 1428590.0
56 0.06445 8.83474e-05 -615.6 273.154 5.0254 5.02522 0.397054 0.571061 1429070.0
55 0.06455 8.83488e-05 -615.597 273.154 5.02548 5.02544 0.361901 0.565477 1429110.0
54 0.06465 8.8353e-05 -615.561 273.173 5.02607 5.02715 0.553595 1.18449 1429840.0
53 0.06475 8.83493e-05 -615.593 273.151 5.02546 5.02564 0.337579 0.663047 1429150.0
52 0.06485 8.83503e-05 -615.585 273.159 5.02566 5.02603 0.414024 0.769534 1429400.0
51 0.06495 8.83486e-05 -615.592 273.151 5.02543 5.02553 0.339846 0.615748 1429060.0
50 0.06505 8.83477e-05 -615.603 273.136 5.02509 5.02497 0.152378 0.467573 1428730.0
49 0.06515 8.83454e-05 -615.619 273.132 5.02488 5.02421 0.101835 0.136681 1428430.0
48 0.06525 8.83453e-05 -615.615 273.135 5.02494 5.02432 0.156319 0.193769 1428510.0
47 0.06535 8.8345e-05 -615.621 273.131 5.02484 5.02403 0.123274 0.0817221 1428370.0
46 0.06545 8.83488e-05 -615.598 273.152 5.02544 5.02531 0.350926 0.474287 1429030.0
45 0.06555 8.83484e-05 -615.595 273.152 5.02543 5.02545 0.378825 0.563715 1429100.0
44 0.06565 8.83503e-05 -615.582 273.164 5.02575 5.02628 0.460889 0.786308 1429450.0
43 0.06575 8.83477e-05 -615.6 273.149 5.02534 5.02523 0.331348 0.567332 1428920.0
42 0.06585 8.83501e-05 -615.578 273.175 5.02594 5.02641 0.613486 0.937369 1429590.0
41 0.06595 8.83449e-05 -615.617 273.138 5.02496 5.02445 0.217535 0.267245 1428600.0
40 0.06605 8.83467e-05 -615.605 273.15 5.02529 5.025 0.361197 0.379632 1428920.0
39 0.06615 8.83456e-05 -615.613 273.149 5.02521 5.02476 0.389409 0.427343 1428850.0
38 0.06625 8.83434e-05 -615.621 273.145 5.02501 5.02416 0.392415 0.323317 1428650.0
37 0.06635 8.8348e-05 -615.592 273.167 5.02568 5.02576 0.613551 0.8985 1429350.0
36 0.06645 8.83455e-05 -615.61 273.144 5.02512 5.02482 0.350535 0.553595 1428740.0
35 0.06655 8.83417e-05 -615.632 273.125 5.02455 5.02348 0.127183 0.0993468 1428040.0
34 0.06665 8.83425e-05 -615.629 273.138 5.02483 5.02403 0.296459 0.363661 1428360.0
33 0.06675 8.83458e-05 -615.606 273.151 5.02527 5.02505 0.444324 0.724348 1428810.0
32 0.06685 8.8343e-05 -615.62 273.138 5.02486 5.02426 0.311277 0.520777 1428380.0
31 0.06695 8.83406e-05 -615.642 273.132 5.02461 5.02333 0.268426 0.195205 1428090.0
30 0.06705 8.83456e-05 -615.611 273.148 5.02519 5.02481 0.389612 0.661728 1428620.0
29 0.06715 8.83446e-05 -615.615 273.154 5.02524 5.0247 0.49556 0.672892 1428670.0
28 0.06725 8.83467e-05 -615.598 273.166 5.02558 5.02561 0.637963 1.07681 1429070.0
27 0.06735 8.83461e-05 -615.602 273.172 5.02567 5.02528 0.773373 1.019 1429100.0
26 0.06745 8.83459e-05 -615.61 273.171 5.02564 5.025 0.782783 0.989988 1428960.0
25 0.06755 8.83442e-05 -615.613 273.168 5.02548 5.02454 0.779233 0.823215 1428840.0
24 0.06765 8.83442e-05 -615.62 273.163 5.02538 5.02463 0.687241 0.921228 1428750.0
23 0.06775 8.83472e-05 -615.597 273.179 5.02586 5.02557 0.847088 1.235 1429110.0
22 0.06785 8.83457e-05 -615.607 273.167 5.02554 5.0251 0.663173 1.07222 1428780.0
21 0.06795 8.83424e-05 -615.632 273.143 5.02491 5.02364 0.44403 0.596925 1428050.0
20 0.06805 8.8341e-05 -615.642 273.132 5.02464 5.02307 0.288936 0.409086 1427710.0
19 0.06815 8.83454e-05 -615.61 273.164 5.02548 5.02496 0.709337 1.13356 1428770.0
18 0.06825 8.8343e-05 -615.627 273.153 5.02513 5.02405 0.56889 0.786923 1428330.0
17 0.06835 8.83439e-05 -615.621 273.158 5.02528 5.02438 0.584268 0.88075 1428420.0
16 0.06845 8.83467e-05 -615.598 273.176 5.02577 5.02559 0.815523 1.32444 1429000.0
15 0.06855 8.83476e-05 -615.591 273.18 5.02589 5.02589 0.838358 1.30484 1429100.0
14 0.06865 8.83454e-05 -615.611 273.163 5.02545 5.02491 0.653282 0.960709 1428580.0
13 0.06875 8.83441e-05 -615.616 273.156 5.02525 5.02458 0.588649 0.863004 1428410.0
12 0.06885 8.83427e-05 -615.628 273.144 5.02496 5.02403 0.470057 0.596609 1428080.0
11 0.06895 8.83428e-05 -615.626 273.143 5.02495 5.02396 0.395603 0.601118 1427970.0
10 0.06905 8.83417e-05 -615.631 273.135 5.02474 5.02375 0.295449 0.509954 1427790.0
9 0.06915 8.83426e-05 -615.632 273.136 5.02481 5.0237 0.306334 0.462855 1427780.0
8 0.06925 8.83435e-05 -615.618 273.142 5.02497 5.02427 0.355521 0.676483 1428020.0
7 0.06935 8.83454e-05 -615.61 273.138 5.02499 5.0247 0.284733 0.831595 1428030.0
6 0.06945 8.83421e-05 -615.633 273.125 5.02456 5.02352 0.13889 0.440133 1427510.0
5 0.06955 8.83442e-05 -615.619 273.134 5.02485 5.0243 0.200764 0.700369 1427840.0
4 0.06965 8.83427e-05 -615.629 273.138 5.02484 5.02392 0.373707 0.770211 1427890.0
3 0.06975 8.83431e-05 -615.623 273.135 5.02481 5.02398 0.302683 0.727216 1427870.0
2 0.06985 8.83451e-05 -615.612 273.146 5.02512 5.02477 0.389192 0.90778 1428210.0
1 0.06995 8.8343e-05 -615.63 273.131 5.02474 5.02379 0.201295 0.498047 1427730.0
