TITLE = "DSMC"
VARIABLES = "ID" "X" "rho" "v1" "Ttrans" "p" "p1" "q1" "mv1v1v1" "mvvv1v1"
ZONE T="Ma=2.0_inv", I=1000, J=1, K=1, F=POINT
1000 -0.02995 0.000201866 -269.333 567.57 23.859 23.8596 -0.353939 -0.458076 14098500.0
999 -0.02985 0.000201879 -269.319 567.578 23.8609 23.8608 -0.67373 -1.36219 14099000.0
998 -0.02975 0.000201873 -269.325 567.553 23.8591 23.86 -0.809586 -0.895304 14098100.0
997 -0.02965 0.000201875 -269.326 567.555 23.8594 23.8601 -0.706575 -0.74456 14098100.0
996 -0.02955 0.000201854 -269.356 567.578 23.8579 23.8585 0.318569 0.935024 14097500.0
995 -0.02945 0.000201862 -269.346 567.551 23.8577 23.8592 -0.217092 0.0382482 14097700.0
994 -0.02935 0.000201858 -269.354 567.555 23.8574 23.8584 -0.0590494 0.233893 14097100.0
993 -0.02925 0.000201849 -269.368 567.583 23.8576 23.8578 0.672995 0.787395 14097500.0
992 -0.02915 0.000201847 -269.369 567.574 23.857 23.8576 0.707111 0.875707 14097300.0
991 -0.02905 0.000201862 -269.353 567.552 23.8578 23.8583 0.122359 0.0797002 14097300.0
990 -0.02895 0.000201885 -269.322 567.563 23.861 23.8605 -0.51868 -1.47925 14098600.0
989 -0.02885 0.000201842 -269.379 567.56 23.8557 23.857 0.817036 1.44064 14097000.0
988 -0.02875 0.000201849 -269.37 567.583 23.8576 23.8578 0.95284 1.15962 14097800.0
987 -0.02865 0.000201854 -269.365 567.586 23.8583 23.8585 1.13542 1.32226 14098400.0
986 -0.02855 0.000201862 -269.354 567.536 23.8571 23.8589 -0.280252 0.113674 14098200.0
985 -0.02845 0.000201866 -269.347 567.547 23.8581 23.8589 0.0757202 0.0700785 14098100.0
984 -0.02835 0.000201877 -269.334 567.538 23.8589 23.8597 -0.37196 -0.144411 14098600.0
983 -0.02825 0.00020187 -269.346 567.569 23.8595 23.8593 0.329958 0.78341 14098900.0
982 -0.02815 0.000201894 -269.314 567.563 23.8621 23.8612 -0.260263 -0.463162 14099600.0
981 -0.02805 0.000201905 -269.299 567.545 23.8626 23.8617 -1.03533 -1.27937 14099500.0
980 -0.02795 0.000201906 -269.298 567.575 23.864 23.8616 -0.559169 -1.87923 14099500.0
979 -0.02785 0.000201877 -269.337 567.559 23.8598 23.8591 0.114861 0.36852 14098200.0
978 -0.02775 0.000201885 -269.328 567.578 23.8616 23.8603 0.200935 0.0185108 14098900.0
977 -0.02765 0.000201879 -269.338 567.562 23.8602 23.8594 0.296841 0.214422 14098600.0
976 -0.02755 0.000201886 -269.33 567.569 23.8613 23.8604 0.195767 0.185513 14099200.0
975 -0.02745 0.000201884 -269.332 567.569 23.861 23.8596 0.363122 0.161882 14098500.0
974 -0.02735 0.000201866 -269.356 567.576 23.8593 23.8582 1.11157 1.34436 14097900.0
973 -0.02725 0.000201866 -269.358 567.571 23.8591 23.8581 0.924381 0.940463 14098000.0
972 -0.02715 0.000201851 -269.378 567.549 23.8563 23.8573 1.13879 2.21995 14097900.0
971 -0.02705 0.000201867 -269.361 567.519 23.857 23.8585 0.240748 1.29572 14098300.0
970 -0.02695 0.000201846 -269.387 567.541 23.8554 23.8567 1.16196 2.91085 14097600.0
969 -0.02685 0.000201846 -269.388 567.549 23.8558 23.8564 1.36746 2.56086 14097600.0
968 -0.02675 0.000201848 -269.386 567.611 23.8585 23.8569 2.51571 2.46347 14098300.0
967 -0.02665 0.000201847 -269.386 567.589 23.8576 23.8569 1.97199 2.33016 14097600.0
966 -0.02655 0.000201856 -269.376 567.57 23.8578 23.8577 1.38838 2.08595 14097600.0
965 -0.02645 0.000201845 -269.389 567.597 23.8577 23.8566 2.54373 2.87754 14097300.0
964 -0.02635 0.000201851 -269.383 567.552 23.8565 23.8578 1.35 2.26099 14097300.0
963 -0.02625 0.00020186 -269.37 567.517 23.8561 23.8579 0.575361 1.66208 14096800.0
962 -0.02615 0.000201887 -269.337 567.579 23.8618 23.86 0.964217 -0.211487 14098500.0
961 -0.02605 0.000201872 -269.356 567.543 23.8586 23.8586 0.746883 0.694312 14097700.0
960 -0.02595 0.000201862 -269.369 567.506 23.8558 23.8576 0.525547 1.46617 14096900.0
959 -0.02585 0.000201869 -269.36 567.525 23.8575 23.8583 0.583931 0.896193 14097300.0
958 -0.02575 0.000201861 -269.373 567.542 23.8572 23.8574 1.09975 1.48349 14096900.0
957 -0.02565 0.000201878 -269.35 567.492 23.8571 23.8585 -0.215261 0.00333881 14096500.0
956 -0.02555 0.000201883 -269.341 567.519 23.8589 23.8594 -0.00490558 -0.0196403 14097100.0
955 -0.02545 0.000201894 -269.327 567.532 23.8607 23.86 -0.0107152 -0.612883 14097600.0
954 -0.02535 0.000201888 -269.336 567.512 23.8592 23.8593 -0.114254 0.272525 14097300.0
953 -0.02525 0.000201877 -269.354 567.512 23.8578 23.8585 0.157865 1.08327 14097200.0
952 -0.02515 0.000201887 -269.34 567.535 23.8601 23.8596 0.414385 0.663256 14097700.0
951 -0.02505 0.000201895 -269.33 567.57 23.8624 23.8597 0.772559 0.0153847 14098000.0
950 -0.02495 0.000201884 -269.347 567.548 23.8603 23.859 0.901623 1.02116 14097800.0
949 -0.02485 0.000201865 -269.373 567.52 23.8568 23.8575 0.906506 2.55365 14096800.0
948 -0.02475 0.000201878 -269.358 567.515 23.8581 23.8584 0.518123 1.80044 14096900.0
947 -0.02465 0.000201886 -269.344 567.539 23.8601 23.8592 0.714254 1.14247 14097700.0
946 -0.02455 0.000201899 -269.329 567.543 23.8618 23.8595 0.366992 0.0989153 14097700.0
945 -0.02445 0.000201914 -269.31 567.498 23.8616 23.8607 -0.994189 -1.00515 14097900.0
944 -0.02435 0.000201891 -269.341 567.524 23.8601 23.8587 0.45281 0.616638 14097400.0
943 -0.02425 0.000201882 -269.353 567.53 23.8592 23.8585 0.783979 1.08865 14097800.0
942 -0.02415 0.000201876 -269.361 567.497 23.8571 23.8576 0.616062 1.51396 14097300.0
941 -0.02405 0.000201887 -269.349 567.524 23.8596 23.8587 0.316739 0.965546 14097600.0
940 -0.02395 0.000201903 -269.329 567.495 23.8603 23.8597 -0.718409 0.141384 14097700.0
939 -0.02385 0.000201886 -269.354 567.543 23.8602 23.8578 0.979906 1.43124 14097300.0
938 -0.02375 0.000201902 -269.332 567.535 23.8618 23.8597 0.399759 0.703453 14098400.0
937 -0.02365 0.000201898 -269.338 567.555 23.8621 23.8592 0.803192 0.7376 14098300.0
936 -0.02355 0.000201915 -269.312 567.515 23.8625 23.8608 -0.444432 -0.339824 14098700.0
935 -0.02345 0.000201916 -269.314 567.559 23.8645 23.8607 0.205431 -0.290541 14099300.0
934 -0.02335 0.000201918 -269.309 567.529 23.8634 23.8609 -0.267724 -0.616396 14098700.0
933 -0.02325 0.00020192 -269.305 567.553 23.8647 23.861 0.0866631 -0.490692 14099300.0
932 -0.02315 0.000201916 -269.313 567.534 23.8634 23.8611 -0.125042 -0.187709 14099100.0
931 -0.02305 0.000201929 -269.295 567.528 23.8647 23.8617 -0.600017 -1.52375 14099200.0
930 -0.02295 0.000201916 -269.314 567.499 23.8619 23.8612 -0.635806 -0.703923 14098800.0
929 -0.02285 0.000201895 -269.34 567.495 23.8592 23.8591 -0.0544869 0.325604 14098000.0
928 -0.02275 0.000201891 -269.345 567.539 23.8607 23.8593 0.723873 0.562055 14098700.0
927 -0.02265 0.0002019 -269.333 567.514 23.8606 23.8599 -0.00522348 -0.288099 14099000.0
926 -0.02255 0.000201888 -269.347 567.488 23.8582 23.8597 -0.0442666 0.638388 14099300.0
925 -0.02245 0.000201885 -269.351 567.504 23.8585 23.8587 0.220659 0.497449 14098900.0
924 -0.02235 0.000201879 -269.358 567.533 23.859 23.8585 0.956915 0.7816 14098800.0
923 -0.02225 0.000201878 -269.361 567.517 23.8582 23.8586 0.632668 0.854272 14098800.0
922 -0.02215 0.000201884 -269.355 567.504 23.8584 23.8587 0.296755 0.556955 14098500.0
921 -0.02205 0.000201888 -269.349 567.534 23.8601 23.8589 0.609431 0.2966 14098700.0
920 -0.02195 0.000201874 -269.366 567.524 23.858 23.8581 0.974632 1.35482 14098600.0
919 -0.02185 0.000201893 -269.342 567.519 23.8601 23.8592 0.302748 0.160746 14098800.0
918 -0.02175 0.000201899 -269.336 567.544 23.8618 23.86 0.475325 -0.110619 14099600.0
917 -0.02165 0.000201891 -269.345 567.54 23.8607 23.8592 0.628095 0.479801 14099200.0
916 -0.02155 0.000201877 -269.363 567.525 23.8584 23.8584 0.849403 1.47939 14098900.0
915 -0.02145 0.000201852 -269.397 567.574 23.8575 23.8566 2.43548 3.26812 14098700.0
914 -0.02135 0.000201862 -269.381 567.564 23.8583 23.8575 2.01526 2.83626 14099000.0
913 -0.02125 0.000201868 -269.376 567.6 23.8605 23.8579 2.57515 2.73099 14099400.0
912 -0.02115 0.000201864 -269.379 567.602 23.8601 23.8574 2.44787 2.85851 14099000.0
911 -0.02105 0.000201889 -269.346 567.598 23.8629 23.8592 1.72689 1.16989 14099900.0
910 -0.02095 0.000201902 -269.328 567.563 23.863 23.8601 0.631639 0.455242 14099300.0
909 -0.02085 0.000201885 -269.351 567.576 23.8615 23.859 1.40066 1.59506 14098800.0
908 -0.02075 0.000201898 -269.334 567.573 23.8629 23.8599 1.025 0.829584 14099100.0
907 -0.02065 0.000201914 -269.316 567.582 23.8652 23.8609 0.533514 -0.565125 14099500.0
906 -0.02055 0.00020189 -269.346 567.589 23.8626 23.8594 1.60664 2.12955 14099100.0
905 -0.02045 0.000201913 -269.314 567.537 23.8632 23.8606 -0.110521 0.498046 14098600.0
904 -0.02035 0.000201918 -269.309 567.52 23.863 23.8613 -0.525371 -0.326053 14098900.0
903 -0.02025 0.000201906 -269.321 567.562 23.8635 23.8607 0.568221 0.489722 14098700.0
902 -0.02015 0.000201911 -269.315 567.559 23.8639 23.861 0.285659 -0.232146 14098500.0
901 -0.02005 0.000201892 -269.341 567.563 23.8618 23.8595 0.961701 1.21358 14097800.0
900 -0.01995 0.0002019 -269.332 567.604 23.8644 23.8602 1.35409 0.64412 14098300.0
899 -0.01985 0.000201903 -269.329 567.588 23.8642 23.8604 1.15148 0.229008 14098300.0
898 -0.01975 0.000201891 -269.344 567.547 23.861 23.8592 0.898026 1.48507 14097900.0
897 -0.01965 0.000201891 -269.346 567.543 23.8608 23.8589 0.775713 1.21621 14097600.0
896 -0.01955 0.000201886 -269.353 567.545 23.8603 23.8586 0.983313 1.00145 14097800.0
895 -0.01945 0.00020188 -269.361 567.523 23.8587 23.8581 0.686311 1.2295 14097400.0
894 -0.01935 0.000201878 -269.363 567.514 23.858 23.8582 0.649947 1.16924 14097400.0
893 -0.01925 0.000201866 -269.378 567.502 23.8561 23.8573 0.842036 1.88777 14097000.0
892 -0.01915 0.000201861 -269.387 567.524 23.8565 23.8569 1.48213 2.09606 14097200.0
891 -0.01905 0.000201866 -269.382 567.522 23.8569 23.8572 1.3053 1.98643 14097100.0
890 -0.01895 0.000201881 -269.362 567.515 23.8585 23.8584 0.545802 0.908427 14097500.0
889 -0.01885 0.000201879 -269.366 567.51 23.8581 23.8584 0.691906 1.70052 14097800.0
888 -0.01875 0.000201871 -269.376 567.482 23.8559 23.8571 0.435729 1.9892 14097100.0
887 -0.01865 0.000201875 -269.371 567.53 23.8584 23.8578 0.923461 1.74874 14097800.0
886 -0.01855 0.000201877 -269.368 567.541 23.8591 23.8579 1.09713 1.52783 14097900.0
885 -0.01845 0.00020189 -269.354 567.524 23.8599 23.8587 0.546283 0.972702 14097900.0
884 -0.01835 0.000201886 -269.356 567.486 23.8578 23.8583 -0.0777683 1.02873 14097100.0
883 -0.01825 0.000201893 -269.347 567.511 23.8597 23.859 -0.13765 -0.00496937 14097700.0
882 -0.01815 0.000201887 -269.356 567.534 23.86 23.8585 0.817572 0.441168 14098000.0
881 -0.01805 0.000201886 -269.357 567.523 23.8594 23.8582 0.519254 0.279456 14098200.0
880 -0.01795 0.000201906 -269.33 567.527 23.862 23.8598 0.0194997 -1.21519 14098700.0
879 -0.01785 0.000201877 -269.37 567.562 23.8599 23.8577 1.53681 1.42596 14098300.0
878 -0.01775 0.000201901 -269.337 567.557 23.8626 23.8593 0.592313 -0.457191 14098700.0
877 -0.01765 0.000201899 -269.339 567.563 23.8626 23.8591 0.733139 -0.362535 14098300.0
876 -0.01755 0.000201883 -269.363 567.564 23.8608 23.8578 1.27271 1.11795 14097700.0
875 -0.01745 0.000201886 -269.36 567.595 23.8624 23.8582 1.61577 0.844793 14098100.0
874 -0.01735 0.0002019 -269.341 567.525 23.8611 23.8591 0.302553 -0.0868128 14098000.0
873 -0.01725 0.000201893 -269.35 567.543 23.8611 23.8585 0.607027 -0.133448 14098100.0
872 -0.01715 0.000201901 -269.34 567.522 23.8611 23.8591 0.051938 -0.545208 14097900.0
871 -0.01705 0.000201892 -269.352 567.526 23.8602 23.8582 0.536077 0.419318 14097900.0
870 -0.01695 0.000201888 -269.357 567.524 23.8597 23.8581 0.239437 0.556679 14097800.0
869 -0.01685 0.000201875 -269.375 567.516 23.8578 23.8571 0.991754 1.93051 14097300.0
868 -0.01675 0.000201875 -269.375 567.502 23.8572 23.857 0.571357 1.13721 14096900.0
867 -0.01665 0.000201883 -269.365 567.488 23.8576 23.8576 0.113814 -0.0616215 14097100.0
866 -0.01655 0.000201883 -269.364 567.474 23.857 23.8574 -0.164645 -0.361412 14096700.0
865 -0.01645 0.000201892 -269.353 567.467 23.8577 23.8581 -0.335254 -0.778158 14096700.0
864 -0.01635 0.000201873 -269.38 567.497 23.8568 23.8566 0.422143 0.268414 14096200.0
863 -0.01625 0.000201862 -269.395 567.493 23.8552 23.8561 0.958447 1.47072 14096600.0
862 -0.01615 0.000201854 -269.404 567.517 23.8554 23.855 1.41897 1.86559 14096200.0
861 -0.01605 0.000201864 -269.393 567.539 23.8574 23.8561 1.59658 1.46618 14096900.0
860 -0.01595 0.000201859 -269.396 567.521 23.8562 23.8557 1.60821 1.91681 14096600.0
859 -0.01585 0.000201868 -269.384 567.51 23.8568 23.8567 0.894382 1.16796 14096600.0
858 -0.01575 0.00020187 -269.384 567.523 23.8575 23.8568 1.05897 0.942212 14097000.0
857 -0.01565 0.00020187 -269.381 567.531 23.8578 23.8567 1.30308 1.11498 14096900.0
856 -0.01555 0.000201881 -269.368 567.511 23.8583 23.8578 0.484077 0.397331 14097200.0
855 -0.01545 0.000201891 -269.356 567.53 23.8603 23.8583 0.561637 0.198147 14097800.0
854 -0.01535 0.000201891 -269.357 567.535 23.8605 23.8584 0.781272 0.310065 14097900.0
853 -0.01525 0.000201902 -269.338 567.525 23.8614 23.859 0.286596 -0.425977 14098000.0
852 -0.01515 0.000201892 -269.355 567.519 23.8599 23.8582 0.516125 0.56059 14097600.0
851 -0.01505 0.000201891 -269.356 567.524 23.86 23.858 0.528937 0.55298 14097300.0
850 -0.01495 0.000201892 -269.355 567.528 23.8603 23.8579 0.794884 0.638963 14097300.0
849 -0.01485 0.000201884 -269.362 567.549 23.8603 23.8575 1.073 0.898123 14097100.0
848 -0.01475 0.000201867 -269.386 567.524 23.8572 23.856 1.34647 2.12122 14096100.0
847 -0.01465 0.000201874 -269.375 567.532 23.8584 23.8566 1.26442 1.45663 14096100.0
846 -0.01455 0.000201873 -269.377 567.497 23.8568 23.8566 0.728559 1.19558 14096000.0
845 -0.01445 0.000201845 -269.415 567.533 23.8549 23.8544 2.33605 3.2398 14095200.0
844 -0.01435 0.000201867 -269.385 567.549 23.8583 23.8554 1.96603 1.52633 14095200.0
843 -0.01425 0.00020186 -269.395 567.562 23.858 23.8554 2.28953 1.81002 14095300.0
842 -0.01415 0.000201866 -269.386 567.55 23.8582 23.8559 1.76453 0.829093 14095300.0
841 -0.01405 0.000201873 -269.377 567.541 23.8587 23.857 1.39687 0.297137 14095500.0
840 -0.01395 0.000201881 -269.368 567.527 23.859 23.8569 0.945033 -0.288316 14095500.0
839 -0.01385 0.000201846 -269.418 567.579 23.857 23.8541 3.08049 2.65784 14095000.0
838 -0.01375 0.000201855 -269.404 567.533 23.8561 23.8547 1.8734 2.04308 14094400.0
837 -0.01365 0.000201855 -269.402 567.525 23.8558 23.8547 1.83252 1.79317 14094100.0
836 -0.01355 0.000201864 -269.392 567.511 23.8563 23.8555 1.28348 1.04361 14094100.0
835 -0.01345 0.000201862 -269.393 567.505 23.8559 23.8555 1.26952 1.19609 14094000.0
834 -0.01335 0.000201874 -269.378 567.548 23.8591 23.8563 1.45042 0.120718 14094800.0
833 -0.01325 0.000201871 -269.381 567.536 23.8582 23.856 1.57259 0.936461 14094500.0
832 -0.01315 0.000201845 -269.418 567.506 23.8538 23.8538 1.88224 2.75825 14093300.0
831 -0.01305 0.000201837 -269.426 567.526 23.8537 23.8533 2.55061 3.47917 14093300.0
830 -0.01295 0.000201829 -269.44 567.506 23.8519 23.8531 2.22696 3.71473 14092700.0
829 -0.01285 0.000201833 -269.434 567.465 23.8507 23.8528 1.48059 2.96772 14092100.0
828 -0.01275 0.000201829 -269.441 567.475 23.8506 23.8528 1.85853 3.56667 14092300.0
827 -0.01265 0.000201838 -269.431 567.479 23.8518 23.853 1.72371 2.60459 14092200.0
826 -0.01255 0.000201824 -269.448 567.455 23.8492 23.8523 1.6082 3.4232 14091200.0
825 -0.01245 0.000201821 -269.453 567.478 23.8499 23.8522 2.09062 3.52626 14091000.0
824 -0.01235 0.000201818 -269.455 567.512 23.8509 23.8515 2.73579 3.39921 14090500.0
823 -0.01225 0.000201815 -269.459 567.497 23.8499 23.8518 2.70058 3.64857 14090300.0
822 -0.01215 0.000201829 -269.442 567.521 23.8525 23.853 2.67631 2.75781 14091100.0
821 -0.01205 0.000201838 -269.431 567.496 23.8526 23.8535 1.68493 1.5547 14090800.0
820 -0.01195 0.000201809 -269.468 567.492 23.849 23.8514 2.82551 3.55905 14089800.0
819 -0.01185 0.000201803 -269.478 567.512 23.8492 23.8506 3.36357 3.45049 14089300.0
818 -0.01175 0.000201803 -269.478 567.502 23.8487 23.8509 3.08955 3.12482 14088900.0
817 -0.01165 0.000201816 -269.458 567.504 23.8504 23.8517 2.75254 2.26349 14088600.0
816 -0.01155 0.00020179 -269.493 567.521 23.848 23.8502 3.94697 3.95394 14087900.0
815 -0.01145 0.000201794 -269.487 567.511 23.8481 23.8505 3.63029 3.45715 14087600.0
814 -0.01135 0.000201773 -269.517 567.5 23.8451 23.8487 4.06252 4.61241 14086300.0
813 -0.01125 0.000201798 -269.482 567.458 23.8463 23.8503 2.53622 2.79114 14086200.0
812 -0.01115 0.00020179 -269.491 567.476 23.8461 23.8496 3.12926 3.20469 14085400.0
811 -0.01105 0.000201784 -269.502 567.506 23.8466 23.8494 3.61883 3.17026 14085700.0
810 -0.01095 0.000201784 -269.498 567.499 23.8463 23.8493 3.54871 2.86375 14085000.0
809 -0.01085 0.000201758 -269.537 567.519 23.8441 23.8475 4.77321 4.58764 14084400.0
808 -0.01075 0.000201731 -269.571 567.518 23.8409 23.8454 5.48316 5.59309 14083400.0
807 -0.01065 0.000201722 -269.585 567.505 23.8392 23.8447 5.57111 5.93209 14082200.0
806 -0.01055 0.00020171 -269.6 567.481 23.8369 23.844 5.68971 6.39003 14081500.0
805 -0.01045 0.000201713 -269.597 567.449 23.8359 23.8441 4.98974 5.75131 14080900.0
804 -0.01035 0.000201712 -269.603 567.476 23.8368 23.8438 5.46639 5.36773 14080500.0
803 -0.01025 0.000201709 -269.604 567.473 23.8364 23.8434 5.56035 4.91717 14079700.0
802 -0.01015 0.00020167 -269.657 567.519 23.8337 23.8412 7.4866 7.11996 14079000.0
801 -0.01005 0.00020167 -269.655 567.502 23.833 23.8408 7.38489 6.86998 14078000.0
800 -0.00995 0.000201653 -269.679 567.488 23.8304 23.8395 7.35948 7.60875 14076800.0
799 -0.00985 0.000201643 -269.695 567.494 23.8295 23.8388 8.01382 7.93547 14075900.0
798 -0.00975 0.000201618 -269.729 567.49 23.8263 23.8365 8.87702 8.84343 14073900.0
797 -0.00965 0.000201622 -269.723 567.467 23.8258 23.8371 8.33305 7.75292 14073500.0
796 -0.00955 0.000201595 -269.761 567.478 23.8232 23.835 9.25064 9.08135 14071600.0
795 -0.00945 0.000201587 -269.771 567.453 23.8211 23.8341 9.2334 8.96302 14070200.0
794 -0.00935 0.000201556 -269.814 567.444 23.8171 23.832 10.1145 10.3356 14068700.0
793 -0.00925 0.000201537 -269.841 567.45 23.8151 23.8306 10.8367 10.7395 14067200.0
792 -0.00915 0.000201511 -269.878 567.443 23.8117 23.8283 11.5461 11.5823 14065100.0
791 -0.00905 0.000201466 -269.938 567.459 23.807 23.8253 13.2906 13.9384 14062800.0
790 -0.00895 0.000201446 -269.965 567.437 23.8038 23.8236 13.5689 14.0131 14060900.0
789 -0.00885 0.000201428 -269.99 567.411 23.8006 23.8226 13.7576 14.5206 14059400.0
788 -0.00875 0.000201406 -270.018 567.376 23.7965 23.8208 13.928 14.9042 14057100.0
787 -0.00865 0.000201398 -270.032 567.44 23.7982 23.8206 15.2238 14.6639 14056800.0
786 -0.00855 0.000201379 -270.057 567.407 23.7946 23.8186 15.302 14.554 14054100.0
785 -0.00845 0.000201351 -270.095 567.408 23.7914 23.8165 16.2779 15.5153 14051900.0
784 -0.00835 0.000201329 -270.126 567.398 23.7884 23.8147 16.8751 15.7018 14049800.0
783 -0.00825 0.000201283 -270.186 567.424 23.784 23.8117 18.7267 17.4187 14047400.0
782 -0.00815 0.000201255 -270.224 567.392 23.7793 23.8095 19.0531 17.7257 14044400.0
781 -0.00805 0.00020123 -270.26 567.367 23.7753 23.8077 19.5344 17.7226 14041900.0
780 -0.00795 0.000201188 -270.316 567.334 23.769 23.8046 20.2116 18.8556 14038800.0
779 -0.00785 0.000201141 -270.38 567.321 23.7629 23.8013 21.4456 20.372 14035900.0
778 -0.00775 0.000201104 -270.43 567.321 23.7586 23.7981 22.7094 20.7144 14032400.0
777 -0.00765 0.00020105 -270.504 567.274 23.7502 23.7941 23.5863 22.1141 14028300.0
776 -0.00755 0.000200992 -270.581 567.316 23.7451 23.7901 26.1708 24.2052 14025300.0
775 -0.00745 0.000200964 -270.622 567.291 23.7407 23.788 26.6509 24.1026 14022200.0
774 -0.00735 0.000200914 -270.687 567.28 23.7344 23.784 28.0489 24.6031 14018300.0
773 -0.00725 0.00020084 -270.787 567.293 23.7262 23.7788 30.8026 27.3013 14014500.0
772 -0.00715 0.000200779 -270.87 567.264 23.7177 23.7746 32.1597 28.6989 14010200.0
771 -0.00705 0.000200683 -271.001 567.257 23.706 23.7675 35.2027 32.3403 14004800.0
770 -0.00695 0.000200607 -271.1 567.235 23.6962 23.7616 37.0965 33.7262 13999100.0
769 -0.00685 0.000200538 -271.194 567.186 23.686 23.7568 38.4437 34.5151 13994300.0
768 -0.00675 0.000200459 -271.302 567.142 23.6749 23.7506 40.2942 36.0085 13988300.0
767 -0.00665 0.000200369 -271.421 567.126 23.6636 23.744 42.6737 38.1823 13981800.0
766 -0.00655 0.000200271 -271.555 567.131 23.6521 23.7371 46.0232 40.6367 13975700.0
765 -0.00645 0.000200188 -271.666 567.087 23.6405 23.7313 47.7435 41.897 13969100.0
764 -0.00635 0.000200098 -271.788 567.037 23.6279 23.7244 49.905 42.9951 13962100.0
763 -0.00625 0.000199981 -271.948 566.974 23.6114 23.7153 52.6921 46.3075 13953800.0
762 -0.00615 0.000199873 -272.095 566.924 23.5965 23.7076 55.1972 48.1308 13946200.0
761 -0.00605 0.000199755 -272.256 566.868 23.5802 23.6988 58.1645 50.4714 13937600.0
760 -0.00595 0.000199624 -272.434 566.814 23.5626 23.6893 61.4277 53.4667 13929000.0
759 -0.00585 0.000199492 -272.614 566.768 23.5451 23.6795 64.9431 55.7976 13920200.0
758 -0.00575 0.000199355 -272.8 566.783 23.5295 23.6689 69.5495 57.6416 13910900.0
757 -0.00565 0.000199206 -273.004 566.645 23.5062 23.658 72.0653 60.0499 13900000.0
756 -0.00555 0.000199031 -273.244 566.559 23.482 23.6451 76.2137 64.0838 13888400.0
755 -0.00545 0.000198863 -273.471 566.463 23.4583 23.6322 79.9677 66.8759 13876400.0
754 -0.00535 0.000198678 -273.729 566.4 23.4339 23.6187 85.0064 70.8215 13863900.0
753 -0.00525 0.000198473 -274.013 566.3 23.4054 23.6027 90.1575 75.5926 13850100.0
752 -0.00515 0.000198267 -274.296 566.22 23.3779 23.5875 95.3097 79.2567 13836300.0
751 -0.00505 0.000198032 -274.621 566.113 23.3458 23.5695 101.322 84.6231 13820700.0
750 -0.00495 0.000197805 -274.936 566.018 23.3151 23.5521 106.982 88.2117 13805200.0
749 -0.00485 0.000197546 -275.297 565.925 23.2808 23.5327 113.986 93.8763 13788600.0
748 -0.00475 0.00019727 -275.682 565.789 23.2426 23.5114 120.667 99.7471 13770500.0
747 -0.00465 0.000196986 -276.079 565.624 23.2025 23.4896 127.272 104.799 13751500.0
746 -0.00455 0.000196704 -276.474 565.462 23.1626 23.4681 133.484 109.379 13731900.0
745 -0.00445 0.00019639 -276.919 565.33 23.1201 23.4442 141.862 115.45 13711300.0
744 -0.00435 0.000196052 -277.396 565.144 23.0727 23.4177 149.961 121.935 13688200.0
743 -0.00425 0.000195692 -277.906 564.931 23.0218 23.3902 158.127 128.884 13664400.0
742 -0.00415 0.000195314 -278.441 564.67 22.9666 23.3606 166.09 135.854 13638500.0
741 -0.00405 0.000194876 -279.069 564.454 22.9064 23.326 177.211 146.071 13610800.0
740 -0.00395 0.000194474 -279.647 564.225 22.8498 23.2952 186.623 152.753 13583400.0
739 -0.00385 0.000194004 -280.322 563.995 22.7853 23.2578 198.515 163.176 13553100.0
738 -0.00375 0.000193555 -280.972 563.742 22.7225 23.2224 209.321 170.369 13522500.0
737 -0.00365 0.000193047 -281.713 563.438 22.6506 23.1821 221.221 180.069 13489100.0
736 -0.00355 0.000192496 -282.518 563.103 22.5724 23.1378 234.103 191.371 13452800.0
735 -0.00345 0.000191929 -283.356 562.766 22.4925 23.0921 247.579 202.289 13415000.0
734 -0.00335 0.000191325 -284.246 562.395 22.407 23.0435 261.863 214.712 13375400.0
733 -0.00325 0.0001907 -285.177 561.964 22.3167 22.9926 275.968 226.52 13333100.0
732 -0.00315 0.000190043 -286.162 561.549 22.2234 22.9388 291.542 239.614 13289500.0
731 -0.00305 0.000189348 -287.213 561.083 22.1237 22.8813 307.684 253.403 13242900.0
730 -0.00295 0.000188602 -288.351 560.626 22.0186 22.819 325.803 268.917 13193700.0
729 -0.00285 0.000187809 -289.567 560.103 21.9056 22.7527 344.579 286.152 13141300.0
728 -0.00275 0.000186992 -290.834 559.53 21.7879 22.6836 363.748 303.251 13086400.0
727 -0.00265 0.000186104 -292.22 558.95 21.662 22.6073 385.251 322.945 13027600.0
726 -0.00255 0.000185187 -293.669 558.266 21.5288 22.5286 406.107 342.957 12966300.0
725 -0.00245 0.000184228 -295.2 557.61 21.3922 22.4452 429.271 364.416 12902100.0
724 -0.00235 0.000183237 -296.795 556.89 21.2497 22.3584 452.834 386.191 12835300.0
723 -0.00225 0.00018217 -298.531 556.105 21.0962 22.2633 478.044 410.942 12763100.0
722 -0.00215 0.000181052 -300.377 555.256 20.9347 22.1629 504.523 438.094 12688200.0
721 -0.00205 0.000179912 -302.279 554.306 20.7672 22.059 530.397 464.375 12609600.0
720 -0.00195 0.000178707 -304.315 553.302 20.5909 21.9477 558.14 493.383 12527000.0
719 -0.00185 0.000177449 -306.472 552.292 20.4086 21.8303 588.076 524.337 12441300.0
718 -0.00175 0.000176143 -308.745 551.196 20.2182 21.7063 618.917 556.674 12351400.0
717 -0.00165 0.000174779 -311.156 550.039 20.0194 21.5752 651.302 591.94 12257600.0
716 -0.00155 0.000173357 -313.707 548.782 19.8112 21.4358 684.739 629.401 12158400.0
715 -0.00145 0.000171889 -316.384 547.402 19.5941 21.2896 718.343 668.38 12054900.0
714 -0.00135 0.000170384 -319.179 545.973 19.3718 21.1376 753.248 708.084 11948300.0
713 -0.00125 0.000168824 -322.13 544.437 19.1404 20.9767 789.199 750.611 11836400.0
712 -0.00115 0.000167211 -325.234 542.847 18.9022 20.8076 826.913 795.999 11720900.0
711 -0.00105 0.000165572 -328.456 541.108 18.6569 20.6321 864.118 841.521 11600900.0
710 -0.00095 0.000163863 -331.882 539.282 18.4021 20.4452 903.408 891.057 11475900.0
709 -0.00085 0.000162134 -335.42 537.344 18.1425 20.2524 942.349 940.313 11347100.0
708 -0.00075 0.000160369 -339.112 535.27 17.8758 20.0514 981.503 991.665 11214400.0
707 -0.00065 0.000158541 -343.025 533.074 17.5994 19.8387 1022.2 1047.24 11076900.0
706 -0.00055 0.000156702 -347.051 530.798 17.321 19.6194 1062.82 1102.18 10936400.0
705 -0.00045 0.000154811 -351.288 528.34 17.0327 19.3886 1103.87 1160.58 10790600.0
704 -0.00035 0.00015293 -355.612 525.734 16.7429 19.1535 1142.85 1216.75 10641700.0
703 -0.00025 0.000151035 -360.074 523.024 16.4501 18.9105 1181.58 1273.08 10489600.0
702 -0.00015 0.000149114 -364.712 520.15 16.1517 18.658 1219.96 1330.72 10333600.0
701 -5e-05 0.000147184 -369.5 517.141 15.8503 18.3981 1257.68 1388.69 10174800.0
700 5e-05 0.000145244 -374.432 513.963 15.5453 18.1298 1293.62 1446.16 10011900.0
699 0.00015 0.000143302 -379.507 510.661 15.2389 17.8534 1328.86 1503.11 9846440.0
698 0.00025 0.000141367 -384.702 507.151 14.9298 17.5711 1361.26 1558.37 9678100.0
697 0.00035 0.000139433 -390.037 503.496 14.6194 17.2808 1392.24 1612.86 9506780.0
696 0.00045 0.000137512 -395.488 499.694 14.3092 16.9843 1421.04 1665.34 9333250.0
695 0.00055 0.000135628 -400.983 495.713 14.0007 16.6859 1446.05 1713.86 9158250.0
694 0.00065 0.000133763 -406.578 491.655 13.6951 16.3817 1469.57 1759.74 8981860.0
693 0.00075 0.000131911 -412.283 487.407 13.3888 16.0712 1490.12 1803.15 8802860.0
692 0.00085 0.000130087 -418.064 483.049 13.0857 15.7575 1508.17 1843.3 8623370.0
691 0.00095 0.000128292 -423.916 478.499 12.7835 15.4392 1522.15 1879.6 8441530.0
690 0.00105 0.000126548 -429.757 473.853 12.4873 15.1216 1532.64 1910.41 8259480.0
689 0.00115 0.000124835 -435.656 469.057 12.1936 14.8014 1539.47 1937.6 8076370.0
688 0.00125 0.000123173 -441.532 464.204 11.9068 14.4821 1543.26 1959.68 7893770.0
687 0.00135 0.000121537 -447.479 459.191 11.6218 14.1589 1543.33 1977.28 7709320.0
686 0.00145 0.000119968 -453.337 454.168 11.3462 13.8408 1540.21 1989.12 7526840.0
685 0.00155 0.000118447 -459.16 449.053 11.0762 13.5246 1532.98 1995.37 7344100.0
684 0.00165 0.000116978 -464.923 443.895 10.8132 13.2111 1522.53 1995.94 7161850.0
683 0.00175 0.000115547 -470.683 438.659 10.5549 12.8981 1508.93 1992.36 6979950.0
682 0.00185 0.000114164 -476.385 433.339 10.3021 12.5885 1491.44 1983.95 6798200.0
681 0.00195 0.000112834 -482.004 428.035 10.0574 12.2832 1471.25 1970.61 6618000.0
680 0.00205 0.000111569 -487.467 422.783 9.82267 11.9862 1448.51 1952.0 6440700.0
679 0.00215 0.00011034 -492.895 417.506 9.59329 11.6916 1423.29 1929.46 6264310.0
678 0.00225 0.000109175 -498.155 412.278 9.3731 11.4059 1395.31 1902.04 6090220.0
677 0.00235 0.000108055 -503.316 407.07 9.15976 11.1255 1365.12 1871.03 5918120.0
676 0.00245 0.000106979 -508.383 401.903 8.9534 10.8504 1333.17 1836.68 5748350.0
675 0.00255 0.000105957 -513.28 396.835 8.75606 10.5842 1299.73 1798.81 5581620.0
674 0.00265 0.000104993 -517.995 391.893 8.56839 10.3283 1265.16 1758.0 5419100.0
673 0.00275 0.000104066 -522.614 386.956 8.38568 10.0772 1228.54 1714.66 5257900.0
672 0.00285 0.000103185 -527.076 382.143 8.21131 9.83498 1191.41 1669.49 5100860.0
671 0.00295 0.000102349 -531.376 377.419 8.04412 9.601 1153.02 1621.97 4946620.0
670 0.00305 0.000101552 -535.557 372.809 7.88393 9.37429 1114.48 1573.4 4796260.0
669 0.00315 0.000100801 -539.545 368.336 7.73175 9.15753 1075.54 1523.36 4650000.0
668 0.00325 0.000100082 -543.423 363.971 7.58561 8.9472 1036.65 1473.13 4507590.0
667 0.00335 9.94041e-05 -547.126 359.763 7.44716 8.74585 997.957 1421.67 4369310.0
666 0.00345 9.87675e-05 -550.654 355.656 7.31499 8.55407 958.853 1370.3 4235010.0
665 0.00355 9.81754e-05 -553.977 351.779 7.19189 8.37353 921.224 1319.22 4107000.0
664 0.00365 9.76113e-05 -557.178 347.98 7.07332 8.19978 883.252 1268.42 3982090.0
663 0.00375 9.70685e-05 -560.291 344.293 6.95947 8.0305 846.057 1217.73 3860610.0
662 0.00385 9.65596e-05 -563.248 340.764 6.85204 7.87014 809.65 1167.84 3744050.0
661 0.00395 9.60811e-05 -566.053 337.347 6.7497 7.71763 773.614 1118.76 3631170.0
660 0.00405 9.56225e-05 -568.767 334.08 6.65243 7.57027 738.93 1070.21 3522570.0
659 0.00415 9.51939e-05 -571.328 330.942 6.5604 7.43112 704.85 1022.9 3418250.0
658 0.00425 9.47925e-05 -573.745 327.974 6.47416 7.29991 672.329 977.08 3319020.0
657 0.00435 9.44218e-05 -575.999 325.151 6.39333 7.17726 640.723 932.81 3224300.0
656 0.00445 9.40628e-05 -578.196 322.417 6.31546 7.05783 609.99 889.28 3132630.0
655 0.00455 9.37211e-05 -580.305 319.791 6.24128 6.94336 580.188 846.878 3044410.0
654 0.00465 9.34037e-05 -582.278 317.305 6.17179 6.83624 551.628 806.271 2960700.0
653 0.00475 9.31081e-05 -584.127 314.939 6.10638 6.73574 524.09 767.353 2880880.0
652 0.00485 9.28224e-05 -585.921 312.671 6.0438 6.6383 497.644 729.439 2804190.0
651 0.00495 9.25547e-05 -587.617 310.521 5.98493 6.54602 472.283 692.722 2730970.0
650 0.00505 9.23077e-05 -589.195 308.494 5.93 6.46053 448.161 658.064 2662200.0
649 0.00515 9.20722e-05 -590.7 306.555 5.87769 6.37859 424.969 624.61 2596220.0
648 0.00525 9.18571e-05 -592.087 304.762 5.82966 6.30342 403.363 593.099 2534700.0
647 0.00535 9.16504e-05 -593.415 303.02 5.7833 6.23124 382.129 562.691 2475190.0
646 0.00545 9.14545e-05 -594.691 301.375 5.7396 6.16192 362.1 533.192 2418620.0
645 0.00555 9.1273e-05 -595.874 299.832 5.69889 6.09759 343.199 505.443 2365370.0
644 0.00565 9.10976e-05 -597.018 298.331 5.65947 6.03538 324.7 478.512 2313920.0
643 0.00575 9.09375e-05 -598.072 296.933 5.62305 5.97828 307.325 453.332 2265730.0
642 0.00585 9.07842e-05 -599.084 295.6 5.58837 5.92321 290.706 429.022 2219620.0
641 0.00595 9.06363e-05 -600.057 294.317 5.55505 5.87021 274.722 405.633 2175440.0
640 0.00605 9.04986e-05 -600.97 293.123 5.52411 5.82076 259.782 383.566 2134010.0
639 0.00615 9.03754e-05 -601.789 292.027 5.49595 5.77618 245.954 363.118 2095660.0
638 0.00625 9.02535e-05 -602.602 290.942 5.46815 5.73195 232.245 343.078 2058170.0
637 0.00635 9.01357e-05 -603.389 289.91 5.44164 5.68941 219.216 323.966 2022390.0
636 0.00645 9.00359e-05 -604.061 288.99 5.41836 5.65289 207.417 306.856 1990260.0
635 0.00655 8.99419e-05 -604.688 288.133 5.39666 5.61867 196.425 290.641 1960140.0
634 0.00665 8.98458e-05 -605.336 287.278 5.3749 5.58361 185.52 274.296 1930260.0
633 0.00675 8.97601e-05 -605.919 286.484 5.35493 5.55198 175.318 259.292 1902540.0
632 0.00685 8.96752e-05 -606.488 285.717 5.33554 5.52104 165.424 244.796 1875710.0
631 0.00695 8.95962e-05 -607.025 284.994 5.31735 5.49187 156.113 231.046 1850530.0
630 0.00705 8.95231e-05 -607.519 284.332 5.30068 5.46509 147.595 218.383 1827170.0
629 0.00715 8.94552e-05 -607.981 283.701 5.28489 5.43983 139.419 206.307 1804910.0
628 0.00725 8.93904e-05 -608.421 283.099 5.26986 5.41607 131.547 194.826 1783930.0
627 0.00735 8.93348e-05 -608.805 282.556 5.25648 5.39526 124.467 184.558 1764840.0
626 0.00745 8.92747e-05 -609.212 282.023 5.24303 5.37307 117.569 174.037 1745850.0
625 0.00755 8.92236e-05 -609.56 281.541 5.23108 5.35413 111.265 164.66 1728730.0
624 0.00765 8.91741e-05 -609.898 281.066 5.21935 5.33557 105.024 155.55 1711970.0
623 0.00775 8.91281e-05 -610.217 280.634 5.20864 5.31847 99.3716 147.221 1696650.0
622 0.00785 8.90807e-05 -610.535 280.195 5.19774 5.30101 93.68 138.752 1681280.0
621 0.00795 8.90387e-05 -610.825 279.803 5.18801 5.28536 88.5201 131.051 1667330.0
620 0.00805 8.89991e-05 -611.103 279.433 5.17885 5.27049 83.692 123.729 1654070.0
619 0.00815 8.8963e-05 -611.351 279.078 5.17017 5.25688 79.0311 116.92 1641630.0
618 0.00825 8.89287e-05 -611.586 278.744 5.16198 5.24412 74.5764 110.61 1629850.0
617 0.00835 8.8897e-05 -611.801 278.441 5.15454 5.23254 70.5486 104.783 1619030.0
616 0.00845 8.88666e-05 -612.014 278.146 5.14731 5.22089 66.6505 99.0005 1608480.0
615 0.00855 8.88354e-05 -612.223 277.863 5.14028 5.2095 62.9471 93.3769 1598390.0
614 0.00865 8.88055e-05 -612.436 277.577 5.13326 5.19798 59.2138 87.7559 1588440.0
613 0.00875 8.87824e-05 -612.593 277.355 5.12782 5.18957 56.2438 83.2973 1580370.0
612 0.00885 8.87619e-05 -612.739 277.147 5.12279 5.18165 53.4379 79.0856 1572720.0
611 0.00895 8.87389e-05 -612.896 276.927 5.11739 5.17303 50.5095 74.8334 1564880.0
610 0.00905 8.87161e-05 -613.054 276.688 5.11166 5.16434 47.3585 70.5451 1556870.0
609 0.00915 8.86961e-05 -613.193 276.5 5.10704 5.15682 44.7856 66.6295 1550010.0
608 0.00925 8.8676e-05 -613.334 276.311 5.1024 5.14914 42.3638 62.9721 1543330.0
607 0.00935 8.86577e-05 -613.461 276.142 5.09823 5.14219 40.1142 59.6021 1537140.0
606 0.00945 8.86365e-05 -613.609 275.958 5.0936 5.13423 37.7911 55.9365 1530650.0
605 0.00955 8.86214e-05 -613.713 275.812 5.09005 5.12864 35.8144 53.041 1525350.0
604 0.00965 8.86093e-05 -613.799 275.681 5.08693 5.12382 34.0434 50.5099 1520550.0
603 0.00975 8.85912e-05 -613.924 275.52 5.08292 5.11712 31.961 47.4322 1514910.0
602 0.00985 8.85774e-05 -614.019 275.388 5.07969 5.11191 30.2265 44.785 1510250.0
601 0.00995 8.85647e-05 -614.11 275.264 5.07667 5.10717 28.5113 42.3048 1505840.0
600 0.01005 8.85572e-05 -614.159 275.173 5.07457 5.10436 27.3109 40.6589 1502530.0
599 0.01015 8.85448e-05 -614.248 275.058 5.07175 5.09936 25.7893 38.2312 1498320.0
598 0.01025 8.85329e-05 -614.329 274.949 5.06905 5.09505 24.3337 36.0944 1494450.0
597 0.01035 8.85222e-05 -614.395 274.861 5.06682 5.09147 23.1803 34.2974 1491230.0
596 0.01045 8.85111e-05 -614.473 274.768 5.06447 5.08714 22.0005 32.2922 1487780.0
595 0.01055 8.85037e-05 -614.526 274.68 5.06242 5.08439 20.763 30.7507 1484760.0
594 0.01065 8.8494e-05 -614.59 274.588 5.06017 5.08081 19.5548 28.977 1481450.0
593 0.01075 8.84829e-05 -614.673 274.482 5.05759 5.0763 18.1821 26.9067 1477790.0
592 0.01085 8.84728e-05 -614.735 274.408 5.05564 5.07302 17.2383 25.3674 1475100.0
591 0.01095 8.84698e-05 -614.762 274.362 5.05462 5.07169 16.56 24.3972 1473310.0
590 0.01105 8.84662e-05 -614.786 274.309 5.05344 5.0702 15.8093 23.3795 1471390.0
589 0.01115 8.84594e-05 -614.835 274.245 5.05188 5.06757 14.9991 22.1411 1469090.0
588 0.01125 8.84523e-05 -614.883 274.18 5.05028 5.06505 14.1279 20.9103 1466780.0
587 0.01135 8.84471e-05 -614.917 274.131 5.04907 5.06301 13.4993 19.9283 1464910.0
586 0.01145 8.84369e-05 -614.989 274.055 5.04708 5.05929 12.4919 18.314 1462200.0
585 0.01155 8.84334e-05 -615.021 274.003 5.04593 5.05762 11.8063 17.4085 1460420.0
584 0.01165 8.84272e-05 -615.061 273.946 5.04452 5.05534 11.0659 16.3774 1458450.0
583 0.01175 8.84184e-05 -615.123 273.88 5.04281 5.05204 10.2393 14.8989 1456170.0
582 0.01185 8.84186e-05 -615.118 273.872 5.04267 5.05222 10.0645 14.6346 1455660.0
581 0.01195 8.84152e-05 -615.146 273.826 5.04164 5.05077 9.43882 13.829 1454080.0
580 0.01205 8.84098e-05 -615.184 273.784 5.04056 5.04867 8.88861 12.8591 1452460.0
579 0.01215 8.8407e-05 -615.205 273.743 5.03965 5.04757 8.29224 12.2192 1451090.0
578 0.01225 8.84043e-05 -615.22 273.718 5.03903 5.04663 7.9716 11.6705 1450110.0
577 0.01235 8.84016e-05 -615.245 273.691 5.03838 5.04546 7.63893 11.0503 1449110.0
576 0.01245 8.83958e-05 -615.282 273.644 5.03718 5.04345 7.00965 10.2691 1447430.0
575 0.01255 8.83944e-05 -615.293 273.627 5.03679 5.04289 6.71672 9.8376 1446680.0
574 0.01265 8.83924e-05 -615.303 273.593 5.03606 5.04213 6.26726 9.39623 1445670.0
573 0.01275 8.83883e-05 -615.331 273.562 5.03524 5.04076 5.85895 8.7618 1444600.0
572 0.01285 8.83879e-05 -615.336 273.548 5.03497 5.04059 5.64976 8.57876 1444040.0
571 0.01295 8.83826e-05 -615.372 273.515 5.03405 5.0386 5.24506 7.72343 1442800.0
570 0.01305 8.83817e-05 -615.378 273.495 5.03364 5.03841 4.94613 7.50635 1442220.0
569 0.01315 8.8378e-05 -615.403 273.465 5.03287 5.03685 4.56686 6.83666 1441120.0
568 0.01325 8.83746e-05 -615.426 273.435 5.03212 5.03568 4.17073 6.29431 1440110.0
567 0.01335 8.83726e-05 -615.443 273.416 5.03166 5.03482 3.94237 5.85952 1439380.0
566 0.01345 8.83753e-05 -615.425 273.426 5.03199 5.0357 4.00218 5.97754 1439530.0
565 0.01355 8.83697e-05 -615.462 273.387 5.03095 5.03373 3.54965 5.18964 1438250.0
564 0.01365 8.83703e-05 -615.456 273.379 5.03085 5.03396 3.43273 5.22699 1438040.0
563 0.01375 8.83725e-05 -615.447 273.385 5.03109 5.03449 3.46508 5.25811 1438120.0
562 0.01385 8.83729e-05 -615.44 273.384 5.03109 5.03486 3.40456 5.24169 1438070.0
561 0.01395 8.83696e-05 -615.464 273.368 5.03061 5.03367 3.21664 4.73773 1437450.0
560 0.01405 8.83663e-05 -615.49 273.346 5.03001 5.03221 2.9517 4.14567 1436580.0
559 0.01415 8.83684e-05 -615.478 273.353 5.03025 5.03292 3.02036 4.28019 1436810.0
558 0.01425 8.8368e-05 -615.481 273.345 5.03009 5.03267 2.9031 4.17516 1436510.0
557 0.01435 8.83644e-05 -615.496 273.326 5.02953 5.03171 2.69249 3.84308 1435870.0
556 0.01445 8.83661e-05 -615.499 273.316 5.02945 5.03191 2.49891 3.73592 1435650.0
555 0.01455 8.83631e-05 -615.514 273.302 5.02902 5.03097 2.32936 3.25941 1435050.0
554 0.01465 8.83628e-05 -615.519 273.285 5.02869 5.03063 2.07732 3.04161 1434560.0
553 0.01475 8.83624e-05 -615.524 273.276 5.0285 5.03039 1.93346 2.85313 1434280.0
552 0.01485 8.8362e-05 -615.526 273.27 5.02838 5.03013 1.85171 2.75439 1434020.0
551 0.01495 8.83611e-05 -615.537 273.256 5.02806 5.02952 1.67074 2.54938 1433620.0
550 0.01505 8.83588e-05 -615.553 273.243 5.02768 5.02877 1.50058 2.22978 1433140.0
549 0.01515 8.8361e-05 -615.531 273.251 5.02795 5.0297 1.57694 2.55881 1433440.0
548 0.01525 8.83612e-05 -615.532 273.249 5.02794 5.02986 1.57009 2.647 1433450.0
547 0.01535 8.83584e-05 -615.552 273.233 5.02748 5.02888 1.3523 2.2418 1432860.0
546 0.01545 8.83605e-05 -615.535 273.239 5.02771 5.02968 1.38156 2.41328 1433060.0
545 0.01555 8.83564e-05 -615.564 273.215 5.02704 5.02814 1.11602 1.86814 1432230.0
544 0.01565 8.83556e-05 -615.569 273.211 5.02692 5.02783 1.08232 1.76068 1432070.0
543 0.01575 8.83561e-05 -615.568 273.214 5.02701 5.02807 1.14925 1.84041 1432200.0
542 0.01585 8.83562e-05 -615.565 273.214 5.02701 5.02801 1.13646 1.70146 1432120.0
541 0.01595 8.8357e-05 -615.559 273.216 5.02709 5.02833 1.1147 1.71359 1432130.0
540 0.01605 8.83584e-05 -615.555 273.215 5.02715 5.02867 1.10485 1.69627 1432190.0
539 0.01615 8.83567e-05 -615.562 273.204 5.02685 5.02822 0.997665 1.58685 1431930.0
538 0.01625 8.83537e-05 -615.585 273.18 5.02623 5.02689 0.669044 1.07459 1431080.0
537 0.01635 8.8349e-05 -615.615 273.152 5.02546 5.02538 0.335005 0.605378 1430210.0
536 0.01645 8.83495e-05 -615.611 273.15 5.02545 5.02546 0.297171 0.591899 1430230.0
535 0.01655 8.835e-05 -615.611 273.161 5.02569 5.02565 0.503462 0.742647 1430490.0
534 0.01665 8.83515e-05 -615.596 273.167 5.02588 5.02643 0.509095 0.980004 1430750.0
533 0.01675 8.83525e-05 -615.583 273.172 5.02603 5.02693 0.588954 1.1316 1430970.0
532 0.01685 8.83515e-05 -615.596 273.162 5.02579 5.02638 0.490114 0.915023 1430660.0
531 0.01695 8.83478e-05 -615.619 273.144 5.02525 5.02518 0.258789 0.462133 1430020.0
530 0.01705 8.83491e-05 -615.613 273.147 5.02538 5.02549 0.300788 0.489581 1430140.0
529 0.01715 8.83497e-05 -615.608 273.15 5.02547 5.02573 0.30497 0.526943 1430170.0
528 0.01725 8.83476e-05 -615.622 273.142 5.0252 5.02496 0.265044 0.360132 1429860.0
527 0.01735 8.83465e-05 -615.629 273.141 5.02511 5.02457 0.25019 0.215887 1429670.0
526 0.01745 8.8349e-05 -615.613 273.153 5.02547 5.0255 0.396809 0.518924 1430130.0
525 0.01755 8.83488e-05 -615.608 273.157 5.02553 5.02562 0.465335 0.634524 1430250.0
524 0.01765 8.83487e-05 -615.611 273.151 5.02543 5.0255 0.361323 0.542078 1430110.0
523 0.01775 8.83474e-05 -615.618 273.142 5.02519 5.0252 0.243747 0.456681 1429890.0
522 0.01785 8.83467e-05 -615.626 273.135 5.02502 5.02462 0.209095 0.287167 1429620.0
521 0.01795 8.83502e-05 -615.604 273.149 5.02547 5.02606 0.283876 0.743087 1430190.0
520 0.01805 8.83493e-05 -615.604 273.152 5.02547 5.02581 0.366015 0.719515 1430160.0
519 0.01815 8.83476e-05 -615.619 273.141 5.02517 5.02501 0.264809 0.458797 1429790.0
518 0.01825 8.83465e-05 -615.63 273.132 5.02495 5.02442 0.138126 0.331585 1429440.0
517 0.01835 8.83466e-05 -615.625 273.129 5.02491 5.02469 0.0826742 0.335442 1429420.0
516 0.01845 8.83451e-05 -615.638 273.12 5.02465 5.02397 0.00270921 0.0753175 1429090.0
515 0.01855 8.8347e-05 -615.623 273.13 5.02494 5.0247 0.124869 0.301994 1429440.0
514 0.01865 8.8347e-05 -615.627 273.124 5.02484 5.02453 0.0131577 0.202561 1429300.0
513 0.01875 8.83475e-05 -615.619 273.126 5.02489 5.02493 0.0166605 0.408053 1429400.0
512 0.01885 8.8347e-05 -615.624 273.128 5.0249 5.02461 0.0949404 0.273602 1429380.0
511 0.01895 8.83477e-05 -615.622 273.135 5.02507 5.02473 0.16817 0.177204 1429470.0
510 0.01905 8.83445e-05 -615.646 273.114 5.0245 5.02338 -0.0464978 -0.233892 1428820.0
509 0.01915 8.8346e-05 -615.634 273.119 5.02469 5.02411 -0.0416285 -0.0785124 1429050.0
508 0.01925 8.83477e-05 -615.625 273.13 5.02498 5.02461 0.0784251 0.0548056 1429310.0
507 0.01935 8.83481e-05 -615.618 273.128 5.02497 5.02511 0.0490213 0.177384 1429410.0
506 0.01945 8.8348e-05 -615.622 273.122 5.02484 5.02479 -0.0527702 -0.0242844 1429170.0
505 0.01955 8.83479e-05 -615.625 273.122 5.02485 5.02476 -0.0342917 0.0293475 1429160.0
504 0.01965 8.83461e-05 -615.637 273.113 5.02459 5.02419 -0.125789 -0.114339 1428840.0
503 0.01975 8.8346e-05 -615.638 273.11 5.02452 5.02406 -0.152866 -0.115178 1428720.0
502 0.01985 8.83429e-05 -615.66 273.1 5.02416 5.02309 -0.308128 -0.448971 1428230.0
501 0.01995 8.83441e-05 -615.649 273.104 5.02429 5.02348 -0.225451 -0.288358 1428410.0
500 0.02005 8.83414e-05 -615.666 273.096 5.02399 5.02258 -0.329467 -0.546408 1428060.0
499 0.02015 8.83442e-05 -615.652 273.104 5.0243 5.0234 -0.233343 -0.130278 1428410.0
498 0.02025 8.83478e-05 -615.62 273.138 5.02514 5.02501 0.175897 0.398594 1429320.0
497 0.02035 8.83474e-05 -615.628 273.134 5.02503 5.02486 0.21528 0.495056 1429330.0
496 0.02045 8.83475e-05 -615.624 273.138 5.02511 5.02494 0.210943 0.377227 1429400.0
495 0.02055 8.8348e-05 -615.623 273.137 5.02512 5.02519 0.203814 0.426968 1429430.0
494 0.02065 8.83478e-05 -615.625 273.135 5.02507 5.02499 0.145862 0.326797 1429260.0
493 0.02075 8.83452e-05 -615.645 273.12 5.02465 5.02407 0.0279761 0.059913 1428860.0
492 0.02085 8.83471e-05 -615.634 273.13 5.02494 5.02461 0.123072 0.195894 1429170.0
491 0.02095 8.83485e-05 -615.625 273.131 5.02505 5.02528 0.120479 0.310562 1429380.0
490 0.02105 8.83473e-05 -615.631 273.123 5.02484 5.02469 0.0173786 0.0498127 1429140.0
489 0.02115 8.83463e-05 -615.642 273.113 5.02458 5.02429 -0.0495722 -0.0253752 1428940.0
488 0.02125 8.83483e-05 -615.629 273.121 5.02486 5.02474 0.000453042 0.0404185 1429140.0
487 0.02135 8.83473e-05 -615.636 273.116 5.02469 5.02448 -0.0543354 0.0334375 1428970.0
486 0.02145 8.83464e-05 -615.642 273.118 5.02468 5.02415 0.0135484 -0.0600317 1429020.0
485 0.02155 8.83471e-05 -615.636 273.115 5.02467 5.02452 -0.105145 -0.0482163 1429010.0
484 0.02165 8.8349e-05 -615.628 273.122 5.02491 5.0251 -0.0134032 0.17161 1429380.0
483 0.02175 8.83472e-05 -615.639 273.109 5.02457 5.02428 -0.188823 -0.1562 1428870.0
482 0.02185 8.83466e-05 -615.643 273.097 5.02431 5.02403 -0.307844 -0.231042 1428660.0
481 0.02195 8.83448e-05 -615.659 273.083 5.02395 5.02318 -0.452016 -0.491971 1428190.0
480 0.02205 8.83464e-05 -615.645 273.097 5.02429 5.02392 -0.308634 -0.227484 1428610.0
479 0.02215 8.83462e-05 -615.648 273.102 5.02438 5.02398 -0.234025 -0.151639 1428700.0
478 0.02225 8.83487e-05 -615.632 273.112 5.02471 5.0246 -0.104618 0.0338074 1429050.0
477 0.02235 8.83453e-05 -615.654 273.098 5.02425 5.02343 -0.306941 -0.39054 1428460.0
476 0.02245 8.83458e-05 -615.652 273.1 5.02432 5.02369 -0.237577 -0.223218 1428560.0
475 0.02255 8.83485e-05 -615.628 273.116 5.02477 5.02464 -0.0721433 0.125558 1429050.0
474 0.02265 8.83475e-05 -615.638 273.116 5.0247 5.02436 -0.0768315 -0.0183457 1428960.0
473 0.02275 8.83482e-05 -615.629 273.119 5.0248 5.02477 -0.0520195 0.0946946 1429140.0
472 0.02285 8.83475e-05 -615.638 273.113 5.02466 5.02442 -0.142804 -0.0289353 1428900.0
471 0.02295 8.83471e-05 -615.64 273.107 5.02453 5.02412 -0.196521 -0.137611 1428710.0
470 0.02305 8.8347e-05 -615.638 273.109 5.02455 5.02418 -0.1574 -0.106887 1428740.0
469 0.02315 8.83479e-05 -615.637 273.111 5.02464 5.02424 -0.138385 -0.134049 1428800.0
468 0.02325 8.83504e-05 -615.613 273.138 5.02528 5.0255 0.194648 0.287346 1429570.0
467 0.02335 8.83448e-05 -615.653 273.103 5.02432 5.02343 -0.188615 -0.439359 1428470.0
466 0.02345 8.83465e-05 -615.645 273.11 5.02455 5.024 -0.112807 -0.240326 1428720.0
465 0.02355 8.83451e-05 -615.651 273.106 5.0244 5.02351 -0.132634 -0.323253 1428500.0
464 0.02365 8.83456e-05 -615.648 273.113 5.02455 5.02371 -0.0873596 -0.385706 1428630.0
463 0.02375 8.83454e-05 -615.654 273.107 5.02443 5.02345 -0.133578 -0.406731 1428510.0
462 0.02385 8.8347e-05 -615.641 273.124 5.02484 5.02418 0.0345808 -0.127262 1428920.0
461 0.02395 8.83511e-05 -615.613 273.137 5.0253 5.02563 0.178346 0.397714 1429510.0
460 0.02405 8.83477e-05 -615.637 273.119 5.02478 5.02413 -0.0125302 -0.179621 1428870.0
459 0.02415 8.835e-05 -615.619 273.135 5.02521 5.02536 0.147699 0.248003 1429420.0
458 0.02425 8.83494e-05 -615.621 273.129 5.02506 5.02511 0.0689125 0.194162 1429240.0
457 0.02435 8.83473e-05 -615.637 273.116 5.0247 5.02433 -0.0987508 -0.10525 1428820.0
456 0.02445 8.83418e-05 -615.669 273.09 5.0239 5.02262 -0.363041 -0.644865 1428020.0
455 0.02455 8.83453e-05 -615.65 273.104 5.02437 5.02374 -0.198439 -0.213559 1428550.0
454 0.02465 8.83457e-05 -615.651 273.101 5.02433 5.0237 -0.260746 -0.289726 1428490.0
453 0.02475 8.83483e-05 -615.63 273.116 5.02476 5.02456 -0.0969911 -0.043256 1428950.0
452 0.02485 8.83478e-05 -615.633 273.126 5.02492 5.02463 0.0354804 0.0111146 1429150.0
451 0.02495 8.83466e-05 -615.646 273.111 5.02458 5.02378 -0.133964 -0.29518 1428720.0
450 0.02505 8.83479e-05 -615.637 273.119 5.02479 5.02424 -0.0546943 -0.173032 1428940.0
449 0.02515 8.83501e-05 -615.623 273.129 5.02509 5.02506 0.0236097 0.0885231 1429280.0
448 0.02525 8.83491e-05 -615.63 273.115 5.02479 5.02472 -0.184208 -0.0914219 1428890.0
447 0.02535 8.83505e-05 -615.619 273.132 5.02518 5.0253 0.107235 0.157588 1429390.0
446 0.02545 8.83504e-05 -615.622 273.128 5.0251 5.02508 0.0193276 0.0120202 1429220.0
445 0.02555 8.83473e-05 -615.644 273.096 5.02434 5.02405 -0.381822 -0.331526 1428420.0
444 0.02565 8.83489e-05 -615.629 273.112 5.02471 5.02468 -0.202967 -0.053824 1428800.0
443 0.02575 8.83482e-05 -615.637 273.101 5.02448 5.02431 -0.320174 -0.173064 1428580.0
442 0.02585 8.8346e-05 -615.651 273.096 5.02426 5.0236 -0.316583 -0.434622 1428380.0
441 0.02595 8.83483e-05 -615.628 273.123 5.02488 5.02472 -0.00364751 -0.0869924 1429090.0
440 0.02605 8.83468e-05 -615.64 273.114 5.02463 5.02419 -0.112287 -0.225479 1428760.0
439 0.02615 8.83479e-05 -615.63 273.13 5.02499 5.02467 0.125066 -0.0583813 1429150.0
438 0.02625 8.83454e-05 -615.647 273.114 5.02455 5.02381 -0.0587136 -0.346798 1428680.0
437 0.02635 8.83449e-05 -615.648 273.109 5.02444 5.02376 -0.161703 -0.377341 1428580.0
436 0.02645 8.83463e-05 -615.641 273.117 5.02466 5.02418 -0.0722315 -0.257164 1428830.0
435 0.02655 8.83465e-05 -615.633 273.12 5.02473 5.02442 -0.0345191 -0.151963 1428910.0
434 0.02665 8.83477e-05 -615.627 273.122 5.02483 5.02491 -0.0544827 -0.00928456 1429040.0
433 0.02675 8.83449e-05 -615.641 273.109 5.02444 5.02408 -0.176546 -0.234427 1428620.0
432 0.02685 8.83448e-05 -615.643 273.11 5.02445 5.02407 -0.176154 -0.289828 1428610.0
431 0.02695 8.83423e-05 -615.663 273.099 5.0241 5.02301 -0.291068 -0.690941 1428170.0
430 0.02705 8.83444e-05 -615.644 273.106 5.02435 5.02409 -0.275076 -0.368146 1428500.0
429 0.02715 8.83405e-05 -615.671 273.074 5.02353 5.02246 -0.642013 -0.940277 1427590.0
428 0.02725 8.83422e-05 -615.66 273.084 5.02382 5.02306 -0.574289 -0.743167 1427880.0
427 0.02735 8.83463e-05 -615.631 273.112 5.02457 5.02483 -0.225625 0.0181719 1428850.0
426 0.02745 8.83443e-05 -615.647 273.098 5.0242 5.02399 -0.404033 -0.212454 1428390.0
425 0.02755 8.83452e-05 -615.64 273.101 5.02431 5.02414 -0.336682 -0.199708 1428460.0
424 0.02765 8.83478e-05 -615.623 273.134 5.02505 5.02538 0.0550357 0.207635 1429320.0
423 0.02775 8.83445e-05 -615.643 273.107 5.02438 5.02406 -0.246242 -0.182702 1428580.0
422 0.02785 8.83444e-05 -615.641 273.117 5.02456 5.02423 -0.16161 -0.0446929 1428740.0
421 0.02795 8.83445e-05 -615.643 273.115 5.02452 5.02427 -0.161528 -0.0364535 1428730.0
420 0.02805 8.83451e-05 -615.633 273.127 5.02478 5.02466 0.0162621 0.0751004 1429030.0
419 0.02815 8.83434e-05 -615.647 273.111 5.02438 5.02393 -0.207111 -0.229507 1428590.0
418 0.02825 8.83444e-05 -615.638 273.123 5.02466 5.02448 -0.0617268 0.027348 1428880.0
417 0.02835 8.83456e-05 -615.63 273.129 5.02484 5.02476 0.031947 0.125905 1429040.0
416 0.02845 8.83456e-05 -615.629 273.129 5.02483 5.0249 0.0235491 0.159752 1429080.0
415 0.02855 8.83426e-05 -615.65 273.105 5.02424 5.02364 -0.24681 -0.262233 1428360.0
414 0.02865 8.8343e-05 -615.653 273.112 5.02438 5.02367 -0.153884 -0.248787 1428490.0
413 0.02875 8.83456e-05 -615.635 273.124 5.02474 5.02465 -0.0390052 0.0565753 1428880.0
412 0.02885 8.83459e-05 -615.63 273.127 5.02482 5.02479 0.0139648 0.117597 1428930.0
411 0.02895 8.83433e-05 -615.645 273.126 5.02466 5.02414 0.0326247 -0.0893946 1428830.0
410 0.02905 8.83436e-05 -615.646 273.124 5.02465 5.02404 0.0394728 -0.0789569 1428780.0
409 0.02915 8.83418e-05 -615.66 273.11 5.02428 5.02331 -0.172782 -0.34809 1428330.0
408 0.02925 8.83404e-05 -615.67 273.101 5.02403 5.02295 -0.296569 -0.456858 1428060.0
407 0.02935 8.83403e-05 -615.667 273.105 5.02409 5.02292 -0.199401 -0.511115 1428140.0
406 0.02945 8.83435e-05 -615.646 273.119 5.02455 5.02412 -0.142572 -0.182763 1428620.0
405 0.02955 8.83432e-05 -615.645 273.116 5.02447 5.02402 -0.131952 -0.160261 1428580.0
404 0.02965 8.83453e-05 -615.637 273.129 5.02483 5.02466 0.0280527 0.068842 1428980.0
403 0.02975 8.83455e-05 -615.627 273.146 5.02514 5.02503 0.296856 0.315931 1429370.0
402 0.02985 8.83449e-05 -615.637 273.138 5.02496 5.02449 0.205521 0.121432 1429120.0
401 0.02995 8.83457e-05 -615.629 273.137 5.025 5.02485 0.169124 0.217131 1429200.0
400 0.03005 8.83458e-05 -615.623 273.151 5.02526 5.02532 0.355908 0.470814 1429580.0
399 0.03015 8.83467e-05 -615.622 273.149 5.02528 5.02547 0.317555 0.388514 1429540.0
398 0.03025 8.8345e-05 -615.628 273.146 5.02512 5.02492 0.274669 0.192619 1429430.0
397 0.03035 8.8345e-05 -615.635 273.137 5.02496 5.02462 0.21225 0.104913 1429230.0
396 0.03045 8.83432e-05 -615.639 273.127 5.02468 5.02424 0.126844 -0.0617658 1429000.0
395 0.03055 8.83459e-05 -615.628 273.136 5.025 5.02505 0.125605 0.122725 1429290.0
394 0.03065 8.83449e-05 -615.633 273.13 5.02483 5.02464 0.092655 -0.0927149 1429090.0
393 0.03075 8.83463e-05 -615.625 273.141 5.02511 5.02501 0.20119 -0.0219429 1429350.0
392 0.03085 8.83447e-05 -615.637 273.13 5.0248 5.02444 0.0721155 -0.136986 1428960.0
391 0.03095 8.8342e-05 -615.659 273.107 5.02423 5.02327 -0.17183 -0.498259 1428270.0
390 0.03105 8.83438e-05 -615.645 273.12 5.02456 5.02409 -0.0746614 -0.218315 1428670.0
389 0.03115 8.83487e-05 -615.607 273.154 5.02547 5.02616 0.350857 0.484895 1429760.0
388 0.03125 8.83461e-05 -615.626 273.142 5.02512 5.02518 0.222603 0.195645 1429330.0
387 0.03135 8.83464e-05 -615.626 273.141 5.02511 5.02513 0.217836 0.179006 1429310.0
386 0.03145 8.83468e-05 -615.623 273.146 5.02522 5.02528 0.244502 0.19754 1429330.0
385 0.03155 8.83458e-05 -615.629 273.145 5.02514 5.02499 0.276345 0.0784489 1429290.0
384 0.03165 8.83464e-05 -615.629 273.139 5.02506 5.02493 0.178361 0.12636 1429130.0
383 0.03175 8.83483e-05 -615.614 273.155 5.02547 5.02568 0.395417 0.442806 1429600.0
382 0.03185 8.83452e-05 -615.635 273.142 5.02507 5.02457 0.270453 0.0823586 1429100.0
381 0.03195 8.83462e-05 -615.633 273.147 5.0252 5.02469 0.324563 0.085838 1429240.0
380 0.03205 8.83467e-05 -615.627 273.147 5.02525 5.02492 0.337098 0.170895 1429310.0
379 0.03215 8.83491e-05 -615.613 273.159 5.02559 5.02585 0.426617 0.434969 1429710.0
378 0.03225 8.83509e-05 -615.598 273.167 5.02584 5.02645 0.500385 0.584426 1429960.0
377 0.03235 8.83491e-05 -615.617 273.151 5.02544 5.02564 0.329414 0.333112 1429500.0
376 0.03245 8.83467e-05 -615.633 273.14 5.02511 5.02466 0.191231 -0.0389521 1429070.0
375 0.03255 8.83475e-05 -615.624 273.142 5.0252 5.02494 0.211809 0.0276556 1429190.0
374 0.03265 8.8349e-05 -615.618 273.154 5.02549 5.02544 0.337598 0.109136 1429490.0
373 0.03275 8.83516e-05 -615.603 273.164 5.02582 5.0263 0.44644 0.38828 1429850.0
372 0.03285 8.83499e-05 -615.613 273.152 5.02551 5.02571 0.315067 0.215111 1429550.0
371 0.03295 8.83508e-05 -615.606 273.154 5.0256 5.02608 0.286159 0.356589 1429690.0
370 0.03305 8.83475e-05 -615.628 273.132 5.025 5.02485 0.0425714 -0.0960049 1429050.0
369 0.03315 8.83474e-05 -615.626 273.128 5.02493 5.02504 -0.0324262 -0.0111979 1428970.0
368 0.03325 8.83475e-05 -615.626 273.129 5.02495 5.02492 0.00027779 0.0779163 1428980.0
367 0.03335 8.83487e-05 -615.616 273.138 5.02518 5.02559 0.024683 0.245955 1429220.0
366 0.03345 8.83471e-05 -615.624 273.132 5.02498 5.02506 -0.00801025 0.094506 1429050.0
365 0.03355 8.83533e-05 -615.586 273.164 5.02592 5.0271 0.351027 0.722901 1430080.0
364 0.03365 8.83515e-05 -615.596 273.164 5.02582 5.02641 0.388436 0.468025 1429950.0
363 0.03375 8.8353e-05 -615.586 273.163 5.02589 5.02697 0.345338 0.642805 1430100.0
362 0.03385 8.83536e-05 -615.584 273.154 5.02575 5.02705 0.158493 0.599808 1429920.0
361 0.03395 8.83518e-05 -615.6 273.155 5.02566 5.02655 0.197891 0.389238 1429800.0
360 0.03405 8.83519e-05 -615.592 273.151 5.0256 5.02666 0.151465 0.44736 1429770.0
359 0.03415 8.83538e-05 -615.584 273.156 5.0258 5.02727 0.168424 0.609609 1430000.0
358 0.03425 8.83507e-05 -615.607 273.146 5.02545 5.02614 0.126171 0.288468 1429590.0
357 0.03435 8.83501e-05 -615.609 273.134 5.0252 5.0257 -0.0218712 0.0997738 1429320.0
356 0.03445 8.83481e-05 -615.622 273.122 5.02485 5.02508 -0.208428 -0.122532 1428950.0
355 0.03455 8.8347e-05 -615.63 273.12 5.02476 5.02458 -0.189906 -0.359613 1428810.0
354 0.03465 8.83486e-05 -615.617 273.135 5.02513 5.02537 0.00503859 -0.0470307 1429260.0
353 0.03475 8.83465e-05 -615.631 273.127 5.02485 5.0246 -0.0954793 -0.22362 1428880.0
352 0.03485 8.83489e-05 -615.613 273.144 5.02531 5.02552 0.0967666 0.0394141 1429370.0
351 0.03495 8.83496e-05 -615.612 273.14 5.02527 5.02555 0.00265847 0.0674776 1429300.0
350 0.03505 8.83487e-05 -615.615 273.134 5.02512 5.02544 0.0067652 0.0085917 1429250.0
349 0.03515 8.83508e-05 -615.603 273.152 5.02556 5.02605 0.201028 0.271482 1429680.0
348 0.03525 8.83488e-05 -615.619 273.14 5.02523 5.02532 0.103008 0.0107618 1429370.0
347 0.03535 8.83473e-05 -615.625 273.132 5.02499 5.02487 -0.00469056 -0.0758613 1429100.0
346 0.03545 8.83502e-05 -615.607 273.152 5.02552 5.02582 0.213621 0.216555 1429630.0
345 0.03555 8.83509e-05 -615.601 273.161 5.02574 5.02615 0.358577 0.395444 1429870.0
344 0.03565 8.83523e-05 -615.592 273.176 5.02609 5.02667 0.583145 0.65055 1430230.0
343 0.03575 8.83513e-05 -615.596 273.167 5.02587 5.02638 0.413268 0.513527 1430030.0
342 0.03585 8.83529e-05 -615.591 273.165 5.02592 5.0267 0.385207 0.616144 1430060.0
341 0.03595 8.83534e-05 -615.585 273.169 5.02601 5.02707 0.428163 0.743493 1430250.0
340 0.03605 8.83524e-05 -615.59 273.164 5.02588 5.02669 0.371402 0.625394 1430140.0
339 0.03615 8.83499e-05 -615.607 273.148 5.02544 5.02581 0.213135 0.402311 1429650.0
338 0.03625 8.83523e-05 -615.597 273.161 5.02581 5.02645 0.335753 0.604932 1429950.0
337 0.03635 8.83468e-05 -615.626 273.132 5.02497 5.02469 0.0354197 0.0742774 1429030.0
336 0.03645 8.83477e-05 -615.629 273.138 5.02513 5.0249 0.146174 0.248752 1429250.0
335 0.03655 8.83481e-05 -615.62 273.142 5.02522 5.02503 0.167393 0.194014 1429280.0
334 0.03665 8.83489e-05 -615.617 273.147 5.02537 5.0254 0.256588 0.31222 1429520.0
333 0.03675 8.83471e-05 -615.63 273.129 5.02493 5.02474 -0.0154242 0.0871292 1428980.0
332 0.03685 8.83444e-05 -615.645 273.113 5.02448 5.02372 -0.162815 -0.234712 1428540.0
331 0.03695 8.83421e-05 -615.661 273.108 5.02426 5.02299 -0.203026 -0.518738 1428270.0
330 0.03705 8.83448e-05 -615.64 273.12 5.02463 5.02394 -0.0752741 -0.227459 1428680.0
329 0.03715 8.83435e-05 -615.647 273.106 5.0243 5.02372 -0.28846 -0.353106 1428370.0
328 0.03725 8.8347e-05 -615.628 273.129 5.02492 5.02474 0.0191088 0.00498893 1428960.0
327 0.03735 8.83461e-05 -615.634 273.137 5.02501 5.02452 0.122339 -0.100086 1429000.0
326 0.03745 8.83444e-05 -615.642 273.133 5.02484 5.02376 0.152084 -0.186854 1428760.0
325 0.03755 8.83495e-05 -615.607 273.16 5.02564 5.02591 0.434984 0.498508 1429770.0
324 0.03765 8.83491e-05 -615.608 273.152 5.02546 5.02589 0.27015 0.399601 1429560.0
323 0.03775 8.83451e-05 -615.636 273.123 5.0247 5.02425 -0.0405497 -0.167695 1428730.0
322 0.03785 8.83515e-05 -615.596 273.164 5.02582 5.02665 0.424599 0.603244 1429940.0
321 0.03795 8.83523e-05 -615.588 273.161 5.02581 5.02689 0.380761 0.615518 1429930.0
320 0.03805 8.83518e-05 -615.587 273.162 5.0258 5.02703 0.331044 0.622251 1429940.0
319 0.03815 8.83513e-05 -615.597 273.15 5.02556 5.0266 0.206934 0.407832 1429620.0
318 0.03825 8.83515e-05 -615.592 273.16 5.02574 5.02679 0.323792 0.47952 1429820.0
317 0.03835 8.83492e-05 -615.606 273.137 5.0252 5.02603 0.0484239 0.252386 1429180.0
316 0.03845 8.8349e-05 -615.61 273.144 5.02531 5.02596 0.152222 0.222165 1429260.0
315 0.03855 8.83482e-05 -615.617 273.148 5.02535 5.02567 0.262797 0.19551 1429350.0
314 0.03865 8.83471e-05 -615.616 273.141 5.02515 5.02539 0.146225 0.00924893 1429170.0
313 0.03875 8.83444e-05 -615.637 273.118 5.02458 5.02456 -0.131471 -0.216558 1428630.0
312 0.03885 8.83437e-05 -615.646 273.107 5.02432 5.02401 -0.289021 -0.422087 1428260.0
311 0.03895 8.83415e-05 -615.657 273.108 5.02422 5.02348 -0.247173 -0.649311 1428150.0
310 0.03905 8.8343e-05 -615.647 273.117 5.02447 5.02398 -0.131363 -0.450135 1428410.0
309 0.03915 8.83435e-05 -615.642 273.116 5.02448 5.02411 -0.148472 -0.397069 1428460.0
308 0.03925 8.8347e-05 -615.621 273.141 5.02514 5.02556 0.158383 0.0956023 1429230.0
307 0.03935 8.83493e-05 -615.603 273.145 5.02534 5.02626 0.132543 0.346988 1429410.0
306 0.03945 8.83437e-05 -615.64 273.123 5.02462 5.02432 -0.0329793 -0.272737 1428610.0
305 0.03955 8.83429e-05 -615.648 273.113 5.0244 5.02401 -0.196643 -0.361664 1428330.0
304 0.03965 8.83468e-05 -615.619 273.135 5.02503 5.02556 0.0718883 0.152368 1429050.0
303 0.03975 8.83451e-05 -615.631 273.119 5.02464 5.02485 -0.185027 -0.16319 1428540.0
302 0.03985 8.83473e-05 -615.625 273.136 5.02507 5.02527 0.075781 -0.0540762 1428960.0
301 0.03995 8.83442e-05 -615.639 273.122 5.02465 5.02459 -0.0397912 -0.210316 1428650.0
300 0.04005 8.83412e-05 -615.656 273.107 5.0242 5.02357 -0.219013 -0.526954 1428170.0
299 0.04015 8.83416e-05 -615.659 273.105 5.02418 5.02336 -0.249909 -0.668957 1428070.0
298 0.04025 8.83415e-05 -615.658 273.101 5.0241 5.02337 -0.317102 -0.685739 1428010.0
297 0.04035 8.83423e-05 -615.652 273.103 5.02418 5.0237 -0.287578 -0.540719 1428160.0
296 0.04045 8.83426e-05 -615.645 273.108 5.02428 5.02404 -0.200067 -0.402537 1428360.0
295 0.04055 8.83429e-05 -615.644 273.117 5.02446 5.02419 -0.0927678 -0.279322 1428550.0
294 0.04065 8.83426e-05 -615.644 273.115 5.02441 5.02426 -0.127974 -0.158945 1428560.0
293 0.04075 8.83424e-05 -615.643 273.109 5.02429 5.02428 -0.242821 -0.13026 1428400.0
292 0.04085 8.83439e-05 -615.638 273.121 5.0246 5.02467 -0.0430802 0.128071 1428790.0
291 0.04095 8.83438e-05 -615.633 273.128 5.02473 5.02483 0.0106217 0.100865 1428900.0
290 0.04105 8.83441e-05 -615.627 273.137 5.0249 5.02516 0.138454 0.198954 1429140.0
289 0.04115 8.83439e-05 -615.634 273.127 5.0247 5.02498 -0.0315391 0.0586785 1428910.0
288 0.04125 8.83408e-05 -615.648 273.105 5.02414 5.02404 -0.294376 -0.262719 1428340.0
287 0.04135 8.83406e-05 -615.652 273.11 5.02421 5.02388 -0.200206 -0.282594 1428400.0
286 0.04145 8.83389e-05 -615.663 273.101 5.02394 5.02336 -0.320255 -0.439092 1428120.0
285 0.04155 8.83398e-05 -615.657 273.105 5.02407 5.02366 -0.229036 -0.281182 1428290.0
284 0.04165 8.83449e-05 -615.623 273.133 5.02488 5.0255 0.0409504 0.267654 1429170.0
283 0.04175 8.83466e-05 -615.601 273.15 5.02528 5.02666 0.225609 0.731374 1429770.0
282 0.04185 8.83463e-05 -615.612 273.137 5.02504 5.02603 0.0915519 0.508793 1429390.0
281 0.04195 8.83438e-05 -615.623 273.142 5.02499 5.02544 0.203557 0.420147 1429310.0
280 0.04205 8.83432e-05 -615.631 273.133 5.02478 5.02509 0.10387 0.242674 1429070.0
279 0.04215 8.83453e-05 -615.618 273.14 5.02503 5.02576 0.1462 0.450902 1429360.0
278 0.04225 8.83408e-05 -615.643 273.116 5.02433 5.02446 -0.124178 0.0455085 1428660.0
277 0.04235 8.83387e-05 -615.66 273.109 5.02408 5.02352 -0.131889 -0.279036 1428340.0
276 0.04245 8.83404e-05 -615.65 273.119 5.02436 5.02409 -0.0190328 -0.175481 1428640.0
275 0.04255 8.83433e-05 -615.625 273.142 5.02496 5.02524 0.275686 0.249837 1429290.0
274 0.04265 8.8343e-05 -615.635 273.136 5.02483 5.02503 0.136341 0.0717057 1429090.0
273 0.04275 8.83406e-05 -615.648 273.12 5.0244 5.02413 -0.00998905 -0.159899 1428610.0
272 0.04285 8.83364e-05 -615.679 273.088 5.02356 5.02249 -0.397789 -0.739004 1427660.0
271 0.04295 8.83356e-05 -615.681 273.083 5.02343 5.02228 -0.480884 -0.736981 1427570.0
270 0.04305 8.83386e-05 -615.665 273.104 5.02398 5.02318 -0.2151 -0.427984 1428140.0
269 0.04315 8.83379e-05 -615.667 273.109 5.02403 5.02314 -0.137518 -0.420717 1428240.0
268 0.04325 8.83398e-05 -615.657 273.114 5.02423 5.02355 -0.074681 -0.288424 1428430.0
267 0.04335 8.83366e-05 -615.676 273.092 5.02365 5.02271 -0.350853 -0.548304 1427890.0
266 0.04345 8.83387e-05 -615.663 273.111 5.02412 5.02343 -0.0618441 -0.20986 1428390.0
265 0.04355 8.83349e-05 -615.687 273.087 5.02346 5.02221 -0.384739 -0.597098 1427670.0
264 0.04365 8.83339e-05 -615.69 273.077 5.02323 5.02196 -0.48167 -0.656717 1427460.0
263 0.04375 8.83357e-05 -615.685 273.089 5.02354 5.02245 -0.375574 -0.572894 1427780.0
262 0.04385 8.83352e-05 -615.682 273.09 5.02353 5.0224 -0.348182 -0.578524 1427830.0
261 0.04395 8.83349e-05 -615.687 273.08 5.02333 5.02213 -0.482422 -0.603397 1427540.0
260 0.04405 8.83355e-05 -615.685 273.086 5.02349 5.02221 -0.388033 -0.572149 1427660.0
259 0.04415 8.83383e-05 -615.666 273.107 5.02403 5.02339 -0.178964 -0.0976922 1428290.0
258 0.04425 8.83379e-05 -615.666 273.108 5.02402 5.02332 -0.130714 -0.0279113 1428280.0
257 0.04435 8.83355e-05 -615.683 273.1 5.02373 5.02243 -0.183928 -0.270852 1427960.0
256 0.04445 8.83356e-05 -615.681 273.098 5.02371 5.02247 -0.204455 -0.373119 1427930.0
255 0.04455 8.8342e-05 -615.639 273.128 5.02461 5.02469 0.0922853 0.344162 1428940.0
254 0.04465 8.83396e-05 -615.654 273.117 5.02429 5.02381 -0.0292626 -0.0238762 1428550.0
253 0.04475 8.83373e-05 -615.672 273.102 5.02388 5.02306 -0.207027 -0.289681 1428080.0
252 0.04485 8.83408e-05 -615.65 273.123 5.02446 5.02415 0.0594695 0.0290992 1428740.0
251 0.04495 8.83397e-05 -615.657 273.115 5.02425 5.02373 -0.0438395 -0.164436 1428540.0
250 0.04505 8.83384e-05 -615.664 273.105 5.024 5.02331 -0.189395 -0.343308 1428280.0
249 0.04515 8.83397e-05 -615.65 273.114 5.02422 5.02386 -0.078525 -0.188633 1428570.0
248 0.04525 8.83391e-05 -615.662 273.107 5.02407 5.02344 -0.209529 -0.417769 1428330.0
247 0.04535 8.8338e-05 -615.669 273.097 5.02382 5.02284 -0.310089 -0.597594 1428040.0
246 0.04545 8.8339e-05 -615.662 273.105 5.02403 5.02338 -0.191092 -0.244779 1428330.0
245 0.04555 8.83409e-05 -615.644 273.134 5.02467 5.02433 0.146147 0.134486 1429070.0
244 0.04565 8.83426e-05 -615.636 273.143 5.02492 5.02487 0.256761 0.261938 1429280.0
243 0.04575 8.83424e-05 -615.634 273.137 5.02481 5.02484 0.187807 0.256957 1429170.0
242 0.04585 8.83416e-05 -615.639 273.139 5.0248 5.02466 0.208376 0.209171 1429140.0
241 0.04595 8.8342e-05 -615.638 273.137 5.02478 5.02469 0.155815 0.171845 1429130.0
240 0.04605 8.83387e-05 -615.658 273.124 5.02436 5.02358 0.0629199 -0.152256 1428700.0
239 0.04615 8.83406e-05 -615.649 273.118 5.02435 5.0241 -0.0944793 -0.111535 1428620.0
238 0.04625 8.83386e-05 -615.666 273.103 5.02397 5.02317 -0.255369 -0.459872 1428170.0
237 0.04635 8.83388e-05 -615.66 273.115 5.02419 5.02351 -0.0637486 -0.234306 1428480.0
236 0.04645 8.834e-05 -615.652 273.12 5.02436 5.0238 0.00448722 -0.135379 1428610.0
235 0.04655 8.83386e-05 -615.662 273.112 5.02413 5.02338 -0.0931085 -0.265301 1428370.0
234 0.04665 8.83377e-05 -615.667 273.113 5.02409 5.02306 -0.0832825 -0.403351 1428280.0
233 0.04675 8.83405e-05 -615.653 273.127 5.02452 5.02392 0.101397 -0.111489 1428730.0
232 0.04685 8.83437e-05 -615.625 273.146 5.02505 5.02533 0.268355 0.421506 1429360.0
231 0.04695 8.83471e-05 -615.609 273.163 5.02555 5.02622 0.485083 0.684889 1429890.0
230 0.04705 8.83452e-05 -615.621 273.15 5.0252 5.02569 0.332322 0.57662 1429630.0
229 0.04715 8.83485e-05 -615.598 273.177 5.02589 5.02685 0.648765 0.91925 1430350.0
228 0.04725 8.83468e-05 -615.609 273.154 5.02537 5.02616 0.328703 0.603458 1429740.0
227 0.04735 8.83472e-05 -615.607 273.16 5.0255 5.02639 0.403254 0.705301 1429960.0
226 0.04745 8.83459e-05 -615.614 273.16 5.02543 5.02596 0.449805 0.660576 1429860.0
225 0.04755 8.8346e-05 -615.616 273.157 5.02538 5.02585 0.412258 0.628151 1429720.0
224 0.04765 8.8345e-05 -615.623 273.153 5.02525 5.02544 0.377718 0.514345 1429560.0
223 0.04775 8.83442e-05 -615.63 273.149 5.02512 5.02516 0.327893 0.391675 1429400.0
222 0.04785 8.83438e-05 -615.632 273.144 5.02501 5.02494 0.290308 0.218858 1429240.0
221 0.04795 8.83433e-05 -615.634 273.136 5.02484 5.0249 0.153059 0.219676 1429080.0
220 0.04805 8.83402e-05 -615.655 273.114 5.02425 5.02366 -0.0901997 -0.157681 1428390.0
219 0.04815 8.8339e-05 -615.666 273.114 5.0242 5.0233 -0.0797387 -0.307851 1428260.0
218 0.04825 8.83389e-05 -615.661 273.11 5.02411 5.02334 -0.122098 -0.26102 1428180.0
217 0.04835 8.83405e-05 -615.654 273.122 5.02442 5.02385 0.0058842 -0.185521 1428530.0
216 0.04845 8.8341e-05 -615.65 273.117 5.02437 5.02409 -0.0973153 -0.121699 1428530.0
215 0.04855 8.83428e-05 -615.637 273.131 5.02473 5.0247 0.0777885 0.13931 1428890.0
214 0.04865 8.8342e-05 -615.644 273.126 5.02458 5.02434 0.0371052 0.0337354 1428720.0
213 0.04875 8.83373e-05 -615.675 273.099 5.02382 5.02257 -0.261472 -0.566095 1427870.0
212 0.04885 8.83394e-05 -615.665 273.108 5.0241 5.02328 -0.155776 -0.410064 1428170.0
211 0.04895 8.83391e-05 -615.672 273.109 5.02411 5.02308 -0.11057 -0.480117 1428170.0
210 0.04905 8.83399e-05 -615.658 273.116 5.02428 5.02358 -0.0187259 -0.284232 1428420.0
209 0.04915 8.83405e-05 -615.653 273.124 5.02447 5.02392 0.095672 -0.151046 1428630.0
208 0.04925 8.83446e-05 -615.632 273.145 5.02508 5.0251 0.274936 0.17957 1429190.0
207 0.04935 8.83457e-05 -615.622 273.153 5.02528 5.02571 0.403499 0.374358 1429460.0
206 0.04945 8.83419e-05 -615.649 273.123 5.02452 5.02416 0.0344427 -0.114727 1428550.0
205 0.04955 8.83442e-05 -615.632 273.139 5.02495 5.02503 0.243311 0.202617 1429020.0
204 0.04965 8.83449e-05 -615.63 273.138 5.02497 5.02522 0.175334 0.289002 1429040.0
203 0.04975 8.83441e-05 -615.637 273.129 5.02477 5.02474 0.120633 0.146695 1428820.0
202 0.04985 8.83463e-05 -615.621 273.138 5.02506 5.02577 0.171592 0.487314 1429220.0
201 0.04995 8.83486e-05 -615.606 273.153 5.02545 5.02652 0.295711 0.622416 1429600.0
200 0.05005 8.83477e-05 -615.614 273.151 5.02537 5.02611 0.357068 0.522965 1429540.0
199 0.05015 8.83418e-05 -615.653 273.117 5.0244 5.024 -0.00689256 -0.151401 1428480.0
198 0.05025 8.83427e-05 -615.648 273.126 5.02463 5.02441 0.0878131 0.00347359 1428730.0
197 0.05035 8.83449e-05 -615.632 273.137 5.02494 5.02504 0.193394 0.224948 1429050.0
196 0.05045 8.8346e-05 -615.622 273.149 5.02524 5.02573 0.321828 0.361775 1429400.0
195 0.05055 8.83474e-05 -615.612 273.153 5.02539 5.02626 0.34893 0.574032 1429550.0
194 0.05065 8.83472e-05 -615.611 273.153 5.02538 5.0262 0.369607 0.617363 1429510.0
193 0.05075 8.83438e-05 -615.64 273.135 5.02486 5.02489 0.180886 0.188814 1428920.0
192 0.05085 8.83436e-05 -615.632 273.139 5.02491 5.02513 0.226496 0.336083 1429020.0
191 0.05095 8.83452e-05 -615.627 273.153 5.02526 5.02568 0.385845 0.545229 1429390.0
190 0.05105 8.83459e-05 -615.62 273.159 5.02542 5.02594 0.455682 0.636925 1429550.0
189 0.05115 8.83438e-05 -615.637 273.15 5.02513 5.02507 0.390781 0.315477 1429230.0
188 0.05125 8.83416e-05 -615.648 273.139 5.02479 5.02445 0.251795 0.168815 1428900.0
187 0.05135 8.83406e-05 -615.653 273.132 5.02462 5.02416 0.213795 0.129351 1428750.0
186 0.05145 8.83387e-05 -615.671 273.121 5.0243 5.02326 0.0545132 -0.214392 1428320.0
185 0.05155 8.83422e-05 -615.642 273.15 5.02503 5.02486 0.409305 0.382156 1429200.0
184 0.05165 8.83408e-05 -615.652 273.134 5.02467 5.02424 0.196925 0.138738 1428800.0
183 0.05175 8.83385e-05 -615.665 273.124 5.02435 5.02347 0.0944998 -0.148641 1428440.0
182 0.05185 8.83364e-05 -615.684 273.111 5.02399 5.02266 -0.04117 -0.428764 1428060.0
181 0.05195 8.83415e-05 -615.651 273.131 5.02465 5.02444 0.146621 0.19952 1428770.0
180 0.05205 8.8341e-05 -615.641 273.14 5.02478 5.02473 0.253459 0.277507 1429040.0
179 0.05215 8.83398e-05 -615.656 273.131 5.02456 5.02406 0.190173 0.0166916 1428750.0
178 0.05225 8.8339e-05 -615.659 273.124 5.02437 5.02388 0.0577278 -0.0713333 1428520.0
177 0.05235 8.83386e-05 -615.666 273.114 5.02416 5.02359 -0.104537 -0.161564 1428250.0
176 0.05245 8.83389e-05 -615.665 273.114 5.02418 5.02364 -0.0604381 -0.144796 1428290.0
175 0.05255 8.83402e-05 -615.658 273.124 5.02444 5.02401 0.0369786 -0.0842763 1428490.0
174 0.05265 8.83377e-05 -615.672 273.109 5.02403 5.02322 -0.142794 -0.3145 1428030.0
173 0.05275 8.83395e-05 -615.661 273.122 5.02437 5.02383 0.0525682 -0.0774475 1428390.0
172 0.05285 8.83407e-05 -615.65 273.127 5.02453 5.02438 0.0483977 0.0591459 1428600.0
171 0.05295 8.83421e-05 -615.643 273.13 5.02467 5.02475 0.0896524 0.185618 1428690.0
170 0.05305 8.83439e-05 -615.629 273.143 5.025 5.02542 0.211976 0.412576 1429060.0
169 0.05315 8.83423e-05 -615.638 273.133 5.02473 5.02492 0.150418 0.300586 1428780.0
168 0.05325 8.83439e-05 -615.634 273.136 5.02487 5.02527 0.148198 0.324307 1428880.0
167 0.05335 8.83416e-05 -615.647 273.123 5.02451 5.02449 0.00684055 0.0248933 1428500.0
166 0.05345 8.83423e-05 -615.646 273.127 5.02462 5.02461 0.0395288 0.103133 1428560.0
165 0.05355 8.83406e-05 -615.656 273.114 5.02427 5.02394 -0.0689161 -0.138679 1428250.0
164 0.05365 8.83413e-05 -615.654 273.13 5.02462 5.02429 0.076702 -0.0351904 1428550.0
163 0.05375 8.8341e-05 -615.654 273.129 5.02459 5.02411 0.123552 -0.0697608 1428540.0
162 0.05385 8.8342e-05 -615.647 273.129 5.02464 5.02437 0.110012 0.00357833 1428610.0
161 0.05395 8.83421e-05 -615.652 273.133 5.02471 5.0243 0.154662 -0.0232936 1428620.0
160 0.05405 8.83426e-05 -615.641 273.138 5.02484 5.02479 0.224893 0.181444 1428850.0
159 0.05415 8.83429e-05 -615.641 273.132 5.02476 5.0248 0.120938 0.148558 1428720.0
158 0.05425 8.83426e-05 -615.64 273.13 5.02469 5.02459 0.113799 0.026286 1428600.0
157 0.05435 8.83436e-05 -615.638 273.129 5.02472 5.025 0.0672312 0.123145 1428700.0
156 0.05445 8.83421e-05 -615.643 273.129 5.02464 5.0247 0.0706647 -0.000502031 1428640.0
155 0.05455 8.83406e-05 -615.655 273.118 5.02435 5.02407 -0.0322548 -0.193718 1428320.0
154 0.05465 8.8344e-05 -615.633 273.139 5.02494 5.02538 0.170735 0.142852 1428960.0
153 0.05475 8.83442e-05 -615.628 273.137 5.02492 5.02546 0.139417 0.123577 1428930.0
152 0.05485 8.8342e-05 -615.65 273.119 5.02446 5.02445 -0.0662863 -0.168644 1428430.0
151 0.05495 8.83456e-05 -615.625 273.15 5.02523 5.02575 0.319441 0.311532 1429250.0
150 0.05505 8.8348e-05 -615.603 273.167 5.02568 5.0268 0.540148 0.721085 1429790.0
149 0.05515 8.83469e-05 -615.617 273.164 5.02555 5.02612 0.480166 0.415314 1429550.0
148 0.05525 8.83476e-05 -615.608 273.17 5.02572 5.02669 0.529136 0.612549 1429750.0
147 0.05535 8.83444e-05 -615.632 273.141 5.02499 5.02537 0.19295 0.120011 1428950.0
146 0.05545 8.83444e-05 -615.633 273.132 5.02482 5.02527 0.0468995 0.14101 1428790.0
145 0.05555 8.83433e-05 -615.64 273.135 5.02482 5.02496 0.158008 0.141105 1428840.0
144 0.05565 8.8346e-05 -615.62 273.16 5.02543 5.02614 0.466562 0.5957 1429530.0
143 0.05575 8.8346e-05 -615.62 273.154 5.02533 5.02612 0.395397 0.514998 1429450.0
142 0.05585 8.83426e-05 -615.644 273.139 5.02486 5.02478 0.232907 0.0442673 1428900.0
141 0.05595 8.83413e-05 -615.651 273.132 5.02466 5.0243 0.15691 -0.0637484 1428650.0
140 0.05605 8.83422e-05 -615.642 273.134 5.02475 5.02476 0.132848 0.126716 1428770.0
139 0.05615 8.83411e-05 -615.65 273.134 5.02468 5.02437 0.171499 0.00186408 1428720.0
138 0.05625 8.83402e-05 -615.655 273.125 5.02446 5.02403 0.0735794 -0.148547 1428540.0
137 0.05635 8.83422e-05 -615.638 273.14 5.02486 5.02484 0.240112 0.0813732 1428940.0
136 0.05645 8.83413e-05 -615.645 273.132 5.02465 5.02453 0.159712 -0.108431 1428740.0
135 0.05655 8.83437e-05 -615.627 273.152 5.02515 5.02566 0.366542 0.325837 1429280.0
134 0.05665 8.83434e-05 -615.63 273.15 5.0251 5.02554 0.320953 0.228611 1429200.0
133 0.05675 8.83473e-05 -615.602 273.18 5.02588 5.02712 0.701859 0.883433 1430100.0
132 0.05685 8.83432e-05 -615.628 273.148 5.02506 5.02543 0.32148 0.336957 1429190.0
131 0.05695 8.83398e-05 -615.653 273.132 5.02456 5.02445 0.089846 -0.0226881 1428640.0
130 0.05705 8.8339e-05 -615.659 273.123 5.02436 5.02405 0.0126773 0.00542652 1428450.0
129 0.05715 8.83438e-05 -615.622 273.162 5.02535 5.02602 0.488632 0.710477 1429550.0
128 0.05725 8.83455e-05 -615.614 273.168 5.02555 5.02646 0.537587 0.825586 1429690.0
127 0.05735 8.83456e-05 -615.613 273.175 5.02568 5.02654 0.673603 0.876054 1429800.0
126 0.05745 8.83447e-05 -615.622 273.163 5.02541 5.02609 0.540525 0.75835 1429490.0
125 0.05755 8.83405e-05 -615.648 273.139 5.02473 5.02473 0.236197 0.339585 1428760.0
124 0.05765 8.8342e-05 -615.633 273.15 5.02502 5.02539 0.341029 0.53241 1429130.0
123 0.05775 8.83392e-05 -615.659 273.132 5.02454 5.02405 0.202047 0.136373 1428550.0
122 0.05785 8.83394e-05 -615.66 273.138 5.02466 5.02403 0.304779 0.197568 1428640.0
121 0.05795 8.83371e-05 -615.675 273.126 5.0243 5.02307 0.186471 -0.0502298 1428180.0
120 0.05805 8.83399e-05 -615.655 273.144 5.02481 5.02427 0.371511 0.378925 1428760.0
119 0.05815 8.83386e-05 -615.667 273.134 5.02454 5.02351 0.294021 0.222039 1428410.0
118 0.05825 8.83437e-05 -615.634 273.169 5.02547 5.02533 0.6659 0.799352 1429420.0
117 0.05835 8.83416e-05 -615.649 273.143 5.02487 5.02449 0.354668 0.460307 1428780.0
116 0.05845 8.83403e-05 -615.649 273.142 5.02479 5.02433 0.299407 0.380324 1428670.0
115 0.05855 8.83422e-05 -615.641 273.148 5.02501 5.02483 0.351257 0.630735 1428840.0
114 0.05865 8.83397e-05 -615.654 273.145 5.0248 5.02406 0.350019 0.423059 1428610.0
113 0.05875 8.83385e-05 -615.667 273.14 5.02465 5.02358 0.367635 0.32053 1428490.0
112 0.05885 8.83425e-05 -615.637 273.161 5.02526 5.02503 0.53884 0.75748 1429170.0
111 0.05895 8.83413e-05 -615.648 273.158 5.02512 5.02438 0.542607 0.529493 1428910.0
110 0.05905 8.83406e-05 -615.648 273.156 5.02506 5.02448 0.493538 0.596152 1428920.0
109 0.05915 8.83419e-05 -615.641 273.163 5.02527 5.02493 0.56877 0.732195 1429110.0
108 0.05925 8.83387e-05 -615.662 273.137 5.0246 5.02366 0.27146 0.303973 1428420.0
107 0.05935 8.83386e-05 -615.659 273.138 5.02461 5.02383 0.311846 0.401099 1428480.0
106 0.05945 8.83377e-05 -615.67 273.13 5.02442 5.02345 0.185569 0.209305 1428230.0
105 0.05955 8.83377e-05 -615.665 273.136 5.02452 5.02353 0.279054 0.283041 1428360.0
104 0.05965 8.83413e-05 -615.639 273.156 5.02509 5.02485 0.501677 0.684932 1429000.0
103 0.05975 8.83376e-05 -615.661 273.136 5.02452 5.02363 0.303124 0.26986 1428440.0
102 0.05985 8.83394e-05 -615.656 273.14 5.02468 5.02404 0.295223 0.354874 1428590.0
101 0.05995 8.83405e-05 -615.645 273.14 5.02475 5.02455 0.23409 0.449617 1428700.0
100 0.06005 8.83386e-05 -615.656 273.13 5.02446 5.02397 0.143287 0.297617 1428400.0
99 0.06015 8.83389e-05 -615.655 273.131 5.0245 5.02399 0.122295 0.305483 1428330.0
98 0.06025 8.83382e-05 -615.657 273.127 5.02438 5.02378 0.114506 0.253064 1428280.0
97 0.06035 8.83365e-05 -615.669 273.127 5.02428 5.02326 0.112648 0.109697 1428140.0
96 0.06045 8.83385e-05 -615.657 273.135 5.02455 5.02385 0.218765 0.286126 1428460.0
95 0.06055 8.83386e-05 -615.659 273.125 5.02436 5.02371 0.0437926 0.243277 1428120.0
94 0.06065 8.83381e-05 -615.656 273.138 5.02459 5.0239 0.261668 0.398907 1428440.0
93 0.06075 8.83391e-05 -615.649 273.149 5.02485 5.02434 0.430953 0.642094 1428780.0
92 0.06085 8.8339e-05 -615.651 273.144 5.02475 5.0243 0.352128 0.577916 1428670.0
91 0.06095 8.8339e-05 -615.652 273.133 5.02454 5.02406 0.209963 0.42812 1428420.0
90 0.06105 8.83381e-05 -615.661 273.127 5.02439 5.02375 0.128394 0.373202 1428270.0
89 0.06115 8.83398e-05 -615.651 273.139 5.0247 5.02433 0.301582 0.601658 1428610.0
88 0.06125 8.83406e-05 -615.644 273.151 5.02497 5.02474 0.4232 0.739854 1428860.0
87 0.06135 8.83397e-05 -615.649 273.15 5.02489 5.02446 0.426576 0.709714 1428830.0
86 0.06145 8.83388e-05 -615.651 273.148 5.02481 5.02423 0.453797 0.589812 1428770.0
85 0.06155 8.83361e-05 -615.674 273.124 5.0242 5.02297 0.142432 0.107156 1428030.0
84 0.06165 8.83333e-05 -615.692 273.112 5.02384 5.02215 0.011261 -0.17105 1427670.0
83 0.06175 8.83353e-05 -615.679 273.118 5.02405 5.0228 0.0741529 0.127721 1427860.0
82 0.06185 8.83341e-05 -615.685 273.118 5.02398 5.02252 0.0849634 -0.0743521 1427770.0
81 0.06195 8.83347e-05 -615.684 273.116 5.02398 5.02255 0.0500982 -0.0845038 1427720.0
80 0.06205 8.83424e-05 -615.63 273.16 5.02523 5.02543 0.501805 0.94286 1429090.0
79 0.06215 8.83401e-05 -615.645 273.147 5.02486 5.02454 0.358854 0.62608 1428630.0
78 0.06225 8.83436e-05 -615.622 273.165 5.02539 5.02578 0.564728 0.968361 1429270.0
77 0.06235 8.83406e-05 -615.64 273.157 5.02508 5.02486 0.495266 0.713602 1428880.0
76 0.06245 8.83378e-05 -615.663 273.133 5.02448 5.02367 0.213692 0.339855 1428200.0
75 0.06255 8.83372e-05 -615.67 273.128 5.02434 5.02336 0.164246 0.191727 1428050.0
74 0.06265 8.83364e-05 -615.67 273.124 5.02422 5.02325 0.13545 0.197937 1427960.0
73 0.06275 8.83339e-05 -615.689 273.109 5.02382 5.02223 -0.0441533 -0.172862 1427450.0
72 0.06285 8.83306e-05 -615.709 273.095 5.02336 5.02118 -0.182368 -0.437668 1426950.0
71 0.06295 8.83377e-05 -615.665 273.132 5.02445 5.02368 0.176843 0.213626 1428140.0
70 0.06305 8.83386e-05 -615.654 273.141 5.02467 5.02421 0.353043 0.481207 1428440.0
69 0.06315 8.83377e-05 -615.661 273.136 5.02452 5.02382 0.281429 0.418518 1428250.0
68 0.06325 8.83349e-05 -615.677 273.123 5.02412 5.02292 0.178252 0.154071 1427830.0
67 0.06335 8.83379e-05 -615.659 273.14 5.0246 5.02397 0.358404 0.434837 1428370.0
66 0.06345 8.83363e-05 -615.667 273.14 5.02451 5.02354 0.382055 0.255208 1428260.0
65 0.06355 8.8338e-05 -615.655 273.143 5.02467 5.02421 0.408156 0.506135 1428470.0
64 0.06365 8.83368e-05 -615.662 273.137 5.02449 5.02362 0.315292 0.268531 1428150.0
63 0.06375 8.83355e-05 -615.669 273.128 5.02424 5.02323 0.159237 0.1355 1427880.0
62 0.06385 8.83354e-05 -615.675 273.132 5.02431 5.02309 0.263075 0.186332 1427900.0
61 0.06395 8.83367e-05 -615.66 273.142 5.02458 5.0239 0.385609 0.518299 1428310.0
60 0.06405 8.83353e-05 -615.671 273.128 5.02423 5.02326 0.195942 0.281007 1427900.0
59 0.06415 8.83366e-05 -615.662 273.139 5.02451 5.02381 0.315422 0.473062 1428200.0
58 0.06425 8.83376e-05 -615.657 273.147 5.02473 5.02413 0.465681 0.597268 1428520.0
57 0.06435 8.83373e-05 -615.658 273.142 5.02461 5.02395 0.423375 0.567843 1428420.0
56 0.06445 8.83386e-05 -615.651 273.154 5.0249 5.02435 0.507021 0.642315 1428620.0
55 0.06455 8.8335e-05 -615.673 273.126 5.02418 5.02321 0.174818 0.275123 1427920.0
54 0.06465 8.83341e-05 -615.678 273.13 5.02421 5.0229 0.244686 0.170803 1427900.0
53 0.06475 8.83358e-05 -615.668 273.134 5.02438 5.02354 0.286681 0.411786 1428090.0
52 0.06485 8.83362e-05 -615.666 273.13 5.02432 5.0234 0.216852 0.35581 1427970.0
51 0.06495 8.83362e-05 -615.666 273.134 5.02439 5.0236 0.225276 0.395627 1428020.0
50 0.06505 8.83389e-05 -615.647 273.147 5.02479 5.02462 0.410713 0.787289 1428520.0
49 0.06515 8.83385e-05 -615.651 273.146 5.02476 5.02439 0.443829 0.721502 1428490.0
48 0.06525 8.83365e-05 -615.664 273.138 5.0245 5.0237 0.333182 0.513287 1428170.0
47 0.06535 8.83384e-05 -615.648 273.146 5.02475 5.02452 0.427963 0.799073 1428520.0
46 0.06545 8.83391e-05 -615.643 273.15 5.02486 5.02477 0.455616 0.851914 1428650.0
45 0.06555 8.83354e-05 -615.673 273.123 5.02416 5.02328 0.120312 0.272066 1427840.0
44 0.06565 8.83356e-05 -615.672 273.124 5.02418 5.0232 0.144857 0.316511 1427800.0
43 0.06575 8.83363e-05 -615.665 273.132 5.02437 5.02356 0.271613 0.41208 1428120.0
42 0.06585 8.83371e-05 -615.664 273.124 5.02426 5.02347 0.111184 0.315912 1427930.0
41 0.06595 8.83391e-05 -615.651 273.134 5.02456 5.02419 0.261343 0.536425 1428270.0
40 0.06605 8.83368e-05 -615.669 273.124 5.02426 5.0234 0.139932 0.288785 1427870.0
39 0.06615 8.83401e-05 -615.642 273.134 5.02462 5.02469 0.175056 0.728549 1428290.0
38 0.06625 8.83384e-05 -615.66 273.116 5.02419 5.02367 0.00868202 0.438437 1427770.0
37 0.06635 8.83361e-05 -615.677 273.111 5.02397 5.02292 -0.0667004 0.222751 1427480.0
36 0.06645 8.83344e-05 -615.685 273.104 5.02374 5.0223 -0.120512 0.073834 1427230.0
35 0.06655 8.83348e-05 -615.686 273.104 5.02378 5.02222 -0.0800538 0.0431392 1427180.0
34 0.06665 8.83393e-05 -615.656 273.135 5.0246 5.02401 0.232234 0.632309 1428070.0
33 0.06675 8.83366e-05 -615.669 273.12 5.02417 5.02314 0.0474545 0.410302 1427580.0
32 0.06685 8.83363e-05 -615.675 273.121 5.02416 5.02286 0.110347 0.269082 1427500.0
31 0.06695 8.8335e-05 -615.679 273.112 5.02392 5.0225 0.0131581 0.132839 1427230.0
30 0.06705 8.83376e-05 -615.666 273.131 5.02442 5.02339 0.254841 0.419888 1427740.0
29 0.06715 8.83377e-05 -615.661 273.137 5.02453 5.02357 0.315851 0.527341 1427850.0
28 0.06725 8.83359e-05 -615.672 273.129 5.02429 5.02304 0.262469 0.398083 1427570.0
27 0.06735 8.83394e-05 -615.651 273.146 5.0248 5.0241 0.469049 0.800877 1428140.0
26 0.06745 8.83382e-05 -615.66 273.147 5.02475 5.02372 0.504902 0.694907 1428050.0
25 0.06755 8.83389e-05 -615.653 273.15 5.02484 5.0239 0.530385 0.800417 1428120.0
24 0.06765 8.83355e-05 -615.68 273.126 5.02422 5.02267 0.242746 0.335755 1427400.0
23 0.06775 8.83344e-05 -615.686 273.121 5.02406 5.02221 0.199783 0.27204 1427200.0
22 0.06785 8.83356e-05 -615.678 273.125 5.02419 5.02279 0.269116 0.523524 1427390.0
21 0.06795 8.83372e-05 -615.668 273.132 5.02443 5.0232 0.305302 0.576671 1427560.0
20 0.06805 8.83365e-05 -615.674 273.129 5.02432 5.02303 0.262491 0.503865 1427480.0
19 0.06815 8.83404e-05 -615.645 273.155 5.02503 5.02453 0.576418 1.11362 1428250.0
18 0.06825 8.83384e-05 -615.666 273.142 5.02468 5.02342 0.458006 0.750311 1427790.0
17 0.06835 8.83402e-05 -615.649 273.147 5.02487 5.02425 0.48324 1.07318 1428090.0
16 0.06845 8.83419e-05 -615.641 273.156 5.02513 5.0248 0.565158 1.23564 1428340.0
15 0.06855 8.834e-05 -615.652 273.141 5.02475 5.02405 0.373411 0.900436 1427880.0
14 0.06865 8.83407e-05 -615.648 273.145 5.02485 5.02437 0.439786 1.05335 1428020.0
13 0.06875 8.83365e-05 -615.677 273.125 5.02426 5.02282 0.24683 0.635122 1427310.0
12 0.06885 8.83404e-05 -615.648 273.15 5.02493 5.02427 0.503219 1.10003 1428010.0
11 0.06895 8.83405e-05 -615.652 273.149 5.02492 5.02433 0.514774 1.1677 1428030.0
10 0.06905 8.83403e-05 -615.645 273.154 5.02499 5.02443 0.528904 1.12055 1428110.0
9 0.06915 8.83385e-05 -615.658 273.14 5.02465 5.02386 0.422828 0.988201 1427770.0
8 0.06925 8.83421e-05 -615.636 273.167 5.02534 5.02511 0.758196 1.30366 1428550.0
7 0.06935 8.83413e-05 -615.64 273.16 5.02516 5.02481 0.673819 1.20101 1428360.0
6 0.06945 8.83394e-05 -615.654 273.15 5.02487 5.02416 0.533617 0.96256 1428030.0
5 0.06955 8.83385e-05 -615.657 273.141 5.02467 5.02395 0.437728 0.955878 1427840.0
4 0.06965 8.83409e-05 -615.643 273.16 5.02516 5.02471 0.683506 1.2985 1428290.0
3 0.06975 8.83373e-05 -615.664 273.142 5.02461 5.02351 0.496485 1.03011 1427740.0
2 0.06985 8.83379e-05 -615.659 273.149 5.02477 5.02374 0.583878 1.14688 1427880.0
1 0.06995 8.83371e-05 -615.67 273.135 5.02448 5.02315 0.435377 0.923599 1427470.0
