TITLE = "DSMC"
VARIABLES = "ID" "X" "rho" "v1" "Ttrans" "p" "p1" "q1" "mv1v1v1" "mvvv1v1"
ZONE T="Ma=2.0_inv", I=1000, J=1, K=1, F=POINT
1000 -0.02995 0.000201908 -269.344 567.448 23.8588 23.8588 -0.474371 -0.820777 14097700.0
999 -0.02985 0.000201902 -269.353 567.453 23.8583 23.8583 -0.192744 -0.165426 14097400.0
998 -0.02975 0.00020191 -269.34 567.449 23.8591 23.8589 -0.616359 -0.553078 14097500.0
997 -0.02965 0.000201931 -269.313 567.441 23.8612 23.8605 -1.37105 -1.59326 14097800.0
996 -0.02955 0.000201939 -269.301 567.435 23.862 23.861 -1.76684 -2.08356 14098000.0
995 -0.02945 0.000201914 -269.335 567.454 23.8598 23.8595 -0.590612 -0.465149 14097700.0
994 -0.02935 0.000201914 -269.335 567.482 23.861 23.8589 -0.153808 -0.378195 14097200.0
993 -0.02925 0.000201909 -269.341 567.493 23.8609 23.8588 0.0941583 -0.288522 14097500.0
992 -0.02915 0.000201914 -269.335 567.466 23.8603 23.8589 -0.524668 -0.413947 14097100.0
991 -0.02905 0.000201925 -269.317 567.465 23.8616 23.8601 -0.713669 -0.855382 14097600.0
990 -0.02895 0.000201929 -269.312 567.513 23.8641 23.8604 -0.0969305 -1.27559 14098000.0
989 -0.02885 0.00020194 -269.3 567.499 23.8648 23.861 -0.78338 -2.36733 14097900.0
988 -0.02875 0.000201932 -269.312 567.491 23.8634 23.8605 -0.563306 -1.75972 14097300.0
987 -0.02865 0.000201921 -269.324 567.49 23.8622 23.8596 -0.230913 -0.925526 14097200.0
986 -0.02855 0.000201919 -269.327 567.489 23.8619 23.8595 -0.288503 -0.70117 14097300.0
985 -0.02845 0.000201913 -269.334 567.439 23.859 23.8591 -0.925361 -0.37531 14096800.0
984 -0.02835 0.00020191 -269.338 567.46 23.8596 23.8585 -0.391319 -0.573305 14096600.0
983 -0.02825 0.000201903 -269.345 567.474 23.8593 23.8585 -0.0932547 -0.0640427 14096700.0
982 -0.02815 0.000201914 -269.33 567.489 23.8613 23.8589 -0.186461 -0.816023 14097000.0
981 -0.02805 0.000201921 -269.322 567.481 23.8618 23.8594 -0.574197 -1.54281 14097100.0
980 -0.02795 0.000201898 -269.352 567.473 23.8587 23.8576 0.0660159 0.449819 14096100.0
979 -0.02785 0.000201889 -269.366 567.477 23.8579 23.8574 0.412218 1.20377 14096100.0
978 -0.02775 0.000201892 -269.361 567.512 23.8596 23.8572 0.83144 1.19244 14096200.0
977 -0.02765 0.000201922 -269.322 567.501 23.8627 23.8595 -0.303791 -0.847994 14096900.0
976 -0.02755 0.000201897 -269.355 567.499 23.8597 23.8578 0.560954 0.925253 14096300.0
975 -0.02745 0.000201906 -269.341 567.482 23.8601 23.8579 -0.169513 0.0821058 14095800.0
974 -0.02735 0.000201908 -269.34 567.491 23.8607 23.8587 0.104566 0.313953 14096700.0
973 -0.02725 0.000201938 -269.301 567.456 23.8628 23.8606 -1.42033 -2.01811 14097100.0
972 -0.02715 0.000201934 -269.307 567.46 23.8625 23.8603 -1.27896 -1.65148 14097200.0
971 -0.02705 0.000201924 -269.319 567.463 23.8614 23.8596 -0.892912 -1.14668 14097200.0
970 -0.02695 0.000201917 -269.329 567.426 23.859 23.8588 -1.35946 -0.35693 14095900.0
969 -0.02685 0.000201929 -269.314 567.422 23.8602 23.8599 -1.83214 -1.08205 14096400.0
968 -0.02675 0.000201932 -269.31 567.422 23.8606 23.8596 -1.98739 -1.43873 14096100.0
967 -0.02665 0.000201924 -269.32 567.429 23.86 23.8587 -1.52696 -0.712986 14095800.0
966 -0.02655 0.000201918 -269.33 567.469 23.8609 23.8586 -0.685342 0.0387014 14096700.0
965 -0.02645 0.00020192 -269.326 567.458 23.8607 23.8583 -1.0503 -0.619652 14096400.0
964 -0.02635 0.000201939 -269.301 567.453 23.8628 23.8599 -1.59942 -1.89852 14096900.0
963 -0.02625 0.000201923 -269.323 567.472 23.8616 23.859 -0.695884 -0.338932 14096700.0
962 -0.02615 0.000201921 -269.324 567.517 23.8632 23.8588 0.143898 -0.186543 14096900.0
961 -0.02605 0.00020192 -269.326 567.492 23.8621 23.8587 -0.455634 -0.699284 14096800.0
960 -0.02595 0.000201919 -269.329 567.52 23.8631 23.8592 -0.0287153 -0.350206 14097300.0
959 -0.02585 0.000201909 -269.341 567.464 23.8597 23.8579 -0.498542 0.102669 14096200.0
958 -0.02575 0.000201907 -269.344 567.443 23.8585 23.8578 -0.808102 0.0075671 14095800.0
957 -0.02565 0.000201902 -269.352 567.461 23.8586 23.8575 -0.455147 0.0733512 14096100.0
956 -0.02555 0.000201895 -269.36 567.483 23.8587 23.8571 0.206224 0.767758 14095900.0
955 -0.02545 0.000201882 -269.376 567.461 23.8563 23.8557 0.307129 1.47571 14095500.0
954 -0.02535 0.000201888 -269.37 567.495 23.8585 23.8566 0.700342 1.0099 14096500.0
953 -0.02525 0.000201884 -269.373 567.456 23.8563 23.8561 -0.0365006 0.534889 14095800.0
952 -0.02515 0.000201892 -269.364 567.456 23.8572 23.8569 -0.241872 -0.073721 14096100.0
951 -0.02505 0.000201878 -269.38 567.478 23.8565 23.8563 0.727246 0.944281 14095800.0
950 -0.02495 0.000201884 -269.369 567.479 23.8573 23.8566 0.347905 0.523096 14096100.0
949 -0.02485 0.000201884 -269.371 567.525 23.8593 23.8566 1.20267 0.509848 14096700.0
948 -0.02475 0.00020188 -269.374 567.512 23.8583 23.8562 0.984181 0.896185 14095900.0
947 -0.02465 0.000201893 -269.359 567.471 23.858 23.8572 -0.0689161 -0.172535 14096100.0
946 -0.02455 0.000201892 -269.361 567.474 23.858 23.8574 0.0634512 0.00968322 14096200.0
945 -0.02445 0.000201885 -269.37 567.457 23.8566 23.8566 -0.165746 0.570439 14095600.0
944 -0.02435 0.000201896 -269.358 567.483 23.8588 23.8577 0.185015 0.196191 14096300.0
943 -0.02425 0.00020189 -269.365 567.456 23.857 23.8568 -0.0524121 0.405059 14095600.0
942 -0.02415 0.000201913 -269.335 567.425 23.8584 23.8585 -1.22639 -1.39366 14096300.0
941 -0.02405 0.00020191 -269.338 567.457 23.8595 23.8584 -0.69325 -0.892211 14096400.0
940 -0.02395 0.000201924 -269.316 567.432 23.8601 23.8597 -1.64697 -1.83707 14096700.0
939 -0.02385 0.000201922 -269.319 567.476 23.8617 23.8595 -0.885012 -1.4819 14097000.0
938 -0.02375 0.000201929 -269.308 567.51 23.8639 23.86 -0.577086 -1.83758 14097500.0
937 -0.02365 0.000201915 -269.33 567.515 23.8625 23.859 0.0610169 -0.453753 14097500.0
936 -0.02355 0.000201918 -269.325 567.499 23.8622 23.8589 -0.429369 -0.854185 14097200.0
935 -0.02345 0.000201919 -269.325 567.482 23.8616 23.859 -0.641144 -0.910527 14097000.0
934 -0.02335 0.000201904 -269.345 567.47 23.8593 23.8581 -0.313125 0.0685704 14096800.0
933 -0.02325 0.000201894 -269.356 567.476 23.8584 23.8571 0.0279732 0.571163 14096300.0
932 -0.02315 0.000201887 -269.367 567.458 23.8568 23.8569 -0.0428495 0.926974 14096500.0
931 -0.02305 0.000201893 -269.36 567.454 23.8573 23.8572 -0.272703 0.771943 14096300.0
930 -0.02295 0.000201872 -269.388 567.516 23.8574 23.8556 1.44427 2.40584 14096100.0
929 -0.02285 0.000201893 -269.36 567.493 23.859 23.857 0.464417 0.703992 14096200.0
928 -0.02275 0.000201885 -269.37 567.463 23.8568 23.8566 0.13253 1.40051 14095900.0
927 -0.02265 0.000201868 -269.394 567.478 23.8553 23.8554 0.911875 2.44115 14095600.0
926 -0.02255 0.000201892 -269.363 567.484 23.8585 23.8571 0.342515 0.852676 14096200.0
925 -0.02245 0.00020191 -269.339 567.452 23.8592 23.8585 -0.80849 -0.139917 14096300.0
924 -0.02235 0.000201909 -269.342 567.51 23.8616 23.858 0.362041 -0.206517 14096500.0
923 -0.02225 0.00020191 -269.341 567.516 23.8619 23.8588 0.256508 -0.123667 14096900.0
922 -0.02215 0.000201897 -269.359 567.518 23.8605 23.8576 0.853739 0.861869 14096500.0
921 -0.02205 0.000201908 -269.342 567.521 23.8619 23.8582 0.684818 0.0870405 14096900.0
920 -0.02195 0.000201911 -269.34 567.495 23.8612 23.8581 -0.000629799 -0.469532 14096600.0
919 -0.02185 0.000201902 -269.35 567.488 23.8598 23.8575 0.0503317 -0.0491512 14096200.0
918 -0.02175 0.000201911 -269.339 567.488 23.8609 23.8583 -0.125134 -0.514678 14096600.0
917 -0.02165 0.000201917 -269.333 567.509 23.8625 23.8588 0.111393 -0.952619 14097100.0
916 -0.02155 0.000201915 -269.332 567.479 23.861 23.859 -0.472248 -0.992988 14097100.0
915 -0.02145 0.000201921 -269.327 567.519 23.8633 23.8592 0.162634 -1.01038 14097600.0
914 -0.02135 0.000201908 -269.344 567.528 23.8622 23.8583 0.689803 -0.0955298 14097600.0
913 -0.02125 0.0002019 -269.353 567.506 23.8604 23.8576 0.548005 0.112775 14097200.0
912 -0.02115 0.000201904 -269.352 567.529 23.8617 23.8582 0.805294 0.0843856 14097600.0
911 -0.02105 0.0002019 -269.356 567.512 23.8606 23.8577 0.831202 0.470457 14097300.0
910 -0.02095 0.000201903 -269.352 567.469 23.8592 23.858 -0.0323251 0.354065 14097300.0
909 -0.02085 0.000201893 -269.367 567.494 23.859 23.8574 0.695961 1.11054 14097400.0
908 -0.02075 0.000201896 -269.363 567.499 23.8596 23.8577 0.682484 0.945133 14097600.0
907 -0.02065 0.000201893 -269.367 567.506 23.8595 23.8572 1.04969 1.48994 14097600.0
906 -0.02055 0.000201919 -269.329 567.489 23.8619 23.8593 -0.208284 -0.733438 14098300.0
905 -0.02045 0.000201914 -269.338 567.511 23.8622 23.8592 0.236528 -0.421686 14098400.0
904 -0.02035 0.000201922 -269.328 567.488 23.8622 23.8596 -0.379403 -1.01249 14098000.0
903 -0.02025 0.000201912 -269.339 567.491 23.8611 23.859 -0.0964493 -0.31592 14097700.0
902 -0.02015 0.000201919 -269.33 567.486 23.8617 23.8595 -0.236782 -0.810506 14097700.0
901 -0.02005 0.000201884 -269.378 567.506 23.8584 23.8567 1.25458 2.02166 14097000.0
900 -0.01995 0.000201909 -269.343 567.478 23.8602 23.8586 -0.0597676 0.363194 14097600.0
899 -0.01985 0.000201905 -269.345 567.469 23.8594 23.8584 -0.163667 0.558546 14097300.0
898 -0.01975 0.000201904 -269.349 567.5 23.8605 23.8585 0.449275 0.668162 14097300.0
897 -0.01965 0.000201916 -269.33 567.477 23.861 23.8594 -0.427611 -0.264868 14097000.0
896 -0.01955 0.0002019 -269.355 567.515 23.8607 23.8582 0.624026 0.895191 14096800.0
895 -0.01945 0.000201888 -269.369 567.508 23.8589 23.857 0.946977 1.3899 14096500.0
894 -0.01935 0.0002019 -269.352 567.505 23.8603 23.8582 0.66758 0.931766 14096800.0
893 -0.01925 0.000201894 -269.36 567.513 23.86 23.8571 1.11788 1.61175 14096700.0
892 -0.01915 0.000201901 -269.352 567.498 23.8601 23.8577 0.440017 1.14199 14096800.0
891 -0.01905 0.000201902 -269.347 567.512 23.8609 23.8583 0.527631 1.07676 14097400.0
890 -0.01895 0.000201921 -269.323 567.51 23.863 23.8597 -0.148651 -0.400637 14097700.0
889 -0.01885 0.000201912 -269.333 567.513 23.8621 23.8586 0.295208 0.197946 14097000.0
888 -0.01875 0.000201891 -269.364 567.499 23.859 23.8578 0.928074 2.13193 14096900.0
887 -0.01865 0.000201894 -269.36 567.497 23.8592 23.8575 0.800074 1.72572 14096500.0
886 -0.01855 0.000201878 -269.381 567.542 23.8593 23.8564 2.01486 2.61 14096700.0
885 -0.01845 0.000201885 -269.372 567.534 23.8598 23.857 1.62616 2.05571 14097000.0
884 -0.01835 0.000201887 -269.37 567.514 23.8591 23.8573 1.24238 1.57109 14097100.0
883 -0.01825 0.000201909 -269.338 567.482 23.8604 23.8586 -0.0546836 -0.239623 14097100.0
882 -0.01815 0.0002019 -269.351 567.542 23.8619 23.8583 1.14003 0.918107 14097800.0
881 -0.01805 0.000201914 -269.332 567.51 23.8622 23.8593 0.272964 -0.228382 14097900.0
880 -0.01795 0.000201896 -269.355 567.522 23.8606 23.858 1.18549 1.55891 14097200.0
879 -0.01785 0.000201885 -269.372 567.53 23.8595 23.8577 1.40567 2.62926 14097200.0
878 -0.01775 0.000201889 -269.366 567.508 23.8591 23.8572 1.0449 2.04974 14096600.0
877 -0.01765 0.000201892 -269.364 567.477 23.8581 23.8578 0.44711 1.80186 14096500.0
876 -0.01755 0.000201914 -269.336 567.464 23.8602 23.8592 -0.511537 0.208387 14096600.0
875 -0.01745 0.00020193 -269.312 567.474 23.8626 23.8601 -0.722843 -0.960442 14097100.0
874 -0.01735 0.000201909 -269.341 567.496 23.861 23.8591 0.140519 0.335362 14097400.0
873 -0.01725 0.000201926 -269.316 567.513 23.8638 23.8602 0.030473 -0.579789 14097800.0
872 -0.01715 0.000201926 -269.317 567.493 23.8628 23.86 -0.392932 -0.561267 14097400.0
871 -0.01705 0.00020191 -269.339 567.482 23.8605 23.8591 -0.103041 0.884122 14097000.0
870 -0.01695 0.000201928 -269.313 567.487 23.8628 23.8602 -0.590119 -0.474039 14097300.0
869 -0.01685 0.000201925 -269.319 567.487 23.8625 23.86 -0.476149 -0.77718 14097300.0
868 -0.01675 0.000201922 -269.323 567.487 23.8621 23.86 -0.346811 -0.66096 14097500.0
867 -0.01665 0.00020192 -269.323 567.511 23.8629 23.8602 -0.0403079 -0.40755 14097600.0
866 -0.01655 0.000201932 -269.309 567.533 23.8653 23.8613 0.0197105 -1.44848 14098500.0
865 -0.01645 0.000201936 -269.3 567.529 23.8656 23.8616 -0.104021 -1.36013 14098900.0
864 -0.01635 0.000201936 -269.298 567.491 23.8639 23.8612 -0.873308 -1.56881 14098000.0
863 -0.01625 0.000201922 -269.32 567.519 23.8635 23.8604 0.109116 -0.481492 14098200.0
862 -0.01615 0.000201935 -269.301 567.499 23.8641 23.8613 -0.548133 -1.69157 14098500.0
861 -0.01605 0.000201922 -269.315 567.528 23.8639 23.8605 0.228517 -0.823658 14098500.0
860 -0.01595 0.000201908 -269.335 567.545 23.8629 23.8593 0.86884 0.0487654 14098200.0
859 -0.01585 0.000201914 -269.327 567.541 23.8634 23.8599 0.761262 -0.31995 14098600.0
858 -0.01575 0.000201928 -269.307 567.546 23.8654 23.861 0.221786 -1.3411 14098600.0
857 -0.01565 0.000201918 -269.322 567.56 23.8647 23.8601 0.917537 -0.631782 14098200.0
856 -0.01555 0.000201917 -269.324 567.538 23.8637 23.8602 0.583319 -0.305885 14097900.0
855 -0.01545 0.00020191 -269.332 567.516 23.8619 23.8598 0.340216 0.0307117 14097500.0
854 -0.01535 0.000201883 -269.371 567.547 23.86 23.8575 1.75642 1.77677 14097000.0
853 -0.01525 0.000201889 -269.362 567.559 23.8613 23.8577 1.65822 1.34884 14096800.0
852 -0.01515 0.000201887 -269.365 567.529 23.8598 23.8579 1.35131 1.4954 14096500.0
851 -0.01505 0.000201883 -269.371 567.51 23.8585 23.8576 1.13472 1.78536 14096000.0
850 -0.01495 0.000201881 -269.374 567.531 23.8591 23.8579 1.45443 2.12548 14096600.0
849 -0.01485 0.000201869 -269.389 567.481 23.8556 23.8566 1.09582 2.87354 14095700.0
848 -0.01475 0.000201855 -269.407 567.521 23.8557 23.8556 2.12028 3.28048 14095600.0
847 -0.01465 0.000201845 -269.422 567.498 23.8535 23.8553 2.10997 3.74284 14095300.0
846 -0.01455 0.000201858 -269.403 567.535 23.8566 23.8561 2.31893 2.64801 14095900.0
845 -0.01445 0.000201875 -269.382 567.522 23.8581 23.8573 1.50532 1.83224 14096100.0
844 -0.01435 0.000201852 -269.411 567.547 23.8564 23.8553 2.6103 3.19688 14095000.0
843 -0.01425 0.000201843 -269.425 567.535 23.8548 23.8546 2.85605 3.67128 14094800.0
842 -0.01415 0.000201854 -269.411 567.538 23.8562 23.8558 2.38424 2.97883 14095300.0
841 -0.01405 0.000201863 -269.398 567.528 23.8568 23.8567 2.09163 2.24743 14095300.0
840 -0.01395 0.000201848 -269.415 567.494 23.8536 23.8554 1.95966 3.2858 14094300.0
839 -0.01385 0.000201854 -269.409 567.518 23.8554 23.8559 1.95662 2.37942 14095000.0
838 -0.01375 0.000201849 -269.413 567.557 23.8565 23.8556 2.73821 2.68345 14094800.0
837 -0.01365 0.000201858 -269.4 567.511 23.8556 23.856 1.90538 1.77003 14094200.0
836 -0.01355 0.00020186 -269.399 567.515 23.856 23.8562 1.86304 1.54676 14094500.0
835 -0.01345 0.00020185 -269.412 567.481 23.8534 23.8553 1.38158 2.18041 14093300.0
834 -0.01335 0.00020187 -269.386 567.473 23.8554 23.8567 0.782137 0.772488 14093900.0
833 -0.01325 0.000201869 -269.389 567.475 23.8553 23.8568 0.9713 0.892882 14093900.0
832 -0.01315 0.000201865 -269.393 567.5 23.856 23.8569 1.61616 1.40178 14093900.0
831 -0.01305 0.000201854 -269.406 567.489 23.8542 23.8558 1.64676 1.94906 14093100.0
830 -0.01295 0.000201844 -269.419 567.545 23.8554 23.8547 2.75552 2.29269 14093000.0
829 -0.01285 0.00020185 -269.412 567.531 23.8555 23.8553 2.44013 2.26012 14092800.0
828 -0.01275 0.000201845 -269.417 567.504 23.8538 23.8552 2.08483 2.496 14092200.0
827 -0.01265 0.000201837 -269.427 567.496 23.8524 23.8548 2.38878 3.11736 14092000.0
826 -0.01255 0.000201842 -269.42 567.528 23.8544 23.8553 2.64268 2.72688 14092500.0
825 -0.01245 0.000201843 -269.419 567.514 23.854 23.8551 2.32333 2.18411 14092100.0
824 -0.01235 0.000201841 -269.423 567.531 23.8544 23.8549 2.83691 2.61071 14092100.0
823 -0.01225 0.000201857 -269.401 567.516 23.8556 23.8558 1.81694 1.35418 14091900.0
822 -0.01215 0.000201862 -269.395 567.497 23.8555 23.8564 1.51468 1.16313 14092000.0
821 -0.01205 0.000201856 -269.403 567.471 23.8536 23.8558 1.27992 1.26301 14091400.0
820 -0.01195 0.000201854 -269.404 567.455 23.8527 23.8555 1.14129 1.41012 14091100.0
819 -0.01185 0.000201855 -269.403 567.467 23.8534 23.8557 1.07317 0.826622 14091300.0
818 -0.01175 0.000201842 -269.419 567.487 23.8527 23.8552 2.02273 1.85912 14091000.0
817 -0.01165 0.000201839 -269.425 567.479 23.8519 23.8546 1.95935 1.8953 14090300.0
816 -0.01155 0.00020185 -269.412 567.471 23.853 23.8553 1.49551 0.565524 14090300.0
815 -0.01145 0.000201819 -269.454 567.529 23.8517 23.853 3.57326 2.56955 14090100.0
814 -0.01135 0.000201815 -269.458 567.476 23.8491 23.8526 2.84326 2.41422 14089100.0
813 -0.01125 0.000201826 -269.446 567.459 23.8496 23.8537 2.26577 1.59284 14088900.0
812 -0.01115 0.000201801 -269.477 567.455 23.8465 23.8514 2.92642 2.80113 14087600.0
811 -0.01105 0.0002018 -269.48 567.503 23.8484 23.8517 3.79617 2.62418 14088100.0
810 -0.01095 0.000201773 -269.514 567.526 23.8462 23.8498 4.90207 3.96058 14087100.0
809 -0.01085 0.00020178 -269.505 567.481 23.8451 23.8507 3.90307 3.18871 14086900.0
808 -0.01075 0.000201767 -269.521 567.503 23.8445 23.8491 4.94094 4.01283 14085600.0
807 -0.01065 0.000201745 -269.551 567.497 23.8417 23.8479 5.42998 5.38694 14085100.0
806 -0.01055 0.000201745 -269.551 567.497 23.8417 23.8481 5.51288 5.19312 14084800.0
805 -0.01045 0.000201727 -269.574 567.462 23.838 23.8466 5.355 5.73395 14083200.0
804 -0.01035 0.000201708 -269.596 567.455 23.8355 23.8455 5.83932 6.72633 14082100.0
803 -0.01025 0.000201709 -269.595 567.454 23.8356 23.8454 6.02351 6.12797 14081400.0
802 -0.01015 0.0002017 -269.609 567.469 23.8351 23.845 6.45362 6.35 14080800.0
801 -0.01005 0.000201687 -269.626 567.434 23.8321 23.8439 6.28568 6.43218 14079600.0
800 -0.00995 0.00020167 -269.65 567.462 23.8314 23.8424 7.37846 7.75773 14078600.0
799 -0.00985 0.000201689 -269.622 567.483 23.8344 23.8442 7.08131 6.09509 14078900.0
798 -0.00975 0.000201662 -269.658 567.472 23.8308 23.8423 7.65512 7.64003 14077300.0
797 -0.00965 0.000201636 -269.69 567.504 23.8291 23.8405 9.05264 9.18987 14075900.0
796 -0.00955 0.000201622 -269.708 567.489 23.8268 23.8399 9.14799 9.16876 14074800.0
795 -0.00945 0.000201613 -269.721 567.507 23.8265 23.8391 9.71286 9.34633 14074200.0
794 -0.00935 0.000201592 -269.748 567.479 23.8227 23.8373 9.87624 10.1159 14072600.0
793 -0.00925 0.000201583 -269.761 567.459 23.8209 23.8368 9.8741 9.29171 14071700.0
792 -0.00915 0.000201557 -269.795 567.441 23.817 23.8351 10.2737 10.4767 14069800.0
791 -0.00905 0.00020154 -269.817 567.43 23.8146 23.8336 10.469 10.7816 14068300.0
790 -0.00895 0.000201515 -269.851 567.463 23.813 23.8317 12.0312 11.7608 14067100.0
789 -0.00885 0.000201475 -269.902 567.488 23.8093 23.8288 13.6171 13.3425 14065300.0
788 -0.00875 0.000201461 -269.922 567.484 23.8075 23.8277 14.017 13.3277 14063400.0
787 -0.00865 0.000201434 -269.959 567.492 23.8047 23.8261 15.0945 14.1725 14061500.0
786 -0.00855 0.000201408 -269.993 567.512 23.8025 23.8239 16.0622 14.7157 14059700.0
785 -0.00845 0.000201359 -270.058 567.488 23.7956 23.8206 17.246 16.7403 14056800.0
784 -0.00835 0.000201323 -270.106 567.473 23.7908 23.8181 18.0898 17.8535 14054100.0
783 -0.00825 0.000201291 -270.148 567.461 23.7865 23.8154 19.0301 18.888 14051800.0
782 -0.00815 0.00020126 -270.192 567.458 23.7827 23.8133 19.8411 19.4541 14049600.0
781 -0.00805 0.000201232 -270.227 567.411 23.7775 23.8111 19.9014 19.5488 14046500.0
780 -0.00795 0.000201194 -270.277 567.424 23.7735 23.8086 21.3863 20.5749 14044000.0
779 -0.00785 0.00020117 -270.312 567.385 23.7689 23.8065 21.5656 20.5105 14041100.0
778 -0.00775 0.000201109 -270.392 567.404 23.7626 23.8017 23.8282 22.518 14037500.0
777 -0.00765 0.000201068 -270.447 567.392 23.7572 23.799 24.8307 23.161 14034500.0
776 -0.00755 0.000201017 -270.517 567.353 23.7495 23.7951 25.8377 24.5194 14030900.0
775 -0.00745 0.000200957 -270.596 567.342 23.7421 23.791 27.441 25.7323 14027100.0
774 -0.00735 0.000200906 -270.666 567.317 23.735 23.7871 28.483 26.3637 14022400.0
773 -0.00725 0.000200853 -270.735 567.293 23.7277 23.7834 30.108 27.5403 14018200.0
772 -0.00715 0.000200785 -270.828 567.267 23.7186 23.7782 31.7513 29.1495 14013500.0
771 -0.00705 0.00020074 -270.886 567.22 23.7113 23.7752 32.3876 28.9084 14008900.0
770 -0.00695 0.00020065 -271.008 567.23 23.7011 23.7684 35.371 31.9043 14003300.0
769 -0.00685 0.00020058 -271.102 567.238 23.6931 23.7632 37.6484 33.1731 13998800.0
768 -0.00675 0.000200502 -271.205 567.185 23.6817 23.7575 39.2463 35.1743 13992700.0
767 -0.00665 0.000200416 -271.324 567.135 23.6695 23.7509 41.1037 37.0284 13986200.0
766 -0.00655 0.00020033 -271.439 567.107 23.6581 23.7447 43.4614 38.7789 13979900.0
765 -0.00645 0.000200235 -271.57 567.055 23.6448 23.7374 45.6778 40.6908 13973000.0
764 -0.00635 0.000200132 -271.708 567.043 23.632 23.7299 48.7898 42.9519 13966200.0
763 -0.00625 0.000200038 -271.836 567.022 23.6201 23.7228 51.4007 44.3663 13959700.0
762 -0.00615 0.000199936 -271.975 566.962 23.6055 23.7153 53.8072 45.9417 13952000.0
761 -0.00605 0.000199794 -272.169 566.968 23.589 23.7043 58.3497 49.7281 13943300.0
760 -0.00595 0.000199677 -272.329 566.866 23.5709 23.6956 60.406 51.2178 13934200.0
759 -0.00585 0.000199532 -272.526 566.836 23.5526 23.6851 64.7161 55.078 13925200.0
758 -0.00575 0.000199372 -272.747 566.754 23.5304 23.6734 68.372 58.9274 13914700.0
757 -0.00565 0.000199215 -272.959 566.668 23.5083 23.6614 71.9009 61.8698 13903200.0
756 -0.00555 0.00019906 -273.174 566.658 23.4896 23.6496 76.8983 65.0012 13893000.0
755 -0.00545 0.000198886 -273.414 566.584 23.4659 23.6365 80.973 68.146 13880900.0
754 -0.00535 0.000198693 -273.68 566.516 23.4403 23.6221 86.2218 72.2134 13868500.0
753 -0.00525 0.000198505 -273.939 566.398 23.4134 23.6081 90.3494 75.6208 13855300.0
752 -0.00515 0.000198271 -274.264 566.298 23.3815 23.5901 96.2035 81.7147 13840300.0
751 -0.00505 0.000198074 -274.536 566.171 23.3531 23.5749 100.383 83.7372 13825400.0
750 -0.00495 0.000197846 -274.852 566.07 23.3221 23.558 106.231 88.3171 13809900.0
749 -0.00485 0.000197616 -275.175 565.954 23.2902 23.5406 111.763 91.833 13793600.0
748 -0.00475 0.000197326 -275.578 565.835 23.2512 23.5183 119.114 98.2097 13774700.0
747 -0.00465 0.000197046 -275.968 565.672 23.2114 23.497 125.514 103.356 13755800.0
746 -0.00455 0.000196753 -276.378 565.475 23.1689 23.4745 131.783 108.509 13735500.0
745 -0.00445 0.000196405 -276.867 565.336 23.1221 23.4477 140.966 117.057 13713900.0
744 -0.00435 0.000196064 -277.349 565.169 23.0753 23.4219 149.373 124.147 13691700.0
743 -0.00425 0.000195726 -277.826 564.996 23.0284 23.3954 157.56 129.249 13668400.0
742 -0.00415 0.000195358 -278.351 564.767 22.9758 23.3667 165.999 135.545 13643300.0
741 -0.00405 0.000194941 -278.948 564.559 22.9182 23.3339 176.241 144.172 13616400.0
740 -0.00395 0.000194512 -279.564 564.334 22.8588 23.3007 186.449 152.383 13588300.0
739 -0.00385 0.000194068 -280.203 564.094 22.7968 23.2656 197.439 160.589 13558900.0
738 -0.00375 0.000193588 -280.9 563.779 22.7278 23.2276 208.297 170.028 13526600.0
737 -0.00365 0.000193077 -281.641 563.464 22.6551 23.1868 220.091 180.316 13492900.0
736 -0.00355 0.000192521 -282.455 563.206 22.5796 23.1422 234.614 192.206 13457700.0
735 -0.00345 0.000191968 -283.27 562.853 22.5006 23.098 247.381 202.108 13420700.0
734 -0.00335 0.000191374 -284.15 562.488 22.4164 23.0498 261.329 213.521 13381000.0
733 -0.00325 0.000190744 -285.092 562.086 22.3266 22.9987 275.953 226.121 13339500.0
732 -0.00315 0.000190094 -286.064 561.691 22.2349 22.9451 291.784 238.77 13295900.0
731 -0.00305 0.000189376 -287.149 561.231 22.1328 22.8857 308.654 254.129 13248500.0
730 -0.00295 0.000188603 -288.328 560.741 22.0232 22.8217 327.274 271.68 13198700.0
729 -0.00285 0.000187837 -289.503 560.215 21.9132 22.7573 344.905 286.287 13147100.0
728 -0.00275 0.000186998 -290.801 559.685 21.7947 22.6864 365.374 304.852 13092400.0
727 -0.00265 0.00018615 -292.128 559.027 21.6703 22.6137 384.224 322.088 13034200.0
726 -0.00255 0.000185217 -293.599 558.357 21.5359 22.5338 406.071 344.039 12972800.0
725 -0.00245 0.000184259 -295.128 557.699 21.3993 22.4502 429.037 365.195 12908700.0
724 -0.00235 0.000183258 -296.74 556.984 21.2557 22.3623 453.094 387.599 12841100.0
723 -0.00225 0.000182209 -298.449 556.174 21.1033 22.2685 477.206 411.459 12769600.0
722 -0.00215 0.000181106 -300.268 555.34 20.9441 22.1693 503.374 437.273 12695100.0
721 -0.00205 0.000179941 -302.21 554.402 20.7742 22.0631 530.355 465.822 12615700.0
720 -0.00195 0.000178757 -304.215 553.502 20.604 21.9539 559.172 493.775 12534900.0
719 -0.00185 0.000177487 -306.389 552.454 20.4189 21.8354 588.739 525.512 12448200.0
718 -0.00175 0.00017619 -308.646 551.331 20.2285 21.7123 618.746 557.515 12358100.0
717 -0.00165 0.000174841 -311.029 550.13 20.0299 21.5822 649.935 591.479 12264100.0
716 -0.00155 0.000173433 -313.554 548.855 19.8225 21.4445 682.459 628.187 12165700.0
715 -0.00145 0.000171987 -316.191 547.569 19.6112 21.3007 717.053 665.636 12064600.0
714 -0.00135 0.000170495 -318.959 546.147 19.3906 21.1501 751.553 704.999 11958100.0
713 -0.00125 0.000168948 -321.88 544.63 19.1612 20.9907 787.248 746.931 11847200.0
712 -0.00115 0.00016734 -324.974 543.023 18.9229 20.8219 824.521 792.173 11731500.0
711 -0.00105 0.000165696 -328.202 541.339 18.6788 20.6467 862.772 838.534 11612400.0
710 -0.00095 0.000163995 -331.606 539.475 18.4235 20.4607 900.974 887.172 11487200.0
709 -0.00085 0.000162264 -335.141 537.562 18.1644 20.2683 940.485 937.464 11359500.0
708 -0.00075 0.000160486 -338.855 535.495 17.8963 20.0662 980.067 989.819 11226400.0
707 -0.00065 0.000158694 -342.681 533.31 17.6242 19.8579 1019.35 1041.94 11090000.0
706 -0.00055 0.00015685 -346.713 531.005 17.3441 19.6384 1059.75 1097.4 10948900.0
705 -0.00045 0.000154997 -350.859 528.586 17.0612 19.4128 1099.62 1152.38 10804700.0
704 -0.00035 0.000153104 -355.196 525.952 16.7688 19.1768 1138.51 1209.68 10655300.0
703 -0.00025 0.000151189 -359.699 523.24 16.4737 18.9318 1178.11 1267.6 10502800.0
702 -0.00015 0.000149254 -364.362 520.394 16.1744 18.6783 1217.39 1326.36 10346400.0
701 -5e-05 0.00014731 -369.168 517.377 15.8712 18.4167 1255.25 1384.89 10186600.0
700 5e-05 0.000145372 -374.089 514.195 15.566 18.1487 1291.28 1442.41 10023700.0
699 0.00015 0.000143427 -379.167 510.875 15.2586 17.8728 1326.22 1499.72 9858270.0
698 0.00025 0.000141484 -384.374 507.408 14.9498 17.5894 1359.71 1555.8 9689690.0
697 0.00035 0.000139569 -389.647 503.791 14.6423 17.3027 1390.26 1608.74 9519640.0
696 0.00045 0.000137646 -395.093 500.005 14.3321 17.0066 1419.39 1661.32 9346560.0
695 0.00055 0.000135741 -400.637 495.99 14.0202 16.7051 1444.66 1711.38 9170100.0
694 0.00065 0.000133867 -406.248 491.862 13.7116 16.4 1467.53 1757.71 8992520.0
693 0.00075 0.000132001 -411.99 487.652 13.4047 16.0882 1489.3 1802.62 8814280.0
692 0.00085 0.000130175 -417.764 483.25 13.1 15.7741 1506.63 1842.76 8633740.0
691 0.00095 0.000128381 -423.604 478.77 12.7996 15.4569 1521.8 1879.25 8453190.0
690 0.00105 0.000126639 -429.429 474.138 12.5039 15.1403 1532.38 1910.27 8271730.0
689 0.00115 0.000124923 -435.335 469.382 12.2106 14.8193 1540.18 1937.76 8088750.0
688 0.00125 0.000123267 -441.181 464.509 11.9237 14.5016 1543.13 1959.15 7905780.0
687 0.00135 0.000121634 -447.104 459.529 11.6396 14.1798 1543.57 1976.99 7722200.0
686 0.00145 0.00012005 -453.002 454.474 11.3617 13.8592 1540.53 1989.48 7538580.0
685 0.00155 0.000118525 -458.832 449.36 11.0911 13.5426 1533.71 1996.31 7356100.0
684 0.00165 0.000117039 -464.654 444.164 10.8254 13.2262 1523.45 1998.06 7172850.0
683 0.00175 0.000115613 -470.389 438.966 10.5684 12.9147 1510.19 1994.09 6991540.0
682 0.00185 0.000114219 -476.13 433.633 10.3141 12.6027 1492.95 1986.19 6809180.0
681 0.00195 0.000112893 -481.727 428.348 10.0701 12.2988 1473.04 1972.8 6629590.0
680 0.00205 0.000111611 -487.258 423.04 9.83236 11.9982 1450.24 1954.67 6450780.0
679 0.00215 0.000110388 -492.654 417.786 9.60386 11.7048 1424.99 1931.56 6274390.0
678 0.00225 0.000109213 -497.959 412.554 9.38263 11.4168 1397.57 1904.84 6100260.0
677 0.00235 0.000108101 -503.08 407.374 9.1705 11.1388 1367.49 1873.76 5928790.0
676 0.00245 0.000107038 -508.078 402.265 8.96644 10.8672 1335.79 1839.09 5760090.0
675 0.00255 0.000106009 -513.01 397.148 8.76727 10.5992 1301.91 1801.36 5592190.0
674 0.00265 0.000105035 -517.769 392.1 8.57631 10.3408 1266.16 1760.88 5427840.0
673 0.00275 0.000104109 -522.375 387.219 8.39487 10.0905 1230.39 1717.62 5267570.0
672 0.00285 0.000103224 -526.854 382.394 8.21977 9.84732 1193.19 1672.52 5109900.0
671 0.00295 0.000102382 -531.18 377.677 8.05221 9.61215 1155.39 1625.4 4955980.0
670 0.00305 0.000101594 -535.306 373.083 7.89299 9.38814 1116.57 1576.63 4805850.0
669 0.00315 0.000100836 -539.325 368.577 7.73954 9.16971 1077.43 1526.84 4658850.0
668 0.00325 0.000100123 -543.169 364.247 7.59449 8.96087 1038.89 1476.43 4517000.0
667 0.00335 9.94382e-05 -546.911 359.989 7.4544 8.75769 999.844 1425.16 4377950.0
666 0.00345 9.87926e-05 -550.481 355.89 7.32167 8.56381 961.202 1373.64 4243510.0
665 0.00355 9.82025e-05 -553.791 351.987 7.19812 8.38391 923.137 1322.74 4115050.0
664 0.00365 9.76335e-05 -557.02 348.19 7.07922 8.20874 885.479 1271.67 3989760.0
663 0.00375 9.70878e-05 -560.153 344.489 6.96482 8.03841 848.199 1220.81 3867820.0
662 0.00385 9.65708e-05 -563.143 340.913 6.85581 7.87592 811.334 1170.56 3749920.0
661 0.00395 9.60907e-05 -565.965 337.52 6.75383 7.72261 775.832 1121.36 3637370.0
660 0.00405 9.56337e-05 -568.666 334.235 6.65629 7.57605 740.795 1073.04 3528560.0
659 0.00415 9.52067e-05 -571.219 331.115 6.56472 7.43712 707.071 1025.79 3424480.0
658 0.00425 9.48028e-05 -573.655 328.095 6.47725 7.30475 673.768 979.422 3323930.0
657 0.00435 9.44203e-05 -575.981 325.226 6.3947 7.17848 641.963 934.571 3227900.0
656 0.00445 9.40545e-05 -578.225 322.441 6.31539 7.05676 610.714 890.556 3134900.0
655 0.00455 9.37171e-05 -580.304 319.836 6.24189 6.94363 581.102 848.342 3047250.0
654 0.00465 9.34007e-05 -582.269 317.371 6.17288 6.83702 552.773 807.669 2963860.0
653 0.00475 9.31078e-05 -584.104 315.028 6.10809 6.73723 525.493 768.771 2884490.0
652 0.00485 9.28261e-05 -585.876 312.769 6.04593 6.64102 499.111 731.129 2808300.0
651 0.00495 9.25589e-05 -587.57 310.624 5.98719 6.54904 473.786 694.386 2735150.0
650 0.00505 9.23087e-05 -589.162 308.572 5.93157 6.46265 449.382 659.511 2665590.0
649 0.00515 9.20795e-05 -590.622 306.676 5.88047 6.38297 426.553 626.38 2600530.0
648 0.00525 9.18539e-05 -592.079 304.807 5.83032 6.30398 404.147 593.933 2537020.0
647 0.00535 9.16414e-05 -593.449 303.031 5.78293 6.22956 382.57 562.799 2476400.0
646 0.00545 9.14476e-05 -594.709 301.386 5.73939 6.16123 362.431 533.638 2419940.0
645 0.00555 9.12663e-05 -595.883 299.843 5.69869 6.09726 343.474 505.934 2366680.0
644 0.00565 9.10942e-05 -597.015 298.353 5.65966 6.03599 325.037 479.301 2315470.0
643 0.00575 9.09333e-05 -598.069 296.957 5.62324 5.97861 307.763 454.135 2267290.0
642 0.00585 9.07785e-05 -599.085 295.625 5.58849 5.92336 291.154 429.7 2221080.0
641 0.00595 9.06349e-05 -600.038 294.375 5.55604 5.87167 275.572 406.697 2177740.0
640 0.00605 9.05006e-05 -600.927 293.182 5.52533 5.8233 260.528 384.88 2136370.0
639 0.00615 9.03708e-05 -601.785 292.035 5.49582 5.77664 246.055 363.926 2096780.0
638 0.00625 9.0253e-05 -602.573 290.994 5.4691 5.73389 232.96 344.376 2060440.0
637 0.00635 9.01397e-05 -603.331 289.987 5.44333 5.69279 220.172 325.632 2025330.0
636 0.00645 9.0036e-05 -604.028 289.04 5.4193 5.65481 208.099 308.031 1992360.0
635 0.00655 8.99382e-05 -604.684 288.164 5.39701 5.61933 196.886 291.381 1961600.0
634 0.00665 8.98434e-05 -605.321 287.323 5.37559 5.5847 186.243 275.423 1932190.0
633 0.00675 8.97548e-05 -605.916 286.532 5.3555 5.55227 176.124 260.228 1904320.0
632 0.00685 8.96722e-05 -606.478 285.765 5.33625 5.52178 166.235 245.773 1877610.0
631 0.00695 8.95953e-05 -606.997 285.057 5.31847 5.49365 157.077 232.301 1852850.0
630 0.00705 8.9524e-05 -607.483 284.401 5.30202 5.46717 148.613 219.557 1829620.0
629 0.00715 8.94543e-05 -607.952 283.75 5.28576 5.4417 140.15 207.417 1807050.0
628 0.00725 8.93912e-05 -608.386 283.154 5.27093 5.41818 132.334 195.978 1786100.0
627 0.00735 8.93318e-05 -608.793 282.591 5.25696 5.39617 125.039 185.332 1766330.0
626 0.00745 8.9272e-05 -609.199 282.049 5.24336 5.37412 118.017 174.811 1747300.0
625 0.00755 8.92182e-05 -609.565 281.545 5.23083 5.35413 111.445 165.161 1729540.0
624 0.00765 8.91664e-05 -609.922 281.058 5.21876 5.33485 105.095 155.854 1712460.0
623 0.00775 8.91246e-05 -610.212 280.645 5.20864 5.31906 99.642 147.764 1697720.0
622 0.00785 8.90778e-05 -610.533 280.205 5.19774 5.30161 93.8415 139.311 1682270.0
621 0.00795 8.90343e-05 -610.828 279.816 5.188 5.2855 88.8044 131.521 1668330.0
620 0.00805 8.8994e-05 -611.112 279.432 5.17853 5.2701 83.8173 124.072 1654700.0
619 0.00815 8.89547e-05 -611.377 279.071 5.16956 5.25585 79.0499 117.077 1641970.0
618 0.00825 8.89204e-05 -611.614 278.734 5.16132 5.24276 74.6512 110.647 1630110.0
617 0.00835 8.88885e-05 -611.83 278.431 5.15386 5.23104 70.6085 104.804 1619310.0
616 0.00845 8.88612e-05 -612.028 278.16 5.14727 5.22042 67.0218 99.4084 1609450.0
615 0.00855 8.88295e-05 -612.237 277.871 5.14009 5.20891 63.2584 93.8265 1599320.0
614 0.00865 8.88028e-05 -612.422 277.619 5.13388 5.19906 59.9247 88.8402 1590270.0
613 0.00875 8.87765e-05 -612.604 277.373 5.12781 5.18909 56.7114 83.9039 1581440.0
612 0.00885 8.87507e-05 -612.783 277.13 5.12182 5.17932 53.4726 79.055 1572740.0
611 0.00895 8.87262e-05 -612.946 276.902 5.11619 5.17045 50.4969 74.7414 1564710.0
610 0.00905 8.87021e-05 -613.111 276.681 5.11073 5.16159 47.5977 70.4771 1556930.0
609 0.00915 8.86804e-05 -613.261 276.469 5.10556 5.1534 44.7494 66.3904 1549460.0
608 0.00925 8.86646e-05 -613.373 276.306 5.10164 5.14743 42.5614 63.212 1543510.0
607 0.00935 8.86448e-05 -613.508 276.123 5.09713 5.13999 40.2018 59.6588 1536960.0
606 0.00945 8.86304e-05 -613.611 275.969 5.09345 5.13438 38.0815 56.6519 1531380.0
605 0.00955 8.86139e-05 -613.722 275.826 5.08986 5.12833 36.2599 53.6437 1526100.0
604 0.00965 8.85983e-05 -613.83 275.676 5.08621 5.12251 34.2532 50.7068 1520790.0
603 0.00975 8.85857e-05 -613.92 275.534 5.08286 5.11749 32.3316 48.0722 1515750.0
602 0.00985 8.85728e-05 -614.011 275.407 5.07978 5.11276 30.6455 45.6525 1511250.0
601 0.00995 8.85598e-05 -614.097 275.286 5.0768 5.10791 29.014 43.2484 1506810.0
600 0.01005 8.85487e-05 -614.175 275.179 5.0742 5.10383 27.6254 41.1426 1503020.0
599 0.01015 8.85335e-05 -614.281 275.043 5.07081 5.09806 25.8823 38.4521 1498270.0
598 0.01025 8.85235e-05 -614.352 274.936 5.06828 5.09404 24.3924 36.2088 1494420.0
597 0.01035 8.85129e-05 -614.431 274.83 5.0657 5.08983 23.0006 34.1146 1490710.0
596 0.01045 8.85048e-05 -614.484 274.747 5.06372 5.08697 21.8649 32.4259 1487690.0
595 0.01055 8.84965e-05 -614.543 274.667 5.06178 5.08377 20.7976 30.7128 1484760.0
594 0.01065 8.84866e-05 -614.613 274.569 5.0594 5.07998 19.5049 28.8422 1481350.0
593 0.01075 8.84769e-05 -614.678 274.478 5.05716 5.0766 18.2955 27.2101 1478290.0
592 0.01085 8.84691e-05 -614.732 274.412 5.05551 5.07355 17.4099 25.6773 1475680.0
591 0.01095 8.84631e-05 -614.774 274.343 5.0539 5.07126 16.4959 24.4865 1473260.0
590 0.01105 8.84589e-05 -614.802 274.287 5.05263 5.06977 15.7256 23.5786 1471310.0
589 0.01115 8.84512e-05 -614.856 274.221 5.05097 5.06684 14.8508 22.1646 1468820.0
588 0.01125 8.8444e-05 -614.907 274.163 5.04948 5.06412 14.1034 20.9469 1466640.0
587 0.01135 8.84416e-05 -614.925 274.122 5.0486 5.06307 13.5262 20.1903 1465140.0
586 0.01145 8.84347e-05 -614.976 274.058 5.04701 5.0602 12.695 18.8969 1462820.0
585 0.01155 8.84288e-05 -615.011 274.004 5.0457 5.05837 11.946 17.9129 1460970.0
584 0.01165 8.84219e-05 -615.063 273.952 5.04433 5.05566 11.2983 16.6623 1459000.0
583 0.01175 8.84176e-05 -615.092 273.906 5.04324 5.05401 10.6897 15.8568 1457420.0
582 0.01185 8.84148e-05 -615.11 273.877 5.04256 5.05307 10.3145 15.2893 1456320.0
581 0.01195 8.84107e-05 -615.138 273.824 5.04135 5.05142 9.59328 14.3911 1454640.0
580 0.01205 8.84075e-05 -615.159 273.793 5.0406 5.0504 9.14858 13.7497 1453520.0
579 0.01215 8.84023e-05 -615.194 273.745 5.03941 5.04842 8.49998 12.8541 1451820.0
578 0.01225 8.83975e-05 -615.23 273.716 5.0386 5.04672 8.17773 12.1663 1450660.0
577 0.01235 8.83973e-05 -615.232 273.695 5.03819 5.04645 7.8467 11.8654 1449860.0
576 0.01245 8.83916e-05 -615.268 273.652 5.03709 5.04432 7.32646 10.8507 1448320.0
575 0.01255 8.83879e-05 -615.297 273.619 5.03628 5.04299 6.84988 10.2171 1447150.0
574 0.01265 8.83845e-05 -615.321 273.59 5.03555 5.04164 6.52717 9.6281 1446120.0
573 0.01275 8.83833e-05 -615.328 273.574 5.03517 5.04117 6.26739 9.27693 1445420.0
572 0.01285 8.83825e-05 -615.338 273.558 5.03485 5.0407 6.06887 8.92713 1444820.0
571 0.01295 8.83802e-05 -615.35 273.536 5.0343 5.03997 5.73986 8.54862 1443990.0
570 0.01305 8.83787e-05 -615.367 273.515 5.03382 5.03907 5.44869 8.1161 1443220.0
569 0.01315 8.83727e-05 -615.405 273.477 5.03279 5.03698 5.03697 7.27913 1441970.0
568 0.01325 8.83728e-05 -615.405 273.466 5.0326 5.03696 4.84942 7.15229 1441510.0
567 0.01335 8.83739e-05 -615.393 273.465 5.03264 5.03753 4.76215 7.14106 1441420.0
566 0.01345 8.83694e-05 -615.428 273.432 5.03177 5.03566 4.3892 6.45842 1440230.0
565 0.01355 8.83629e-05 -615.473 273.389 5.03061 5.03326 3.82619 5.42723 1438700.0
564 0.01365 8.836e-05 -615.494 273.351 5.02974 5.03207 3.35943 4.90862 1437650.0
563 0.01375 8.83606e-05 -615.491 273.346 5.0297 5.03232 3.23036 4.90555 1437490.0
562 0.01385 8.83615e-05 -615.484 273.355 5.0299 5.03252 3.35419 4.95566 1437560.0
561 0.01395 8.83634e-05 -615.467 273.369 5.03027 5.03344 3.49797 5.18158 1437870.0
560 0.01405 8.83599e-05 -615.493 273.357 5.02985 5.03218 3.41845 4.76692 1437250.0
559 0.01415 8.83593e-05 -615.499 273.349 5.02967 5.0318 3.34377 4.65649 1436910.0
558 0.01425 8.83583e-05 -615.511 273.332 5.0293 5.03117 3.11374 4.30965 1436330.0
557 0.01435 8.83566e-05 -615.522 273.318 5.02894 5.03058 2.9107 4.09488 1435850.0
556 0.01445 8.83563e-05 -615.52 273.311 5.0288 5.03056 2.79948 4.02969 1435650.0
555 0.01455 8.83541e-05 -615.54 273.294 5.02836 5.02968 2.60688 3.74887 1435030.0
554 0.01465 8.8353e-05 -615.54 273.29 5.02822 5.02945 2.50733 3.60929 1434760.0
553 0.01475 8.83527e-05 -615.548 273.273 5.0279 5.02923 2.30074 3.4629 1434340.0
552 0.01485 8.83491e-05 -615.569 273.258 5.02743 5.02801 2.13818 2.91992 1433720.0
551 0.01495 8.83505e-05 -615.553 273.256 5.02747 5.02874 2.04549 3.08565 1433750.0
550 0.01505 8.83475e-05 -615.581 273.234 5.02688 5.02739 1.78861 2.60437 1432970.0
549 0.01515 8.83488e-05 -615.571 273.237 5.02701 5.02789 1.80616 2.75566 1433060.0
548 0.01525 8.83467e-05 -615.586 273.229 5.02674 5.02714 1.68702 2.36846 1432670.0
547 0.01535 8.83456e-05 -615.596 273.217 5.02646 5.02652 1.59193 2.2032 1432270.0
546 0.01545 8.83468e-05 -615.581 273.217 5.02653 5.02736 1.52204 2.41159 1432440.0
545 0.01555 8.83488e-05 -615.571 273.226 5.0268 5.02792 1.59784 2.48425 1432590.0
544 0.01565 8.83461e-05 -615.59 273.207 5.0263 5.02709 1.33808 2.19972 1432000.0
543 0.01575 8.83486e-05 -615.569 273.221 5.02671 5.02798 1.52161 2.45147 1432400.0
542 0.01585 8.8344e-05 -615.605 273.192 5.02591 5.02627 1.21909 1.8448 1431450.0
541 0.01595 8.83484e-05 -615.573 273.217 5.02663 5.02794 1.45506 2.32398 1432190.0
540 0.01605 8.83456e-05 -615.592 273.195 5.02605 5.02678 1.18254 1.90594 1431450.0
539 0.01615 8.83474e-05 -615.575 273.208 5.0264 5.02774 1.32746 2.16857 1431910.0
538 0.01625 8.83458e-05 -615.594 273.192 5.02601 5.0269 1.14357 1.86885 1431430.0
537 0.01635 8.83499e-05 -615.564 273.213 5.02664 5.02841 1.31465 2.35721 1432050.0
536 0.01645 8.83482e-05 -615.579 273.193 5.02617 5.02773 1.07291 2.03986 1431560.0
535 0.01655 8.83451e-05 -615.598 273.18 5.02575 5.02649 0.909491 1.56862 1431020.0
534 0.01665 8.83499e-05 -615.57 273.202 5.02643 5.02807 1.11164 1.9831 1431710.0
533 0.01675 8.83482e-05 -615.58 273.194 5.02618 5.02746 1.02842 1.7728 1431350.0
532 0.01685 8.83482e-05 -615.583 273.193 5.02617 5.0274 1.00456 1.69893 1431270.0
531 0.01695 8.83471e-05 -615.588 273.188 5.02602 5.02702 1.0258 1.67477 1431150.0
530 0.01705 8.83472e-05 -615.59 273.187 5.026 5.0269 0.992683 1.50484 1431080.0
529 0.01715 8.8346e-05 -615.601 273.179 5.02578 5.02653 0.859934 1.37907 1430810.0
528 0.01725 8.83411e-05 -615.635 273.144 5.02487 5.02451 0.497795 0.726265 1429660.0
527 0.01735 8.83444e-05 -615.609 273.17 5.02553 5.02589 0.779711 1.16981 1430410.0
526 0.01745 8.83422e-05 -615.627 273.153 5.02509 5.025 0.540777 0.860368 1429910.0
525 0.01755 8.83421e-05 -615.626 273.156 5.02513 5.02503 0.555158 0.813678 1429940.0
524 0.01765 8.83419e-05 -615.629 273.157 5.02515 5.02486 0.642887 0.76893 1429990.0
523 0.01775 8.83383e-05 -615.656 273.124 5.02434 5.02335 0.204409 0.178933 1428980.0
522 0.01785 8.83402e-05 -615.641 273.138 5.0247 5.02404 0.352512 0.371982 1429320.0
521 0.01795 8.83381e-05 -615.658 273.123 5.02431 5.02334 0.167357 0.128881 1428840.0
520 0.01805 8.8342e-05 -615.629 273.142 5.02489 5.02473 0.334674 0.524324 1429430.0
519 0.01815 8.83413e-05 -615.63 273.142 5.02483 5.02482 0.351758 0.648817 1429440.0
518 0.01825 8.83409e-05 -615.637 273.144 5.02485 5.02461 0.34555 0.494549 1429380.0
517 0.01835 8.83394e-05 -615.644 273.134 5.02458 5.02397 0.285604 0.331094 1429150.0
516 0.01845 8.83384e-05 -615.655 273.13 5.02444 5.0235 0.250188 0.136545 1428970.0
515 0.01855 8.83369e-05 -615.663 273.123 5.02423 5.02303 0.163758 0.0120763 1428710.0
514 0.01865 8.83414e-05 -615.633 273.147 5.02493 5.02477 0.416382 0.611354 1429550.0
513 0.01875 8.83402e-05 -615.641 273.142 5.02477 5.02417 0.389621 0.449961 1429300.0
512 0.01885 8.8336e-05 -615.674 273.112 5.02399 5.02268 0.020961 -0.0209285 1428440.0
511 0.01895 8.83369e-05 -615.663 273.123 5.02424 5.02314 0.165074 0.137225 1428710.0
510 0.01905 8.83418e-05 -615.634 273.145 5.02493 5.02472 0.417697 0.646619 1429450.0
509 0.01915 8.8341e-05 -615.637 273.133 5.02464 5.02438 0.232674 0.495957 1429110.0
508 0.01925 8.83396e-05 -615.646 273.125 5.02442 5.02389 0.104919 0.354455 1428850.0
507 0.01935 8.83408e-05 -615.641 273.127 5.02453 5.02423 0.15241 0.559374 1429010.0
506 0.01945 8.83368e-05 -615.671 273.105 5.02391 5.02271 -0.0844945 0.0168927 1428280.0
505 0.01955 8.83401e-05 -615.643 273.13 5.02455 5.02403 0.216576 0.533394 1429030.0
504 0.01965 8.83414e-05 -615.639 273.127 5.02457 5.02431 0.170783 0.593594 1429040.0
503 0.01975 8.83427e-05 -615.628 273.138 5.02485 5.02494 0.216968 0.82179 1429360.0
502 0.01985 8.83415e-05 -615.634 273.136 5.02474 5.02447 0.29251 0.727595 1429320.0
501 0.01995 8.83407e-05 -615.638 273.132 5.02462 5.02406 0.225416 0.521891 1429130.0
500 0.02005 8.83389e-05 -615.652 273.117 5.02424 5.02355 0.0407344 0.33578 1428750.0
499 0.02015 8.83404e-05 -615.645 273.12 5.02439 5.02396 0.0357854 0.448518 1428830.0
498 0.02025 8.83387e-05 -615.653 273.116 5.02422 5.02352 0.0419806 0.311586 1428700.0
497 0.02035 8.83367e-05 -615.667 273.103 5.02386 5.02262 -0.0921033 -0.0535969 1428230.0
496 0.02045 8.83365e-05 -615.669 273.099 5.02378 5.0224 -0.179736 -0.207386 1428070.0
495 0.02055 8.83383e-05 -615.658 273.115 5.02417 5.02316 -0.0171219 0.0563375 1428430.0
494 0.02065 8.83415e-05 -615.638 273.128 5.0246 5.02411 0.169995 0.380683 1428860.0
493 0.02075 8.83418e-05 -615.632 273.133 5.02469 5.0244 0.223398 0.432032 1429000.0
492 0.02085 8.83407e-05 -615.643 273.127 5.02452 5.02379 0.139874 0.211192 1428750.0
491 0.02095 8.83417e-05 -615.633 273.135 5.02474 5.02435 0.229771 0.367875 1429060.0
490 0.02105 8.83421e-05 -615.633 273.135 5.02474 5.02423 0.239223 0.280565 1429000.0
489 0.02115 8.83434e-05 -615.62 273.145 5.02501 5.02488 0.339491 0.488864 1429340.0
488 0.02125 8.83428e-05 -615.624 273.14 5.02488 5.02492 0.229851 0.532028 1429210.0
487 0.02135 8.83402e-05 -615.639 273.124 5.02444 5.02395 0.0591169 0.188359 1428690.0
486 0.02145 8.83433e-05 -615.622 273.143 5.02497 5.02501 0.307016 0.493778 1429300.0
485 0.02155 8.83409e-05 -615.635 273.125 5.0245 5.02407 0.0990574 0.0935982 1428770.0
484 0.02165 8.83435e-05 -615.617 273.153 5.02517 5.02529 0.444832 0.588278 1429570.0
483 0.02175 8.83381e-05 -615.653 273.12 5.02424 5.02339 0.0765606 0.01403 1428550.0
482 0.02185 8.83427e-05 -615.622 273.145 5.02497 5.0249 0.358356 0.505332 1429330.0
481 0.02195 8.83428e-05 -615.62 273.149 5.02506 5.02514 0.385822 0.529537 1429470.0
480 0.02205 8.83427e-05 -615.622 273.15 5.02506 5.02504 0.402416 0.516796 1429450.0
479 0.02215 8.83439e-05 -615.616 273.152 5.02517 5.02525 0.45524 0.577506 1429580.0
478 0.02225 8.83413e-05 -615.63 273.136 5.02474 5.02462 0.212303 0.397425 1429190.0
477 0.02235 8.83434e-05 -615.616 273.15 5.0251 5.02543 0.397986 0.727651 1429590.0
476 0.02245 8.83423e-05 -615.626 273.146 5.02496 5.02499 0.354286 0.554952 1429440.0
475 0.02255 8.83429e-05 -615.621 273.153 5.02513 5.02515 0.457883 0.563412 1429630.0
474 0.02265 8.83383e-05 -615.651 273.126 5.02436 5.02364 0.149488 0.149343 1428790.0
473 0.02275 8.83388e-05 -615.649 273.121 5.02431 5.02368 0.0897753 0.129489 1428750.0
472 0.02285 8.8339e-05 -615.646 273.121 5.02432 5.02384 0.0465798 0.0952905 1428770.0
471 0.02295 8.83421e-05 -615.628 273.136 5.02477 5.02481 0.223791 0.387525 1429230.0
470 0.02305 8.83401e-05 -615.635 273.12 5.02436 5.02438 -0.00171277 0.213918 1428860.0
469 0.02315 8.83389e-05 -615.65 273.114 5.02418 5.02384 -0.0709137 -0.0603771 1428620.0
468 0.02325 8.83394e-05 -615.645 273.11 5.02414 5.02388 -0.137482 -0.087203 1428570.0
467 0.02335 8.83401e-05 -615.642 273.115 5.02428 5.02422 -0.0663239 0.0475305 1428730.0
466 0.02345 8.83388e-05 -615.648 273.113 5.02417 5.02368 -0.0429497 -0.14031 1428600.0
465 0.02355 8.83389e-05 -615.649 273.117 5.02425 5.02379 0.0367936 -0.0338476 1428760.0
464 0.02365 8.83389e-05 -615.649 273.112 5.02415 5.02382 -0.0549821 -0.0364122 1428620.0
463 0.02375 8.83392e-05 -615.645 273.122 5.02436 5.02393 0.12752 0.0106871 1428840.0
462 0.02385 8.83408e-05 -615.638 273.127 5.02453 5.02419 0.132826 0.031856 1428910.0
461 0.02395 8.8336e-05 -615.665 273.108 5.02391 5.0229 -0.0254406 -0.317405 1428370.0
460 0.02405 8.83409e-05 -615.64 273.133 5.02465 5.0243 0.296534 0.165995 1429140.0
459 0.02415 8.83422e-05 -615.629 273.14 5.02484 5.02495 0.290611 0.351662 1429330.0
458 0.02425 8.83424e-05 -615.63 273.138 5.02482 5.02478 0.318192 0.293277 1429260.0
457 0.02435 8.83411e-05 -615.636 273.134 5.02469 5.02444 0.225151 0.0709692 1429050.0
456 0.02445 8.83394e-05 -615.646 273.116 5.02425 5.02384 0.0199444 -0.132675 1428640.0
455 0.02455 8.83411e-05 -615.635 273.129 5.02459 5.02457 0.193311 0.206532 1429090.0
454 0.02465 8.83418e-05 -615.628 273.139 5.02481 5.0249 0.279308 0.314678 1429290.0
453 0.02475 8.83361e-05 -615.668 273.102 5.0238 5.02283 -0.119604 -0.352595 1428150.0
452 0.02485 8.83352e-05 -615.67 273.098 5.02368 5.02256 -0.214956 -0.527244 1428000.0
451 0.02495 8.83389e-05 -615.646 273.116 5.02423 5.02384 0.00664968 -0.0871503 1428630.0
450 0.02505 8.83352e-05 -615.67 273.097 5.02367 5.02256 -0.175393 -0.508753 1428030.0
449 0.02515 8.83349e-05 -615.673 273.098 5.02366 5.02237 -0.192234 -0.649146 1428000.0
448 0.02525 8.83368e-05 -615.664 273.104 5.02388 5.02304 -0.1111 -0.451681 1428290.0
447 0.02535 8.83395e-05 -615.638 273.123 5.02438 5.02417 0.0986356 -0.0275377 1428820.0
446 0.02545 8.83393e-05 -615.637 273.115 5.02423 5.02432 -0.0654425 -0.0110533 1428650.0
445 0.02555 8.83392e-05 -615.642 273.112 5.02418 5.02408 -0.131191 -0.153404 1428450.0
444 0.02565 8.83426e-05 -615.618 273.136 5.0248 5.02527 0.179262 0.265523 1429150.0
443 0.02575 8.83411e-05 -615.631 273.129 5.02458 5.02466 0.113854 0.0838313 1428890.0
442 0.02585 8.8339e-05 -615.649 273.117 5.02424 5.02367 0.0107804 -0.212639 1428420.0
441 0.02595 8.83391e-05 -615.64 273.119 5.02429 5.0239 0.0128555 -0.114964 1428510.0
440 0.02605 8.83418e-05 -615.629 273.13 5.02465 5.02472 0.138768 0.218591 1428940.0
439 0.02615 8.83426e-05 -615.62 273.144 5.02496 5.02519 0.330618 0.439583 1429280.0
438 0.02625 8.8343e-05 -615.621 273.133 5.02476 5.02508 0.147531 0.358988 1429040.0
437 0.02635 8.83452e-05 -615.609 273.153 5.02527 5.02594 0.398281 0.629031 1429650.0
436 0.02645 8.83448e-05 -615.606 273.152 5.02522 5.02596 0.394227 0.729519 1429570.0
435 0.02655 8.83422e-05 -615.624 273.129 5.02465 5.02491 0.156636 0.363189 1429010.0
434 0.02665 8.8346e-05 -615.603 273.157 5.02538 5.02623 0.460991 0.830911 1429720.0
433 0.02675 8.83463e-05 -615.597 273.164 5.02553 5.02643 0.566333 0.76195 1429920.0
432 0.02685 8.83452e-05 -615.603 273.16 5.02539 5.02619 0.533587 0.784451 1429760.0
431 0.02695 8.83446e-05 -615.609 273.156 5.02529 5.02591 0.488614 0.684852 1429640.0
430 0.02705 8.83411e-05 -615.631 273.139 5.02476 5.02453 0.320891 0.313585 1429040.0
429 0.02715 8.83381e-05 -615.654 273.119 5.02423 5.02344 0.0811221 -0.01295 1428510.0
428 0.02725 8.8338e-05 -615.654 273.115 5.02414 5.02336 0.0318908 -0.0895273 1428400.0
427 0.02735 8.83397e-05 -615.64 273.13 5.02452 5.02411 0.177952 0.0943155 1428790.0
426 0.02745 8.83422e-05 -615.624 273.138 5.02481 5.02498 0.205789 0.318203 1429030.0
425 0.02755 8.83387e-05 -615.65 273.116 5.02421 5.02355 -0.038211 -0.0921322 1428290.0
424 0.02765 8.83387e-05 -615.648 273.116 5.02422 5.02364 -0.0196007 -0.0162512 1428370.0
423 0.02775 8.83423e-05 -615.618 273.147 5.02498 5.02511 0.319966 0.44384 1429220.0
422 0.02785 8.8343e-05 -615.619 273.147 5.02503 5.02523 0.360914 0.490237 1429320.0
421 0.02795 8.83404e-05 -615.632 273.139 5.02474 5.0244 0.354205 0.317709 1429080.0
420 0.02805 8.83391e-05 -615.642 273.142 5.02472 5.02384 0.416289 0.194971 1428960.0
419 0.02815 8.83404e-05 -615.639 273.14 5.02474 5.02412 0.313881 0.202666 1428910.0
418 0.02825 8.83409e-05 -615.634 273.137 5.02472 5.02437 0.248015 0.259676 1428890.0
417 0.02835 8.83383e-05 -615.651 273.117 5.0242 5.02327 0.0559216 -0.0888842 1428310.0
416 0.02845 8.8339e-05 -615.645 273.129 5.02447 5.02373 0.186887 0.0711396 1428620.0
415 0.02855 8.83395e-05 -615.643 273.127 5.02447 5.02375 0.156588 0.0374377 1428640.0
414 0.02865 8.83418e-05 -615.626 273.135 5.02474 5.02458 0.202318 0.339869 1428950.0
413 0.02875 8.83442e-05 -615.608 273.147 5.0251 5.02556 0.344478 0.720524 1429410.0
412 0.02885 8.83439e-05 -615.614 273.137 5.0249 5.02517 0.180397 0.471782 1429100.0
411 0.02895 8.8344e-05 -615.612 273.137 5.02489 5.02533 0.149095 0.463473 1429110.0
410 0.02905 8.83457e-05 -615.599 273.147 5.02518 5.02597 0.257445 0.679822 1429440.0
409 0.02915 8.83439e-05 -615.611 273.137 5.02489 5.0254 0.160106 0.444157 1429190.0
408 0.02925 8.83443e-05 -615.61 273.137 5.02491 5.02544 0.158674 0.429651 1429170.0
407 0.02935 8.83439e-05 -615.607 273.134 5.02485 5.02541 0.115077 0.461596 1429100.0
406 0.02945 8.83401e-05 -615.64 273.108 5.02415 5.0238 -0.185651 -0.073522 1428290.0
405 0.02955 8.83407e-05 -615.637 273.114 5.02429 5.02404 -0.123534 -0.107392 1428480.0
404 0.02965 8.83426e-05 -615.624 273.121 5.02453 5.02436 -0.0534746 0.0217973 1428690.0
403 0.02975 8.83408e-05 -615.631 273.115 5.02432 5.02413 -0.128744 -0.0158688 1428530.0
402 0.02985 8.83416e-05 -615.632 273.115 5.02435 5.02418 -0.141943 -0.0468787 1428580.0
401 0.02995 8.83433e-05 -615.618 273.138 5.02488 5.02499 0.175457 0.267326 1429160.0
400 0.03005 8.8339e-05 -615.644 273.113 5.02417 5.02338 -0.0615202 -0.252793 1428460.0
399 0.03015 8.83431e-05 -615.626 273.132 5.02476 5.02469 0.138234 0.153869 1429100.0
398 0.03025 8.83429e-05 -615.618 273.136 5.02482 5.0249 0.156471 0.267051 1429220.0
397 0.03035 8.83424e-05 -615.626 273.134 5.02476 5.02456 0.169138 0.128596 1429100.0
396 0.03045 8.83401e-05 -615.645 273.12 5.02436 5.02366 0.00810401 -0.210613 1428640.0
395 0.03055 8.83402e-05 -615.636 273.119 5.02434 5.02399 -0.0813707 -0.153527 1428610.0
394 0.03065 8.8343e-05 -615.623 273.125 5.02463 5.02483 -0.0177572 0.116605 1428910.0
393 0.03075 8.83405e-05 -615.638 273.114 5.02427 5.02393 -0.158551 -0.252679 1428470.0
392 0.03085 8.83443e-05 -615.608 273.141 5.02499 5.02541 0.214228 0.260588 1429380.0
391 0.03095 8.83414e-05 -615.631 273.124 5.0245 5.02434 0.0154805 -0.0644959 1428850.0
390 0.03105 8.83407e-05 -615.632 273.121 5.02441 5.02411 -0.0578978 -0.114297 1428650.0
389 0.03115 8.83373e-05 -615.659 273.095 5.02374 5.02269 -0.328448 -0.540496 1427870.0
388 0.03125 8.8338e-05 -615.655 273.103 5.02393 5.02308 -0.201552 -0.324435 1428170.0
387 0.03135 8.83403e-05 -615.638 273.121 5.0244 5.02384 -0.0485346 -0.186571 1428560.0
386 0.03145 8.83386e-05 -615.646 273.108 5.02406 5.02344 -0.154265 -0.281516 1428270.0
385 0.03155 8.83433e-05 -615.617 273.138 5.02488 5.02496 0.204642 0.219234 1429130.0
384 0.03165 8.83434e-05 -615.616 273.129 5.02472 5.02501 0.0504251 0.138996 1428990.0
383 0.03175 8.83394e-05 -615.643 273.108 5.0241 5.02377 -0.156125 -0.213739 1428410.0
382 0.03185 8.83365e-05 -615.657 273.089 5.02358 5.02268 -0.42049 -0.637873 1427800.0
381 0.03195 8.83405e-05 -615.636 273.111 5.02422 5.024 -0.158367 -0.173246 1428510.0
380 0.03205 8.83396e-05 -615.636 273.109 5.02413 5.02398 -0.176838 -0.174115 1428540.0
379 0.03215 8.83412e-05 -615.628 273.111 5.02425 5.02438 -0.219884 -0.136312 1428560.0
378 0.03225 8.83399e-05 -615.633 273.109 5.02415 5.02407 -0.216425 -0.179193 1428490.0
377 0.03235 8.83396e-05 -615.637 273.099 5.02395 5.02394 -0.372753 -0.220981 1428260.0
376 0.03245 8.83381e-05 -615.652 273.089 5.02367 5.02333 -0.457329 -0.516138 1428000.0
375 0.03255 8.83365e-05 -615.653 273.09 5.02361 5.023 -0.484886 -0.696079 1427910.0
374 0.03265 8.83385e-05 -615.642 273.095 5.0238 5.02365 -0.426341 -0.478126 1428140.0
373 0.03275 8.83393e-05 -615.638 273.09 5.02376 5.02385 -0.515853 -0.410739 1428130.0
372 0.03285 8.83367e-05 -615.649 273.093 5.02367 5.02328 -0.415089 -0.464373 1428060.0
371 0.03295 8.83415e-05 -615.618 273.122 5.02448 5.02505 -0.091203 0.114538 1428990.0
370 0.03305 8.83375e-05 -615.648 273.093 5.02372 5.02326 -0.369179 -0.449694 1428060.0
369 0.03315 8.83406e-05 -615.625 273.113 5.02427 5.02449 -0.220396 -0.0850337 1428630.0
368 0.03325 8.83383e-05 -615.638 273.101 5.02391 5.02375 -0.291459 -0.292679 1428340.0
367 0.03335 8.83413e-05 -615.622 273.12 5.02442 5.02461 -0.0976603 -0.0440001 1428830.0
366 0.03345 8.83387e-05 -615.644 273.098 5.02389 5.02344 -0.310632 -0.430938 1428100.0
365 0.03355 8.83412e-05 -615.623 273.125 5.02451 5.02456 0.017811 -0.134227 1428860.0
364 0.03365 8.83402e-05 -615.627 273.118 5.02434 5.02439 -0.0250163 -0.0162102 1428720.0
363 0.03375 8.83431e-05 -615.607 273.14 5.02491 5.02542 0.202107 0.357658 1429350.0
362 0.03385 8.83409e-05 -615.624 273.13 5.02459 5.0247 0.137146 0.182262 1429000.0
361 0.03395 8.83414e-05 -615.619 273.128 5.02459 5.02484 0.0683476 0.130131 1428970.0
360 0.03405 8.83398e-05 -615.631 273.123 5.0244 5.02427 0.0322499 -0.0276716 1428760.0
359 0.03415 8.83412e-05 -615.617 273.133 5.02467 5.02499 0.146939 0.200927 1429110.0
358 0.03425 8.83389e-05 -615.638 273.116 5.02423 5.02384 0.00811095 -0.230274 1428590.0
357 0.03435 8.83376e-05 -615.643 273.107 5.02398 5.02361 -0.159601 -0.30793 1428330.0
356 0.03445 8.83369e-05 -615.653 273.104 5.02389 5.02316 -0.167765 -0.439522 1428180.0
355 0.03455 8.83389e-05 -615.638 273.11 5.02411 5.02386 -0.147378 -0.219303 1428460.0
354 0.03465 8.83382e-05 -615.644 273.109 5.02404 5.02373 -0.178011 -0.254817 1428380.0
353 0.03475 8.83425e-05 -615.614 273.128 5.02464 5.02517 0.0154697 0.265054 1428990.0
352 0.03485 8.83418e-05 -615.619 273.121 5.02448 5.0249 -0.0394364 0.132137 1428860.0
351 0.03495 8.83428e-05 -615.613 273.135 5.02479 5.02536 0.132098 0.262253 1429200.0
350 0.03505 8.83431e-05 -615.615 273.132 5.02476 5.0252 0.0935663 0.228279 1429110.0
349 0.03515 8.83421e-05 -615.621 273.133 5.02472 5.02501 0.12636 0.222823 1429110.0
348 0.03525 8.83393e-05 -615.638 273.11 5.02412 5.02393 -0.162315 -0.141958 1428400.0
347 0.03535 8.83384e-05 -615.651 273.107 5.02402 5.02331 -0.215572 -0.370135 1428150.0
346 0.03545 8.83383e-05 -615.645 273.11 5.02409 5.02351 -0.162064 -0.291517 1428290.0
345 0.03555 8.83417e-05 -615.624 273.12 5.02445 5.02474 -0.0766281 0.00752385 1428770.0
344 0.03565 8.83411e-05 -615.63 273.115 5.02433 5.02443 -0.149053 -0.141998 1428560.0
343 0.03575 8.83387e-05 -615.643 273.102 5.02396 5.0238 -0.328121 -0.407529 1428260.0
342 0.03585 8.83428e-05 -615.623 273.118 5.02447 5.02489 -0.130954 -0.0373823 1428780.0
341 0.03595 8.83429e-05 -615.614 273.129 5.02469 5.02525 0.0108082 0.101927 1429050.0
340 0.03605 8.8342e-05 -615.627 273.118 5.02443 5.02471 -0.137325 -0.180602 1428700.0
339 0.03615 8.83469e-05 -615.592 273.144 5.02519 5.02631 0.176175 0.341061 1429520.0
338 0.03625 8.83456e-05 -615.598 273.143 5.0251 5.02623 0.0824448 0.249683 1429450.0
337 0.03635 8.83451e-05 -615.6 273.142 5.02506 5.02592 0.112332 0.237825 1429400.0
336 0.03645 8.8344e-05 -615.612 273.127 5.02472 5.02532 -0.0778145 0.0730523 1429000.0
335 0.03655 8.83442e-05 -615.606 273.134 5.02486 5.0256 4.66064e-05 0.142837 1429190.0
334 0.03665 8.83452e-05 -615.604 273.134 5.0249 5.0257 -0.0500296 0.119529 1429150.0
333 0.03675 8.8342e-05 -615.626 273.121 5.02448 5.02458 -0.167708 -0.196691 1428680.0
332 0.03685 8.83384e-05 -615.65 273.095 5.02381 5.02316 -0.428048 -0.69064 1427880.0
331 0.03695 8.8341e-05 -615.634 273.105 5.02414 5.02405 -0.365058 -0.468071 1428240.0
330 0.03705 8.83417e-05 -615.63 273.106 5.0242 5.02416 -0.348556 -0.43103 1428320.0
329 0.03715 8.83414e-05 -615.632 273.11 5.02425 5.02416 -0.2802 -0.396367 1428370.0
328 0.03725 8.83402e-05 -615.644 273.102 5.02404 5.02357 -0.345518 -0.582198 1428140.0
327 0.03735 8.83455e-05 -615.607 273.13 5.02485 5.02552 -0.0747544 0.058869 1429050.0
326 0.03745 8.83439e-05 -615.614 273.126 5.02469 5.02522 -0.139245 -0.0184552 1428920.0
325 0.03755 8.83437e-05 -615.621 273.117 5.02451 5.02487 -0.219262 -0.0963532 1428760.0
324 0.03765 8.83417e-05 -615.631 273.116 5.02439 5.02419 -0.171877 -0.273342 1428620.0
323 0.03775 8.83397e-05 -615.643 273.106 5.02408 5.02359 -0.254839 -0.348395 1428400.0
322 0.03785 8.83426e-05 -615.629 273.113 5.02438 5.02438 -0.25462 -0.188674 1428670.0
321 0.03795 8.83441e-05 -615.617 273.119 5.02457 5.02486 -0.182867 -0.073418 1428900.0
320 0.03805 8.83481e-05 -615.59 273.155 5.02546 5.0265 0.283672 0.540208 1429960.0
319 0.03815 8.83462e-05 -615.599 273.141 5.02509 5.02577 0.111167 0.30948 1429500.0
318 0.03825 8.8342e-05 -615.635 273.107 5.02423 5.02401 -0.284959 -0.322149 1428520.0
317 0.03835 8.83434e-05 -615.618 273.114 5.02445 5.02462 -0.232053 -0.138672 1428720.0
316 0.03845 8.83457e-05 -615.608 273.13 5.02488 5.02551 -0.0315161 0.116617 1429250.0
315 0.03855 8.83462e-05 -615.601 273.133 5.02496 5.02562 -0.00269943 0.161094 1429310.0
314 0.03865 8.83424e-05 -615.628 273.106 5.02424 5.02399 -0.292094 -0.399089 1428460.0
313 0.03875 8.8345e-05 -615.614 273.128 5.02479 5.02508 0.0102689 0.00855422 1429160.0
312 0.03885 8.83428e-05 -615.628 273.12 5.02452 5.02423 -0.0358182 -0.242225 1428820.0
311 0.03895 8.83433e-05 -615.621 273.128 5.02469 5.02451 -0.00333605 -0.14724 1428960.0
310 0.03905 8.83407e-05 -615.642 273.113 5.02428 5.02346 -0.103105 -0.470369 1428490.0
309 0.03915 8.83436e-05 -615.623 273.126 5.02468 5.02456 -0.0279803 -0.189596 1428900.0
308 0.03925 8.83419e-05 -615.628 273.118 5.02443 5.0241 -0.0965227 -0.286323 1428660.0
307 0.03935 8.83438e-05 -615.616 273.124 5.02465 5.02478 -0.0483866 -0.0663177 1428930.0
306 0.03945 8.83439e-05 -615.615 273.121 5.0246 5.02491 -0.133963 -0.0692151 1428860.0
305 0.03955 8.8343e-05 -615.617 273.125 5.02462 5.02477 -0.080574 -0.0456189 1428910.0
304 0.03965 8.83427e-05 -615.626 273.111 5.02435 5.02423 -0.192494 -0.280713 1428560.0
303 0.03975 8.83411e-05 -615.639 273.099 5.02404 5.0237 -0.388604 -0.403559 1428160.0
302 0.03985 8.83443e-05 -615.614 273.122 5.02464 5.02489 -0.101248 0.00984292 1428830.0
301 0.03995 8.83452e-05 -615.607 273.133 5.02489 5.0253 0.0391941 0.171536 1429100.0
300 0.04005 8.83471e-05 -615.591 273.14 5.02513 5.02621 0.110954 0.580436 1429430.0
299 0.04015 8.83473e-05 -615.587 273.151 5.02536 5.02654 0.26032 0.706251 1429720.0
298 0.04025 8.83475e-05 -615.593 273.149 5.02533 5.0263 0.184519 0.527401 1429580.0
297 0.04035 8.83466e-05 -615.595 273.143 5.02516 5.026 0.138633 0.460101 1429380.0
296 0.04045 8.83428e-05 -615.618 273.129 5.02469 5.02475 0.0227466 0.0931205 1428860.0
295 0.04055 8.83424e-05 -615.626 273.127 5.02463 5.02438 -0.00174056 -0.0551484 1428760.0
294 0.04065 8.8343e-05 -615.623 273.127 5.02465 5.02451 -0.00528623 -0.0252832 1428790.0
293 0.04075 8.83454e-05 -615.607 273.133 5.02491 5.02531 0.0478257 0.244959 1429100.0
292 0.04085 8.83431e-05 -615.622 273.131 5.02474 5.02461 0.0736237 0.0662679 1428930.0
291 0.04095 8.83397e-05 -615.641 273.103 5.02403 5.02354 -0.260283 -0.243387 1428250.0
290 0.04105 8.83423e-05 -615.631 273.11 5.0243 5.0241 -0.213176 -0.169014 1428450.0
289 0.04115 8.83397e-05 -615.642 273.104 5.02404 5.02343 -0.272523 -0.380216 1428210.0
288 0.04125 8.83417e-05 -615.632 273.113 5.02433 5.024 -0.189508 -0.241467 1428480.0
287 0.04135 8.83442e-05 -615.617 273.121 5.02461 5.02472 -0.115501 -0.0281959 1428770.0
286 0.04145 8.83421e-05 -615.632 273.113 5.02435 5.02405 -0.182648 -0.224406 1428480.0
285 0.04155 8.8341e-05 -615.639 273.101 5.02408 5.02352 -0.298463 -0.376899 1428170.0
284 0.04165 8.83412e-05 -615.64 273.105 5.02416 5.02352 -0.234921 -0.454444 1428270.0
283 0.04175 8.83422e-05 -615.634 273.105 5.0242 5.02366 -0.295512 -0.403615 1428230.0
282 0.04185 8.83419e-05 -615.638 273.106 5.0242 5.02371 -0.238204 -0.366461 1428270.0
281 0.04195 8.83402e-05 -615.651 273.091 5.02385 5.0228 -0.422567 -0.704221 1427790.0
280 0.04205 8.83392e-05 -615.658 273.09 5.02376 5.02255 -0.439668 -0.765374 1427740.0
279 0.04215 8.83405e-05 -615.648 273.096 5.02395 5.02299 -0.387445 -0.574549 1427930.0
278 0.04225 8.83444e-05 -615.623 273.114 5.0245 5.02445 -0.232169 -0.127 1428510.0
277 0.04235 8.83401e-05 -615.65 273.092 5.02385 5.02279 -0.439532 -0.609648 1427750.0
276 0.04245 8.83405e-05 -615.65 273.099 5.024 5.02291 -0.309592 -0.513339 1427940.0
275 0.04255 8.83387e-05 -615.66 273.089 5.02371 5.02229 -0.426216 -0.657506 1427620.0
274 0.04265 8.83416e-05 -615.641 273.109 5.02425 5.0234 -0.216896 -0.26269 1428230.0
273 0.04275 8.83432e-05 -615.627 273.124 5.02462 5.02419 0.0314098 0.0425716 1428770.0
272 0.04285 8.83442e-05 -615.621 273.13 5.02478 5.02445 0.0553351 0.122896 1428900.0
271 0.04295 8.83447e-05 -615.619 273.134 5.02488 5.02462 0.105339 0.124771 1428970.0
270 0.04305 8.83458e-05 -615.608 273.134 5.02495 5.02509 0.0755577 0.2398 1429090.0
269 0.04315 8.83442e-05 -615.619 273.128 5.02474 5.0247 0.0713686 0.122235 1428940.0
268 0.04325 8.83443e-05 -615.617 273.14 5.02497 5.02478 0.181722 0.0911587 1429110.0
267 0.04335 8.83436e-05 -615.623 273.136 5.02485 5.02451 0.137448 0.0409834 1428970.0
266 0.04345 8.83425e-05 -615.629 273.128 5.02465 5.02411 0.0707457 -0.0749148 1428760.0
265 0.04355 8.83419e-05 -615.632 273.123 5.02452 5.02382 -0.00530463 -0.263451 1428570.0
264 0.04365 8.83396e-05 -615.651 273.109 5.02414 5.02292 -0.126912 -0.442084 1428150.0
263 0.04375 8.83403e-05 -615.639 273.12 5.02438 5.02335 -0.0161003 -0.278856 1428440.0
262 0.04385 8.83437e-05 -615.622 273.135 5.02485 5.0244 0.16659 0.113132 1428970.0
261 0.04395 8.8344e-05 -615.612 273.137 5.02489 5.02494 0.159753 0.243665 1429120.0
260 0.04405 8.83456e-05 -615.603 273.138 5.02501 5.02551 0.132184 0.286463 1429300.0
259 0.04415 8.83416e-05 -615.631 273.127 5.02457 5.02398 0.0647915 -0.259256 1428780.0
258 0.04425 8.83413e-05 -615.637 273.122 5.02447 5.02369 -0.00216558 -0.340477 1428610.0
257 0.04435 8.83404e-05 -615.643 273.114 5.02427 5.02335 -0.0893728 -0.452371 1428440.0
256 0.04445 8.83396e-05 -615.647 273.107 5.0241 5.02328 -0.230451 -0.50448 1428260.0
255 0.04455 8.83404e-05 -615.643 273.111 5.02422 5.02353 -0.149392 -0.377081 1428480.0
254 0.04465 8.83403e-05 -615.641 273.109 5.02417 5.02357 -0.220928 -0.399025 1428390.0
253 0.04475 8.83415e-05 -615.634 273.11 5.02425 5.02391 -0.233067 -0.272202 1428470.0
252 0.04485 8.83392e-05 -615.653 273.097 5.02388 5.02295 -0.378386 -0.618375 1428000.0
251 0.04495 8.83412e-05 -615.636 273.112 5.02429 5.0238 -0.167471 -0.278774 1428540.0
250 0.04505 8.83406e-05 -615.645 273.109 5.02419 5.02339 -0.216185 -0.577067 1428370.0
249 0.04515 8.83422e-05 -615.63 273.117 5.02443 5.02405 -0.0836896 -0.284633 1428650.0
248 0.04525 8.83397e-05 -615.647 273.101 5.024 5.02337 -0.300636 -0.506947 1428280.0
247 0.04535 8.83432e-05 -615.624 273.122 5.02458 5.02437 -0.0213916 -0.132257 1428850.0
246 0.04545 8.83435e-05 -615.624 273.13 5.02474 5.02452 0.111955 -0.0895848 1429040.0
245 0.04555 8.83445e-05 -615.619 273.137 5.02492 5.0247 0.196895 -0.0576342 1429160.0
244 0.04565 8.83438e-05 -615.621 273.132 5.02479 5.02457 0.139363 -0.124989 1429030.0
243 0.04575 8.83431e-05 -615.633 273.115 5.02444 5.02399 -0.123945 -0.38352 1428580.0
242 0.04585 8.83465e-05 -615.605 273.131 5.02492 5.0254 0.04823 0.0769858 1429150.0
241 0.04595 8.83434e-05 -615.623 273.119 5.02454 5.02441 -0.0769764 -0.196377 1428710.0
240 0.04605 8.83462e-05 -615.607 273.135 5.02499 5.02537 0.113957 0.147289 1429200.0
239 0.04615 8.83422e-05 -615.625 273.123 5.02454 5.02432 0.0192068 -0.213107 1428770.0
238 0.04625 8.83444e-05 -615.62 273.133 5.02484 5.02477 0.147026 -0.0613842 1429040.0
237 0.04635 8.83438e-05 -615.62 273.125 5.02467 5.02466 -5.47051e-05 -0.114694 1428830.0
236 0.04645 8.83427e-05 -615.629 273.122 5.02455 5.02425 0.0232192 -0.213411 1428770.0
235 0.04655 8.83439e-05 -615.625 273.132 5.0248 5.02449 0.153977 -0.209016 1428990.0
234 0.04665 8.83438e-05 -615.623 273.124 5.02465 5.02461 0.0203513 -0.163105 1428860.0
233 0.04675 8.8343e-05 -615.63 273.121 5.02454 5.02412 -0.00173742 -0.333047 1428590.0
232 0.04685 8.83442e-05 -615.623 273.128 5.02475 5.02451 0.0906534 -0.215202 1428830.0
231 0.04695 8.83426e-05 -615.635 273.12 5.02452 5.02382 -0.0210711 -0.41303 1428500.0
230 0.04705 8.83449e-05 -615.619 273.133 5.02488 5.02473 0.141561 -0.104899 1428920.0
229 0.04715 8.8343e-05 -615.635 273.124 5.02461 5.02399 0.0744723 -0.302432 1428650.0
228 0.04725 8.83441e-05 -615.624 273.128 5.02473 5.02431 0.0476355 -0.280776 1428720.0
227 0.04735 8.83438e-05 -615.629 273.122 5.02461 5.02422 0.0373759 -0.288147 1428720.0
226 0.04745 8.83446e-05 -615.627 273.123 5.02468 5.02437 0.0171028 -0.186314 1428740.0
225 0.04755 8.8346e-05 -615.617 273.126 5.02481 5.02488 0.00848179 -0.0308433 1428870.0
224 0.04765 8.83456e-05 -615.617 273.129 5.02484 5.02484 0.0553902 -0.0872905 1428940.0
223 0.04775 8.83421e-05 -615.642 273.106 5.02422 5.02341 -0.228868 -0.524495 1428160.0
222 0.04785 8.83471e-05 -615.609 273.135 5.02504 5.02524 0.116329 0.13648 1429160.0
221 0.04795 8.83442e-05 -615.63 273.112 5.02446 5.02409 -0.149697 -0.228256 1428430.0
220 0.04805 8.83403e-05 -615.652 273.099 5.024 5.02313 -0.294049 -0.573746 1428000.0
219 0.04815 8.8345e-05 -615.621 273.121 5.02466 5.02474 -0.058197 -0.00393417 1428760.0
218 0.04825 8.83415e-05 -615.644 273.101 5.0241 5.02351 -0.26493 -0.43688 1428190.0
217 0.04835 8.83405e-05 -615.652 273.096 5.02395 5.02308 -0.303377 -0.543616 1427980.0
216 0.04845 8.83425e-05 -615.634 273.102 5.02417 5.02395 -0.265128 -0.288182 1428290.0
215 0.04855 8.83437e-05 -615.629 273.112 5.02442 5.02432 -0.160763 -0.193674 1428510.0
214 0.04865 8.83434e-05 -615.63 273.106 5.0243 5.02432 -0.265395 -0.109417 1428370.0
213 0.04875 8.83428e-05 -615.636 273.109 5.02433 5.02408 -0.229814 -0.298612 1428360.0
212 0.04885 8.83446e-05 -615.623 273.117 5.02457 5.02466 -0.0659574 -0.0195363 1428650.0
211 0.04895 8.83438e-05 -615.627 273.126 5.02468 5.02448 0.064882 0.0784235 1428740.0
210 0.04905 8.8342e-05 -615.638 273.118 5.02444 5.02389 -0.00506288 -0.0942327 1428550.0
209 0.04915 8.83451e-05 -615.617 273.132 5.02486 5.02504 0.105302 0.250107 1429000.0
208 0.04925 8.83427e-05 -615.631 273.117 5.02445 5.02437 -0.079397 -0.0113895 1428580.0
207 0.04935 8.83411e-05 -615.644 273.107 5.02418 5.02353 -0.146349 -0.33406 1428250.0
206 0.04945 8.83379e-05 -615.663 273.098 5.02384 5.02254 -0.219763 -0.645697 1427870.0
205 0.04955 8.83379e-05 -615.664 273.103 5.02392 5.02262 -0.150485 -0.549552 1428000.0
204 0.04965 8.83407e-05 -615.647 273.113 5.02427 5.02342 -0.0596877 -0.294183 1428380.0
203 0.04975 8.83397e-05 -615.645 273.108 5.02412 5.02344 -0.156356 -0.289416 1428310.0
202 0.04985 8.83404e-05 -615.645 273.099 5.02399 5.02347 -0.308251 -0.315969 1428140.0
201 0.04995 8.83422e-05 -615.634 273.113 5.02436 5.02404 -0.0983793 -0.108878 1428510.0
200 0.05005 8.83411e-05 -615.638 273.109 5.02423 5.02386 -0.145843 -0.27483 1428420.0
199 0.05015 8.83421e-05 -615.63 273.116 5.0244 5.02414 -0.0761568 -0.215011 1428560.0
198 0.05025 8.83396e-05 -615.65 273.097 5.02391 5.02325 -0.255656 -0.467485 1428060.0
197 0.05035 8.83426e-05 -615.63 273.121 5.02452 5.0245 -0.020777 -0.0388851 1428710.0
196 0.05045 8.83425e-05 -615.632 273.118 5.02447 5.02429 -0.0181928 -0.0525415 1428620.0
195 0.05055 8.83445e-05 -615.62 273.125 5.02471 5.02483 0.0258819 0.108059 1428870.0
194 0.05065 8.83446e-05 -615.617 273.13 5.0248 5.02504 0.107603 0.278056 1429060.0
193 0.05075 8.83412e-05 -615.644 273.106 5.02416 5.02358 -0.175663 -0.306659 1428290.0
192 0.05085 8.83401e-05 -615.653 273.095 5.02391 5.02312 -0.270245 -0.387507 1428020.0
191 0.05095 8.83409e-05 -615.642 273.105 5.02413 5.02356 -0.152596 -0.250852 1428300.0
190 0.05105 8.83409e-05 -615.648 273.103 5.0241 5.0233 -0.186263 -0.407203 1428150.0
189 0.05115 8.8344e-05 -615.624 273.122 5.02461 5.02463 0.0275124 0.0978722 1428790.0
188 0.05125 8.83447e-05 -615.623 273.123 5.02468 5.02458 0.0493518 0.0484154 1428780.0
187 0.05135 8.83436e-05 -615.629 273.121 5.02458 5.02422 0.0464398 -0.00531557 1428690.0
186 0.05145 8.83454e-05 -615.613 273.138 5.02499 5.02512 0.229689 0.30112 1429160.0
185 0.05155 8.83445e-05 -615.626 273.126 5.02473 5.02438 0.110558 0.0211392 1428790.0
184 0.05165 8.83437e-05 -615.63 273.127 5.02471 5.02412 0.169881 0.0139451 1428760.0
183 0.05175 8.83461e-05 -615.616 273.142 5.02511 5.02499 0.326532 0.310605 1429200.0
182 0.05185 8.83424e-05 -615.645 273.117 5.02445 5.02333 0.0451011 -0.285498 1428390.0
181 0.05195 8.83419e-05 -615.646 273.106 5.02422 5.02317 -0.104748 -0.334125 1428160.0
180 0.05205 8.83456e-05 -615.622 273.128 5.02482 5.0247 0.116417 0.136914 1428860.0
179 0.05215 8.83432e-05 -615.641 273.107 5.02431 5.02362 -0.0945085 -0.139897 1428290.0
178 0.05225 8.8343e-05 -615.638 273.117 5.02448 5.02382 0.0373297 -0.0315863 1428500.0
177 0.05235 8.83435e-05 -615.636 273.111 5.0244 5.02393 -0.127262 -0.11465 1428350.0
176 0.05245 8.83435e-05 -615.638 273.114 5.02445 5.02386 -0.0424403 -0.0862567 1428420.0
175 0.05255 8.83464e-05 -615.611 273.132 5.02494 5.02519 0.171528 0.333589 1429040.0
174 0.05265 8.83466e-05 -615.611 273.134 5.02499 5.02543 0.150614 0.408871 1429120.0
173 0.05275 8.83458e-05 -615.617 273.138 5.02502 5.02503 0.262335 0.304153 1429150.0
172 0.05285 8.83455e-05 -615.614 273.136 5.02497 5.02519 0.26088 0.33995 1429170.0
171 0.05295 8.8347e-05 -615.604 273.148 5.02527 5.02583 0.367749 0.519051 1429490.0
170 0.05305 8.83484e-05 -615.596 273.145 5.0253 5.0261 0.293943 0.568371 1429440.0
169 0.05315 8.83448e-05 -615.622 273.126 5.02474 5.02476 0.13982 0.144289 1428870.0
168 0.05325 8.83428e-05 -615.634 273.116 5.02444 5.02402 0.0630564 -0.0449151 1428550.0
167 0.05335 8.83396e-05 -615.656 273.097 5.02392 5.02285 -0.199181 -0.507515 1427890.0
166 0.05345 8.83443e-05 -615.618 273.128 5.02476 5.02494 0.109788 0.169711 1428840.0
165 0.05355 8.83462e-05 -615.61 273.136 5.025 5.02544 0.208498 0.392763 1429080.0
164 0.05365 8.83429e-05 -615.627 273.119 5.02451 5.02445 0.080172 0.108867 1428640.0
163 0.05375 8.83443e-05 -615.622 273.137 5.02492 5.02482 0.307244 0.209523 1429000.0
162 0.05385 8.83437e-05 -615.623 273.133 5.02482 5.02467 0.307105 0.219607 1428920.0
161 0.05395 8.83411e-05 -615.639 273.125 5.02451 5.02391 0.194691 0.0475883 1428560.0
160 0.05405 8.83408e-05 -615.64 273.119 5.02438 5.02372 0.10974 -0.0869286 1428370.0
159 0.05415 8.83408e-05 -615.643 273.109 5.02419 5.02365 -0.0469597 -0.122343 1428200.0
158 0.05425 8.83398e-05 -615.641 273.117 5.02428 5.02373 0.0835555 -0.0845381 1428360.0
157 0.05435 8.83453e-05 -615.611 273.147 5.02515 5.02555 0.412908 0.551242 1429300.0
156 0.05445 8.83427e-05 -615.622 273.137 5.02483 5.02481 0.306887 0.338006 1428920.0
155 0.05455 8.83427e-05 -615.625 273.127 5.02463 5.02471 0.210895 0.344203 1428740.0
154 0.05465 8.83436e-05 -615.617 273.129 5.02474 5.02521 0.202162 0.508689 1428880.0
153 0.05475 8.83416e-05 -615.632 273.121 5.02447 5.02444 0.110157 0.212664 1428580.0
152 0.05485 8.83378e-05 -615.659 273.093 5.02374 5.02291 -0.151798 -0.298329 1427800.0
151 0.05495 8.83393e-05 -615.646 273.111 5.02415 5.02358 0.0241948 -0.0306343 1428210.0
150 0.05505 8.83415e-05 -615.629 273.12 5.02444 5.02456 0.10751 0.26714 1428650.0
149 0.05515 8.83408e-05 -615.635 273.127 5.02452 5.02416 0.266298 0.224352 1428670.0
148 0.05525 8.83376e-05 -615.659 273.11 5.02404 5.02304 0.0971016 -0.120731 1428120.0
147 0.05535 8.83395e-05 -615.646 273.117 5.02427 5.02366 0.109633 0.0628665 1428320.0
146 0.05545 8.83435e-05 -615.614 273.139 5.02491 5.02533 0.325582 0.514924 1429000.0
145 0.05555 8.83425e-05 -615.623 273.14 5.02488 5.0247 0.422438 0.275739 1428930.0
144 0.05565 8.83404e-05 -615.635 273.122 5.02441 5.02406 0.151941 0.0259654 1428400.0
143 0.05575 8.83394e-05 -615.646 273.116 5.02426 5.02356 0.132256 -0.0820667 1428220.0
142 0.05585 8.83408e-05 -615.635 273.131 5.02461 5.02406 0.290014 0.0897479 1428610.0
141 0.05595 8.83371e-05 -615.661 273.103 5.02389 5.02278 0.019403 -0.340202 1427900.0
140 0.05605 8.83378e-05 -615.659 273.103 5.02392 5.02295 -0.0399409 -0.25831 1427900.0
139 0.05615 8.83382e-05 -615.658 273.103 5.02395 5.02305 0.00711716 -0.170591 1428000.0
138 0.05625 8.83369e-05 -615.667 273.091 5.02366 5.02248 -0.184444 -0.359788 1427620.0
137 0.05635 8.83412e-05 -615.637 273.114 5.02432 5.02409 0.072666 0.124349 1428370.0
136 0.05645 8.83396e-05 -615.649 273.104 5.02403 5.02351 -0.0770788 -0.0181453 1428020.0
135 0.05655 8.83413e-05 -615.636 273.118 5.02439 5.02402 0.154033 0.178202 1428410.0
134 0.05665 8.83412e-05 -615.636 273.122 5.02447 5.02414 0.1954 0.141077 1428530.0
133 0.05675 8.8338e-05 -615.658 273.095 5.02378 5.02299 -0.169728 -0.20896 1427750.0
132 0.05685 8.83393e-05 -615.647 273.101 5.02397 5.02342 -0.0776721 -0.0548674 1427980.0
131 0.05695 8.83386e-05 -615.658 273.094 5.0238 5.02296 -0.192633 -0.234246 1427710.0
130 0.05705 8.83395e-05 -615.65 273.095 5.02388 5.02336 -0.151645 -0.0492575 1427850.0
129 0.05715 8.83387e-05 -615.655 273.093 5.02379 5.02292 -0.15892 -0.154032 1427700.0
128 0.05725 8.83408e-05 -615.639 273.101 5.02406 5.02391 -0.126921 0.114815 1428050.0
127 0.05735 8.8342e-05 -615.635 273.111 5.02431 5.02411 -0.0104402 0.137586 1428260.0
126 0.05745 8.83444e-05 -615.617 273.128 5.02476 5.02493 0.212427 0.486324 1428720.0
125 0.05755 8.83432e-05 -615.626 273.12 5.02453 5.02446 0.104923 0.327321 1428460.0
124 0.05765 8.83418e-05 -615.631 273.114 5.02434 5.02414 0.0294579 0.246043 1428310.0
123 0.05775 8.83421e-05 -615.633 273.122 5.02452 5.02428 0.174133 0.344409 1428550.0
122 0.05785 8.83412e-05 -615.633 273.123 5.02448 5.02404 0.231609 0.350005 1428570.0
121 0.05795 8.83412e-05 -615.633 273.123 5.02448 5.02407 0.186335 0.328766 1428560.0
120 0.05805 8.83445e-05 -615.612 273.141 5.025 5.02532 0.398199 0.739703 1429160.0
119 0.05815 8.83464e-05 -615.597 273.152 5.0253 5.02607 0.52648 0.971616 1429480.0
118 0.05825 8.83456e-05 -615.606 273.145 5.02513 5.02565 0.424547 0.814355 1429240.0
117 0.05835 8.83435e-05 -615.615 273.142 5.02496 5.02512 0.477785 0.656012 1429110.0
116 0.05845 8.83444e-05 -615.607 273.152 5.0252 5.02553 0.633101 0.786093 1429450.0
115 0.05855 8.83464e-05 -615.601 273.15 5.02527 5.02588 0.481594 0.749252 1429340.0
114 0.05865 8.83436e-05 -615.615 273.135 5.02484 5.02516 0.328488 0.408826 1428950.0
113 0.05875 8.83427e-05 -615.624 273.125 5.02461 5.02467 0.189511 0.186815 1428630.0
112 0.05885 8.83423e-05 -615.627 273.127 5.02462 5.02453 0.277844 0.280984 1428690.0
111 0.05895 8.83422e-05 -615.631 273.132 5.02471 5.02433 0.358317 0.191433 1428710.0
110 0.05905 8.83437e-05 -615.62 273.136 5.02487 5.02484 0.385225 0.431775 1428910.0
109 0.05915 8.83433e-05 -615.623 273.134 5.02481 5.02467 0.351935 0.421028 1428850.0
108 0.05925 8.8341e-05 -615.641 273.118 5.02439 5.02375 0.188154 0.154346 1428360.0
107 0.05935 8.83367e-05 -615.671 273.1 5.0238 5.02212 -0.0223813 -0.361891 1427670.0
106 0.05945 8.83403e-05 -615.647 273.123 5.02443 5.02338 0.28131 0.0393464 1428390.0
105 0.05955 8.83425e-05 -615.63 273.139 5.02484 5.02428 0.476394 0.328532 1428830.0
104 0.05965 8.83403e-05 -615.647 273.122 5.02441 5.02331 0.287975 0.0255061 1428340.0
103 0.05975 8.83415e-05 -615.634 273.127 5.02458 5.02403 0.297381 0.184792 1428550.0
102 0.05985 8.83399e-05 -615.651 273.119 5.02433 5.02323 0.219398 -0.0921987 1428250.0
101 0.05995 8.83392e-05 -615.654 273.108 5.02409 5.02311 0.0903845 0.0208435 1428060.0
100 0.06005 8.83403e-05 -615.643 273.117 5.02431 5.02355 0.164027 0.102822 1428380.0
99 0.06015 8.83407e-05 -615.643 273.117 5.02433 5.02379 0.153525 0.184259 1428410.0
98 0.06025 8.83398e-05 -615.648 273.11 5.02417 5.02333 0.0945557 0.0255429 1428190.0
97 0.06035 8.83381e-05 -615.657 273.1 5.02388 5.02283 -0.0619908 -0.103425 1427930.0
96 0.06045 8.83398e-05 -615.646 273.105 5.02406 5.02357 -0.028014 0.184201 1428160.0
95 0.06055 8.8342e-05 -615.631 273.12 5.02448 5.02434 0.176548 0.38609 1428560.0
94 0.06065 8.83423e-05 -615.629 273.126 5.02461 5.02437 0.272328 0.30689 1428650.0
93 0.06075 8.83405e-05 -615.643 273.117 5.02433 5.02352 0.171594 0.00356547 1428290.0
92 0.06085 8.83399e-05 -615.65 273.109 5.02415 5.02339 0.108433 -0.0737039 1428140.0
91 0.06095 8.83413e-05 -615.633 273.122 5.02447 5.024 0.229681 0.123045 1428460.0
90 0.06105 8.83382e-05 -615.66 273.104 5.02396 5.02277 0.0513752 -0.2493 1427900.0
89 0.06115 8.83388e-05 -615.648 273.111 5.02413 5.02319 0.147602 0.00497374 1428100.0
88 0.06125 8.8341e-05 -615.636 273.113 5.02429 5.02391 0.0799538 0.200266 1428250.0
87 0.06135 8.83394e-05 -615.648 273.105 5.02405 5.02326 0.0509064 0.0182723 1428000.0
86 0.06145 8.83392e-05 -615.649 273.106 5.02405 5.02322 0.0425589 -0.00965489 1427980.0
85 0.06155 8.83375e-05 -615.663 273.104 5.02392 5.02238 0.0866958 -0.202633 1427720.0
84 0.06165 8.83365e-05 -615.668 273.102 5.02383 5.0223 0.0264657 -0.193822 1427650.0
83 0.06175 8.83423e-05 -615.63 273.126 5.02459 5.0242 0.24748 0.394243 1428450.0
82 0.06185 8.83413e-05 -615.64 273.117 5.02437 5.0237 0.125278 0.173413 1428200.0
81 0.06195 8.83414e-05 -615.634 273.119 5.02441 5.02403 0.149637 0.316003 1428300.0
80 0.06205 8.83441e-05 -615.618 273.125 5.02468 5.02474 0.137198 0.536152 1428510.0
79 0.06215 8.83434e-05 -615.619 273.133 5.02479 5.02483 0.317722 0.645817 1428760.0
78 0.06225 8.83428e-05 -615.624 273.126 5.02464 5.02447 0.227162 0.473136 1428570.0
77 0.06235 8.83437e-05 -615.615 273.138 5.0249 5.02497 0.371564 0.626518 1428860.0
76 0.06245 8.83431e-05 -615.627 273.125 5.02463 5.02443 0.212653 0.434459 1428450.0
75 0.06255 8.83408e-05 -615.637 273.125 5.0245 5.02375 0.241792 0.229527 1428290.0
74 0.06265 8.83406e-05 -615.641 273.114 5.02429 5.02353 0.0920682 0.101061 1428040.0
73 0.06275 8.83404e-05 -615.647 273.102 5.02406 5.02323 -0.0818261 -0.0320926 1427740.0
72 0.06285 8.83428e-05 -615.624 273.125 5.02461 5.02444 0.178614 0.403283 1428370.0
71 0.06295 8.83419e-05 -615.634 273.112 5.02431 5.02391 0.0340868 0.183415 1428040.0
70 0.06305 8.83396e-05 -615.65 273.101 5.02398 5.02305 -0.0959048 -0.121646 1427640.0
69 0.06315 8.83428e-05 -615.628 273.12 5.02452 5.0243 0.0808482 0.271452 1428200.0
68 0.06325 8.83426e-05 -615.63 273.122 5.02454 5.02407 0.148472 0.222182 1428240.0
67 0.06335 8.83472e-05 -615.602 273.145 5.02523 5.02567 0.437928 0.924815 1429030.0
66 0.06345 8.83453e-05 -615.609 273.145 5.02511 5.02528 0.418754 0.830652 1428950.0
65 0.06355 8.83466e-05 -615.606 273.148 5.02524 5.02546 0.499927 0.898035 1429050.0
64 0.06365 8.83429e-05 -615.629 273.128 5.02467 5.02427 0.211116 0.365183 1428430.0
63 0.06375 8.83438e-05 -615.628 273.13 5.02476 5.02423 0.268902 0.340596 1428470.0
62 0.06385 8.83444e-05 -615.618 273.141 5.025 5.02484 0.431738 0.638789 1428800.0
61 0.06395 8.83473e-05 -615.607 273.152 5.02537 5.02554 0.550657 0.797372 1429140.0
60 0.06405 8.83507e-05 -615.579 273.164 5.02578 5.02693 0.629663 1.16394 1429660.0
59 0.06415 8.83477e-05 -615.603 273.147 5.0253 5.0256 0.415547 0.668547 1429000.0
58 0.06425 8.83493e-05 -615.585 273.166 5.02574 5.02647 0.650521 0.951834 1429520.0
57 0.06435 8.83448e-05 -615.615 273.142 5.02504 5.0248 0.388959 0.412382 1428710.0
56 0.06445 8.83444e-05 -615.622 273.139 5.02497 5.02455 0.387418 0.410615 1428600.0
55 0.06455 8.83432e-05 -615.625 273.14 5.02491 5.02441 0.411929 0.369741 1428590.0
54 0.06465 8.83461e-05 -615.61 273.152 5.02529 5.02528 0.534581 0.70921 1428940.0
53 0.06475 8.83477e-05 -615.598 273.15 5.02535 5.02581 0.469429 0.849541 1429010.0
52 0.06485 8.83444e-05 -615.611 273.134 5.02486 5.02501 0.255922 0.594716 1428500.0
51 0.06495 8.83447e-05 -615.615 273.14 5.02499 5.02486 0.339222 0.495054 1428560.0
50 0.06505 8.83416e-05 -615.635 273.126 5.02457 5.0239 0.163293 0.155559 1428110.0
49 0.06515 8.83395e-05 -615.646 273.11 5.02415 5.02321 -0.028485 -0.0540969 1427610.0
48 0.06525 8.83389e-05 -615.651 273.109 5.02409 5.0229 0.00474049 -0.0254032 1427570.0
47 0.06535 8.8342e-05 -615.634 273.119 5.02446 5.02402 0.0390763 0.29078 1427980.0
46 0.06545 8.83419e-05 -615.633 273.129 5.02464 5.02402 0.233462 0.312995 1428250.0
45 0.06555 8.83424e-05 -615.624 273.133 5.02474 5.02438 0.305819 0.489146 1428420.0
44 0.06565 8.83419e-05 -615.633 273.134 5.02472 5.02387 0.322531 0.332979 1428310.0
43 0.06575 8.83397e-05 -615.649 273.121 5.02437 5.0231 0.19169 0.0867064 1427910.0
42 0.06585 8.83401e-05 -615.644 273.118 5.02432 5.02332 0.113906 0.2087 1427830.0
41 0.06595 8.83436e-05 -615.624 273.137 5.02488 5.02448 0.302304 0.527432 1428410.0
40 0.06605 8.83435e-05 -615.624 273.141 5.02494 5.02446 0.369226 0.507379 1428500.0
39 0.06615 8.83444e-05 -615.618 273.141 5.025 5.0248 0.387374 0.647746 1428510.0
38 0.06625 8.83432e-05 -615.624 273.136 5.02483 5.02441 0.28473 0.49591 1428240.0
37 0.06635 8.83428e-05 -615.625 273.14 5.02489 5.0245 0.400289 0.627458 1428420.0
36 0.06645 8.8345e-05 -615.612 273.146 5.02512 5.02513 0.450744 0.915007 1428650.0
35 0.06655 8.83451e-05 -615.611 273.145 5.0251 5.02523 0.3839 0.915676 1428580.0
34 0.06665 8.83474e-05 -615.596 273.159 5.0255 5.02598 0.548954 1.15343 1429010.0
33 0.06675 8.83447e-05 -615.62 273.139 5.02498 5.02486 0.35157 0.753386 1428450.0
32 0.06685 8.83444e-05 -615.618 273.149 5.02515 5.02489 0.448351 0.722771 1428570.0
31 0.06695 8.83416e-05 -615.638 273.13 5.02464 5.0238 0.272979 0.458814 1428020.0
30 0.06705 8.8338e-05 -615.664 273.105 5.02396 5.02247 -0.067312 -0.0533304 1427230.0
29 0.06715 8.83374e-05 -615.668 273.096 5.02377 5.02221 -0.15175 -0.0868046 1426960.0
28 0.06725 8.8341e-05 -615.647 273.123 5.02447 5.02352 0.160077 0.420065 1427730.0
27 0.06735 8.83397e-05 -615.655 273.123 5.0244 5.02294 0.242196 0.249694 1427640.0
26 0.06745 8.83416e-05 -615.642 273.128 5.0246 5.02354 0.234759 0.383438 1427760.0
25 0.06755 8.83429e-05 -615.634 273.13 5.02471 5.02414 0.242344 0.681595 1427910.0
24 0.06765 8.83418e-05 -615.643 273.128 5.02461 5.02349 0.265903 0.472252 1427740.0
23 0.06775 8.83407e-05 -615.64 273.132 5.02462 5.02367 0.296345 0.545548 1427830.0
22 0.06785 8.83403e-05 -615.649 273.128 5.02453 5.02324 0.248822 0.26833 1427620.0
21 0.06795 8.83391e-05 -615.652 273.135 5.02458 5.02302 0.365139 0.173014 1427700.0
20 0.06805 8.83393e-05 -615.648 273.119 5.02431 5.02325 0.111675 0.23257 1427420.0
19 0.06815 8.83436e-05 -615.625 273.147 5.02506 5.02453 0.439738 0.662278 1428190.0
18 0.06825 8.83428e-05 -615.624 273.14 5.02488 5.02452 0.343297 0.606879 1428030.0
17 0.06835 8.83411e-05 -615.639 273.131 5.02461 5.02374 0.256739 0.329147 1427700.0
16 0.06845 8.83397e-05 -615.648 273.134 5.0246 5.02331 0.368221 0.290425 1427640.0
15 0.06855 8.83418e-05 -615.631 273.158 5.02516 5.02419 0.661268 0.661373 1428230.0
14 0.06865 8.83452e-05 -615.611 273.156 5.02532 5.02519 0.546422 0.906785 1428440.0
13 0.06875 8.83444e-05 -615.614 273.148 5.02512 5.02505 0.412164 0.83472 1428220.0
12 0.06885 8.83452e-05 -615.611 273.152 5.02525 5.02526 0.50977 0.966523 1428370.0
11 0.06895 8.83449e-05 -615.618 273.15 5.02518 5.025 0.487687 0.839607 1428320.0
10 0.06905 8.83463e-05 -615.603 273.163 5.02551 5.02569 0.609109 1.07055 1428610.0
9 0.06915 8.83454e-05 -615.608 273.169 5.02556 5.02549 0.725137 1.0858 1428710.0
8 0.06925 8.8342e-05 -615.633 273.141 5.02486 5.02409 0.365661 0.577387 1427900.0
7 0.06935 8.83463e-05 -615.603 273.165 5.02553 5.02566 0.632627 1.07261 1428660.0
6 0.06945 8.83479e-05 -615.59 273.17 5.02572 5.02638 0.634245 1.27938 1428850.0
5 0.06955 8.8344e-05 -615.62 273.146 5.02507 5.02475 0.468476 0.824933 1428140.0
4 0.06965 8.83419e-05 -615.634 273.133 5.0247 5.02398 0.227764 0.494993 1427750.0
3 0.06975 8.83428e-05 -615.63 273.138 5.02485 5.02423 0.350652 0.586849 1427910.0
2 0.06985 8.83395e-05 -615.649 273.117 5.02427 5.02322 0.0456866 0.270906 1427240.0
1 0.06995 8.83463e-05 -615.604 273.155 5.02536 5.02553 0.522076 1.02845 1428450.0
