TITLE = "DSMC"
VARIABLES = "ID" "X" "rho" "v1" "Ttrans" "p" "p1" "q1" "mv1v1v1" "mvvv1v1"
ZONE T="Ma=5.2", I=800, J=1, K=1, F=POINT
1 -0.04995 8.83408e-05 1600.66 273.105 5.02412 5.02298 0.020405 -0.0983251 1426540.0
2 -0.04985 8.83409e-05 1600.66 273.105 5.02413 5.02305 0.0200933 -0.102415 1426640.0
3 -0.04975 8.83411e-05 1600.66 273.106 5.02416 5.02314 -0.0240967 -0.159479 1426720.0
4 -0.04965 8.83422e-05 1600.66 273.105 5.0242 5.02323 -0.022703 -0.218359 1426790.0
5 -0.04955 8.83409e-05 1600.66 273.107 5.02416 5.02322 -0.0668512 -0.284514 1426870.0
6 -0.04945 8.83408e-05 1600.66 273.107 5.02417 5.02321 -0.0583129 -0.332873 1426920.0
7 -0.04935 8.83414e-05 1600.66 273.108 5.02422 5.02325 -0.0954803 -0.388479 1426990.0
8 -0.04925 8.83407e-05 1600.66 273.105 5.02413 5.02315 -0.100192 -0.386189 1426980.0
9 -0.04915 8.83418e-05 1600.66 273.108 5.02423 5.02324 -0.11638 -0.423896 1427050.0
10 -0.04905 8.83406e-05 1600.66 273.109 5.02419 5.02323 -0.138868 -0.428881 1427070.0
11 -0.04895 8.83408e-05 1600.66 273.108 5.02419 5.02323 -0.135162 -0.381464 1427100.0
12 -0.04885 8.83413e-05 1600.66 273.11 5.02425 5.02326 -0.167405 -0.465205 1427170.0
13 -0.04875 8.8342e-05 1600.66 273.109 5.02426 5.02337 -0.182721 -0.482644 1427230.0
14 -0.04865 8.83413e-05 1600.66 273.109 5.02423 5.02328 -0.181615 -0.497919 1427270.0
15 -0.04855 8.83412e-05 1600.66 273.112 5.02428 5.02341 -0.215795 -0.53334 1427320.0
16 -0.04845 8.83414e-05 1600.66 273.108 5.02423 5.02338 -0.216973 -0.550918 1427350.0
17 -0.04835 8.8342e-05 1600.66 273.111 5.0243 5.02352 -0.24045 -0.575605 1427470.0
18 -0.04825 8.83411e-05 1600.66 273.111 5.02426 5.0235 -0.25104 -0.620173 1427490.0
19 -0.04815 8.83408e-05 1600.66 273.113 5.02428 5.02351 -0.255763 -0.606516 1427520.0
20 -0.04805 8.83414e-05 1600.66 273.111 5.02428 5.02353 -0.241546 -0.599393 1427540.0
21 -0.04795 8.8342e-05 1600.66 273.111 5.02432 5.02359 -0.268502 -0.629742 1427560.0
22 -0.04785 8.83411e-05 1600.66 273.111 5.02426 5.0236 -0.250826 -0.619633 1427630.0
23 -0.04775 8.83409e-05 1600.66 273.112 5.02425 5.02364 -0.248766 -0.634811 1427650.0
24 -0.04765 8.83417e-05 1600.66 273.112 5.0243 5.02362 -0.241837 -0.590955 1427610.0
25 -0.04755 8.83408e-05 1600.66 273.11 5.02423 5.02356 -0.219786 -0.566582 1427620.0
26 -0.04745 8.83416e-05 1600.66 273.109 5.02425 5.02357 -0.222977 -0.580478 1427610.0
27 -0.04735 8.83413e-05 1600.66 273.112 5.02428 5.02346 -0.229244 -0.541861 1427600.0
28 -0.04725 8.83417e-05 1600.66 273.11 5.02426 5.02353 -0.244473 -0.579345 1427640.0
29 -0.04715 8.83415e-05 1600.66 273.112 5.02429 5.02361 -0.230206 -0.536377 1427670.0
30 -0.04705 8.83412e-05 1600.66 273.109 5.02423 5.02347 -0.243132 -0.543108 1427630.0
31 -0.04695 8.83416e-05 1600.66 273.112 5.0243 5.02354 -0.248636 -0.495161 1427650.0
32 -0.04685 8.83416e-05 1600.66 273.112 5.0243 5.02352 -0.266288 -0.523866 1427690.0
33 -0.04675 8.83412e-05 1600.66 273.112 5.02428 5.02344 -0.262486 -0.506513 1427660.0
34 -0.04665 8.83422e-05 1600.66 273.109 5.02427 5.02359 -0.291303 -0.566765 1427720.0
35 -0.04655 8.83408e-05 1600.66 273.112 5.02425 5.02339 -0.293156 -0.544787 1427680.0
36 -0.04645 8.83414e-05 1600.66 273.111 5.02428 5.02356 -0.280856 -0.511138 1427760.0
37 -0.04635 8.83415e-05 1600.66 273.113 5.02432 5.02352 -0.281734 -0.470726 1427760.0
38 -0.04625 8.83417e-05 1600.66 273.109 5.02425 5.02351 -0.288632 -0.488859 1427770.0
39 -0.04615 8.83418e-05 1600.66 273.111 5.0243 5.02355 -0.273735 -0.459727 1427790.0
40 -0.04605 8.83412e-05 1600.66 273.111 5.02426 5.02348 -0.316229 -0.513489 1427800.0
41 -0.04595 8.83421e-05 1600.66 273.111 5.02431 5.0235 -0.313543 -0.550387 1427820.0
42 -0.04585 8.83413e-05 1600.66 273.113 5.0243 5.0236 -0.323138 -0.532811 1427920.0
43 -0.04575 8.83415e-05 1600.66 273.112 5.0243 5.02355 -0.348281 -0.560511 1427940.0
44 -0.04565 8.8341e-05 1600.66 273.111 5.02425 5.02349 -0.368719 -0.587544 1427920.0
45 -0.04555 8.8342e-05 1600.66 273.112 5.02433 5.02351 -0.339383 -0.523786 1427920.0
46 -0.04545 8.83412e-05 1600.66 273.112 5.02428 5.02348 -0.347688 -0.519388 1427900.0
47 -0.04535 8.83416e-05 1600.66 273.112 5.0243 5.0235 -0.331993 -0.504705 1427940.0
48 -0.04525 8.83416e-05 1600.66 273.113 5.02432 5.02351 -0.352325 -0.518934 1427940.0
49 -0.04515 8.83413e-05 1600.66 273.113 5.02429 5.02358 -0.331786 -0.507682 1427990.0
50 -0.04505 8.83413e-05 1600.66 273.11 5.02426 5.02362 -0.348383 -0.545999 1427990.0
51 -0.04495 8.83419e-05 1600.66 273.111 5.02431 5.02368 -0.31654 -0.522904 1428010.0
52 -0.04485 8.83417e-05 1600.65 273.11 5.02427 5.02375 -0.328325 -0.534528 1428050.0
53 -0.04475 8.8342e-05 1600.66 273.113 5.02434 5.02381 -0.312164 -0.520477 1428110.0
54 -0.04465 8.83419e-05 1600.66 273.111 5.02431 5.02383 -0.316813 -0.488706 1428110.0
55 -0.04455 8.83413e-05 1600.66 273.11 5.02424 5.02369 -0.318067 -0.480613 1428040.0
56 -0.04445 8.83421e-05 1600.66 273.111 5.02431 5.02372 -0.296115 -0.463069 1428060.0
57 -0.04435 8.83411e-05 1600.66 273.111 5.02425 5.02367 -0.288325 -0.435552 1428060.0
58 -0.04425 8.83418e-05 1600.66 273.111 5.0243 5.02366 -0.300034 -0.422685 1428030.0
59 -0.04415 8.83415e-05 1600.65 273.111 5.02427 5.02367 -0.281903 -0.423193 1428040.0
60 -0.04405 8.83418e-05 1600.66 273.11 5.02428 5.02366 -0.308274 -0.402167 1428080.0
61 -0.04395 8.83416e-05 1600.66 273.111 5.02427 5.02361 -0.292215 -0.400361 1428060.0
62 -0.04385 8.83411e-05 1600.66 273.111 5.02425 5.02362 -0.305684 -0.426816 1428100.0
63 -0.04375 8.83418e-05 1600.66 273.111 5.0243 5.02367 -0.29648 -0.393192 1428110.0
64 -0.04365 8.8342e-05 1600.66 273.109 5.02427 5.02363 -0.288448 -0.35714 1428090.0
65 -0.04355 8.83413e-05 1600.65 273.11 5.02425 5.02357 -0.278743 -0.36982 1428100.0
66 -0.04345 8.83419e-05 1600.66 273.11 5.02428 5.02368 -0.263589 -0.3307 1428100.0
67 -0.04335 8.83417e-05 1600.66 273.11 5.02428 5.02368 -0.247419 -0.296813 1428110.0
68 -0.04325 8.83418e-05 1600.66 273.109 5.02425 5.02368 -0.237642 -0.282613 1428110.0
69 -0.04315 8.83413e-05 1600.65 273.11 5.02425 5.02363 -0.259274 -0.312461 1428060.0
70 -0.04305 8.83421e-05 1600.65 273.11 5.02428 5.0238 -0.255273 -0.325017 1428150.0
71 -0.04295 8.83413e-05 1600.65 273.11 5.02426 5.02373 -0.271621 -0.349405 1428180.0
72 -0.04285 8.83425e-05 1600.66 273.109 5.02429 5.02371 -0.277192 -0.356911 1428160.0
73 -0.04275 8.83409e-05 1600.66 273.11 5.02422 5.02363 -0.265622 -0.327501 1428120.0
74 -0.04265 8.83417e-05 1600.66 273.109 5.02425 5.02368 -0.247501 -0.311588 1428170.0
75 -0.04255 8.83421e-05 1600.66 273.109 5.02428 5.02369 -0.271738 -0.335803 1428220.0
76 -0.04245 8.83416e-05 1600.66 273.108 5.02424 5.02358 -0.262034 -0.301486 1428170.0
77 -0.04235 8.83419e-05 1600.66 273.112 5.02432 5.02364 -0.254433 -0.280436 1428210.0
78 -0.04225 8.83423e-05 1600.66 273.108 5.02427 5.02363 -0.271317 -0.300759 1428200.0
79 -0.04215 8.83414e-05 1600.66 273.11 5.02426 5.0236 -0.274654 -0.301901 1428240.0
80 -0.04205 8.83417e-05 1600.66 273.109 5.02426 5.0237 -0.293914 -0.325106 1428280.0
81 -0.04195 8.8342e-05 1600.66 273.111 5.02431 5.02366 -0.280689 -0.299031 1428280.0
82 -0.04185 8.83418e-05 1600.66 273.109 5.02426 5.02365 -0.305398 -0.343016 1428290.0
83 -0.04175 8.83419e-05 1600.66 273.11 5.02429 5.02359 -0.299914 -0.336602 1428300.0
84 -0.04165 8.83415e-05 1600.66 273.113 5.02431 5.02369 -0.285238 -0.341545 1428330.0
85 -0.04155 8.83416e-05 1600.65 273.111 5.02429 5.02365 -0.295915 -0.350647 1428340.0
86 -0.04145 8.83416e-05 1600.66 273.11 5.02427 5.02357 -0.295957 -0.333612 1428300.0
87 -0.04135 8.83418e-05 1600.66 273.112 5.02432 5.02363 -0.321623 -0.384485 1428350.0
88 -0.04125 8.83417e-05 1600.66 273.111 5.0243 5.02355 -0.311205 -0.390409 1428310.0
89 -0.04115 8.8341e-05 1600.65 273.111 5.02426 5.02361 -0.321543 -0.40131 1428310.0
90 -0.04105 8.83422e-05 1600.66 273.112 5.02434 5.02371 -0.30132 -0.364187 1428360.0
91 -0.04095 8.83413e-05 1600.66 273.11 5.02425 5.02365 -0.281592 -0.353148 1428360.0
92 -0.04085 8.83419e-05 1600.66 273.111 5.0243 5.02363 -0.296361 -0.359113 1428360.0
93 -0.04075 8.83415e-05 1600.66 273.112 5.02429 5.02367 -0.27659 -0.33702 1428390.0
94 -0.04065 8.83411e-05 1600.66 273.111 5.02426 5.0236 -0.301759 -0.399606 1428370.0
95 -0.04055 8.83411e-05 1600.66 273.11 5.02423 5.0236 -0.261359 -0.360742 1428400.0
96 -0.04045 8.8342e-05 1600.66 273.11 5.02429 5.02368 -0.246875 -0.364587 1428410.0
97 -0.04035 8.83414e-05 1600.66 273.11 5.02425 5.02367 -0.231151 -0.353906 1428400.0
98 -0.04025 8.83403e-05 1600.66 273.112 5.02424 5.02363 -0.255067 -0.385709 1428420.0
99 -0.04015 8.83413e-05 1600.65 273.109 5.02423 5.02363 -0.264614 -0.369221 1428460.0
100 -0.04005 8.83412e-05 1600.66 273.112 5.02427 5.02367 -0.263137 -0.38595 1428510.0
101 -0.03995 8.83417e-05 1600.66 273.11 5.02427 5.02374 -0.273289 -0.376901 1428520.0
102 -0.03985 8.83412e-05 1600.65 273.111 5.02427 5.02378 -0.257079 -0.376102 1428560.0
103 -0.03975 8.83419e-05 1600.65 273.111 5.02431 5.02381 -0.2782 -0.407514 1428590.0
104 -0.03965 8.8341e-05 1600.65 273.111 5.02425 5.02381 -0.290096 -0.44373 1428640.0
105 -0.03955 8.83415e-05 1600.65 273.112 5.0243 5.02374 -0.277329 -0.405695 1428610.0
106 -0.03945 8.8342e-05 1600.66 273.112 5.02432 5.02385 -0.308189 -0.414934 1428740.0
107 -0.03935 8.83408e-05 1600.65 273.113 5.02428 5.02369 -0.307451 -0.420149 1428740.0
108 -0.03925 8.83416e-05 1600.66 273.112 5.0243 5.02371 -0.301118 -0.40381 1428720.0
109 -0.03915 8.83412e-05 1600.65 273.112 5.02429 5.02369 -0.301243 -0.393442 1428740.0
110 -0.03905 8.83411e-05 1600.65 273.112 5.02428 5.0238 -0.301436 -0.422033 1428860.0
111 -0.03895 8.8342e-05 1600.65 273.113 5.02434 5.02385 -0.328739 -0.471226 1428880.0
112 -0.03885 8.83419e-05 1600.65 273.112 5.02433 5.02384 -0.320229 -0.460059 1428850.0
113 -0.03875 8.83413e-05 1600.65 273.115 5.02434 5.0239 -0.336923 -0.48799 1428970.0
114 -0.03865 8.83412e-05 1600.65 273.114 5.02432 5.02385 -0.360242 -0.511695 1428990.0
115 -0.03855 8.83419e-05 1600.66 273.114 5.02436 5.02391 -0.369021 -0.517658 1429020.0
116 -0.03845 8.83411e-05 1600.65 273.114 5.02432 5.02382 -0.397026 -0.524864 1429070.0
117 -0.03835 8.83419e-05 1600.66 273.116 5.02438 5.02391 -0.400066 -0.518893 1429070.0
118 -0.03825 8.83415e-05 1600.65 273.115 5.02435 5.0238 -0.394318 -0.490103 1429050.0
119 -0.03815 8.83414e-05 1600.65 273.115 5.02435 5.02386 -0.372704 -0.471789 1429090.0
120 -0.03805 8.83415e-05 1600.66 273.115 5.02436 5.02387 -0.401903 -0.486164 1429140.0
121 -0.03795 8.83413e-05 1600.66 273.115 5.02434 5.02386 -0.400405 -0.48739 1429170.0
122 -0.03785 8.83414e-05 1600.65 273.114 5.02432 5.02391 -0.425013 -0.522474 1429280.0
123 -0.03775 8.83418e-05 1600.65 273.117 5.02441 5.02396 -0.423515 -0.521945 1429280.0
124 -0.03765 8.8342e-05 1600.66 273.114 5.02436 5.024 -0.440267 -0.569621 1429350.0
125 -0.03755 8.8342e-05 1600.65 273.118 5.02443 5.02404 -0.432133 -0.563755 1429450.0
126 -0.03745 8.83417e-05 1600.65 273.117 5.02439 5.02402 -0.442139 -0.549647 1429480.0
127 -0.03735 8.83419e-05 1600.65 273.118 5.02443 5.02408 -0.468096 -0.601437 1429560.0
128 -0.03725 8.83422e-05 1600.65 273.118 5.02444 5.02404 -0.480765 -0.608191 1429640.0
129 -0.03715 8.83419e-05 1600.65 273.121 5.02448 5.02408 -0.485201 -0.636647 1429710.0
130 -0.03705 8.83411e-05 1600.66 273.117 5.02436 5.02396 -0.437881 -0.569923 1429550.0
131 -0.03695 8.83417e-05 1600.65 273.117 5.0244 5.02405 -0.451577 -0.621026 1429640.0
132 -0.03685 8.83423e-05 1600.65 273.118 5.02445 5.02413 -0.434111 -0.623531 1429640.0
133 -0.03675 8.83418e-05 1600.65 273.117 5.0244 5.02407 -0.430715 -0.643834 1429630.0
134 -0.03665 8.83424e-05 1600.65 273.122 5.02453 5.02424 -0.483187 -0.679331 1429880.0
135 -0.03655 8.83421e-05 1600.65 273.119 5.02446 5.02415 -0.52836 -0.697205 1430000.0
136 -0.03645 8.83421e-05 1600.65 273.12 5.02448 5.0242 -0.533961 -0.735552 1430080.0
137 -0.03635 8.83417e-05 1600.65 273.121 5.02447 5.02426 -0.540744 -0.770803 1430180.0
138 -0.03625 8.83425e-05 1600.65 273.12 5.0245 5.02429 -0.519292 -0.757377 1430140.0
139 -0.03615 8.83422e-05 1600.65 273.12 5.02449 5.02423 -0.560137 -0.813764 1430230.0
140 -0.03605 8.83421e-05 1600.65 273.12 5.02447 5.02429 -0.542026 -0.829953 1430310.0
141 -0.03595 8.8342e-05 1600.65 273.121 5.02449 5.02429 -0.520202 -0.780064 1430260.0
142 -0.03585 8.83426e-05 1600.65 273.118 5.02447 5.0242 -0.537044 -0.814525 1430290.0
143 -0.03575 8.83422e-05 1600.65 273.119 5.02448 5.0242 -0.552253 -0.80525 1430420.0
144 -0.03565 8.83418e-05 1600.65 273.122 5.0245 5.02425 -0.548102 -0.794564 1430390.0
145 -0.03555 8.83428e-05 1600.65 273.121 5.02453 5.02432 -0.566884 -0.835183 1430410.0
146 -0.03545 8.83422e-05 1600.65 273.12 5.02448 5.02425 -0.546551 -0.827134 1430440.0
147 -0.03535 8.83421e-05 1600.65 273.123 5.02452 5.02429 -0.59335 -0.848966 1430520.0
148 -0.03525 8.83424e-05 1600.65 273.122 5.02454 5.02428 -0.613183 -0.888225 1430610.0
149 -0.03515 8.83417e-05 1600.65 273.124 5.02452 5.02441 -0.656372 -0.963385 1430790.0
150 -0.03505 8.83423e-05 1600.65 273.124 5.02456 5.02447 -0.676106 -0.981717 1430910.0
151 -0.03495 8.83428e-05 1600.65 273.126 5.02463 5.02451 -0.708368 -1.02219 1431040.0
152 -0.03485 8.83413e-05 1600.65 273.126 5.02454 5.02441 -0.725218 -1.04284 1431080.0
153 -0.03475 8.8342e-05 1600.65 273.124 5.02455 5.02443 -0.710915 -1.01451 1431000.0
154 -0.03465 8.83418e-05 1600.65 273.125 5.02455 5.02432 -0.684234 -0.977245 1431070.0
155 -0.03455 8.83421e-05 1600.65 273.123 5.02454 5.02435 -0.751015 -1.06458 1431180.0
156 -0.03445 8.83421e-05 1600.65 273.126 5.02459 5.02452 -0.768663 -1.09172 1431340.0
157 -0.03435 8.83415e-05 1600.65 273.127 5.02457 5.02443 -0.756178 -1.04248 1431370.0
158 -0.03425 8.83417e-05 1600.65 273.125 5.02454 5.0245 -0.798133 -1.08408 1431500.0
159 -0.03415 8.83418e-05 1600.65 273.127 5.0246 5.0245 -0.776634 -1.06969 1431500.0
160 -0.03405 8.83412e-05 1600.65 273.126 5.02454 5.02449 -0.806562 -1.08817 1431580.0
161 -0.03395 8.8342e-05 1600.65 273.128 5.02463 5.02463 -0.839909 -1.1614 1431800.0
162 -0.03385 8.83427e-05 1600.65 273.128 5.02467 5.02471 -0.884226 -1.21716 1431980.0
163 -0.03375 8.8342e-05 1600.65 273.128 5.02462 5.02464 -0.875086 -1.21034 1432040.0
164 -0.03365 8.83416e-05 1600.65 273.132 5.02466 5.02472 -0.942979 -1.33367 1432290.0
165 -0.03355 8.83427e-05 1600.65 273.132 5.02473 5.02483 -0.997015 -1.40783 1432490.0
166 -0.03345 8.83418e-05 1600.65 273.131 5.02466 5.02489 -0.97357 -1.37765 1432500.0
167 -0.03335 8.83419e-05 1600.65 273.133 5.02471 5.0249 -0.97677 -1.36684 1432640.0
168 -0.03325 8.83423e-05 1600.65 273.133 5.02472 5.02487 -1.04208 -1.47926 1432790.0
169 -0.03315 8.8342e-05 1600.65 273.132 5.0247 5.02489 -1.08454 -1.5366 1432950.0
170 -0.03305 8.83425e-05 1600.65 273.134 5.02476 5.02498 -1.07578 -1.54268 1433030.0
171 -0.03295 8.83418e-05 1600.65 273.135 5.02473 5.02501 -1.07065 -1.53853 1433030.0
172 -0.03285 8.83417e-05 1600.65 273.137 5.02476 5.02508 -1.13328 -1.6186 1433400.0
173 -0.03275 8.83426e-05 1600.65 273.137 5.02481 5.02516 -1.14575 -1.62867 1433470.0
174 -0.03265 8.83426e-05 1600.65 273.135 5.02479 5.02514 -1.2412 -1.71027 1433830.0
175 -0.03255 8.83419e-05 1600.65 273.136 5.02476 5.02512 -1.18455 -1.70383 1433730.0
176 -0.03245 8.83423e-05 1600.65 273.138 5.02483 5.02521 -1.28449 -1.86124 1434080.0
177 -0.03235 8.8342e-05 1600.65 273.137 5.02478 5.02512 -1.25844 -1.79763 1434040.0
178 -0.03225 8.83421e-05 1600.65 273.14 5.02484 5.02515 -1.28782 -1.85005 1434250.0
179 -0.03215 8.83419e-05 1600.64 273.139 5.02481 5.02511 -1.38113 -1.98499 1434490.0
180 -0.03205 8.83423e-05 1600.65 273.142 5.0249 5.02525 -1.40921 -2.00999 1434820.0
181 -0.03195 8.83425e-05 1600.65 273.141 5.02489 5.02514 -1.39797 -1.97792 1434880.0
182 -0.03185 8.83426e-05 1600.64 273.142 5.0249 5.02536 -1.42775 -2.06956 1435070.0
183 -0.03175 8.83419e-05 1600.65 273.145 5.02492 5.02524 -1.49893 -2.09677 1435350.0
184 -0.03165 8.83422e-05 1600.65 273.143 5.02491 5.02528 -1.49556 -2.11927 1435380.0
185 -0.03155 8.83422e-05 1600.64 273.147 5.02499 5.02538 -1.5873 -2.25805 1435760.0
186 -0.03145 8.83417e-05 1600.65 273.148 5.02497 5.02549 -1.73336 -2.46985 1436390.0
187 -0.03135 8.83426e-05 1600.64 273.15 5.02505 5.02551 -1.76171 -2.49401 1436550.0
188 -0.03125 8.83419e-05 1600.64 273.151 5.02504 5.0255 -1.73642 -2.50323 1436520.0
189 -0.03115 8.83423e-05 1600.64 273.148 5.025 5.02543 -1.75666 -2.55921 1436690.0
190 -0.03105 8.83426e-05 1600.64 273.152 5.02509 5.02564 -1.83591 -2.65902 1437110.0
191 -0.03095 8.83417e-05 1600.64 273.154 5.02508 5.0257 -1.88451 -2.74138 1437400.0
192 -0.03085 8.83422e-05 1600.64 273.154 5.02511 5.02576 -2.00719 -2.90087 1437930.0
193 -0.03075 8.83418e-05 1600.64 273.157 5.02514 5.02583 -2.03058 -3.00815 1438170.0
194 -0.03065 8.83422e-05 1600.64 273.155 5.02513 5.02577 -2.08516 -3.04019 1438420.0
195 -0.03055 8.83418e-05 1600.64 273.159 5.02518 5.02585 -2.10368 -3.08358 1438610.0
196 -0.03045 8.83425e-05 1600.64 273.16 5.02523 5.02591 -2.21983 -3.21402 1439060.0
197 -0.03035 8.83423e-05 1600.64 273.161 5.02523 5.02591 -2.21217 -3.25883 1439280.0
198 -0.03025 8.83425e-05 1600.64 273.164 5.0253 5.02606 -2.38564 -3.47692 1439820.0
199 -0.03015 8.8342e-05 1600.64 273.164 5.02528 5.02588 -2.42308 -3.53218 1439980.0
200 -0.03005 8.83424e-05 1600.64 273.166 5.02535 5.02606 -2.49282 -3.62668 1440320.0
201 -0.02995 8.83418e-05 1600.64 273.168 5.02534 5.02595 -2.54451 -3.71375 1440650.0
202 -0.02985 8.83423e-05 1600.64 273.169 5.02539 5.02609 -2.56922 -3.77982 1440830.0
203 -0.02975 8.83422e-05 1600.64 273.168 5.02537 5.02615 -2.59706 -3.84803 1441010.0
204 -0.02965 8.83415e-05 1600.64 273.171 5.02538 5.02613 -2.71268 -3.9929 1441480.0
205 -0.02955 8.83426e-05 1600.64 273.175 5.02551 5.02639 -2.78645 -4.12752 1442010.0
206 -0.02945 8.83417e-05 1600.64 273.176 5.02548 5.02636 -2.89921 -4.30887 1442460.0
207 -0.02935 8.83422e-05 1600.64 273.178 5.02555 5.02657 -3.04319 -4.49952 1443140.0
208 -0.02925 8.83425e-05 1600.64 273.182 5.02565 5.02666 -3.09615 -4.54656 1443460.0
209 -0.02915 8.83422e-05 1600.63 273.185 5.02568 5.02677 -3.22146 -4.6809 1444090.0
210 -0.02905 8.83424e-05 1600.63 273.183 5.02565 5.02674 -3.27688 -4.87014 1444420.0
211 -0.02895 8.83424e-05 1600.63 273.187 5.02572 5.02686 -3.40251 -5.06483 1444960.0
212 -0.02885 8.83428e-05 1600.63 273.193 5.02586 5.02707 -3.65286 -5.32623 1445990.0
213 -0.02875 8.8343e-05 1600.63 273.195 5.02591 5.02712 -3.67462 -5.45784 1446240.0
214 -0.02865 8.83429e-05 1600.63 273.196 5.02592 5.02722 -3.78283 -5.60023 1446770.0
215 -0.02855 8.83425e-05 1600.63 273.2 5.02598 5.0273 -3.9082 -5.79793 1447450.0
216 -0.02845 8.83428e-05 1600.63 273.202 5.02602 5.02739 -4.02246 -5.99836 1448000.0
217 -0.02835 8.83435e-05 1600.63 273.206 5.02615 5.02764 -4.16381 -6.1488 1448710.0
218 -0.02825 8.8343e-05 1600.63 273.208 5.02614 5.02756 -4.28702 -6.34021 1449180.0
219 -0.02815 8.83434e-05 1600.63 273.212 5.02625 5.02778 -4.43208 -6.50275 1450010.0
220 -0.02805 8.83425e-05 1600.63 273.212 5.02619 5.02773 -4.5075 -6.71524 1450440.0
221 -0.02795 8.83439e-05 1600.63 273.217 5.02636 5.0279 -4.64433 -6.85954 1451070.0
222 -0.02785 8.83428e-05 1600.62 273.222 5.02639 5.02797 -4.79539 -7.10079 1451870.0
223 -0.02775 8.83429e-05 1600.62 273.225 5.02645 5.02809 -5.05438 -7.44992 1452950.0
224 -0.02765 8.83437e-05 1600.62 273.229 5.02657 5.02824 -5.15439 -7.57941 1453480.0
225 -0.02755 8.83433e-05 1600.62 273.229 5.02655 5.02819 -5.19532 -7.68428 1453930.0
226 -0.02745 8.83431e-05 1600.62 273.236 5.02667 5.02838 -5.44284 -7.97386 1454930.0
227 -0.02735 8.83441e-05 1600.62 273.237 5.02675 5.02854 -5.61478 -8.28068 1455780.0
228 -0.02725 8.83427e-05 1600.62 273.244 5.02679 5.02864 -5.80953 -8.59029 1456720.0
229 -0.02715 8.83444e-05 1600.62 273.245 5.02692 5.02889 -5.92598 -8.73928 1457330.0
230 -0.02705 8.83436e-05 1600.62 273.252 5.027 5.02916 -6.2028 -9.13383 1458610.0
231 -0.02695 8.83436e-05 1600.61 273.259 5.02712 5.02927 -6.53797 -9.55352 1459940.0
232 -0.02685 8.8344e-05 1600.61 273.265 5.02725 5.0296 -6.7357 -9.89717 1461060.0
233 -0.02675 8.83437e-05 1600.61 273.268 5.02729 5.02963 -6.91621 -10.1594 1461880.0
234 -0.02665 8.83451e-05 1600.61 273.273 5.02746 5.02989 -7.17478 -10.4684 1463130.0
235 -0.02655 8.83436e-05 1600.61 273.279 5.02749 5.02996 -7.42289 -10.8388 1464270.0
236 -0.02645 8.83446e-05 1600.61 273.288 5.0277 5.03033 -7.71488 -11.282 1465730.0
237 -0.02635 8.83442e-05 1600.61 273.29 5.02772 5.03036 -7.87646 -11.5545 1466570.0
238 -0.02625 8.83448e-05 1600.61 273.299 5.02792 5.03067 -8.29956 -12.1479 1468410.0
239 -0.02615 8.83444e-05 1600.6 273.305 5.02801 5.03082 -8.48829 -12.4748 1469420.0
240 -0.02605 8.83445e-05 1600.6 273.315 5.0282 5.03115 -8.93712 -13.0687 1471440.0
241 -0.02595 8.83449e-05 1600.6 273.323 5.02837 5.03138 -9.21767 -13.4092 1472760.0
242 -0.02585 8.83447e-05 1600.6 273.327 5.02843 5.03151 -9.49398 -13.8391 1474200.0
243 -0.02575 8.83446e-05 1600.6 273.337 5.02862 5.03188 -9.89249 -14.4986 1476030.0
244 -0.02565 8.83457e-05 1600.6 273.343 5.02879 5.03212 -10.1312 -14.8623 1477380.0
245 -0.02555 8.83445e-05 1600.59 273.347 5.02879 5.03217 -10.2857 -15.1383 1478340.0
246 -0.02545 8.83451e-05 1600.59 273.361 5.02908 5.03266 -10.9116 -16.0038 1481150.0
247 -0.02535 8.8346e-05 1600.59 273.37 5.02929 5.03296 -11.2852 -16.5086 1482940.0
248 -0.02525 8.83456e-05 1600.59 273.384 5.02954 5.0335 -11.8609 -17.3551 1485480.0
249 -0.02515 8.83454e-05 1600.58 273.39 5.02963 5.03371 -12.1514 -17.8121 1487150.0
250 -0.02505 8.83461e-05 1600.58 273.401 5.02988 5.03418 -12.5954 -18.4767 1489500.0
251 -0.02495 8.8346e-05 1600.58 273.407 5.02998 5.0343 -12.9307 -18.9924 1491260.0
252 -0.02485 8.83466e-05 1600.58 273.414 5.03014 5.03461 -13.217 -19.4705 1492870.0
253 -0.02475 8.83459e-05 1600.58 273.423 5.03027 5.03484 -13.5219 -19.929 1494510.0
254 -0.02465 8.83466e-05 1600.57 273.436 5.03056 5.03527 -14.1394 -20.8347 1497410.0
255 -0.02455 8.83463e-05 1600.57 273.452 5.03082 5.03576 -14.8376 -21.7936 1500680.0
256 -0.02445 8.83469e-05 1600.57 273.464 5.03108 5.03624 -15.339 -22.568 1502960.0
257 -0.02435 8.83463e-05 1600.56 273.469 5.03114 5.03629 -15.6035 -23.0106 1504590.0
258 -0.02425 8.8347e-05 1600.56 273.485 5.03147 5.03686 -16.1435 -23.8623 1507210.0
259 -0.02415 8.83475e-05 1600.56 273.496 5.03171 5.03723 -16.7166 -24.7207 1510060.0
260 -0.02405 8.83469e-05 1600.56 273.513 5.03199 5.03771 -17.4239 -25.6541 1513060.0
261 -0.02395 8.83475e-05 1600.55 273.528 5.03228 5.03813 -17.9875 -26.5148 1516040.0
262 -0.02385 8.83473e-05 1600.55 273.543 5.03256 5.0387 -18.7948 -27.5958 1519590.0
263 -0.02375 8.83487e-05 1600.54 273.561 5.03297 5.03932 -19.489 -28.6309 1523010.0
264 -0.02365 8.83469e-05 1600.54 273.575 5.03313 5.03958 -20.1135 -29.5669 1525920.0
265 -0.02355 8.83482e-05 1600.54 273.592 5.0335 5.04031 -20.9055 -30.6899 1529730.0
266 -0.02345 8.83483e-05 1600.53 273.612 5.03388 5.04083 -21.5856 -31.6876 1533000.0
267 -0.02335 8.83484e-05 1600.53 273.621 5.03406 5.04127 -22.1748 -32.6738 1535950.0
268 -0.02325 8.83486e-05 1600.53 273.643 5.03448 5.04198 -22.9762 -33.8827 1539850.0
269 -0.02315 8.83487e-05 1600.52 273.672 5.03501 5.04296 -24.2008 -35.5755 1545260.0
270 -0.02305 8.83493e-05 1600.52 273.684 5.03526 5.04333 -24.7661 -36.593 1548260.0
271 -0.02295 8.83494e-05 1600.51 273.703 5.03561 5.04394 -25.5612 -37.7659 1552340.0
272 -0.02285 8.83497e-05 1600.51 273.725 5.03605 5.04458 -26.5087 -39.1076 1556860.0
273 -0.02275 8.835e-05 1600.5 273.747 5.03647 5.04532 -27.4186 -40.4687 1561480.0
274 -0.02265 8.83503e-05 1600.5 273.764 5.03679 5.04599 -28.1893 -41.6721 1565360.0
275 -0.02255 8.8351e-05 1600.49 273.79 5.03731 5.04677 -29.2858 -43.2778 1570450.0
276 -0.02245 8.83512e-05 1600.49 273.809 5.03767 5.04739 -30.1492 -44.5509 1574970.0
277 -0.02235 8.83508e-05 1600.48 273.842 5.03826 5.04838 -31.5501 -46.5356 1581130.0
278 -0.02225 8.83517e-05 1600.47 273.869 5.03881 5.04942 -32.6385 -48.2379 1586690.0
279 -0.02215 8.83523e-05 1600.47 273.897 5.03935 5.05031 -33.8659 -50.0607 1592370.0
280 -0.02205 8.83525e-05 1600.46 273.929 5.03995 5.05133 -35.1313 -51.8116 1598350.0
281 -0.02195 8.8353e-05 1600.45 273.967 5.04068 5.05252 -36.9222 -54.1795 1606110.0
282 -0.02185 8.83537e-05 1600.45 273.993 5.04119 5.05346 -37.868 -55.9131 1611560.0
283 -0.02175 8.83539e-05 1600.44 274.023 5.04175 5.05434 -39.1878 -57.81 1617850.0
284 -0.02165 8.83536e-05 1600.43 274.047 5.04218 5.05516 -40.3243 -59.6609 1623780.0
285 -0.02155 8.83552e-05 1600.42 274.082 5.04291 5.05631 -41.7145 -61.5633 1630230.0
286 -0.02145 8.83543e-05 1600.41 274.121 5.0436 5.05755 -43.4102 -64.1154 1638320.0
287 -0.02135 8.8356e-05 1600.41 274.156 5.04434 5.05889 -44.8857 -66.3801 1645620.0
288 -0.02125 8.83558e-05 1600.4 274.197 5.04508 5.0601 -46.6352 -68.9246 1653710.0
289 -0.02115 8.8356e-05 1600.39 274.23 5.0457 5.06122 -48.1822 -71.2906 1661450.0
290 -0.02105 8.83572e-05 1600.38 274.272 5.04654 5.0627 -49.8831 -73.7777 1669660.0
291 -0.02095 8.83583e-05 1600.37 274.318 5.04745 5.06418 -51.8027 -76.5854 1678710.0
292 -0.02085 8.83578e-05 1600.36 274.362 5.04822 5.06574 -53.7926 -79.6314 1687890.0
293 -0.02075 8.8359e-05 1600.35 274.406 5.0491 5.06702 -55.5788 -82.0563 1696820.0
294 -0.02065 8.83586e-05 1600.34 274.444 5.04977 5.06806 -57.1744 -84.3978 1704860.0
295 -0.02055 8.83605e-05 1600.33 274.5 5.05091 5.06999 -59.6479 -88.0542 1716430.0
296 -0.02045 8.836e-05 1600.32 274.55 5.05181 5.07142 -61.891 -91.1269 1726920.0
297 -0.02035 8.83609e-05 1600.3 274.608 5.05292 5.07335 -64.227 -94.5887 1737810.0
298 -0.02025 8.83623e-05 1600.29 274.656 5.0539 5.07509 -66.3542 -97.8629 1748550.0
299 -0.02015 8.8362e-05 1600.28 274.699 5.05467 5.07654 -68.2003 -101.024 1758840.0
300 -0.02005 8.83634e-05 1600.26 274.766 5.05597 5.07879 -70.9812 -104.971 1771190.0
301 -0.01995 8.83638e-05 1600.25 274.812 5.05686 5.08028 -73.1414 -108.305 1782330.0
302 -0.01985 8.83639e-05 1600.24 274.872 5.05797 5.0822 -75.5916 -112.046 1794260.0
303 -0.01975 8.83651e-05 1600.22 274.951 5.05948 5.08491 -79.1573 -116.991 1810000.0
304 -0.01965 8.83663e-05 1600.21 275.013 5.06069 5.08688 -81.6028 -120.636 1822290.0
305 -0.01955 8.83666e-05 1600.19 275.078 5.06191 5.08912 -84.5412 -125.208 1836460.0
306 -0.01945 8.83681e-05 1600.18 275.157 5.06344 5.09182 -87.8871 -130.093 1851980.0
307 -0.01935 8.83688e-05 1600.15 275.245 5.0651 5.09488 -91.5932 -135.703 1868960.0
308 -0.01925 8.837e-05 1600.13 275.326 5.06666 5.09747 -95.072 -140.711 1885650.0
309 -0.01915 8.83706e-05 1600.12 275.396 5.06799 5.09979 -98.1948 -145.543 1901190.0
310 -0.01905 8.83725e-05 1600.1 275.485 5.06973 5.10267 -101.883 -150.87 1918340.0
311 -0.01895 8.83737e-05 1600.07 275.586 5.07166 5.10606 -106.28 -157.202 1938870.0
312 -0.01885 8.83738e-05 1600.06 275.656 5.07294 5.10825 -109.221 -161.678 1953900.0
313 -0.01875 8.83752e-05 1600.03 275.755 5.07485 5.11167 -113.527 -168.1 1974030.0
314 -0.01865 8.83774e-05 1600.01 275.857 5.07686 5.11512 -117.781 -174.427 1993990.0
315 -0.01855 8.83779e-05 1599.98 275.976 5.07909 5.11913 -123.011 -182.075 2018270.0
316 -0.01845 8.83797e-05 1599.96 276.071 5.08093 5.12211 -127.035 -187.804 2037500.0
317 -0.01835 8.83816e-05 1599.94 276.163 5.08272 5.12528 -131.002 -194.024 2057370.0
318 -0.01825 8.83824e-05 1599.91 276.269 5.08474 5.12891 -135.577 -201.1 2079780.0
319 -0.01815 8.83839e-05 1599.88 276.396 5.08715 5.13332 -140.924 -209.105 2104380.0
320 -0.01805 8.83862e-05 1599.85 276.525 5.08965 5.1376 -146.469 -217.259 2130420.0
321 -0.01795 8.83876e-05 1599.82 276.66 5.09222 5.14192 -152.267 -225.484 2157550.0
322 -0.01785 8.83894e-05 1599.79 276.787 5.09467 5.14605 -157.745 -233.38 2183680.0
323 -0.01775 8.83902e-05 1599.75 276.924 5.09723 5.15058 -163.612 -242.286 2211310.0
324 -0.01765 8.8394e-05 1599.72 277.054 5.09984 5.15517 -169.162 -250.838 2239000.0
325 -0.01755 8.83948e-05 1599.69 277.198 5.10254 5.1599 -175.323 -259.987 2268320.0
326 -0.01745 8.83964e-05 1599.66 277.329 5.10504 5.16411 -181.016 -268.467 2296340.0
327 -0.01735 8.83976e-05 1599.62 277.495 5.10817 5.16963 -188.06 -278.851 2329300.0
328 -0.01725 8.84009e-05 1599.58 277.666 5.1115 5.17536 -195.482 -289.62 2364510.0
329 -0.01715 8.8403e-05 1599.54 277.848 5.11499 5.18138 -203.228 -300.987 2400270.0
330 -0.01705 8.84056e-05 1599.5 278.035 5.11857 5.18746 -211.192 -312.625 2438120.0
331 -0.01695 8.84076e-05 1599.45 278.214 5.12198 5.19332 -218.886 -323.9 2474920.0
332 -0.01685 8.84108e-05 1599.41 278.393 5.12547 5.19958 -226.451 -335.741 2511270.0
333 -0.01675 8.84124e-05 1599.36 278.604 5.12944 5.20642 -235.569 -348.981 2554040.0
334 -0.01665 8.8416e-05 1599.31 278.826 5.13375 5.21408 -245.075 -363.124 2598180.0
335 -0.01655 8.8419e-05 1599.25 279.041 5.13786 5.22139 -254.254 -376.97 2641680.0
336 -0.01645 8.84216e-05 1599.2 279.276 5.14235 5.2293 -264.351 -392.043 2689230.0
337 -0.01635 8.84253e-05 1599.14 279.506 5.1468 5.237 -274.179 -406.788 2736160.0
338 -0.01625 8.84285e-05 1599.09 279.745 5.1514 5.24498 -284.477 -422.057 2784650.0
339 -0.01615 8.84312e-05 1599.03 279.999 5.15622 5.25358 -295.344 -438.377 2836270.0
340 -0.01605 8.8434e-05 1598.97 280.237 5.16077 5.26137 -305.41 -453.543 2884750.0
341 -0.01595 8.84388e-05 1598.91 280.516 5.16619 5.27074 -317.391 -470.924 2940630.0
342 -0.01585 8.8442e-05 1598.84 280.804 5.17169 5.28033 -329.863 -489.398 2998670.0
343 -0.01575 8.84456e-05 1598.77 281.094 5.17723 5.28991 -342.155 -507.522 3056770.0
344 -0.01565 8.84502e-05 1598.69 281.42 5.18351 5.30124 -356.079 -528.601 3121900.0
345 -0.01555 8.84537e-05 1598.62 281.724 5.18931 5.31124 -369.121 -547.824 3183550.0
346 -0.01545 8.84594e-05 1598.54 282.062 5.19586 5.32262 -383.566 -569.271 3251300.0
347 -0.01535 8.84625e-05 1598.46 282.386 5.20202 5.33337 -397.454 -590.113 3317950.0
348 -0.01525 8.84674e-05 1598.37 282.767 5.20932 5.34596 -413.759 -613.802 3393410.0
349 -0.01515 8.84714e-05 1598.29 283.108 5.21584 5.3572 -428.333 -635.683 3462990.0
350 -0.01505 8.84775e-05 1598.2 283.506 5.22354 5.37075 -445.435 -660.914 3543400.0
351 -0.01495 8.84835e-05 1598.1 283.921 5.23154 5.38481 -463.021 -687.183 3624990.0
352 -0.01485 8.84884e-05 1598.0 284.34 5.23955 5.39899 -481.07 -714.128 3710160.0
353 -0.01475 8.84944e-05 1597.89 284.785 5.2481 5.4137 -500.01 -741.802 3798330.0
354 -0.01465 8.85008e-05 1597.79 285.209 5.2563 5.42829 -518.083 -769.239 3884430.0
355 -0.01455 8.85065e-05 1597.67 285.689 5.26549 5.4447 -538.7 -800.326 3980740.0
356 -0.01445 8.8513e-05 1597.55 286.191 5.27512 5.46146 -560.274 -832.069 4081340.0
357 -0.01435 8.85209e-05 1597.44 286.694 5.28487 5.47836 -581.644 -863.813 4182090.0
358 -0.01425 8.85268e-05 1597.3 287.236 5.29521 5.49683 -604.839 -898.654 4290200.0
359 -0.01415 8.8535e-05 1597.17 287.799 5.30608 5.51575 -628.849 -933.958 4401080.0
360 -0.01405 8.8543e-05 1597.03 288.378 5.31723 5.53569 -653.696 -971.505 4518290.0
361 -0.01395 8.85501e-05 1596.9 288.939 5.32801 5.55413 -677.578 -1006.66 4631410.0
362 -0.01385 8.85585e-05 1596.74 289.575 5.34025 5.57574 -704.885 -1047.24 4758530.0
363 -0.01375 8.85673e-05 1596.6 290.204 5.35238 5.59711 -731.75 -1087.34 4884640.0
364 -0.01365 8.85751e-05 1596.44 290.847 5.3647 5.61888 -759.2 -1128.52 5013810.0
365 -0.01355 8.85843e-05 1596.27 291.539 5.37803 5.64221 -788.651 -1172.35 5151670.0
366 -0.01345 8.85948e-05 1596.1 292.266 5.39208 5.66734 -819.815 -1219.19 5297090.0
367 -0.01335 8.86046e-05 1595.92 292.993 5.40609 5.69182 -850.877 -1265.32 5442700.0
368 -0.01325 8.86147e-05 1595.74 293.762 5.4209 5.71782 -883.631 -1314.02 5595960.0
369 -0.01315 8.86259e-05 1595.53 294.626 5.43752 5.74693 -920.568 -1368.26 5766520.0
370 -0.01305 8.86372e-05 1595.33 295.463 5.45367 5.77527 -956.169 -1421.47 5932470.0
371 -0.01295 8.86492e-05 1595.12 296.323 5.47029 5.80477 -992.853 -1476.74 6104660.0
372 -0.01285 8.86612e-05 1594.89 297.287 5.48883 5.83716 -1034.06 -1537.03 6294640.0
373 -0.01275 8.86747e-05 1594.67 298.229 5.50705 5.86949 -1074.33 -1597.58 6483140.0
374 -0.01265 8.8687e-05 1594.42 299.218 5.52608 5.9033 -1116.4 -1660.64 6678050.0
375 -0.01255 8.87015e-05 1594.17 300.273 5.54648 5.9392 -1161.31 -1727.1 6886070.0
376 -0.01245 8.87166e-05 1593.9 301.373 5.56775 5.97652 -1208.46 -1796.87 7104180.0
377 -0.01235 8.87316e-05 1593.63 302.533 5.59011 6.01567 -1257.6 -1869.08 7330250.0
378 -0.01225 8.87477e-05 1593.34 303.71 5.61288 6.05597 -1307.83 -1944.09 7562680.0
379 -0.01215 8.87646e-05 1593.05 304.915 5.63622 6.09726 -1359.14 -2021.12 7801670.0
380 -0.01205 8.8781e-05 1592.75 306.158 5.66024 6.13944 -1412.03 -2100.02 8048400.0
381 -0.01195 8.87985e-05 1592.43 307.503 5.68623 6.18533 -1469.19 -2184.9 8311970.0
382 -0.01185 8.88174e-05 1592.09 308.851 5.71238 6.23213 -1526.78 -2271.89 8580460.0
383 -0.01175 8.88373e-05 1591.75 310.287 5.74022 6.28103 -1587.71 -2362.36 8862570.0
384 -0.01165 8.88555e-05 1591.4 311.728 5.76806 6.33055 -1649.09 -2454.88 9149130.0
385 -0.01155 8.88777e-05 1591.01 313.291 5.79843 6.38454 -1715.53 -2554.15 9455410.0
386 -0.01145 8.88995e-05 1590.63 314.888 5.82941 6.43898 -1783.33 -2654.84 9769320.0
387 -0.01135 8.89216e-05 1590.22 316.557 5.86177 6.49697 -1854.4 -2762.2 10099900.0
388 -0.01125 8.89465e-05 1589.78 318.357 5.89675 6.55843 -1930.56 -2874.49 10447400.0
389 -0.01115 8.89715e-05 1589.34 320.168 5.93197 6.62077 -2007.46 -2989.25 10802300.0
390 -0.01105 8.89975e-05 1588.87 322.081 5.96915 6.68667 -2088.71 -3110.59 11177000.0
391 -0.01095 8.90246e-05 1588.39 324.063 6.00771 6.75501 -2172.92 -3236.0 11564100.0
392 -0.01085 8.90522e-05 1587.9 326.081 6.047 6.82433 -2258.49 -3364.03 11961400.0
393 -0.01075 8.90821e-05 1587.36 328.26 6.08945 6.89988 -2350.72 -3501.71 12383900.0
394 -0.01065 8.91141e-05 1586.8 330.567 6.13445 6.9794 -2448.35 -3646.16 12829300.0
395 -0.01055 8.91474e-05 1586.21 332.972 6.1814 7.0624 -2550.41 -3797.17 13295200.0
396 -0.01045 8.91801e-05 1585.61 335.42 6.22913 7.14677 -2653.9 -3951.11 13770300.0
397 -0.01035 8.92156e-05 1584.99 337.958 6.27876 7.23504 -2761.01 -4111.02 14260100.0
398 -0.01025 8.9253e-05 1584.33 340.626 6.33097 7.32794 -2874.3 -4280.3 14780800.0
399 -0.01015 8.92903e-05 1583.67 343.334 6.38397 7.42119 -2988.56 -4450.18 15305500.0
400 -0.01005 8.93316e-05 1582.93 346.316 6.4424 7.52527 -3114.35 -4637.02 15876300.0
401 -0.00995 8.93725e-05 1582.2 349.272 6.50037 7.62835 -3239.01 -4823.94 16449500.0
402 -0.00985 8.94173e-05 1581.41 352.461 6.56299 7.73977 -3373.55 -5024.11 17060600.0
403 -0.00975 8.94624e-05 1580.62 355.693 6.62652 7.85142 -3509.68 -5225.91 17684000.0
404 -0.00965 8.95105e-05 1579.77 359.134 6.69422 7.97148 -3654.55 -5440.6 18341800.0
405 -0.00955 8.95601e-05 1578.89 362.685 6.76416 8.09595 -3803.89 -5663.49 19022400.0
406 -0.00945 8.96128e-05 1577.97 366.381 6.83711 8.22604 -3959.34 -5895.74 19730100.0
407 -0.00935 8.96682e-05 1577.0 370.269 6.91393 8.36206 -4122.56 -6138.03 20471300.0
408 -0.00925 8.97238e-05 1576.0 374.286 6.99329 8.50347 -4291.18 -6390.29 21239000.0
409 -0.00915 8.97856e-05 1574.94 378.566 7.07812 8.65414 -4470.75 -6656.51 22049700.0
410 -0.00905 8.98468e-05 1573.86 382.881 7.16367 8.80624 -4651.32 -6926.52 22871500.0
411 -0.00895 8.99129e-05 1572.71 387.468 7.25483 8.96786 -4843.48 -7212.04 23741900.0
412 -0.00885 8.99807e-05 1571.51 392.283 7.35052 9.13704 -5044.33 -7509.04 24646900.0
413 -0.00875 9.00527e-05 1570.26 397.301 7.45052 9.31399 -5253.93 -7819.34 25591200.0
414 -0.00865 9.01276e-05 1568.95 402.487 7.55404 9.49863 -5470.36 -8142.62 26570400.0
415 -0.00855 9.02049e-05 1567.61 407.866 7.66157 9.68867 -5694.17 -8474.43 27580400.0
416 -0.00845 9.02859e-05 1566.21 413.442 7.77327 9.88544 -5926.43 -8817.92 28629800.0
417 -0.00835 9.03718e-05 1564.72 419.336 7.89159 10.0965 -6170.85 -9182.5 29728600.0
418 -0.00825 9.04604e-05 1563.17 425.48 8.01506 10.3147 -6426.0 -9559.82 30874800.0
419 -0.00815 9.05564e-05 1561.53 431.937 8.14534 10.5463 -6693.66 -9956.78 32074600.0
420 -0.00805 9.06545e-05 1559.83 438.603 8.28 10.7858 -6969.23 -10367.0 33310600.0
421 -0.00795 9.07588e-05 1558.05 445.598 8.42173 11.0379 -7257.93 -10795.2 34599900.0
422 -0.00785 9.08672e-05 1556.19 452.884 8.56967 11.2998 -7558.09 -11239.2 35941000.0
423 -0.00775 9.09798e-05 1554.25 460.506 8.72468 11.5739 -7872.09 -11702.9 37342800.0
424 -0.00765 9.1098e-05 1552.23 468.408 8.88593 11.8593 -8196.8 -12183.1 38791500.0
425 -0.00755 9.12212e-05 1550.14 476.571 9.05301 12.154 -8531.1 -12676.9 40282900.0
426 -0.00745 9.13515e-05 1547.94 485.153 9.2292 12.4655 -8882.03 -13195.4 41842700.0
427 -0.00735 9.1486e-05 1545.66 493.994 9.41123 12.7867 -9243.35 -13729.4 43453700.0
428 -0.00725 9.16293e-05 1543.23 503.39 9.60525 13.1295 -9625.61 -14292.1 45144200.0
429 -0.00715 9.17804e-05 1540.7 513.14 9.80744 13.4866 -10021.4 -14875.3 46895000.0
430 -0.00705 9.19382e-05 1538.06 523.328 10.0194 13.8599 -10434.4 -15481.7 48719100.0
431 -0.00695 9.21036e-05 1535.29 533.916 10.2405 14.2502 -10861.9 -16110.4 50602900.0
432 -0.00685 9.22777e-05 1532.39 545.007 10.4729 14.6601 -11308.9 -16767.6 52573000.0
433 -0.00675 9.24607e-05 1529.37 556.507 10.7151 15.0868 -11770.7 -17445.6 54602400.0
434 -0.00665 9.26495e-05 1526.25 568.33 10.9651 15.5269 -12243.6 -18141.8 56685100.0
435 -0.00655 9.2849e-05 1522.96 580.818 11.2302 15.9904 -12741.5 -18867.6 58864500.0
436 -0.00645 9.30587e-05 1519.52 593.844 11.508 16.4759 -13260.0 -19622.5 61134000.0
437 -0.00635 9.32799e-05 1515.94 607.308 11.7969 16.983 -13793.2 -20403.1 63467500.0
438 -0.00625 9.3513e-05 1512.16 621.412 12.101 17.5153 -14349.5 -21214.1 65892000.0
439 -0.00615 9.37564e-05 1508.23 636.088 12.419 18.0709 -14926.3 -22053.8 68404800.0
440 -0.00605 9.40119e-05 1504.12 651.305 12.7508 18.6505 -15521.1 -22920.2 70994300.0
441 -0.00595 9.42808e-05 1499.84 667.078 13.0969 19.2552 -16134.9 -23814.1 73662400.0
442 -0.00585 9.45624e-05 1495.36 683.544 13.4603 19.8878 -16772.7 -24738.7 76426700.0
443 -0.00575 9.48583e-05 1490.71 700.508 13.8375 20.543 -17425.8 -25685.6 79258200.0
444 -0.00565 9.51684e-05 1485.85 718.204 14.2335 21.2301 -18104.3 -26667.2 82197200.0
445 -0.00555 9.54953e-05 1480.77 736.57 14.6476 21.9464 -18803.3 -27674.3 85213300.0
446 -0.00545 9.58377e-05 1475.47 755.69 15.0817 22.6947 -19527.4 -28713.5 88334600.0
447 -0.00535 9.62017e-05 1469.89 775.678 15.5394 23.4826 -20278.8 -29787.9 91560200.0
448 -0.00525 9.65838e-05 1464.08 796.345 16.0168 24.3018 -21050.5 -30888.6 94871900.0
449 -0.00515 9.6983e-05 1458.05 817.661 16.5135 25.1538 -21840.6 -32016.9 98266900.0
450 -0.00505 9.74052e-05 1451.71 839.929 17.037 26.0469 -22659.3 -33176.1 101769000.0
451 -0.00495 9.785e-05 1445.13 862.883 17.5826 26.9773 -23495.7 -34361.6 105350000.0
452 -0.00485 9.8319e-05 1438.23 886.747 18.1555 27.9506 -24356.8 -35575.4 109029000.0
453 -0.00475 9.88099e-05 1431.08 911.25 18.7503 28.9595 -25232.9 -36810.6 112781000.0
454 -0.00465 9.93291e-05 1423.6 936.722 19.3757 30.015 -26134.8 -38072.3 116636000.0
455 -0.00455 9.98749e-05 1415.83 962.937 20.0274 31.1114 -27051.9 -39350.8 120556000.0
456 -0.00445 0.000100447 1407.76 989.949 20.7071 32.2504 -27985.2 -40646.6 124550000.0
457 -0.00435 0.000101051 1399.35 1017.88 21.4192 33.4379 -28938.9 -41961.9 128634000.0
458 -0.00425 0.000101688 1390.57 1046.74 22.1656 34.6771 -29911.4 -43294.7 132803000.0
459 -0.00415 0.000102364 1381.41 1076.53 22.9479 35.9704 -30900.3 -44640.1 137043000.0
460 -0.00405 0.000103072 1371.9 1107.08 23.7624 37.312 -31897.3 -45990.7 141340000.0
461 -0.00395 0.000103817 1362.07 1138.36 24.6103 38.6995 -32900.7 -47340.1 145678000.0
462 -0.00385 0.000104603 1351.83 1170.55 25.4979 40.1438 -33915.2 -48691.7 150089000.0
463 -0.00375 0.000105429 1341.24 1203.46 26.4216 41.6386 -34930.7 -50034.4 154530000.0
464 -0.00365 0.000106302 1330.22 1237.32 27.3901 43.1943 -35955.1 -51370.9 159038000.0
465 -0.00355 0.000107221 1318.81 1271.77 28.396 44.8042 -36969.2 -52685.1 163546000.0
466 -0.00345 0.000108191 1307.0 1307.05 29.4478 46.4702 -37984.4 -53978.0 168102000.0
467 -0.00335 0.000109215 1294.74 1343.11 30.5465 48.2 -38991.1 -55242.6 172677000.0
468 -0.00325 0.000110287 1282.16 1379.63 31.6851 49.9749 -39981.0 -56466.3 177253000.0
469 -0.00315 0.000111417 1269.15 1416.68 32.8695 51.8113 -40951.3 -57653.1 181842000.0
470 -0.00305 0.000112607 1255.74 1454.39 34.1048 53.7027 -41903.3 -58782.5 186424000.0
471 -0.00295 0.000113864 1241.87 1492.63 35.3925 55.6593 -42828.2 -59854.4 191001000.0
472 -0.00285 0.000115188 1227.6 1531.21 36.7292 57.6739 -43717.2 -60860.8 195558000.0
473 -0.00275 0.000116586 1212.88 1570.27 38.1233 59.7502 -44573.1 -61791.5 200105000.0
474 -0.00265 0.000118057 1197.75 1609.52 39.5693 61.8841 -45380.0 -62636.3 204611000.0
475 -0.00255 0.000119602 1182.3 1648.9 41.0681 64.0664 -46141.0 -63390.0 209095000.0
476 -0.00245 0.000121223 1166.49 1688.34 42.6201 66.2951 -46846.1 -64041.0 213533000.0
477 -0.00235 0.000122929 1150.29 1727.77 44.2294 68.581 -47489.3 -64585.5 217938000.0
478 -0.00225 0.000124717 1133.8 1767.05 45.8927 70.9089 -48067.0 -65015.3 222302000.0
479 -0.00215 0.000126605 1116.89 1806.2 47.6199 73.2926 -48570.5 -65316.2 226619000.0
480 -0.00205 0.000128582 1099.73 1845.08 49.4044 75.715 -49002.1 -65490.6 230911000.0
481 -0.00195 0.000130657 1082.26 1883.5 51.2469 78.1783 -49348.4 -65527.1 235158000.0
482 -0.00185 0.000132834 1064.52 1921.4 53.1493 80.681 -49606.9 -65423.2 239371000.0
483 -0.00175 0.000135111 1046.58 1958.54 55.1052 83.2123 -49770.7 -65175.0 243543000.0
484 -0.00165 0.0001375 1028.39 1995.03 57.1243 85.7774 -49839.6 -64774.0 247690000.0
485 -0.00155 0.000139988 1010.12 2030.57 59.1941 88.3554 -49810.8 -64229.6 251813000.0
486 -0.00145 0.0001426 991.619 2065.41 61.3333 90.9658 -49686.0 -63527.7 255945000.0
487 -0.00135 0.000145306 973.149 2099.03 63.5145 93.5722 -49460.9 -62694.5 260070000.0
488 -0.00125 0.000148137 954.546 2131.51 65.7538 96.1949 -49123.8 -61699.7 264173000.0
489 -0.00115 0.000151082 935.946 2162.98 68.0512 98.8211 -48695.3 -60570.8 268324000.0
490 -0.00105 0.000154135 917.407 2193.16 70.3951 101.437 -48165.9 -59308.5 272486000.0
491 -0.00095 0.00015731 898.889 2221.89 72.7863 104.049 -47527.0 -57912.1 276653000.0
492 -0.00085 0.000160593 880.518 2249.34 75.2232 106.642 -46799.1 -56403.9 280876000.0
493 -0.00075 0.000163968 862.391 2275.31 77.6907 109.199 -45985.8 -54803.8 285137000.0
494 -0.00065 0.000167472 844.346 2299.98 80.2115 111.747 -45078.2 -53086.1 289445000.0
495 -0.00055 0.000171074 826.574 2323.16 82.7622 114.255 -44089.2 -51286.8 293789000.0
496 -0.00045 0.000174785 809.012 2344.87 85.348 116.733 -43016.3 -49401.7 298180000.0
497 -0.00035 0.000178584 791.808 2365.1 87.9553 119.163 -41878.0 -47466.4 302617000.0
498 -0.00025 0.000182458 774.998 2384.05 90.5832 121.536 -40689.9 -45497.1 307112000.0
499 -0.00015 0.000186418 758.532 2401.57 93.2296 123.862 -39441.2 -43483.6 311636000.0
500 -5e-05 0.00019042 742.587 2417.74 95.8723 126.116 -38162.5 -41487.1 316203000.0
501 5e-05 0.000194512 726.969 2432.57 98.5328 128.321 -36828.2 -39449.3 320771000.0
502 0.00015 0.000198646 711.841 2446.18 101.19 130.461 -35471.7 -37431.7 325372000.0
503 0.00025 0.000202822 697.18 2458.66 103.844 132.532 -34095.0 -35429.1 329970000.0
504 0.00035 0.000207024 683.029 2469.94 106.482 134.534 -32704.5 -33459.5 334562000.0
505 0.00045 0.000211252 669.366 2480.16 109.106 136.469 -31304.3 -31522.3 339130000.0
506 0.00055 0.000215467 656.262 2489.45 111.7 138.322 -29917.0 -29652.4 343676000.0
507 0.00065 0.000219659 643.739 2497.75 114.253 140.096 -28541.3 -27848.3 348163000.0
508 0.00075 0.000223843 631.71 2505.19 116.776 141.8 -27176.3 -26094.7 352590000.0
509 0.00085 0.000227998 620.195 2511.78 119.257 143.433 -25829.8 -24410.5 356956000.0
510 0.00095 0.000232082 609.283 2517.49 121.669 144.979 -24510.5 -22813.5 361207000.0
511 0.00105 0.000236104 598.896 2522.83 124.04 146.452 -23234.7 -21293.6 365391000.0
512 0.00115 0.000240073 589.003 2527.48 126.357 147.858 -21987.9 -19841.9 369475000.0
513 0.00125 0.000243951 579.633 2531.59 128.607 149.188 -20782.0 -18471.8 373434000.0
514 0.00135 0.000247736 570.783 2535.1 130.784 150.446 -19614.2 -17185.0 377274000.0
515 0.00145 0.000251423 562.408 2538.17 132.891 151.637 -18489.8 -15978.4 380986000.0
516 0.00155 0.00025502 554.473 2540.87 134.935 152.764 -17405.2 -14833.9 384570000.0
517 0.00165 0.000258496 547.023 2543.2 136.9 153.827 -16369.8 -13772.0 388029000.0
518 0.00175 0.000261836 540.04 2545.36 138.787 154.82 -15392.4 -12789.5 391339000.0
519 0.00185 0.000265079 533.436 2547.01 140.597 155.763 -14443.7 -11855.2 394514000.0
520 0.00195 0.000268163 527.296 2548.38 142.309 156.636 -13547.7 -11008.9 397531000.0
521 0.00205 0.000271142 521.508 2549.56 143.957 157.466 -12696.5 -10208.0 400425000.0
522 0.00215 0.000273963 516.132 2550.71 145.52 158.232 -11903.8 -9482.95 403167000.0
523 0.00225 0.000276684 511.06 2551.59 147.017 158.957 -11141.9 -8789.96 405780000.0
524 0.00235 0.000279242 506.376 2552.23 148.413 159.627 -10428.6 -8173.82 408250000.0
525 0.00245 0.000281682 501.996 2552.74 149.739 160.253 -9753.56 -7597.55 410583000.0
526 0.00255 0.000283987 497.915 2553.25 150.995 160.838 -9125.45 -7073.5 412804000.0
527 0.00265 0.000286184 494.093 2553.55 152.181 161.384 -8527.1 -6578.92 414886000.0
528 0.00275 0.000288265 490.526 2553.86 153.306 161.898 -7966.75 -6119.37 416876000.0
529 0.00285 0.000290228 487.21 2554.04 154.361 162.371 -7440.68 -5691.55 418734000.0
530 0.00295 0.000292045 484.18 2554.16 155.334 162.808 -6955.67 -5317.39 420484000.0
531 0.00305 0.000293777 481.325 2554.17 156.256 163.215 -6493.47 -4959.21 422129000.0
532 0.00315 0.000295407 478.665 2554.16 157.123 163.596 -6064.09 -4627.73 423666000.0
533 0.00325 0.000296948 476.186 2554.26 157.948 163.954 -5663.9 -4311.59 425134000.0
534 0.00335 0.000298386 473.888 2554.08 158.702 164.285 -5281.32 -4025.87 426496000.0
535 0.00345 0.00029973 471.761 2553.96 159.41 164.589 -4929.3 -3759.77 427767000.0
536 0.00355 0.000300983 469.8 2553.86 160.069 164.872 -4605.85 -3519.84 428960000.0
537 0.00365 0.000302173 467.948 2553.6 160.686 165.136 -4290.37 -3282.63 430074000.0
538 0.00375 0.000303266 466.263 2553.41 161.255 165.382 -4003.39 -3076.45 431125000.0
539 0.00385 0.000304285 464.698 2553.18 161.783 165.605 -3738.32 -2887.96 432099000.0
540 0.00395 0.000305257 463.219 2552.97 162.286 165.817 -3484.84 -2696.24 433017000.0
541 0.00405 0.000306146 461.876 2552.73 162.743 166.012 -3253.7 -2535.04 433882000.0
542 0.00415 0.00030696 460.644 2552.58 163.167 166.187 -3045.25 -2390.09 434675000.0
543 0.00425 0.000307728 459.498 2552.37 163.561 166.353 -2846.22 -2248.21 435430000.0
544 0.00435 0.000308453 458.417 2552.15 163.933 166.509 -2657.89 -2106.64 436139000.0
545 0.00445 0.00030913 457.412 2551.99 164.281 166.652 -2485.32 -1973.71 436793000.0
546 0.00455 0.000309762 456.484 2551.64 164.595 166.788 -2314.34 -1852.03 437412000.0
547 0.00465 0.000310335 455.632 2551.35 164.881 166.91 -2163.71 -1746.9 437985000.0
548 0.00475 0.000310868 454.856 2551.07 165.146 167.022 -2021.47 -1648.97 438513000.0
549 0.00485 0.00031135 454.15 2550.92 165.392 167.122 -1899.54 -1564.75 439007000.0
550 0.00495 0.000311809 453.479 2550.73 165.624 167.22 -1779.45 -1475.63 439472000.0
551 0.00505 0.000312257 452.829 2550.45 165.844 167.314 -1658.88 -1383.25 439913000.0
552 0.00515 0.000312657 452.252 2550.13 166.036 167.396 -1548.15 -1303.18 440302000.0
553 0.00525 0.000313017 451.729 2549.89 166.211 167.471 -1451.56 -1237.09 440679000.0
554 0.00535 0.000313371 451.217 2549.79 166.392 167.544 -1362.12 -1163.25 441043000.0
555 0.00545 0.000313686 450.766 2549.55 166.543 167.609 -1276.15 -1104.34 441368000.0
556 0.00555 0.000314007 450.306 2549.39 166.704 167.677 -1193.47 -1029.62 441698000.0
557 0.00565 0.000314269 449.925 2549.2 166.83 167.73 -1123.61 -983.058 441976000.0
558 0.00575 0.000314515 449.578 2549.07 166.953 167.779 -1057.18 -933.328 442241000.0
559 0.00585 0.000314754 449.234 2548.88 167.067 167.831 -992.882 -886.236 442497000.0
560 0.00595 0.000314992 448.896 2548.69 167.181 167.879 -928.658 -828.908 442740000.0
561 0.00605 0.000315192 448.61 2548.45 167.272 167.92 -869.026 -782.941 442953000.0
562 0.00615 0.000315379 448.344 2548.34 167.363 167.958 -822.052 -748.611 443164000.0
563 0.00625 0.000315571 448.071 2548.25 167.459 167.997 -771.809 -702.848 443366000.0
564 0.00635 0.000315729 447.847 2548.11 167.534 168.031 -727.075 -668.13 443554000.0
565 0.00645 0.000315873 447.645 2547.97 167.601 168.059 -688.059 -639.237 443714000.0
566 0.00655 0.000316018 447.436 2547.72 167.661 168.09 -642.382 -607.404 443870000.0
567 0.00665 0.000316151 447.25 2547.53 167.72 168.115 -604.479 -577.49 444007000.0
568 0.00675 0.000316267 447.09 2547.37 167.771 168.141 -567.842 -551.454 444148000.0
569 0.00685 0.00031639 446.909 2547.22 167.826 168.165 -532.702 -517.874 444283000.0
570 0.00695 0.000316502 446.757 2547.07 167.876 168.187 -500.264 -492.136 444397000.0
571 0.00705 0.000316613 446.6 2546.9 167.923 168.209 -467.602 -459.034 444512000.0
572 0.00715 0.000316707 446.467 2546.82 167.968 168.229 -441.827 -435.178 444619000.0
573 0.00725 0.00031679 446.348 2546.69 168.003 168.246 -416.589 -414.536 444714000.0
574 0.00735 0.000316879 446.225 2546.52 168.039 168.264 -388.194 -386.979 444811000.0
575 0.00745 0.000316956 446.113 2546.29 168.065 168.278 -360.73 -365.075 444890000.0
576 0.00755 0.000317037 446.002 2546.22 168.103 168.295 -338.191 -344.131 444977000.0
577 0.00765 0.000317115 445.892 2546.08 168.135 168.311 -312.353 -316.652 445059000.0
578 0.00775 0.000317173 445.812 2546.05 168.164 168.323 -299.317 -303.983 445128000.0
579 0.00785 0.000317234 445.724 2545.92 168.187 168.335 -277.798 -283.807 445199000.0
580 0.00795 0.000317273 445.672 2545.83 168.202 168.343 -266.089 -280.241 445265000.0
581 0.00805 0.000317333 445.585 2545.69 168.225 168.356 -246.844 -259.142 445330000.0
582 0.00815 0.000317377 445.527 2545.7 168.249 168.364 -234.025 -242.315 445387000.0
583 0.00825 0.000317416 445.469 2545.66 168.267 168.372 -226.355 -237.597 445439000.0
584 0.00835 0.000317461 445.405 2545.46 168.278 168.38 -206.276 -222.601 445477000.0
585 0.00845 0.000317503 445.352 2545.43 168.298 168.39 -195.336 -207.097 445533000.0
586 0.00855 0.000317542 445.292 2545.33 168.312 168.397 -179.811 -191.84 445575000.0
587 0.00865 0.000317588 445.231 2545.4 168.341 168.407 -172.485 -175.224 445634000.0
588 0.00875 0.000317623 445.181 2545.22 168.347 168.412 -157.765 -165.315 445660000.0
589 0.00885 0.00031764 445.157 2545.27 168.36 168.418 -155.677 -163.156 445709000.0
590 0.00895 0.000317651 445.141 2545.11 168.355 168.419 -144.95 -160.7 445728000.0
591 0.00905 0.000317696 445.076 2545.03 168.373 168.428 -132.818 -143.474 445766000.0
592 0.00915 0.00031773 445.035 2545.06 168.393 168.434 -126.262 -129.973 445807000.0
593 0.00925 0.000317742 445.017 2545.1 168.402 168.437 -125.083 -127.429 445839000.0
594 0.00935 0.000317743 445.016 2545.12 168.405 168.437 -126.683 -131.221 445863000.0
595 0.00945 0.00031778 444.963 2545.03 168.419 168.447 -113.844 -114.018 445907000.0
596 0.00955 0.000317797 444.941 2544.9 168.419 168.449 -102.61 -108.267 445921000.0
597 0.00965 0.000317794 444.945 2544.83 168.413 168.448 -100.67 -112.719 445940000.0
598 0.00975 0.000317802 444.934 2544.83 168.416 168.449 -98.4619 -107.708 445960000.0
599 0.00985 0.000317821 444.91 2544.78 168.424 168.451 -92.2464 -102.632 445967000.0
600 0.00995 0.000317846 444.87 2544.8 168.438 168.456 -86.6991 -92.4384 445998000.0
601 0.01005 0.000317862 444.847 2544.62 168.434 168.459 -77.2222 -88.8237 446008000.0
602 0.01015 0.000317884 444.821 2544.6 168.445 168.466 -69.4399 -80.0062 446043000.0
603 0.01025 0.000317877 444.827 2544.64 168.444 168.463 -72.9924 -87.4191 446050000.0
604 0.01035 0.00031788 444.825 2544.76 168.453 168.464 -77.2405 -86.0671 446074000.0
605 0.01045 0.000317908 444.779 2544.76 168.469 168.471 -72.4032 -72.6053 446101000.0
606 0.01055 0.00031791 444.787 2544.64 168.461 168.47 -65.6082 -76.5776 446096000.0
607 0.01065 0.000317945 444.729 2544.52 168.472 168.477 -51.7995 -56.0758 446118000.0
608 0.01075 0.000317942 444.74 2544.55 168.473 168.477 -55.7205 -60.5647 446136000.0
609 0.01085 0.000317942 444.733 2544.46 168.467 168.478 -51.8405 -64.7202 446136000.0
610 0.01095 0.000317943 444.735 2544.48 168.468 168.477 -50.9427 -64.8109 446142000.0
611 0.01105 0.000317963 444.707 2544.57 168.485 168.483 -49.303 -53.5983 446167000.0
612 0.01115 0.000317984 444.675 2544.5 168.492 168.485 -42.1167 -40.9102 446174000.0
613 0.01125 0.000317984 444.678 2544.57 168.496 168.488 -45.0923 -41.8643 446192000.0
614 0.01135 0.000317974 444.69 2544.53 168.488 168.484 -44.8491 -47.4419 446190000.0
615 0.01145 0.000317986 444.676 2544.49 168.492 168.485 -42.1546 -40.9667 446194000.0
616 0.01155 0.000317979 444.684 2544.43 168.484 168.484 -40.2981 -46.3647 446200000.0
617 0.01165 0.000317992 444.663 2544.36 168.486 168.489 -33.6541 -38.4896 446214000.0
618 0.01175 0.000317996 444.659 2544.26 168.482 168.488 -27.7039 -33.3918 446204000.0
619 0.01185 0.000317993 444.661 2544.37 168.488 168.49 -34.9021 -40.9572 446221000.0
620 0.01195 0.000317995 444.661 2544.34 168.486 168.488 -32.3101 -43.1199 446222000.0
621 0.01205 0.00031803 444.61 2544.25 168.499 168.496 -18.1649 -19.7503 446239000.0
622 0.01215 0.00031803 444.614 2544.24 168.499 168.495 -19.3838 -22.5303 446240000.0
623 0.01225 0.000318015 444.631 2544.29 168.494 168.492 -25.4485 -32.7281 446240000.0
624 0.01235 0.000318033 444.609 2544.31 168.504 168.496 -23.1967 -21.7487 446256000.0
625 0.01245 0.000318035 444.605 2544.3 168.505 168.495 -22.2609 -18.546 446253000.0
626 0.01255 0.000318042 444.6 2544.31 168.509 168.496 -18.269 -13.3583 446261000.0
627 0.01265 0.000318053 444.579 2544.34 168.517 168.5 -20.0746 -11.7157 446268000.0
628 0.01275 0.000318065 444.566 2544.17 168.512 168.5 -8.61335 -4.19861 446269000.0
629 0.01285 0.00031807 444.559 2544.08 168.509 168.504 -3.69264 -1.88375 446279000.0
630 0.01295 0.000318076 444.55 2544.08 168.512 168.502 -2.06448 2.60177 446280000.0
631 0.01305 0.000318065 444.564 2544.19 168.513 168.501 -9.89796 -4.44279 446285000.0
632 0.01315 0.000318056 444.58 2544.24 168.512 168.5 -13.2755 -11.0296 446292000.0
633 0.01325 0.000318076 444.548 2544.21 168.521 168.505 -7.89336 1.83565 446305000.0
634 0.01335 0.000318076 444.549 2544.19 168.52 168.503 -6.96727 4.16414 446302000.0
635 0.01345 0.000318072 444.557 2544.11 168.512 168.502 -6.53939 1.9042 446300000.0
636 0.01355 0.000318077 444.548 2544.18 168.52 168.504 -7.72971 5.06762 446308000.0
637 0.01365 0.000318067 444.563 2544.21 168.516 168.503 -10.4063 -1.35532 446314000.0
638 0.01375 0.000318059 444.57 2544.19 168.51 168.5 -11.167 -4.11619 446308000.0
639 0.01385 0.000318062 444.57 2544.15 168.51 168.502 -9.4972 -6.88069 446311000.0
640 0.01395 0.000318061 444.569 2544.14 168.509 168.501 -8.89388 -6.98205 446311000.0
641 0.01405 0.000318052 444.584 2544.15 168.504 168.5 -9.43379 -11.7302 446315000.0
642 0.01415 0.000318058 444.572 2544.14 168.507 168.5 -7.41481 -9.76784 446320000.0
643 0.01425 0.000318059 444.572 2544.04 168.501 168.5 -4.58771 -10.4058 446323000.0
644 0.01435 0.000318065 444.562 2544.08 168.507 168.502 -4.62329 -7.19064 446328000.0
645 0.01445 0.000318068 444.559 2544.12 168.511 168.504 -4.83784 -6.12816 446331000.0
646 0.01455 0.000318071 444.554 2544.23 168.519 168.502 -9.92879 -2.66658 446331000.0
647 0.01465 0.00031806 444.563 2544.27 168.517 168.5 -14.4849 -10.0863 446329000.0
648 0.01475 0.00031806 444.573 2544.29 168.518 168.502 -14.6923 -6.69223 446339000.0
649 0.01485 0.000318057 444.57 2544.26 168.514 168.5 -13.1298 -9.91541 446326000.0
650 0.01495 0.00031807 444.553 2544.18 168.516 168.503 -8.0656 -2.28399 446330000.0
651 0.01505 0.00031806 444.569 2544.14 168.507 168.501 -6.46519 -7.08281 446334000.0
652 0.01515 0.00031807 444.551 2544.09 168.51 168.503 -3.32367 -0.011416 446340000.0
653 0.01525 0.000318061 444.567 2544.05 168.502 168.5 -3.65037 -5.50299 446325000.0
654 0.01535 0.000318063 444.564 2544.09 168.507 168.502 -5.72597 -4.89732 446336000.0
655 0.01545 0.000318086 444.53 2544.03 168.515 168.504 2.34328 4.60297 446334000.0
656 0.01555 0.000318089 444.528 2543.94 168.509 168.505 8.10025 7.32359 446331000.0
657 0.01565 0.00031808 444.54 2544.13 168.518 168.505 -3.77598 -0.425181 446344000.0
658 0.01575 0.000318085 444.533 2544.03 168.514 168.505 1.63036 0.249811 446335000.0
659 0.01585 0.000318107 444.504 2544.05 168.527 168.51 7.26904 13.2869 446353000.0
660 0.01595 0.000318106 444.502 2544.07 168.527 168.509 6.61255 15.3824 446350000.0
661 0.01605 0.000318092 444.525 2544.12 168.523 168.508 -0.3467 3.83925 446351000.0
662 0.01615 0.000318072 444.551 2544.17 168.516 168.501 -6.96711 -6.79317 446338000.0
663 0.01625 0.000318082 444.54 2544.15 168.52 168.506 -3.46195 -1.39133 446352000.0
664 0.01635 0.000318079 444.547 2544.1 168.515 168.505 -0.114909 -0.0425705 446347000.0
665 0.01645 0.000318097 444.518 2544.08 168.524 168.507 1.35245 7.3615 446351000.0
666 0.01655 0.000318091 444.527 2544.05 168.518 168.507 1.76636 4.12483 446355000.0
667 0.01665 0.000318085 444.537 2544.08 168.517 168.504 0.113593 0.653517 446348000.0
668 0.01675 0.000318076 444.547 2544.03 168.509 168.502 0.53779 -1.71683 446341000.0
669 0.01685 0.000318071 444.557 2544.02 168.506 168.503 -2.18175 -6.65168 446345000.0
670 0.01695 0.00031806 444.575 2544.04 168.501 168.5 -3.04741 -9.96866 446333000.0
671 0.01705 0.000318064 444.566 2544.01 168.501 168.501 -2.24339 -10.2347 446332000.0
672 0.01715 0.000318077 444.547 2544.13 168.516 168.506 -2.48422 -0.405933 446352000.0
673 0.01725 0.000318055 444.578 2544.14 168.505 168.498 -9.60979 -13.3909 446335000.0
674 0.01735 0.000318073 444.549 2544.03 168.508 168.503 -1.17505 -3.7678 446338000.0
675 0.01745 0.000318079 444.546 2544.05 168.512 168.506 0.608979 1.71075 446343000.0
676 0.01755 0.000318069 444.557 2544.01 168.504 168.501 -1.40421 -7.60156 446331000.0
677 0.01765 0.000318075 444.547 2544.03 168.509 168.503 0.3005 -0.306018 446333000.0
678 0.01775 0.000318079 444.545 2544.03 168.51 168.506 -0.569118 2.3358 446339000.0
679 0.01785 0.000318054 444.577 2544.17 168.506 168.499 -10.9244 -11.3381 446335000.0
680 0.01795 0.000318054 444.578 2544.2 168.508 168.5 -12.1197 -10.2769 446339000.0
681 0.01805 0.000318073 444.553 2544.04 168.508 168.503 -2.54766 3.09125 446328000.0
682 0.01815 0.000318091 444.526 2544.0 168.515 168.507 5.04186 14.5008 446339000.0
683 0.01825 0.00031808 444.545 2544.09 168.515 168.503 -1.89372 6.69656 446335000.0
684 0.01835 0.00031809 444.528 2544.01 168.515 168.508 3.35676 10.2153 446348000.0
685 0.01845 0.000318078 444.547 2544.01 168.509 168.506 0.924955 4.64587 446347000.0
686 0.01855 0.000318074 444.549 2544.1 168.513 168.503 -2.59109 0.409589 446342000.0
687 0.01865 0.00031805 444.587 2544.17 168.505 168.5 -14.0114 -17.6743 446343000.0
688 0.01875 0.000318052 444.579 2544.09 168.5 168.499 -9.79408 -14.2784 446335000.0
689 0.01885 0.00031807 444.557 2544.1 168.51 168.503 -2.14291 -1.16177 446345000.0
690 0.01895 0.000318059 444.57 2544.03 168.5 168.5 -3.32771 -5.13727 446341000.0
691 0.01905 0.000318068 444.564 2544.07 168.507 168.501 -4.20077 -4.08187 446339000.0
692 0.01915 0.000318067 444.559 2544.07 168.507 168.502 -5.6242 -4.74405 446349000.0
693 0.01925 0.000318063 444.568 2544.18 168.512 168.502 -8.59838 -4.77981 446350000.0
694 0.01935 0.000318063 444.567 2544.08 168.505 168.502 -4.29875 -6.43956 446357000.0
695 0.01945 0.000318073 444.553 2544.02 168.507 168.505 -0.496912 -2.12712 446354000.0
696 0.01955 0.000318063 444.564 2543.97 168.498 168.5 -0.42294 -7.43964 446334000.0
697 0.01965 0.000318072 444.551 2544.06 168.509 168.503 -0.843918 -4.40683 446338000.0
698 0.01975 0.000318077 444.546 2544.15 168.517 168.505 -4.5525 -1.42138 446347000.0
699 0.01985 0.000318069 444.56 2544.15 168.513 168.504 -6.74641 -6.86292 446349000.0
700 0.01995 0.000318072 444.551 2544.17 168.516 168.503 -6.29851 -3.93322 446347000.0
701 0.02005 0.000318069 444.56 2544.22 168.518 168.502 -9.03972 -8.32365 446350000.0
702 0.02015 0.000318079 444.545 2544.24 168.524 168.505 -7.99296 -4.5628 446358000.0
703 0.02025 0.000318078 444.543 2544.11 168.515 168.505 -1.95648 -4.15611 446354000.0
704 0.02035 0.000318081 444.541 2544.13 168.519 168.506 -1.36032 -0.292388 446345000.0
705 0.02045 0.000318084 444.537 2544.07 168.515 168.506 1.65611 2.02876 446346000.0
706 0.02055 0.000318094 444.524 2544.04 168.519 168.507 5.63121 9.81926 446343000.0
707 0.02065 0.000318083 444.536 2544.12 168.519 168.507 -2.68866 -2.165 446357000.0
708 0.02075 0.000318086 444.533 2544.13 168.521 168.506 -1.05903 1.8495 446347000.0
709 0.02085 0.00031809 444.531 2544.19 168.527 168.507 -2.53583 6.9276 446360000.0
710 0.02095 0.00031809 444.527 2544.13 168.523 168.507 -1.05672 2.93707 446360000.0
711 0.02105 0.000318091 444.529 2544.1 168.522 168.507 -0.820335 -0.0478721 446356000.0
712 0.02115 0.000318103 444.516 2544.08 168.526 168.51 4.95829 10.4334 446360000.0
713 0.02125 0.000318088 444.53 2544.04 168.516 168.507 2.08164 -1.59711 446356000.0
714 0.02135 0.000318073 444.555 2544.14 168.515 168.504 -6.17532 -6.72629 446361000.0
715 0.02145 0.000318083 444.539 2544.04 168.514 168.506 3.04487 -0.21906 446365000.0
716 0.02155 0.000318096 444.524 2544.05 168.521 168.508 4.4185 4.52339 446358000.0
717 0.02165 0.000318074 444.555 2544.11 168.513 168.504 -3.91305 -5.87163 446357000.0
718 0.02175 0.000318076 444.55 2544.13 168.515 168.505 -4.31515 -3.21608 446357000.0
719 0.02185 0.00031807 444.558 2544.22 168.519 168.502 -10.5469 -7.47069 446357000.0
720 0.02195 0.00031808 444.543 2544.13 168.517 168.505 -2.55616 0.451129 446363000.0
721 0.02205 0.000318083 444.541 2544.03 168.513 168.507 2.25345 0.743577 446358000.0
722 0.02215 0.000318084 444.536 2544.05 168.515 168.506 2.55307 4.48286 446363000.0
723 0.02225 0.000318102 444.514 2544.04 168.524 168.509 4.24268 14.5291 446364000.0
724 0.02235 0.000318092 444.529 2544.1 168.522 168.506 -0.19804 4.18799 446356000.0
725 0.02245 0.000318073 444.553 2544.14 168.515 168.502 -4.99981 -7.13415 446348000.0
726 0.02255 0.000318098 444.521 2544.13 168.527 168.509 2.76568 7.99148 446359000.0
727 0.02265 0.000318084 444.537 2544.03 168.514 168.505 2.68318 1.72485 446344000.0
728 0.02275 0.000318093 444.526 2543.99 168.516 168.507 6.65581 9.16764 446356000.0
729 0.02285 0.000318089 444.535 2543.96 168.511 168.506 6.97941 5.14299 446343000.0
730 0.02295 0.000318104 444.508 2543.93 168.517 168.51 11.0812 17.5899 446350000.0
731 0.02305 0.000318095 444.52 2544.03 168.519 168.506 5.70629 12.8463 446346000.0
732 0.02315 0.000318087 444.534 2544.15 168.522 168.506 -2.11269 6.23955 446364000.0
733 0.02325 0.000318057 444.578 2544.18 168.509 168.501 -10.6857 -11.9326 446352000.0
734 0.02335 0.000318064 444.559 2544.16 168.512 168.502 -7.62998 -4.92514 446358000.0
735 0.02345 0.000318081 444.54 2544.14 168.519 168.505 -1.54476 6.31126 446359000.0
736 0.02355 0.000318094 444.522 2544.14 168.526 168.507 -1.31326 11.9453 446359000.0
737 0.02365 0.000318082 444.539 2544.16 168.52 168.506 -2.50614 5.44379 446362000.0
738 0.02375 0.000318083 444.537 2544.13 168.52 168.507 -2.92855 2.50481 446368000.0
739 0.02385 0.000318092 444.521 2544.09 168.522 168.508 3.32455 11.7303 446361000.0
740 0.02395 0.000318092 444.525 2544.19 168.528 168.509 -2.52348 7.82443 446373000.0
741 0.02405 0.000318087 444.532 2544.06 168.516 168.507 1.64751 1.91236 446361000.0
742 0.02415 0.000318086 444.531 2544.1 168.519 168.506 -0.0489788 2.11866 446352000.0
743 0.02425 0.000318087 444.529 2544.07 168.517 168.507 2.58774 3.93239 446354000.0
744 0.02435 0.000318083 444.536 2544.1 168.518 168.507 -1.64598 0.86892 446353000.0
745 0.02445 0.000318074 444.545 2544.05 168.51 168.504 -0.929537 -2.53036 446343000.0
746 0.02455 0.000318063 444.565 2544.14 168.509 168.503 -8.2938 -10.7494 446352000.0
747 0.02465 0.000318061 444.565 2544.13 168.507 168.501 -7.72892 -11.8199 446343000.0
748 0.02475 0.000318081 444.539 2544.05 168.513 168.506 3.12914 4.33482 446345000.0
749 0.02485 0.000318072 444.548 2544.13 168.513 168.502 -4.75401 -1.14105 446344000.0
750 0.02495 0.000318074 444.548 2544.18 168.518 168.504 -6.40088 -2.82156 446351000.0
751 0.02505 0.000318081 444.537 2544.08 168.514 168.505 1.34675 -0.729055 446345000.0
752 0.02515 0.000318081 444.533 2544.06 168.514 168.504 2.04341 0.159351 446341000.0
753 0.02525 0.00031809 444.528 2544.03 168.516 168.506 5.54204 6.16503 446352000.0
754 0.02535 0.000318103 444.504 2543.98 168.52 168.507 9.83347 14.7229 446346000.0
755 0.02545 0.000318089 444.526 2544.0 168.514 168.507 6.41987 4.57063 446351000.0
756 0.02555 0.000318084 444.535 2544.06 168.515 168.505 2.50226 6.33003 446354000.0
757 0.02565 0.00031809 444.525 2544.07 168.519 168.505 2.7947 6.0194 446351000.0
758 0.02575 0.00031808 444.537 2544.07 168.514 168.504 1.13101 1.31904 446353000.0
759 0.02585 0.000318083 444.536 2544.08 168.516 168.505 0.549225 0.798306 446356000.0
760 0.02595 0.000318084 444.532 2543.92 168.506 168.504 9.81947 4.22889 446341000.0
761 0.02605 0.000318078 444.543 2543.9 168.501 168.503 8.64916 -1.71722 446339000.0
762 0.02615 0.000318094 444.519 2543.96 168.514 168.506 8.24655 4.40293 446340000.0
763 0.02625 0.000318092 444.521 2544.06 168.52 168.505 3.01459 1.41059 446338000.0
764 0.02635 0.000318074 444.549 2544.0 168.506 168.505 3.29014 -7.28438 446347000.0
765 0.02645 0.000318095 444.515 2544.1 168.524 168.508 2.59437 8.01406 446354000.0
766 0.02655 0.000318095 444.515 2544.12 168.525 168.508 1.95411 9.78917 446361000.0
767 0.02665 0.000318087 444.526 2544.06 168.517 168.504 2.11983 5.85505 446345000.0
768 0.02675 0.000318102 444.508 2544.08 168.526 168.508 5.27265 13.9927 446358000.0
769 0.02685 0.000318071 444.552 2544.15 168.515 168.502 -5.21412 -6.87875 446351000.0
770 0.02695 0.000318095 444.513 2544.16 168.528 168.508 0.646771 7.01409 446366000.0
771 0.02705 0.000318106 444.502 2544.09 168.529 168.51 6.09902 13.0757 446366000.0
772 0.02715 0.000318082 444.535 2544.12 168.518 168.504 -1.66837 -0.525482 446362000.0
773 0.02725 0.000318092 444.527 2544.09 168.522 168.506 1.5104 5.99851 446366000.0
774 0.02735 0.000318075 444.544 2544.17 168.517 168.501 -6.11962 -6.7694 446353000.0
775 0.02745 0.000318092 444.521 2544.03 168.517 168.507 5.60356 1.98866 446359000.0
776 0.02755 0.000318094 444.523 2544.0 168.517 168.506 7.70544 7.07061 446352000.0
777 0.02765 0.000318096 444.516 2543.97 168.516 168.507 6.92232 9.90062 446353000.0
778 0.02775 0.000318094 444.518 2544.15 168.526 168.505 2.3624 11.7702 446352000.0
779 0.02785 0.000318093 444.521 2544.1 168.523 168.506 2.24339 12.399 446353000.0
780 0.02795 0.000318088 444.524 2544.07 168.518 168.505 2.44559 7.54663 446358000.0
781 0.02805 0.000318076 444.544 2544.02 168.508 168.503 1.18971 0.329836 446354000.0
782 0.02815 0.00031808 444.54 2543.99 168.508 168.503 3.84983 6.99253 446351000.0
783 0.02825 0.00031808 444.537 2544.03 168.511 168.503 2.1521 7.67459 446346000.0
784 0.02835 0.000318076 444.544 2544.04 168.51 168.504 0.910733 -0.378289 446353000.0
785 0.02845 0.000318092 444.524 2543.92 168.51 168.506 9.81706 9.027 446339000.0
786 0.02855 0.000318085 444.524 2543.93 168.507 168.504 8.12512 4.54166 446333000.0
787 0.02865 0.000318098 444.513 2543.89 168.511 168.51 11.7826 13.3491 446347000.0
788 0.02875 0.00031809 444.523 2543.93 168.51 168.508 9.84096 10.4713 446341000.0
789 0.02885 0.0003181 444.51 2543.94 168.515 168.509 11.6102 17.5743 446339000.0
790 0.02895 0.000318085 444.528 2543.94 168.508 168.506 8.84811 10.1769 446341000.0
791 0.02905 0.000318079 444.539 2543.94 168.505 168.506 7.27187 7.77343 446340000.0
792 0.02915 0.000318067 444.552 2543.98 168.501 168.503 2.86997 3.02227 446335000.0
793 0.02925 0.000318065 444.555 2544.02 168.503 168.5 0.879998 3.24365 446333000.0
794 0.02935 0.000318063 444.557 2544.06 168.504 168.5 -2.59506 1.261 446340000.0
795 0.02945 0.000318061 444.559 2544.04 168.502 168.501 -0.963776 0.98329 446347000.0
796 0.02955 0.000318068 444.554 2544.05 168.506 168.502 0.634999 4.29878 446352000.0
797 0.02965 0.000318079 444.534 2544.07 168.513 168.504 -0.739042 6.60334 446353000.0
798 0.02975 0.000318066 444.554 2544.04 168.504 168.502 -0.00344391 -3.39966 446353000.0
799 0.02985 0.00031806 444.564 2543.95 168.495 168.499 3.27716 -5.1757 446338000.0
800 0.02995 0.00031806 444.561 2543.97 168.496 168.5 1.31957 -5.6515 446342000.0
