TITLE = "DSMC"
VARIABLES = "ID" "X" "rho" "v1" "Ttrans" "p" "p1" "q1" "mv1v1v1" "mvvv1v1"
ZONE T="Ma=5.2", I=800, J=1, K=1, F=POINT
1 -0.04995 8.83408e-05 1600.66 273.103 5.02409 5.02294 -0.015331 -0.0894267 1426560.0
2 -0.04985 8.83413e-05 1600.66 273.105 5.02416 5.02301 -0.0247588 -0.0780473 1426620.0
3 -0.04975 8.83406e-05 1600.66 273.105 5.02411 5.02295 -0.0234523 -0.0858444 1426650.0
4 -0.04965 8.83414e-05 1600.66 273.105 5.02415 5.02302 -0.0525852 -0.134875 1426720.0
5 -0.04955 8.83415e-05 1600.66 273.107 5.0242 5.02309 -0.0793529 -0.200535 1426800.0
6 -0.04945 8.8341e-05 1600.66 273.107 5.02418 5.02308 -0.0706331 -0.184278 1426870.0
7 -0.04935 8.83411e-05 1600.66 273.108 5.0242 5.02317 -0.103255 -0.199341 1426940.0
8 -0.04925 8.83414e-05 1600.66 273.105 5.02417 5.02316 -0.104801 -0.22734 1426960.0
9 -0.04915 8.83412e-05 1600.66 273.108 5.0242 5.02332 -0.115785 -0.268867 1427070.0
10 -0.04905 8.83415e-05 1600.66 273.107 5.02421 5.02336 -0.139552 -0.327126 1427100.0
11 -0.04895 8.83409e-05 1600.66 273.107 5.02418 5.02341 -0.136842 -0.343819 1427160.0
12 -0.04885 8.83415e-05 1600.66 273.106 5.02419 5.02335 -0.142732 -0.371643 1427180.0
13 -0.04875 8.83413e-05 1600.66 273.107 5.02418 5.02338 -0.164998 -0.396378 1427240.0
14 -0.04865 8.83412e-05 1600.66 273.107 5.02418 5.02332 -0.157331 -0.411304 1427230.0
15 -0.04855 8.83415e-05 1600.66 273.108 5.02422 5.02336 -0.167373 -0.410765 1427320.0
16 -0.04845 8.83412e-05 1600.66 273.108 5.02421 5.02327 -0.180266 -0.420038 1427290.0
17 -0.04835 8.83415e-05 1600.66 273.11 5.02426 5.0233 -0.183986 -0.405431 1427310.0
18 -0.04825 8.83409e-05 1600.66 273.107 5.02418 5.02337 -0.196496 -0.454956 1427380.0
19 -0.04815 8.8342e-05 1600.66 273.109 5.02427 5.02338 -0.192919 -0.435436 1427420.0
20 -0.04805 8.83414e-05 1600.66 273.107 5.0242 5.02329 -0.202597 -0.447212 1427400.0
21 -0.04795 8.83404e-05 1600.66 273.109 5.02418 5.02325 -0.216428 -0.448241 1427420.0
22 -0.04785 8.83415e-05 1600.66 273.109 5.02425 5.02332 -0.220156 -0.445651 1427460.0
23 -0.04775 8.83413e-05 1600.66 273.108 5.02421 5.02326 -0.232937 -0.489863 1427460.0
24 -0.04765 8.83414e-05 1600.66 273.11 5.02425 5.02334 -0.233959 -0.449452 1427510.0
25 -0.04755 8.83412e-05 1600.66 273.11 5.02425 5.02329 -0.218758 -0.415267 1427500.0
26 -0.04745 8.83409e-05 1600.66 273.107 5.02417 5.02323 -0.229352 -0.43741 1427480.0
27 -0.04735 8.83413e-05 1600.66 273.111 5.02427 5.02336 -0.244739 -0.448461 1427560.0
28 -0.04725 8.83414e-05 1600.66 273.11 5.02426 5.02333 -0.252252 -0.459841 1427560.0
29 -0.04715 8.83411e-05 1600.66 273.11 5.02424 5.02346 -0.260229 -0.484077 1427660.0
30 -0.04705 8.83417e-05 1600.66 273.111 5.0243 5.02349 -0.293856 -0.519079 1427680.0
31 -0.04695 8.83408e-05 1600.66 273.11 5.02422 5.02352 -0.300825 -0.562995 1427720.0
32 -0.04685 8.83412e-05 1600.66 273.112 5.02429 5.02357 -0.292014 -0.565935 1427760.0
33 -0.04675 8.83412e-05 1600.66 273.111 5.02427 5.02361 -0.295052 -0.556612 1427800.0
34 -0.04665 8.83418e-05 1600.66 273.111 5.0243 5.02357 -0.29215 -0.529252 1427800.0
35 -0.04655 8.83413e-05 1600.66 273.111 5.02427 5.02354 -0.280732 -0.504652 1427780.0
36 -0.04645 8.83414e-05 1600.66 273.112 5.02429 5.02367 -0.288435 -0.522233 1427840.0
37 -0.04635 8.83415e-05 1600.66 273.113 5.02431 5.02368 -0.276215 -0.53482 1427890.0
38 -0.04625 8.83415e-05 1600.66 273.112 5.0243 5.0237 -0.279219 -0.55131 1427920.0
39 -0.04615 8.83417e-05 1600.66 273.111 5.02429 5.02375 -0.277107 -0.559947 1427950.0
40 -0.04605 8.8341e-05 1600.66 273.111 5.02424 5.02361 -0.28473 -0.581624 1427940.0
41 -0.04595 8.83416e-05 1600.66 273.113 5.02433 5.02382 -0.292412 -0.577723 1428040.0
42 -0.04585 8.83412e-05 1600.65 273.112 5.02429 5.02379 -0.309199 -0.579749 1428050.0
43 -0.04575 8.83418e-05 1600.66 273.112 5.02431 5.02384 -0.303884 -0.559208 1428050.0
44 -0.04565 8.83415e-05 1600.66 273.115 5.02434 5.0238 -0.295705 -0.521409 1428040.0
45 -0.04555 8.83417e-05 1600.66 273.112 5.02431 5.02382 -0.298867 -0.516547 1428060.0
46 -0.04545 8.83415e-05 1600.66 273.113 5.02431 5.02378 -0.276217 -0.45471 1428080.0
47 -0.04535 8.83412e-05 1600.66 273.112 5.02427 5.02369 -0.300752 -0.463963 1428040.0
48 -0.04525 8.83424e-05 1600.66 273.113 5.02436 5.02376 -0.274843 -0.444497 1428060.0
49 -0.04515 8.8341e-05 1600.66 273.113 5.02428 5.0237 -0.310743 -0.489104 1428060.0
50 -0.04505 8.8342e-05 1600.66 273.113 5.02435 5.0238 -0.290073 -0.478218 1428100.0
51 -0.04495 8.8341e-05 1600.66 273.113 5.02428 5.02374 -0.306958 -0.50338 1428100.0
52 -0.04485 8.83417e-05 1600.66 273.113 5.02433 5.02378 -0.262182 -0.458953 1428090.0
53 -0.04475 8.83416e-05 1600.66 273.112 5.02431 5.02379 -0.272813 -0.473999 1428120.0
54 -0.04465 8.83415e-05 1600.66 273.114 5.02433 5.02389 -0.246555 -0.418916 1428180.0
55 -0.04455 8.83413e-05 1600.66 273.113 5.02431 5.02387 -0.265454 -0.437779 1428160.0
56 -0.04445 8.83428e-05 1600.66 273.112 5.02436 5.02387 -0.265311 -0.44104 1428120.0
57 -0.04435 8.83413e-05 1600.65 273.113 5.02431 5.0238 -0.243417 -0.413482 1428140.0
58 -0.04425 8.83409e-05 1600.66 273.112 5.02426 5.02373 -0.263582 -0.424186 1428090.0
59 -0.04415 8.83426e-05 1600.66 273.111 5.02435 5.02382 -0.240318 -0.427553 1428130.0
60 -0.04405 8.83416e-05 1600.66 273.115 5.02437 5.02392 -0.242008 -0.44873 1428210.0
61 -0.04395 8.83421e-05 1600.66 273.112 5.02432 5.02384 -0.237434 -0.41476 1428190.0
62 -0.04385 8.83409e-05 1600.66 273.112 5.02426 5.02379 -0.257245 -0.452709 1428200.0
63 -0.04375 8.83414e-05 1600.66 273.112 5.02429 5.02386 -0.230782 -0.407668 1428220.0
64 -0.04365 8.83414e-05 1600.66 273.11 5.02425 5.0239 -0.240569 -0.412605 1428230.0
65 -0.04355 8.83425e-05 1600.66 273.114 5.0244 5.02398 -0.226259 -0.377069 1428290.0
66 -0.04345 8.83416e-05 1600.65 273.111 5.02428 5.0238 -0.229773 -0.376146 1428250.0
67 -0.04335 8.83413e-05 1600.65 273.113 5.0243 5.02375 -0.236177 -0.365642 1428240.0
68 -0.04325 8.83424e-05 1600.66 273.112 5.02435 5.02385 -0.273446 -0.445815 1428340.0
69 -0.04315 8.83413e-05 1600.65 273.114 5.02432 5.02381 -0.265852 -0.431737 1428420.0
70 -0.04305 8.8342e-05 1600.66 273.113 5.02434 5.02384 -0.264307 -0.452887 1428410.0
71 -0.04295 8.83417e-05 1600.65 273.114 5.02434 5.02388 -0.27129 -0.488117 1428430.0
72 -0.04285 8.83414e-05 1600.66 273.113 5.0243 5.02372 -0.275731 -0.495463 1428360.0
73 -0.04275 8.83416e-05 1600.66 273.114 5.02434 5.02382 -0.274822 -0.517009 1428460.0
74 -0.04265 8.83419e-05 1600.65 273.113 5.02433 5.02382 -0.278052 -0.516184 1428440.0
75 -0.04255 8.83419e-05 1600.65 273.113 5.02435 5.02389 -0.286177 -0.554777 1428460.0
76 -0.04245 8.8341e-05 1600.65 273.116 5.02434 5.02379 -0.272822 -0.526624 1428420.0
77 -0.04235 8.83421e-05 1600.66 273.115 5.02439 5.02397 -0.288343 -0.551999 1428570.0
78 -0.04225 8.8342e-05 1600.65 273.114 5.02436 5.02387 -0.293569 -0.529278 1428500.0
79 -0.04215 8.83413e-05 1600.65 273.116 5.02436 5.02397 -0.295088 -0.55478 1428600.0
80 -0.04205 8.83423e-05 1600.65 273.115 5.02441 5.02402 -0.277274 -0.500972 1428640.0
81 -0.04195 8.83416e-05 1600.65 273.116 5.02438 5.02404 -0.283466 -0.497744 1428620.0
82 -0.04185 8.83416e-05 1600.65 273.114 5.02434 5.02409 -0.29633 -0.490636 1428660.0
83 -0.04175 8.83415e-05 1600.65 273.114 5.02434 5.024 -0.298781 -0.497142 1428640.0
84 -0.04165 8.83424e-05 1600.65 273.116 5.02443 5.02415 -0.268944 -0.479462 1428690.0
85 -0.04155 8.83421e-05 1600.65 273.115 5.02439 5.02414 -0.300346 -0.502214 1428720.0
86 -0.04145 8.83425e-05 1600.65 273.115 5.02441 5.02405 -0.268362 -0.465888 1428660.0
87 -0.04135 8.83414e-05 1600.65 273.116 5.02437 5.02403 -0.246367 -0.445106 1428680.0
88 -0.04125 8.83424e-05 1600.65 273.114 5.02438 5.02415 -0.259968 -0.471269 1428720.0
89 -0.04115 8.83417e-05 1600.65 273.115 5.02437 5.02402 -0.245344 -0.471178 1428690.0
90 -0.04105 8.83418e-05 1600.65 273.115 5.02436 5.02414 -0.273076 -0.472898 1428780.0
91 -0.04095 8.83424e-05 1600.65 273.116 5.02441 5.02409 -0.271373 -0.491866 1428770.0
92 -0.04085 8.83421e-05 1600.65 273.115 5.02439 5.02408 -0.286611 -0.48327 1428760.0
93 -0.04075 8.83414e-05 1600.65 273.116 5.02437 5.02405 -0.317507 -0.506295 1428780.0
94 -0.04065 8.8342e-05 1600.65 273.119 5.02445 5.02411 -0.315193 -0.50158 1428830.0
95 -0.04055 8.83417e-05 1600.65 273.114 5.02435 5.0241 -0.316991 -0.494692 1428880.0
96 -0.04045 8.8342e-05 1600.65 273.118 5.02443 5.02412 -0.330891 -0.533244 1428900.0
97 -0.04035 8.83422e-05 1600.65 273.116 5.02442 5.02414 -0.331536 -0.520402 1428950.0
98 -0.04025 8.83418e-05 1600.65 273.12 5.02446 5.02428 -0.370041 -0.571367 1429080.0
99 -0.04015 8.83416e-05 1600.65 273.117 5.02438 5.02416 -0.362687 -0.594606 1429040.0
100 -0.04005 8.83422e-05 1600.65 273.118 5.02445 5.0243 -0.355866 -0.610217 1429070.0
101 -0.03995 8.83417e-05 1600.65 273.118 5.02443 5.02423 -0.380383 -0.652418 1429090.0
102 -0.03985 8.83422e-05 1600.65 273.117 5.02443 5.02426 -0.353683 -0.609212 1429130.0
103 -0.03975 8.83414e-05 1600.65 273.117 5.02438 5.02415 -0.350559 -0.591934 1429120.0
104 -0.03965 8.83423e-05 1600.65 273.117 5.02444 5.02429 -0.351025 -0.603391 1429130.0
105 -0.03955 8.83418e-05 1600.65 273.118 5.02441 5.02415 -0.348081 -0.617905 1429150.0
106 -0.03945 8.83419e-05 1600.65 273.117 5.0244 5.02422 -0.360633 -0.618194 1429160.0
107 -0.03935 8.83423e-05 1600.65 273.118 5.02445 5.02419 -0.34909 -0.592622 1429160.0
108 -0.03925 8.83413e-05 1600.65 273.117 5.02438 5.0242 -0.355664 -0.613234 1429210.0
109 -0.03915 8.83423e-05 1600.65 273.118 5.02445 5.02423 -0.365618 -0.595798 1429190.0
110 -0.03905 8.83427e-05 1600.65 273.118 5.02448 5.02427 -0.344209 -0.59522 1429260.0
111 -0.03895 8.8342e-05 1600.65 273.118 5.02443 5.02417 -0.359571 -0.633341 1429240.0
112 -0.03885 8.83423e-05 1600.65 273.12 5.0245 5.02435 -0.412051 -0.664443 1429480.0
113 -0.03875 8.83412e-05 1600.65 273.117 5.02437 5.0242 -0.350013 -0.661155 1429360.0
114 -0.03865 8.83432e-05 1600.65 273.118 5.0245 5.02436 -0.370729 -0.681993 1429390.0
115 -0.03855 8.83418e-05 1600.65 273.118 5.02443 5.02421 -0.369435 -0.681976 1429310.0
116 -0.03845 8.83427e-05 1600.65 273.117 5.02445 5.02423 -0.353158 -0.618111 1429380.0
117 -0.03835 8.83421e-05 1600.65 273.119 5.02445 5.02422 -0.388704 -0.630875 1429440.0
118 -0.03825 8.83424e-05 1600.65 273.118 5.02445 5.02422 -0.372433 -0.634527 1429410.0
119 -0.03815 8.83419e-05 1600.65 273.117 5.02442 5.02419 -0.376671 -0.640377 1429420.0
120 -0.03805 8.83427e-05 1600.65 273.116 5.02444 5.0242 -0.376581 -0.635448 1429440.0
121 -0.03795 8.83418e-05 1600.65 273.121 5.02448 5.02425 -0.401242 -0.713652 1429580.0
122 -0.03785 8.83424e-05 1600.65 273.118 5.02447 5.02432 -0.42464 -0.72435 1429580.0
123 -0.03775 8.83416e-05 1600.65 273.117 5.0244 5.02423 -0.443336 -0.732034 1429670.0
124 -0.03765 8.83426e-05 1600.65 273.119 5.02449 5.02439 -0.426943 -0.732975 1429720.0
125 -0.03755 8.83427e-05 1600.65 273.119 5.0245 5.02436 -0.417947 -0.724922 1429710.0
126 -0.03745 8.83426e-05 1600.65 273.118 5.02448 5.02433 -0.424514 -0.708113 1429720.0
127 -0.03735 8.83416e-05 1600.65 273.121 5.02446 5.02432 -0.426718 -0.702259 1429750.0
128 -0.03725 8.83425e-05 1600.65 273.118 5.02447 5.02425 -0.436438 -0.709002 1429690.0
129 -0.03715 8.83424e-05 1600.65 273.12 5.0245 5.02426 -0.444645 -0.734415 1429760.0
130 -0.03705 8.83419e-05 1600.65 273.121 5.02449 5.02432 -0.443556 -0.736727 1429840.0
131 -0.03695 8.83425e-05 1600.65 273.117 5.02445 5.02428 -0.428157 -0.716328 1429810.0
132 -0.03685 8.83424e-05 1600.65 273.121 5.0245 5.02427 -0.447485 -0.732165 1429820.0
133 -0.03675 8.8342e-05 1600.65 273.121 5.02449 5.0243 -0.469689 -0.769127 1429930.0
134 -0.03665 8.83422e-05 1600.65 273.121 5.02451 5.02438 -0.479897 -0.793042 1430030.0
135 -0.03655 8.8343e-05 1600.65 273.124 5.02459 5.02441 -0.508078 -0.819332 1430130.0
136 -0.03645 8.83419e-05 1600.65 273.121 5.02449 5.02435 -0.475014 -0.780346 1430030.0
137 -0.03635 8.83423e-05 1600.65 273.121 5.02452 5.02442 -0.510655 -0.821982 1430190.0
138 -0.03625 8.83425e-05 1600.65 273.123 5.02455 5.02432 -0.564595 -0.882712 1430290.0
139 -0.03615 8.83426e-05 1600.65 273.121 5.02453 5.02435 -0.542369 -0.830869 1430250.0
140 -0.03605 8.83419e-05 1600.65 273.124 5.02453 5.02437 -0.51718 -0.793709 1430290.0
141 -0.03595 8.83423e-05 1600.65 273.121 5.02452 5.02435 -0.532019 -0.847363 1430340.0
142 -0.03585 8.83423e-05 1600.65 273.125 5.02459 5.02447 -0.53479 -0.833427 1430400.0
143 -0.03575 8.83421e-05 1600.65 273.124 5.02455 5.02442 -0.585502 -0.934746 1430580.0
144 -0.03565 8.83423e-05 1600.65 273.125 5.02457 5.02449 -0.555411 -0.893165 1430610.0
145 -0.03555 8.83422e-05 1600.64 273.123 5.02454 5.02443 -0.593831 -0.905642 1430650.0
146 -0.03545 8.83422e-05 1600.65 273.128 5.02462 5.02454 -0.642867 -1.01189 1430840.0
147 -0.03535 8.8342e-05 1600.65 273.124 5.02455 5.02447 -0.629868 -0.990645 1430810.0
148 -0.03525 8.83425e-05 1600.64 273.125 5.0246 5.02446 -0.643612 -1.01592 1430860.0
149 -0.03515 8.83415e-05 1600.65 273.126 5.02455 5.02455 -0.641772 -1.04431 1430960.0
150 -0.03505 8.83435e-05 1600.64 273.126 5.02467 5.02468 -0.657167 -1.04743 1431070.0
151 -0.03495 8.83417e-05 1600.64 273.123 5.02452 5.02443 -0.663099 -1.05301 1430980.0
152 -0.03485 8.8342e-05 1600.65 273.126 5.02458 5.02451 -0.671524 -1.04102 1431090.0
153 -0.03475 8.83426e-05 1600.65 273.128 5.02465 5.02461 -0.717052 -1.10841 1431370.0
154 -0.03465 8.83421e-05 1600.65 273.128 5.02462 5.02452 -0.720148 -1.1111 1431340.0
155 -0.03455 8.83425e-05 1600.65 273.128 5.02464 5.02448 -0.714273 -1.06626 1431280.0
156 -0.03445 8.83414e-05 1600.65 273.127 5.02458 5.02444 -0.72179 -1.10092 1431370.0
157 -0.03435 8.83421e-05 1600.65 273.126 5.0246 5.02449 -0.725624 -1.06555 1431420.0
158 -0.03425 8.83427e-05 1600.65 273.126 5.02462 5.02443 -0.703636 -1.02659 1431360.0
159 -0.03415 8.83419e-05 1600.65 273.128 5.02461 5.02438 -0.725024 -1.07793 1431430.0
160 -0.03405 8.83423e-05 1600.65 273.127 5.02461 5.02445 -0.743186 -1.07672 1431550.0
161 -0.03395 8.83416e-05 1600.64 273.128 5.02459 5.02441 -0.777796 -1.15211 1431640.0
162 -0.03385 8.83426e-05 1600.65 273.13 5.02468 5.02457 -0.844754 -1.25543 1431890.0
163 -0.03375 8.83427e-05 1600.65 273.13 5.0247 5.02452 -0.835982 -1.23126 1431940.0
164 -0.03365 8.83416e-05 1600.64 273.132 5.02467 5.02461 -0.87569 -1.27367 1432070.0
165 -0.03355 8.83424e-05 1600.65 273.132 5.02471 5.02467 -0.916181 -1.36492 1432290.0
166 -0.03345 8.83416e-05 1600.64 273.131 5.02466 5.02466 -0.916552 -1.37812 1432350.0
167 -0.03335 8.83428e-05 1600.65 273.135 5.0248 5.02482 -0.956174 -1.41309 1432570.0
168 -0.03325 8.83424e-05 1600.65 273.133 5.02474 5.02478 -0.960923 -1.43498 1432560.0
169 -0.03315 8.83424e-05 1600.64 273.135 5.02477 5.02484 -1.03224 -1.50106 1432840.0
170 -0.03305 8.83415e-05 1600.64 273.137 5.02476 5.02491 -1.09791 -1.61562 1433080.0
171 -0.03295 8.83425e-05 1600.64 273.137 5.02482 5.02496 -1.16686 -1.65823 1433370.0
172 -0.03285 8.83432e-05 1600.64 273.138 5.02488 5.02502 -1.1175 -1.65899 1433370.0
173 -0.03275 8.83422e-05 1600.64 273.137 5.0248 5.02501 -1.15284 -1.7182 1433450.0
174 -0.03265 8.83423e-05 1600.64 273.14 5.02485 5.025 -1.19775 -1.7787 1433670.0
175 -0.03255 8.83425e-05 1600.64 273.139 5.02486 5.02512 -1.22213 -1.82911 1433880.0
176 -0.03245 8.83421e-05 1600.64 273.139 5.02483 5.02498 -1.20157 -1.7942 1433810.0
177 -0.03235 8.83428e-05 1600.64 273.139 5.02487 5.0251 -1.24556 -1.85616 1434000.0
178 -0.03225 8.83427e-05 1600.64 273.139 5.02486 5.02512 -1.24504 -1.87058 1434110.0
179 -0.03215 8.8343e-05 1600.64 273.144 5.02496 5.02524 -1.2709 -1.90202 1434250.0
180 -0.03205 8.83422e-05 1600.64 273.141 5.02487 5.02517 -1.32758 -1.95424 1434460.0
181 -0.03195 8.8343e-05 1600.64 273.143 5.02495 5.02518 -1.40517 -2.04378 1434720.0
182 -0.03185 8.83426e-05 1600.64 273.145 5.02497 5.02524 -1.48773 -2.14299 1435060.0
183 -0.03175 8.83424e-05 1600.64 273.143 5.02492 5.02516 -1.48733 -2.15433 1435190.0
184 -0.03165 8.83426e-05 1600.64 273.145 5.02496 5.02519 -1.50109 -2.16754 1435310.0
185 -0.03155 8.83431e-05 1600.64 273.148 5.02505 5.02539 -1.56315 -2.24718 1435660.0
186 -0.03145 8.83423e-05 1600.64 273.148 5.025 5.0254 -1.6113 -2.32842 1435890.0
187 -0.03135 8.8342e-05 1600.64 273.149 5.02501 5.02534 -1.66996 -2.39389 1436060.0
188 -0.03125 8.83432e-05 1600.64 273.15 5.02509 5.02542 -1.72953 -2.49818 1436350.0
189 -0.03115 8.83429e-05 1600.64 273.15 5.02508 5.02546 -1.77719 -2.51979 1436550.0
190 -0.03105 8.8343e-05 1600.64 273.155 5.02517 5.02551 -1.79359 -2.59149 1436800.0
191 -0.03095 8.83423e-05 1600.64 273.156 5.02515 5.02563 -1.9121 -2.73731 1437270.0
192 -0.03085 8.83429e-05 1600.64 273.155 5.02516 5.02559 -1.9334 -2.8089 1437380.0
193 -0.03075 8.8343e-05 1600.64 273.16 5.02526 5.02577 -2.07583 -3.06323 1438080.0
194 -0.03065 8.8343e-05 1600.63 273.162 5.02531 5.02586 -2.1949 -3.21745 1438570.0
195 -0.03055 8.83425e-05 1600.64 273.162 5.02527 5.02585 -2.16672 -3.21796 1438630.0
196 -0.03045 8.8343e-05 1600.64 273.164 5.02533 5.02585 -2.23485 -3.2777 1438900.0
197 -0.03035 8.83427e-05 1600.64 273.164 5.02531 5.02575 -2.22235 -3.27569 1438870.0
198 -0.03025 8.83434e-05 1600.64 273.163 5.02534 5.02591 -2.29235 -3.40927 1439260.0
199 -0.03015 8.83423e-05 1600.64 273.168 5.02538 5.02598 -2.39206 -3.53899 1439650.0
200 -0.03005 8.83425e-05 1600.63 273.169 5.02541 5.02603 -2.42097 -3.61825 1439950.0
201 -0.02995 8.83426e-05 1600.63 273.171 5.02544 5.02604 -2.56397 -3.78953 1440520.0
202 -0.02985 8.83427e-05 1600.63 273.175 5.02552 5.02616 -2.64744 -3.89151 1440840.0
203 -0.02975 8.83435e-05 1600.63 273.174 5.02555 5.02628 -2.74525 -4.05523 1441440.0
204 -0.02965 8.83417e-05 1600.63 273.179 5.02554 5.0263 -2.85353 -4.19191 1441860.0
205 -0.02955 8.83435e-05 1600.63 273.181 5.02568 5.02654 -2.89254 -4.26751 1442260.0
206 -0.02945 8.83431e-05 1600.63 273.182 5.02567 5.02657 -3.05995 -4.50122 1442850.0
207 -0.02935 8.83435e-05 1600.63 273.181 5.02568 5.02659 -3.10619 -4.56789 1443290.0
208 -0.02925 8.83433e-05 1600.63 273.187 5.02577 5.0267 -3.15026 -4.67296 1443700.0
209 -0.02915 8.83424e-05 1600.63 273.187 5.02572 5.02667 -3.27242 -4.85175 1444200.0
210 -0.02905 8.83432e-05 1600.63 273.19 5.02582 5.0268 -3.3703 -4.94547 1444780.0
211 -0.02895 8.83436e-05 1600.63 273.193 5.02591 5.02705 -3.52063 -5.17936 1445480.0
212 -0.02885 8.83429e-05 1600.62 273.194 5.02589 5.02698 -3.62972 -5.33443 1445990.0
213 -0.02875 8.83429e-05 1600.63 273.197 5.02594 5.02705 -3.68812 -5.40253 1446330.0
214 -0.02865 8.83438e-05 1600.63 273.199 5.02603 5.02709 -3.80636 -5.61039 1446950.0
215 -0.02855 8.83429e-05 1600.63 273.199 5.02597 5.02708 -3.85489 -5.68005 1447260.0
216 -0.02845 8.83432e-05 1600.63 273.203 5.02607 5.02714 -3.93977 -5.85175 1447910.0
217 -0.02835 8.8343e-05 1600.63 273.203 5.02606 5.0271 -3.99856 -5.88025 1448260.0
218 -0.02825 8.83432e-05 1600.63 273.205 5.02611 5.02723 -3.99593 -5.95105 1448500.0
219 -0.02815 8.83428e-05 1600.62 273.209 5.02615 5.02732 -4.26885 -6.33608 1449660.0
220 -0.02805 8.83434e-05 1600.63 273.212 5.02624 5.02737 -4.33049 -6.44395 1450000.0
221 -0.02795 8.8343e-05 1600.62 273.217 5.0263 5.02762 -4.51535 -6.71137 1451030.0
222 -0.02785 8.83436e-05 1600.62 273.221 5.02643 5.02786 -4.75332 -7.04847 1452060.0
223 -0.02775 8.83438e-05 1600.62 273.223 5.02647 5.02794 -4.85591 -7.24132 1452460.0
224 -0.02765 8.83428e-05 1600.62 273.23 5.02653 5.02806 -5.10655 -7.56418 1453760.0
225 -0.02755 8.83431e-05 1600.62 273.237 5.02669 5.02837 -5.38339 -7.88469 1454750.0
226 -0.02745 8.83436e-05 1600.62 273.241 5.02679 5.02852 -5.62401 -8.33771 1456140.0
227 -0.02735 8.83447e-05 1600.62 273.244 5.0269 5.02857 -5.66539 -8.41047 1456380.0
228 -0.02725 8.83429e-05 1600.62 273.247 5.02686 5.02863 -5.83088 -8.59724 1457170.0
229 -0.02715 8.83438e-05 1600.61 273.255 5.02706 5.0289 -6.16902 -9.14853 1458720.0
230 -0.02705 8.83438e-05 1600.61 273.256 5.02708 5.02904 -6.33194 -9.39643 1459660.0
231 -0.02695 8.83437e-05 1600.61 273.262 5.02719 5.02914 -6.50448 -9.64052 1460500.0
232 -0.02685 8.8344e-05 1600.61 273.267 5.02729 5.02935 -6.68869 -9.90208 1461480.0
233 -0.02675 8.83437e-05 1600.61 273.274 5.0274 5.02962 -7.08047 -10.4348 1463150.0
234 -0.02665 8.83435e-05 1600.61 273.284 5.02758 5.02988 -7.45645 -10.9283 1464730.0
235 -0.02655 8.83447e-05 1600.61 273.29 5.02776 5.03016 -7.75425 -11.3768 1466160.0
236 -0.02645 8.83445e-05 1600.61 273.297 5.02786 5.03038 -7.91451 -11.6911 1467160.0
237 -0.02635 8.83442e-05 1600.6 273.298 5.02788 5.0304 -8.09262 -11.9743 1468110.0
238 -0.02625 8.83442e-05 1600.6 273.307 5.02804 5.03066 -8.43766 -12.4878 1469570.0
239 -0.02615 8.83448e-05 1600.6 273.314 5.0282 5.03088 -8.68703 -12.8476 1470930.0
240 -0.02605 8.83445e-05 1600.6 273.319 5.02827 5.0311 -8.9971 -13.3344 1472290.0
241 -0.02595 8.83455e-05 1600.6 273.323 5.0284 5.0313 -9.13286 -13.6143 1473190.0
242 -0.02585 8.83445e-05 1600.6 273.329 5.02847 5.03144 -9.46332 -14.1282 1474840.0
243 -0.02575 8.83455e-05 1600.6 273.344 5.0288 5.03193 -9.94738 -14.7461 1477030.0
244 -0.02565 8.8345e-05 1600.59 273.348 5.02884 5.03209 -10.2136 -15.2126 1478480.0
245 -0.02555 8.83452e-05 1600.59 273.355 5.02899 5.03231 -10.6024 -15.6324 1480140.0
246 -0.02545 8.8345e-05 1600.59 273.367 5.02918 5.0327 -10.9929 -16.2477 1481940.0
247 -0.02535 8.83454e-05 1600.59 273.369 5.02924 5.03273 -11.1185 -16.5608 1482900.0
248 -0.02525 8.83456e-05 1600.58 273.38 5.02946 5.03316 -11.6287 -17.3226 1485440.0
249 -0.02515 8.8346e-05 1600.58 273.388 5.02962 5.03338 -11.8942 -17.6372 1486920.0
250 -0.02505 8.83451e-05 1600.58 273.395 5.02971 5.03358 -12.3149 -18.3669 1488910.0
251 -0.02495 8.83461e-05 1600.58 273.403 5.02992 5.03371 -12.6363 -18.7489 1490590.0
252 -0.02485 8.83461e-05 1600.58 273.416 5.03014 5.03409 -13.1616 -19.4398 1492950.0
253 -0.02475 8.83463e-05 1600.58 273.426 5.03035 5.03438 -13.6157 -20.0722 1495060.0
254 -0.02465 8.8346e-05 1600.58 273.433 5.03046 5.03453 -13.8277 -20.4245 1496520.0
255 -0.02455 8.8346e-05 1600.57 273.443 5.03064 5.03493 -14.4162 -21.3562 1499030.0
256 -0.02445 8.8347e-05 1600.57 273.459 5.03099 5.03542 -14.9257 -22.04 1501500.0
257 -0.02435 8.83469e-05 1600.57 273.474 5.03127 5.03591 -15.6695 -22.9245 1504830.0
258 -0.02425 8.83468e-05 1600.56 273.489 5.03153 5.03636 -16.2667 -23.8653 1507760.0
259 -0.02415 8.83471e-05 1600.56 273.495 5.03167 5.03673 -16.6275 -24.5105 1509840.0
260 -0.02405 8.8347e-05 1600.56 273.508 5.03189 5.03712 -17.1929 -25.4092 1512680.0
261 -0.02395 8.83467e-05 1600.55 273.523 5.03215 5.03765 -17.7538 -26.2011 1515560.0
262 -0.02385 8.83481e-05 1600.55 273.536 5.03248 5.03812 -18.3822 -27.0922 1518540.0
263 -0.02375 8.83473e-05 1600.55 273.549 5.03267 5.03853 -18.8587 -27.8613 1521000.0
264 -0.02365 8.83472e-05 1600.54 273.565 5.03296 5.03905 -19.6128 -28.9561 1524570.0
265 -0.02355 8.83483e-05 1600.54 273.582 5.03334 5.03966 -20.2865 -30.0394 1527820.0
266 -0.02345 8.8348e-05 1600.54 273.597 5.03358 5.04013 -21.0018 -31.0008 1531260.0
267 -0.02335 8.83484e-05 1600.53 273.612 5.03389 5.04057 -21.6419 -31.9677 1534450.0
268 -0.02325 8.83486e-05 1600.53 273.634 5.03429 5.04125 -22.5203 -33.2681 1538400.0
269 -0.02315 8.83491e-05 1600.52 273.648 5.03459 5.04188 -23.1963 -34.4043 1542010.0
270 -0.02305 8.83486e-05 1600.52 273.669 5.03494 5.04254 -24.0195 -35.6 1545940.0
271 -0.02295 8.83501e-05 1600.51 273.687 5.03537 5.04325 -24.8675 -36.8923 1550070.0
272 -0.02285 8.83487e-05 1600.51 273.716 5.03582 5.04408 -26.0621 -38.6092 1555310.0
273 -0.02275 8.835e-05 1600.5 273.728 5.03611 5.04443 -26.5509 -39.3773 1558220.0
274 -0.02265 8.835e-05 1600.5 273.746 5.03645 5.04496 -27.3523 -40.5502 1562360.0
275 -0.02255 8.83503e-05 1600.5 273.775 5.03699 5.04594 -28.6296 -42.3685 1568170.0
276 -0.02245 8.83508e-05 1600.49 273.796 5.03741 5.04668 -29.5512 -43.8196 1572570.0
277 -0.02235 8.83512e-05 1600.48 273.824 5.03795 5.04755 -30.7796 -45.5167 1578300.0
278 -0.02225 8.83507e-05 1600.48 273.847 5.03834 5.04829 -31.7649 -47.017 1583210.0
279 -0.02215 8.83514e-05 1600.47 273.87 5.03881 5.04908 -32.7911 -48.7138 1588430.0
280 -0.02205 8.83521e-05 1600.47 273.895 5.03931 5.04992 -33.8519 -50.2916 1593660.0
281 -0.02195 8.83521e-05 1600.46 273.928 5.03991 5.05083 -35.2356 -52.1864 1599900.0
282 -0.02185 8.83522e-05 1600.45 273.96 5.04051 5.05204 -36.7286 -54.4056 1607130.0
283 -0.02175 8.8353e-05 1600.45 273.993 5.04115 5.05308 -38.0646 -56.242 1613220.0
284 -0.02165 8.83533e-05 1600.44 274.024 5.04175 5.05409 -39.4124 -58.3426 1619910.0
285 -0.02155 8.8354e-05 1600.43 274.052 5.04231 5.05518 -40.7228 -60.1869 1626050.0
286 -0.02145 8.83538e-05 1600.42 274.082 5.04285 5.05599 -41.9592 -62.0026 1632530.0
287 -0.02135 8.83552e-05 1600.41 274.127 5.04375 5.05753 -43.9737 -64.8321 1641490.0
288 -0.02125 8.83544e-05 1600.41 274.156 5.04425 5.05839 -45.1795 -66.7346 1647870.0
289 -0.02115 8.8356e-05 1600.4 274.204 5.04521 5.05993 -47.2198 -69.5137 1657050.0
290 -0.02105 8.83558e-05 1600.39 274.246 5.04597 5.06131 -49.1114 -72.2829 1665870.0
291 -0.02095 8.83564e-05 1600.38 274.291 5.04684 5.06283 -50.9163 -75.1542 1674780.0
292 -0.02085 8.83571e-05 1600.37 274.323 5.04746 5.06387 -52.3103 -77.2991 1681820.0
293 -0.02075 8.83575e-05 1600.36 274.369 5.04833 5.0653 -54.4351 -80.2691 1691830.0
294 -0.02065 8.83576e-05 1600.35 274.405 5.04901 5.06654 -55.953 -82.6902 1699640.0
295 -0.02055 8.83587e-05 1600.34 274.456 5.05002 5.06817 -58.181 -85.8566 1710020.0
296 -0.02045 8.83597e-05 1600.33 274.496 5.05079 5.06951 -59.9179 -88.5799 1719130.0
297 -0.02035 8.83598e-05 1600.32 274.549 5.05178 5.07125 -62.2331 -91.8852 1729920.0
298 -0.02025 8.83598e-05 1600.3 274.613 5.05295 5.07323 -64.9663 -95.7341 1742450.0
299 -0.02015 8.83618e-05 1600.29 274.679 5.05429 5.0755 -67.8113 -99.8159 1755730.0
300 -0.02005 8.83619e-05 1600.27 274.731 5.05525 5.07719 -70.118 -103.419 1766990.0
301 -0.01995 8.83631e-05 1600.26 274.79 5.05641 5.0791 -72.5678 -106.969 1778990.0
302 -0.01985 8.83635e-05 1600.24 274.859 5.0577 5.08134 -75.6214 -111.226 1792920.0
303 -0.01975 8.83638e-05 1600.23 274.914 5.05873 5.08315 -78.069 -115.021 1805520.0
304 -0.01965 8.83651e-05 1600.22 274.963 5.0597 5.08479 -80.0326 -118.301 1815890.0
305 -0.01955 8.83666e-05 1600.2 275.039 5.06118 5.08754 -83.4069 -123.313 1831430.0
306 -0.01945 8.83666e-05 1600.19 275.107 5.06244 5.08976 -86.3412 -127.769 1845870.0
307 -0.01935 8.83683e-05 1600.17 275.177 5.06382 5.09214 -89.4165 -132.414 1860560.0
308 -0.01925 8.83688e-05 1600.15 275.251 5.06521 5.09452 -92.4785 -136.941 1875470.0
309 -0.01915 8.83694e-05 1600.13 275.322 5.06656 5.09691 -95.7019 -141.841 1891470.0
310 -0.01905 8.83707e-05 1600.12 275.418 5.06839 5.09985 -99.844 -147.489 1910660.0
311 -0.01895 8.83717e-05 1600.1 275.493 5.06982 5.10238 -103.065 -152.442 1926830.0
312 -0.01885 8.83726e-05 1600.08 275.583 5.07155 5.10535 -107.009 -158.312 1945320.0
313 -0.01875 8.83743e-05 1600.06 275.673 5.07328 5.10844 -110.747 -164.029 1963540.0
314 -0.01865 8.83752e-05 1600.03 275.769 5.07511 5.11159 -115.042 -170.258 1983970.0
315 -0.01855 8.83771e-05 1600.01 275.863 5.07695 5.11462 -119.046 -176.085 2003170.0
316 -0.01845 8.83772e-05 1599.99 275.952 5.0786 5.11787 -122.992 -182.492 2022610.0
317 -0.01835 8.83788e-05 1599.97 276.044 5.08037 5.12094 -126.957 -188.588 2042400.0
318 -0.01825 8.83803e-05 1599.94 276.161 5.08262 5.12499 -131.946 -196.181 2065870.0
319 -0.01815 8.8382e-05 1599.91 276.276 5.08483 5.1288 -136.878 -203.213 2089010.0
320 -0.01805 8.83835e-05 1599.88 276.407 5.08733 5.13312 -142.656 -211.654 2115670.0
321 -0.01795 8.83851e-05 1599.85 276.541 5.08989 5.13761 -148.356 -219.998 2142460.0
322 -0.01785 8.83868e-05 1599.82 276.666 5.09229 5.14175 -153.874 -228.211 2168820.0
323 -0.01775 8.83891e-05 1599.79 276.796 5.09482 5.14599 -159.266 -236.2 2194470.0
324 -0.01765 8.83902e-05 1599.76 276.941 5.09755 5.15063 -165.725 -245.435 2225030.0
325 -0.01755 8.83914e-05 1599.72 277.086 5.10029 5.15552 -171.941 -254.811 2254560.0
326 -0.01745 8.83948e-05 1599.69 277.244 5.10338 5.16072 -178.6 -264.506 2285870.0
327 -0.01735 8.8396e-05 1599.65 277.403 5.10638 5.16601 -185.662 -275.071 2319550.0
328 -0.01725 8.83976e-05 1599.62 277.53 5.10881 5.17024 -191.227 -283.716 2348120.0
329 -0.01715 8.84001e-05 1599.58 277.695 5.112 5.17585 -198.196 -294.207 2381840.0
330 -0.01705 8.84024e-05 1599.55 277.85 5.11498 5.18105 -205.007 -304.427 2415010.0
331 -0.01695 8.84046e-05 1599.5 278.055 5.11888 5.1878 -213.827 -317.133 2455460.0
332 -0.01685 8.84068e-05 1599.45 278.242 5.12246 5.19408 -221.944 -329.077 2493910.0
333 -0.01675 8.84099e-05 1599.41 278.42 5.12591 5.20053 -229.652 -341.34 2532100.0
334 -0.01665 8.8412e-05 1599.36 278.623 5.12978 5.20739 -238.384 -354.425 2572890.0
335 -0.01655 8.84158e-05 1599.31 278.83 5.1338 5.21438 -247.269 -367.639 2615060.0
336 -0.01645 8.84184e-05 1599.26 279.062 5.13822 5.22188 -257.437 -382.353 2662740.0
337 -0.01635 8.84205e-05 1599.21 279.26 5.142 5.22876 -265.977 -395.596 2704690.0
338 -0.01625 8.84228e-05 1599.16 279.488 5.14633 5.23634 -275.753 -410.15 2751250.0
339 -0.01615 8.84268e-05 1599.1 279.732 5.15105 5.24471 -286.327 -426.03 2801070.0
340 -0.01605 8.84306e-05 1599.04 279.996 5.15614 5.25362 -297.699 -442.928 2854510.0
341 -0.01595 8.8433e-05 1598.97 280.263 5.1612 5.26222 -309.345 -459.662 2909370.0
342 -0.01585 8.84375e-05 1598.91 280.543 5.16661 5.27194 -321.221 -477.807 2965440.0
343 -0.01575 8.84409e-05 1598.84 280.813 5.17178 5.28067 -333.039 -495.021 3021670.0
344 -0.01565 8.84442e-05 1598.77 281.105 5.17735 5.29087 -345.642 -514.347 3082240.0
345 -0.01555 8.84486e-05 1598.7 281.417 5.18336 5.30156 -359.005 -534.405 3145000.0
346 -0.01545 8.84534e-05 1598.62 281.741 5.18961 5.31232 -373.165 -555.111 3211610.0
347 -0.01535 8.84561e-05 1598.55 282.064 5.19572 5.32301 -386.909 -575.429 3276700.0
348 -0.01525 8.84618e-05 1598.46 282.423 5.20266 5.33492 -402.596 -598.147 3350250.0
349 -0.01515 8.84667e-05 1598.38 282.794 5.20978 5.34778 -418.446 -622.149 3424520.0
350 -0.01505 8.84701e-05 1598.29 283.131 5.2162 5.35905 -433.178 -644.585 3496330.0
351 -0.01495 8.84764e-05 1598.2 283.529 5.22391 5.37242 -450.234 -669.604 3575870.0
352 -0.01485 8.8481e-05 1598.11 283.915 5.23128 5.38523 -466.951 -694.612 3656140.0
353 -0.01475 8.84864e-05 1598.01 284.336 5.23935 5.39937 -484.985 -721.549 3741300.0
354 -0.01465 8.84923e-05 1597.9 284.794 5.24816 5.41492 -504.98 -750.866 3834070.0
355 -0.01455 8.8498e-05 1597.79 285.257 5.25702 5.43076 -524.743 -780.722 3927370.0
356 -0.01445 8.85044e-05 1597.68 285.713 5.26581 5.44635 -544.59 -810.728 4022140.0
357 -0.01435 8.85097e-05 1597.57 286.19 5.27491 5.46225 -565.067 -841.178 4118520.0
358 -0.01425 8.85175e-05 1597.44 286.726 5.28526 5.48082 -588.208 -875.781 4226390.0
359 -0.01415 8.85254e-05 1597.31 287.26 5.29557 5.49897 -611.141 -909.931 4333570.0
360 -0.01405 8.85312e-05 1597.19 287.792 5.30571 5.51659 -634.042 -944.011 4442880.0
361 -0.01395 8.85393e-05 1597.05 288.361 5.3167 5.53628 -658.722 -981.095 4558770.0
362 -0.01385 8.85464e-05 1596.91 288.953 5.32804 5.55654 -684.12 -1019.53 4678140.0
363 -0.01375 8.85547e-05 1596.76 289.584 5.34017 5.57768 -711.425 -1059.64 4806120.0
364 -0.01365 8.85638e-05 1596.61 290.235 5.35273 5.59968 -739.561 -1101.4 4938160.0
365 -0.01355 8.85725e-05 1596.44 290.91 5.36572 5.62291 -768.426 -1144.73 5072660.0
366 -0.01345 8.85814e-05 1596.27 291.642 5.37975 5.64727 -799.905 -1191.01 5219440.0
367 -0.01335 8.85918e-05 1596.09 292.372 5.39386 5.67227 -831.426 -1238.02 5367190.0
368 -0.01325 8.86007e-05 1595.93 293.074 5.40736 5.69619 -861.634 -1283.96 5511820.0
369 -0.01315 8.86102e-05 1595.74 293.865 5.42252 5.72294 -895.9 -1334.78 5672490.0
370 -0.01305 8.86227e-05 1595.54 294.712 5.43892 5.75158 -932.023 -1387.98 5839050.0
371 -0.01295 8.86341e-05 1595.33 295.581 5.45567 5.7817 -969.593 -1444.71 6015300.0
372 -0.01285 8.86449e-05 1595.12 296.454 5.47244 5.81127 -1007.13 -1500.77 6191490.0
373 -0.01275 8.86571e-05 1594.9 297.36 5.48991 5.84209 -1046.23 -1559.2 6375790.0
374 -0.01265 8.86704e-05 1594.66 298.356 5.50913 5.87644 -1088.78 -1622.66 6571960.0
375 -0.01255 8.86841e-05 1594.41 299.392 5.52912 5.91162 -1133.61 -1689.01 6781020.0
376 -0.01245 8.86972e-05 1594.18 300.365 5.54791 5.94538 -1175.44 -1753.13 6980300.0
377 -0.01235 8.87114e-05 1593.92 301.438 5.56862 5.98216 -1221.58 -1822.17 7195640.0
378 -0.01225 8.87261e-05 1593.64 302.593 5.59087 6.02146 -1271.21 -1895.69 7426050.0
379 -0.01215 8.87418e-05 1593.36 303.764 5.61351 6.06139 -1321.4 -1970.41 7659380.0
380 -0.01205 8.87589e-05 1593.06 305.04 5.63817 6.10486 -1376.18 -2051.24 7912210.0
381 -0.01195 8.87753e-05 1592.75 306.285 5.66223 6.14743 -1429.6 -2131.41 8162730.0
382 -0.01185 8.87938e-05 1592.43 307.622 5.68813 6.19343 -1487.06 -2217.23 8430150.0
383 -0.01175 8.88117e-05 1592.1 308.984 5.71447 6.24024 -1545.56 -2305.11 8703490.0
384 -0.01165 8.88313e-05 1591.73 310.521 5.74416 6.29281 -1611.4 -2401.91 9004240.0
385 -0.01155 8.88527e-05 1591.37 312.016 5.77321 6.34405 -1675.47 -2497.57 9302210.0
386 -0.01145 8.88726e-05 1590.99 313.597 5.80376 6.39891 -1743.49 -2599.91 9618950.0
387 -0.01135 8.88955e-05 1590.59 315.222 5.83534 6.45462 -1812.95 -2703.49 9940240.0
388 -0.01125 8.89182e-05 1590.18 316.931 5.86847 6.51358 -1886.44 -2813.46 10282400.0
389 -0.01115 8.8942e-05 1589.74 318.742 5.90359 6.57583 -1963.73 -2928.34 10638000.0
390 -0.01105 8.89665e-05 1589.3 320.568 5.93903 6.63904 -2041.94 -3045.87 11002000.0
391 -0.01095 8.8993e-05 1588.83 322.509 5.97677 6.70587 -2124.94 -3169.22 11384300.0
392 -0.01085 8.90199e-05 1588.34 324.522 6.01591 6.77534 -2211.26 -3297.99 11784100.0
393 -0.01075 8.90485e-05 1587.83 326.615 6.05665 6.84766 -2300.65 -3431.7 12197900.0
394 -0.01065 8.90781e-05 1587.3 328.814 6.09946 6.92387 -2394.66 -3571.95 12631400.0
395 -0.01055 8.91089e-05 1586.76 331.043 6.14293 7.00137 -2489.76 -3715.06 13072900.0
396 -0.01045 8.91412e-05 1586.16 333.486 6.1905 7.08563 -2593.99 -3869.29 13549200.0
397 -0.01035 8.91753e-05 1585.55 336.0 6.23956 7.1728 -2701.26 -4028.76 14042400.0
398 -0.01025 8.92112e-05 1584.92 338.565 6.28971 7.26202 -2810.97 -4193.06 14549500.0
399 -0.01015 8.92458e-05 1584.28 341.229 6.34167 7.35387 -2924.06 -4361.47 15070100.0
400 -0.01005 8.9286e-05 1583.58 344.066 6.39727 7.45281 -3045.15 -4541.75 15624900.0
401 -0.00995 8.93254e-05 1582.86 346.997 6.45461 7.555 -3170.07 -4728.26 16199200.0
402 -0.00985 8.9369e-05 1582.1 350.101 6.51553 7.66288 -3301.66 -4923.0 16797800.0
403 -0.00975 8.94129e-05 1581.32 353.276 6.57784 7.7746 -3437.0 -5126.66 17420900.0
404 -0.00965 8.94575e-05 1580.51 356.595 6.64297 7.88965 -3577.83 -5335.06 18064700.0
405 -0.00955 8.95065e-05 1579.64 360.119 6.71228 8.01376 -3727.51 -5558.83 18747900.0
406 -0.00945 8.95569e-05 1578.75 363.722 6.78327 8.1405 -3880.22 -5787.09 19445400.0
407 -0.00935 8.96108e-05 1577.8 367.581 6.85935 8.27479 -4043.9 -6028.18 20189400.0
408 -0.00925 8.96636e-05 1576.84 371.477 6.93614 8.41152 -4208.72 -6274.36 20943400.0
409 -0.00915 8.97222e-05 1575.83 375.549 7.01676 8.55611 -4381.32 -6533.44 21731600.0
410 -0.00905 8.97821e-05 1574.75 379.899 7.10276 8.70852 -4564.5 -6804.7 22561500.0
411 -0.00895 8.98459e-05 1573.63 384.409 7.19219 8.86805 -4755.26 -7088.65 23428500.0
412 -0.00885 8.99106e-05 1572.48 389.055 7.28436 9.03138 -4951.18 -7379.53 24318900.0
413 -0.00875 8.998e-05 1571.27 393.943 7.38158 9.20385 -5157.27 -7685.01 25253800.0
414 -0.00865 9.00532e-05 1569.99 399.101 7.4843 9.3867 -5374.36 -8007.06 26234300.0
415 -0.00855 9.01276e-05 1568.67 404.35 7.58902 9.57378 -5594.7 -8336.09 27233200.0
416 -0.00845 9.02085e-05 1567.27 409.953 7.70108 9.77375 -5830.13 -8686.51 28296700.0
417 -0.00835 9.02907e-05 1565.82 415.683 7.81584 9.97862 -6070.06 -9044.52 29382100.0
418 -0.00825 9.03767e-05 1564.31 421.706 7.93663 10.1934 -6322.21 -9419.02 30520100.0
419 -0.00815 9.04681e-05 1562.74 427.973 8.06273 10.4174 -6584.17 -9807.92 31701800.0
420 -0.00805 9.05637e-05 1561.07 434.615 8.19651 10.6549 -6861.52 -10217.8 32945900.0
421 -0.00795 9.06623e-05 1559.35 441.412 8.33376 10.8985 -7144.84 -10637.8 34221100.0
422 -0.00785 9.07668e-05 1557.55 448.55 8.47827 11.1552 -7441.52 -11077.4 35551600.0
423 -0.00775 9.08775e-05 1555.63 456.094 8.63138 11.4288 -7755.13 -11543.1 36954300.0
424 -0.00765 9.0992e-05 1553.67 463.825 8.78875 11.7071 -8074.78 -12014.7 38382200.0
425 -0.00755 9.11107e-05 1551.62 471.894 8.9533 11.9991 -8409.49 -12511.1 39885600.0
426 -0.00745 9.12357e-05 1549.49 480.224 9.12386 12.3019 -8752.61 -13019.4 41417600.0
427 -0.00735 9.13669e-05 1547.24 488.987 9.3037 12.6212 -9113.97 -13555.2 43033500.0
428 -0.00725 9.15068e-05 1544.86 498.295 9.49531 12.9601 -9496.23 -14117.0 44728000.0
429 -0.00715 9.1649e-05 1542.43 507.67 9.68901 13.3041 -9880.64 -14688.2 46446500.0
430 -0.00705 9.18034e-05 1539.82 517.754 9.89811 13.676 -10293.1 -15297.9 48274400.0
431 -0.00695 9.19651e-05 1537.12 528.255 10.1166 14.0607 -10721.4 -15924.8 50165300.0
432 -0.00685 9.21292e-05 1534.34 539.007 10.341 14.4559 -11158.7 -16568.0 52107000.0
433 -0.00675 9.23055e-05 1531.39 550.312 10.5781 14.8745 -11617.2 -17241.8 54131100.0
434 -0.00665 9.24874e-05 1528.36 561.839 10.8209 15.305 -12082.5 -17931.6 56194100.0
435 -0.00655 9.26817e-05 1525.12 574.182 11.0819 15.7653 -12580.3 -18661.0 58383000.0
436 -0.00645 9.28871e-05 1521.74 587.055 11.3554 16.246 -13097.3 -19416.2 60651200.0
437 -0.00635 9.31e-05 1518.23 600.316 11.6386 16.7454 -13627.6 -20194.5 62980300.0
438 -0.00625 9.33233e-05 1514.56 614.157 11.9355 17.2663 -14179.1 -20999.9 65397600.0
439 -0.00615 9.35587e-05 1510.72 628.621 12.2474 17.8116 -14753.8 -21835.7 67910000.0
440 -0.00605 9.38057e-05 1506.72 643.535 12.571 18.3812 -15342.9 -22699.0 70487500.0
441 -0.00595 9.40646e-05 1502.55 659.054 12.9097 18.9738 -15953.6 -23588.8 73153900.0
442 -0.00585 9.43389e-05 1498.14 675.419 13.2689 19.6006 -16594.7 -24516.9 75935800.0
443 -0.00575 9.46276e-05 1493.55 692.336 13.6428 20.253 -17252.6 -25470.2 78787700.0
444 -0.00565 9.49277e-05 1488.78 709.882 14.0329 20.9308 -17933.9 -26454.5 81748500.0
445 -0.00555 9.52447e-05 1483.8 728.06 14.4404 21.6384 -18633.6 -27465.2 84778300.0
446 -0.00545 9.55809e-05 1478.53 747.147 14.8712 22.3871 -19363.6 -28517.4 87927200.0
447 -0.00535 9.59316e-05 1473.09 766.757 15.3175 23.1609 -20110.4 -29594.1 91158200.0
448 -0.00525 9.63057e-05 1467.32 787.413 15.7915 23.9796 -20890.4 -30708.9 94507000.0
449 -0.00515 9.66966e-05 1461.35 808.726 16.2848 24.8285 -21689.8 -31849.0 97941600.0
450 -0.00505 9.7102e-05 1455.2 830.484 16.793 25.7011 -22498.6 -33004.2 101426000.0
451 -0.00495 9.75319e-05 1448.73 853.175 17.3282 26.6214 -23336.8 -34201.1 105033000.0
452 -0.00485 9.79861e-05 1441.98 876.787 17.8907 27.581 -24200.0 -35421.0 108732000.0
453 -0.00475 9.8464e-05 1434.93 901.247 18.4795 28.5816 -25086.3 -36667.5 112525000.0
454 -0.00465 9.89675e-05 1427.58 926.562 19.0957 29.6262 -25995.5 -37942.3 116417000.0
455 -0.00455 9.94977e-05 1419.9 952.677 19.7392 30.7156 -26921.1 -39238.7 120378000.0
456 -0.00445 0.000100058 1411.91 979.737 20.4141 31.8512 -27871.4 -40559.4 124445000.0
457 -0.00435 0.000100645 1403.59 1007.6 21.118 33.0327 -28836.3 -41895.6 128575000.0
458 -0.00425 0.000101265 1394.94 1036.28 21.8529 34.2615 -29816.7 -43247.0 132781000.0
459 -0.00415 0.000101921 1385.9 1066.04 22.6261 35.5457 -30821.1 -44617.3 137085000.0
460 -0.00405 0.00010261 1376.53 1096.53 23.4303 36.8767 -31832.7 -45993.6 141442000.0
461 -0.00395 0.000103332 1366.83 1127.67 24.2654 38.2537 -32848.6 -47369.7 145837000.0
462 -0.00385 0.000104097 1356.71 1159.92 25.1443 39.6919 -33883.6 -48753.3 150319000.0
463 -0.00375 0.000104903 1346.21 1192.91 26.0594 41.183 -34921.5 -50133.4 154845000.0
464 -0.00365 0.00010575 1335.34 1226.62 27.0122 42.7266 -35958.5 -51500.2 159395000.0
465 -0.00355 0.000106643 1324.07 1261.18 28.0079 44.3265 -37000.2 -52855.1 164003000.0
466 -0.00345 0.000107587 1312.36 1296.56 29.0484 45.9885 -38039.1 -54190.7 168635000.0
467 -0.00335 0.00010858 1300.28 1332.61 30.1317 47.7054 -39071.1 -55499.5 173296000.0
468 -0.00325 0.000109623 1287.79 1369.32 31.2592 49.4769 -40090.6 -56773.0 177966000.0
469 -0.00315 0.000110728 1274.85 1406.72 32.4365 51.3151 -41095.5 -58007.1 182644000.0
470 -0.00305 0.000111892 1261.47 1444.73 33.6634 53.214 -42080.6 -59192.3 187324000.0
471 -0.00295 0.000113116 1247.72 1483.15 34.9366 55.1666 -43037.0 -60319.9 191988000.0
472 -0.00285 0.000114415 1233.44 1522.28 36.2698 57.1933 -43968.2 -61385.0 196650000.0
473 -0.00275 0.000115774 1218.86 1561.61 37.6489 59.2647 -44861.3 -62374.7 201291000.0
474 -0.00265 0.000117197 1203.92 1601.02 39.0735 61.3846 -45706.7 -63286.1 205892000.0
475 -0.00255 0.0001187 1188.55 1640.7 40.5558 63.5669 -46503.3 -64102.6 210448000.0
476 -0.00245 0.000120282 1172.78 1680.66 42.097 65.8044 -47252.7 -64822.4 214985000.0
477 -0.00235 0.000121957 1156.53 1720.89 43.7048 68.1112 -47947.2 -65432.9 219498000.0
478 -0.00225 0.000123711 1139.99 1760.87 45.3635 70.4582 -48571.2 -65924.1 223946000.0
479 -0.00215 0.000125554 1123.12 1800.64 47.0791 72.8559 -49124.9 -66299.5 228365000.0
480 -0.00205 0.000127485 1105.94 1840.09 48.8506 75.2905 -49598.9 -66538.9 232720000.0
481 -0.00195 0.000129522 1088.39 1879.36 50.6899 77.7826 -49993.6 -66640.1 237048000.0
482 -0.00185 0.000131658 1070.58 1918.06 52.5872 80.3114 -50300.0 -66597.9 241330000.0
483 -0.00175 0.000133898 1052.49 1956.13 54.5432 82.8779 -50510.3 -66404.2 245568000.0
484 -0.00165 0.00013624 1034.22 1993.51 56.5578 85.4736 -50628.3 -66066.9 249794000.0
485 -0.00155 0.00013868 1015.84 2030.03 58.6256 88.0802 -50649.5 -65575.7 253984000.0
486 -0.00145 0.000141235 997.274 2065.6 60.7517 90.7167 -50566.2 -64934.9 258167000.0
487 -0.00135 0.000143914 978.524 2100.16 62.9401 93.3789 -50370.5 -64124.1 262317000.0
488 -0.00125 0.0001467 959.735 2133.61 65.1802 96.0466 -50072.8 -63170.7 266477000.0
489 -0.00115 0.0001496 940.93 2166.07 67.4799 98.7166 -49678.9 -62069.7 270662000.0
490 -0.00105 0.000152615 922.133 2197.2 69.8291 101.386 -49178.0 -60829.0 274856000.0
491 -0.00095 0.000155761 903.292 2227.09 72.2378 104.062 -48566.6 -59437.1 279074000.0
492 -0.00085 0.000159015 884.586 2255.5 74.6881 106.72 -47854.1 -57923.0 283320000.0
493 -0.00075 0.000162371 866.077 2282.48 77.1764 109.349 -47052.4 -56306.6 287620000.0
494 -0.00065 0.000165854 847.658 2307.99 79.7128 111.967 -46144.2 -54561.2 291943000.0
495 -0.00055 0.000169453 829.417 2332.12 82.2943 114.562 -45149.6 -52717.0 296329000.0
496 -0.00045 0.000173161 811.408 2354.79 84.9124 117.12 -44069.6 -50779.7 300756000.0
497 -0.00035 0.000176957 793.754 2375.99 87.5553 119.633 -42920.7 -48787.3 305244000.0
498 -0.00025 0.00018089 776.246 2395.77 90.2461 122.124 -41684.3 -46696.2 309779000.0
499 -0.00015 0.000184926 759.04 2414.06 92.9639 124.573 -40375.9 -44545.3 314358000.0
500 -5e-05 0.000189079 742.1 2430.91 95.7156 126.983 -38993.9 -42326.7 318970000.0
501 5e-05 0.000193438 725.409 2445.8 98.5219 129.32 -37507.6 -39978.7 323479000.0
502 0.00015 0.000197825 709.636 2458.8 101.292 131.49 -36009.4 -37708.1 327914000.0
503 0.00025 0.000202196 694.584 2470.57 104.026 133.561 -34522.0 -35529.5 332373000.0
504 0.00035 0.00020657 680.147 2480.99 106.724 135.551 -33029.1 -33418.0 336834000.0
505 0.00045 0.000210925 666.361 2490.5 109.392 137.452 -31557.5 -31389.0 341281000.0
506 0.00055 0.000215263 653.182 2498.98 112.022 139.274 -30101.9 -29438.2 345716000.0
507 0.00065 0.000219562 640.615 2506.41 114.599 141.011 -28662.4 -27576.9 350100000.0
508 0.00075 0.000223858 628.541 2513.08 117.152 142.682 -27241.6 -25769.1 354435000.0
509 0.00085 0.000228083 617.099 2519.12 119.649 144.269 -25863.1 -24064.5 358713000.0
510 0.00095 0.000232265 606.175 2524.39 122.099 145.784 -24510.3 -22431.1 362910000.0
511 0.00105 0.00023637 595.827 2528.99 124.483 147.221 -23195.2 -20890.3 367006000.0
512 0.00115 0.000240397 586.014 2532.91 126.8 148.586 -21918.9 -19441.6 371008000.0
513 0.00125 0.000244347 576.698 2536.33 129.057 149.882 -20678.8 -18058.1 374890000.0
514 0.00135 0.000248191 567.91 2539.39 131.246 151.107 -19494.5 -16769.5 378664000.0
515 0.00145 0.000251923 559.635 2542.11 133.362 152.262 -18361.0 -15566.5 382318000.0
516 0.00155 0.000255535 551.848 2544.24 135.387 153.349 -17269.2 -14448.5 385825000.0
517 0.00165 0.000259052 544.482 2546.05 137.348 154.379 -16218.4 -13385.9 389199000.0
518 0.00175 0.00026241 537.616 2547.75 139.222 155.337 -15233.9 -12421.3 392436000.0
519 0.00185 0.000265644 531.178 2549.14 141.014 156.24 -14295.2 -11526.4 395540000.0
520 0.00195 0.000268739 525.154 2550.34 142.724 157.083 -13407.5 -10698.9 398494000.0
521 0.00205 0.000271728 519.469 2551.15 144.358 157.882 -12553.3 -9918.56 401322000.0
522 0.00215 0.000274601 514.116 2551.83 145.923 158.633 -11740.8 -9179.21 404012000.0
523 0.00225 0.000277305 509.178 2552.39 147.392 159.326 -10983.6 -8520.56 406548000.0
524 0.00235 0.000279878 504.571 2552.71 148.779 159.977 -10266.2 -7915.98 408973000.0
525 0.00245 0.000282328 500.26 2553.06 150.101 160.581 -9593.43 -7350.3 411250000.0
526 0.00255 0.000284649 496.24 2553.35 151.353 161.147 -8965.11 -6829.59 413418000.0
527 0.00265 0.000286842 492.505 2553.5 152.528 161.676 -8371.22 -6346.11 415463000.0
528 0.00275 0.000288921 489.015 2553.51 153.634 162.166 -7811.05 -5897.03 417384000.0
529 0.00285 0.000290854 485.816 2553.54 154.663 162.618 -7296.7 -5500.73 419192000.0
530 0.00295 0.000292692 482.809 2553.5 155.638 163.04 -6809.64 -5121.37 420888000.0
531 0.00305 0.000294427 480.005 2553.34 156.551 163.439 -6347.15 -4767.38 422502000.0
532 0.00315 0.000296036 477.438 2553.33 157.405 163.801 -5928.25 -4448.84 424003000.0
533 0.00325 0.000297569 475.013 2553.12 158.208 164.143 -5525.21 -4143.87 425421000.0
534 0.00335 0.000298995 472.783 2552.87 158.951 164.461 -5152.86 -3869.9 426749000.0
535 0.00345 0.00030031 470.741 2552.66 159.636 164.747 -4808.85 -3622.85 427974000.0
536 0.00355 0.000301583 468.788 2552.38 160.296 165.026 -4477.4 -3370.08 429142000.0
537 0.00365 0.000302742 467.018 2552.16 160.898 165.277 -4177.68 -3155.44 430229000.0
538 0.00375 0.000303828 465.374 2551.83 161.454 165.508 -3893.69 -2952.91 431240000.0
539 0.00385 0.000304833 463.862 2551.54 161.969 165.723 -3633.5 -2768.04 432187000.0
540 0.00395 0.000305773 462.461 2551.39 162.46 165.922 -3397.04 -2597.49 433077000.0
541 0.00405 0.000306655 461.149 2551.03 162.906 166.108 -3164.75 -2432.02 433899000.0
542 0.00415 0.000307475 459.941 2550.85 163.329 166.279 -2955.57 -2278.66 434673000.0
543 0.00425 0.000308237 458.819 2550.49 163.711 166.438 -2757.93 -2137.94 435391000.0
544 0.00435 0.000308955 457.769 2550.04 164.064 166.586 -2564.97 -2001.92 436062000.0
545 0.00445 0.000309601 456.827 2549.66 164.382 166.718 -2391.68 -1884.4 436681000.0
546 0.00455 0.000310213 455.943 2549.5 164.696 166.846 -2238.72 -1776.59 437280000.0
547 0.00465 0.000310775 455.131 2549.24 164.978 166.961 -2094.19 -1676.83 437831000.0
548 0.00475 0.000311311 454.358 2549.06 165.251 167.07 -1958.59 -1571.38 438352000.0
549 0.00485 0.000311799 453.66 2548.75 165.49 167.17 -1828.44 -1478.8 438830000.0
550 0.00495 0.000312264 452.992 2548.46 165.718 167.263 -1706.23 -1385.12 439268000.0
551 0.00505 0.000312668 452.419 2548.17 165.913 167.347 -1597.89 -1314.08 439685000.0
552 0.00515 0.000313075 451.836 2547.89 166.111 167.426 -1489.01 -1227.72 440071000.0
553 0.00525 0.000313463 451.288 2547.6 166.298 167.505 -1384.79 -1143.79 440450000.0
554 0.00535 0.000313782 450.832 2547.44 166.457 167.571 -1302.82 -1092.31 440791000.0
555 0.00545 0.000314102 450.385 2547.08 166.603 167.636 -1213.45 -1028.13 441098000.0
556 0.00555 0.000314385 449.983 2546.93 166.743 167.691 -1138.79 -970.069 441383000.0
557 0.00565 0.000314649 449.608 2546.68 166.867 167.743 -1068.5 -921.439 441655000.0
558 0.00575 0.000314907 449.249 2546.44 166.988 167.797 -996.53 -867.675 441920000.0
559 0.00585 0.000315154 448.9 2546.24 167.106 167.844 -930.131 -804.026 442160000.0
560 0.00595 0.000315369 448.599 2545.98 167.203 167.886 -868.867 -757.91 442394000.0
561 0.00605 0.000315559 448.332 2545.83 167.294 167.925 -817.529 -728.655 442610000.0
562 0.00615 0.000315768 448.04 2545.6 167.389 167.966 -761.064 -679.739 442811000.0
563 0.00625 0.000315927 447.821 2545.49 167.466 167.999 -719.127 -652.655 442996000.0
564 0.00635 0.000316083 447.601 2545.39 167.543 168.027 -678.148 -619.656 443166000.0
565 0.00645 0.000316243 447.382 2545.19 167.614 168.061 -632.485 -580.964 443331000.0
566 0.00655 0.000316364 447.213 2545.02 167.667 168.082 -598.207 -560.843 443466000.0
567 0.00665 0.0003165 447.024 2544.89 167.731 168.11 -559.325 -523.61 443607000.0
568 0.00675 0.000316639 446.831 2544.69 167.791 168.137 -518.661 -487.311 443746000.0
569 0.00685 0.000316739 446.692 2544.51 167.833 168.155 -487.807 -466.631 443857000.0
570 0.00695 0.00031687 446.511 2544.25 167.884 168.181 -447.655 -428.442 443977000.0
571 0.00705 0.000316954 446.393 2544.32 167.934 168.199 -429.15 -414.926 444092000.0
572 0.00715 0.000317071 446.225 2544.09 167.981 168.221 -394.073 -377.2 444192000.0
573 0.00725 0.000317141 446.138 2543.98 168.01 168.237 -370.277 -362.14 444286000.0
574 0.00735 0.000317235 446.004 2543.84 168.051 168.255 -345.308 -338.376 444381000.0
575 0.00745 0.000317316 445.895 2543.6 168.078 168.267 -314.047 -310.122 444447000.0
576 0.00755 0.000317359 445.834 2543.55 168.097 168.275 -302.578 -307.138 444518000.0
577 0.00765 0.000317442 445.72 2543.51 168.139 168.295 -281.713 -278.544 444615000.0
578 0.00775 0.000317488 445.659 2543.39 168.155 168.302 -266.649 -269.89 444669000.0
579 0.00785 0.000317534 445.592 2543.36 168.177 168.312 -255.096 -258.797 444741000.0
580 0.00795 0.000317589 445.517 2543.27 168.201 168.321 -238.45 -240.602 444803000.0
581 0.00805 0.000317639 445.449 2543.22 168.224 168.331 -223.144 -223.435 444864000.0
582 0.00815 0.000317685 445.383 2543.08 168.239 168.339 -207.816 -211.751 444913000.0
583 0.00825 0.000317731 445.32 2543.05 168.261 168.35 -196.083 -196.913 444972000.0
584 0.00835 0.000317736 445.317 2543.03 168.263 168.352 -194.221 -208.93 445013000.0
585 0.00845 0.000317782 445.248 2542.9 168.278 168.359 -178.687 -193.465 445055000.0
586 0.00855 0.000317802 445.224 2542.99 168.295 168.364 -177.511 -190.116 445104000.0
587 0.00865 0.000317839 445.169 2542.89 168.308 168.372 -164.132 -173.327 445147000.0
588 0.00875 0.000317851 445.158 2542.85 168.312 168.374 -160.402 -177.02 445185000.0
589 0.00885 0.000317888 445.106 2542.8 168.328 168.38 -148.875 -161.245 445213000.0
590 0.00895 0.000317916 445.064 2542.77 168.341 168.385 -142.042 -152.313 445253000.0
591 0.00905 0.000317952 445.019 2542.66 168.352 168.393 -130.49 -139.825 445283000.0
592 0.00915 0.000317966 445.001 2542.62 168.358 168.397 -124.197 -138.423 445320000.0
593 0.00925 0.000317983 444.973 2542.55 168.362 168.398 -117.626 -131.487 445333000.0
594 0.00935 0.000318002 444.952 2542.53 168.371 168.403 -111.549 -123.758 445368000.0
595 0.00945 0.000318012 444.931 2542.54 168.376 168.403 -111.458 -121.072 445381000.0
596 0.00955 0.000318026 444.919 2542.44 168.378 168.408 -101.383 -115.811 445405000.0
597 0.00965 0.000318036 444.902 2542.42 168.381 168.409 -100.956 -116.951 445429000.0
598 0.00975 0.00031806 444.868 2542.42 168.394 168.414 -95.5678 -103.462 445454000.0
599 0.00985 0.000318097 444.819 2542.36 168.409 168.423 -82.0167 -85.4892 445483000.0
600 0.00995 0.000318114 444.794 2542.3 168.415 168.425 -74.6849 -77.2896 445497000.0
601 0.01005 0.000318111 444.796 2542.25 168.41 168.424 -73.9566 -80.9821 445513000.0
602 0.01015 0.000318101 444.814 2542.26 168.405 168.422 -76.1274 -89.8043 445519000.0
603 0.01025 0.000318116 444.792 2542.31 168.416 168.425 -75.1809 -86.3047 445537000.0
604 0.01035 0.000318122 444.784 2542.25 168.415 168.426 -72.0777 -87.2291 445553000.0
605 0.01045 0.000318144 444.754 2542.14 168.42 168.43 -62.0075 -77.5203 445562000.0
606 0.01055 0.000318172 444.714 2542.08 168.43 168.437 -52.1733 -62.719 445580000.0
607 0.01065 0.000318196 444.681 2542.05 168.441 168.442 -46.656 -49.4636 445603000.0
608 0.01075 0.000318221 444.65 2542.1 168.458 168.447 -41.0712 -33.9729 445616000.0
609 0.01085 0.000318221 444.647 2541.97 168.449 168.446 -37.1337 -35.6436 445615000.0
610 0.01095 0.000318211 444.66 2541.88 168.438 168.444 -35.1064 -42.4121 445618000.0
611 0.01105 0.000318223 444.647 2541.83 168.441 168.446 -29.5328 -34.9395 445632000.0
612 0.01115 0.000318226 444.644 2541.91 168.448 168.446 -33.7819 -35.3136 445645000.0
613 0.01125 0.000318237 444.629 2541.78 168.445 168.448 -24.0134 -28.649 445654000.0
614 0.01135 0.000318242 444.618 2541.78 168.448 168.45 -21.6752 -26.32 445661000.0
615 0.01145 0.00031824 444.622 2541.82 168.45 168.446 -25.5668 -30.2752 445661000.0
616 0.01155 0.000318253 444.604 2541.81 168.456 168.452 -21.3822 -28.4 445680000.0
617 0.01165 0.00031827 444.579 2541.78 168.463 168.455 -14.7727 -16.3799 445689000.0
618 0.01175 0.000318268 444.581 2541.77 168.461 168.455 -15.2113 -21.9074 445695000.0
619 0.01185 0.000318292 444.551 2541.76 168.473 168.459 -10.8019 -11.0229 445710000.0
620 0.01195 0.000318285 444.56 2541.7 168.465 168.457 -9.02609 -11.1032 445703000.0
621 0.01205 0.000318281 444.568 2541.71 168.464 168.455 -11.3047 -15.4731 445706000.0
622 0.01215 0.000318278 444.57 2541.78 168.467 168.457 -14.9722 -20.822 445714000.0
623 0.01225 0.000318284 444.559 2541.75 168.468 168.457 -11.0538 -12.6036 445722000.0
624 0.01235 0.000318293 444.549 2541.77 168.475 168.459 -10.966 -10.3143 445721000.0
625 0.01245 0.000318285 444.56 2541.84 168.474 168.458 -14.5968 -14.574 445722000.0
626 0.01255 0.000318308 444.524 2541.74 168.48 168.46 -6.28209 -1.07577 445722000.0
627 0.01265 0.000318306 444.533 2541.76 168.48 168.461 -6.68414 -0.556246 445723000.0
628 0.01275 0.000318292 444.552 2541.73 168.471 168.459 -8.91155 -9.11108 445726000.0
629 0.01285 0.000318302 444.534 2541.6 168.467 168.46 -0.709115 -3.43152 445732000.0
630 0.01295 0.000318304 444.532 2541.63 168.471 168.461 -1.64277 -7.41599 445738000.0
631 0.01305 0.000318315 444.516 2541.68 168.48 168.463 -0.857368 0.752933 445743000.0
632 0.01315 0.000318311 444.522 2541.59 168.472 168.461 3.56633 -0.938104 445748000.0
633 0.01325 0.000318293 444.55 2541.63 168.464 168.46 -4.45819 -18.4119 445758000.0
634 0.01335 0.000318289 444.553 2541.58 168.459 168.459 -2.64701 -19.1459 445757000.0
635 0.01345 0.000318307 444.53 2541.59 168.47 168.459 0.132249 -7.45319 445755000.0
636 0.01355 0.000318314 444.519 2541.68 168.479 168.465 -0.585884 -5.68478 445778000.0
637 0.01365 0.000318308 444.525 2541.68 168.476 168.462 -2.34915 -5.27809 445776000.0
638 0.01375 0.000318296 444.542 2541.62 168.466 168.46 -2.66638 -12.7322 445771000.0
639 0.01385 0.000318295 444.547 2541.6 168.464 168.459 -3.29468 -11.0845 445771000.0
640 0.01395 0.000318312 444.52 2541.53 168.468 168.462 4.87115 -0.00943523 445775000.0
641 0.01405 0.000318298 444.545 2541.53 168.461 168.46 2.32548 -7.40742 445777000.0
642 0.01415 0.000318294 444.545 2541.65 168.467 168.459 -4.77565 -11.5259 445778000.0
643 0.01425 0.000318301 444.532 2541.64 168.469 168.46 -1.85013 -2.67737 445775000.0
644 0.01435 0.000318298 444.541 2541.62 168.467 168.462 -1.34005 -0.717951 445780000.0
645 0.01445 0.000318293 444.546 2541.7 168.47 168.459 -5.76084 -2.1655 445781000.0
646 0.01455 0.000318314 444.518 2541.58 168.473 168.464 3.23118 4.77676 445797000.0
647 0.01465 0.000318311 444.522 2541.62 168.474 168.462 1.8565 4.88682 445787000.0
648 0.01475 0.000318321 444.506 2541.6 168.478 168.466 4.61 7.85465 445787000.0
649 0.01485 0.000318314 444.52 2541.65 168.477 168.464 2.64898 3.56177 445790000.0
650 0.01495 0.000318336 444.488 2541.68 168.491 168.467 4.23808 14.4296 445795000.0
651 0.01505 0.000318344 444.476 2541.69 168.496 168.47 6.51792 21.5136 445811000.0
652 0.01515 0.00031833 444.493 2541.66 168.486 168.467 4.39874 13.8406 445800000.0
653 0.01525 0.000318326 444.503 2541.67 168.485 168.468 3.18555 9.30889 445811000.0
654 0.01535 0.000318336 444.486 2541.64 168.489 168.468 6.80215 19.1272 445802000.0
655 0.01545 0.000318348 444.474 2541.54 168.488 168.472 13.7077 23.7965 445811000.0
656 0.01555 0.000318348 444.472 2541.56 168.489 168.47 12.2285 23.7138 445806000.0
657 0.01565 0.000318323 444.508 2541.57 168.476 168.465 6.4762 9.60553 445796000.0
658 0.01575 0.000318305 444.529 2541.56 168.467 168.463 3.75137 -0.39005 445797000.0
659 0.01585 0.00031831 444.521 2541.61 168.472 168.463 1.87605 -0.911618 445792000.0
660 0.01595 0.000318324 444.509 2541.64 168.482 168.465 4.59873 10.0943 445800000.0
661 0.01605 0.000318321 444.507 2541.73 168.486 168.465 0.150797 6.2955 445815000.0
662 0.01615 0.0003183 444.539 2541.77 168.478 168.461 -7.8696 -9.28026 445822000.0
663 0.01625 0.000318304 444.53 2541.75 168.479 168.461 -4.39658 -9.16088 445816000.0
664 0.01635 0.00031832 444.512 2541.71 168.484 168.466 0.721019 0.409314 445824000.0
665 0.01645 0.000318327 444.499 2541.7 168.487 168.467 1.21238 6.87941 445813000.0
666 0.01655 0.000318331 444.49 2541.71 168.49 168.468 3.22439 9.1535 445815000.0
667 0.01665 0.000318329 444.497 2541.65 168.485 168.467 5.28017 8.42652 445807000.0
668 0.01675 0.000318323 444.503 2541.64 168.481 168.466 5.67804 6.84745 445805000.0
669 0.01685 0.000318307 444.528 2541.6 168.47 168.462 2.35152 -2.07153 445800000.0
670 0.01695 0.000318308 444.526 2541.66 168.475 168.463 0.817726 -6.5108 445804000.0
671 0.01705 0.000318293 444.547 2541.74 168.473 168.461 -6.72309 -12.8913 445803000.0
672 0.01715 0.000318286 444.554 2541.69 168.465 168.461 -5.16052 -14.7446 445804000.0
673 0.01725 0.000318288 444.552 2541.64 168.463 168.46 -1.64956 -12.1081 445788000.0
674 0.01735 0.000318299 444.535 2541.66 168.47 168.461 -0.238929 -5.85066 445789000.0
675 0.01745 0.000318287 444.553 2541.78 168.472 168.459 -8.54861 -14.1309 445799000.0
676 0.01755 0.000318295 444.543 2541.78 168.475 168.462 -6.56058 -11.2586 445811000.0
677 0.01765 0.000318305 444.524 2541.86 168.486 168.462 -6.50483 -3.60715 445811000.0
678 0.01775 0.000318294 444.545 2541.81 168.477 168.462 -8.08723 -12.458 445814000.0
679 0.01785 0.000318314 444.513 2541.7 168.48 168.466 2.31396 2.24907 445817000.0
680 0.01795 0.000318305 444.525 2541.66 168.473 168.464 0.501428 -1.70414 445816000.0
681 0.01805 0.000318302 444.532 2541.71 168.475 168.464 -0.292945 -0.909651 445815000.0
682 0.01815 0.000318306 444.526 2541.73 168.478 168.463 -1.13887 2.01619 445815000.0
683 0.01825 0.000318289 444.549 2541.77 168.472 168.461 -5.87596 -7.65686 445821000.0
684 0.01835 0.000318287 444.55 2541.78 168.472 168.461 -9.36113 -13.736 445820000.0
685 0.01845 0.000318296 444.538 2541.73 168.473 168.461 -3.02394 -4.24909 445814000.0
686 0.01855 0.000318295 444.541 2541.68 168.469 168.463 -0.757076 -3.10808 445816000.0
687 0.01865 0.00031831 444.52 2541.69 168.478 168.464 3.03828 6.76394 445817000.0
688 0.01875 0.000318291 444.543 2541.73 168.47 168.461 -5.96972 -7.11396 445814000.0
689 0.01885 0.0003183 444.533 2541.72 168.475 168.462 -0.17079 2.5298 445817000.0
690 0.01895 0.000318298 444.534 2541.85 168.482 168.462 -6.89009 -1.74214 445829000.0
691 0.01905 0.000318314 444.511 2541.81 168.488 168.467 -1.86159 4.76088 445843000.0
692 0.01915 0.000318327 444.498 2541.75 168.491 168.469 3.20141 11.4734 445841000.0
693 0.01925 0.000318321 444.501 2541.74 168.487 168.466 3.36509 6.27379 445828000.0
694 0.01935 0.000318321 444.505 2541.75 168.487 168.468 3.32852 6.38617 445836000.0
695 0.01945 0.000318316 444.509 2541.77 168.486 168.465 1.99798 3.30089 445827000.0
696 0.01955 0.00031831 444.517 2541.78 168.484 168.464 -1.87782 -1.75685 445829000.0
697 0.01965 0.0003183 444.535 2541.81 168.48 168.463 -4.38386 -12.5624 445830000.0
698 0.01975 0.000318296 444.534 2541.82 168.479 168.461 -5.23459 -9.35463 445829000.0
699 0.01985 0.000318329 444.491 2541.83 168.497 168.47 2.88115 10.9567 445845000.0
700 0.01995 0.000318325 444.497 2541.7 168.486 168.467 6.49768 4.46913 445832000.0
701 0.02005 0.000318322 444.503 2541.68 168.484 168.467 8.31164 2.89208 445835000.0
702 0.02015 0.00031831 444.519 2541.76 168.482 168.465 1.49685 -1.24882 445837000.0
703 0.02025 0.000318305 444.522 2541.72 168.477 168.463 0.118628 -3.62851 445833000.0
704 0.02035 0.000318304 444.529 2541.74 168.478 168.464 0.526901 0.226718 445832000.0
705 0.02045 0.000318299 444.535 2541.64 168.469 168.464 2.82484 -0.694408 445833000.0
706 0.02055 0.000318309 444.521 2541.67 168.476 168.464 3.32131 2.15619 445831000.0
707 0.02065 0.000318294 444.538 2541.69 168.469 168.462 0.381342 -7.93331 445822000.0
708 0.02075 0.000318307 444.526 2541.68 168.475 168.465 3.12956 -0.468238 445829000.0
709 0.02085 0.000318321 444.505 2541.6 168.478 168.465 9.92287 10.4438 445827000.0
710 0.02095 0.000318308 444.52 2541.66 168.474 168.464 4.38299 -1.49975 445833000.0
711 0.02105 0.000318314 444.513 2541.68 168.479 168.466 4.3386 0.737257 445837000.0
712 0.02115 0.000318305 444.528 2541.73 168.478 168.465 0.826359 1.74013 445843000.0
713 0.02125 0.000318281 444.557 2541.73 168.465 168.458 -5.66992 -10.0862 445832000.0
714 0.02135 0.000318289 444.547 2541.73 168.469 168.46 -2.93934 -3.08074 445832000.0
715 0.02145 0.0003183 444.534 2541.63 168.469 168.463 5.31154 4.45261 445833000.0
716 0.02155 0.000318306 444.528 2541.54 168.466 168.464 8.41472 5.65808 445827000.0
717 0.02165 0.000318295 444.537 2541.57 168.462 168.46 4.96798 -4.34027 445817000.0
718 0.02175 0.000318304 444.529 2541.62 168.47 168.463 5.13549 0.240841 445830000.0
719 0.02185 0.000318297 444.538 2541.57 168.463 168.462 6.81262 -1.85894 445818000.0
720 0.02195 0.000318291 444.546 2541.48 168.454 168.462 7.67763 -9.15743 445811000.0
721 0.02205 0.000318299 444.533 2541.66 168.47 168.463 3.73715 -4.18209 445813000.0
722 0.02215 0.000318325 444.498 2541.52 168.475 168.469 14.807 8.58353 445817000.0
723 0.02225 0.000318313 444.513 2541.6 168.473 168.466 9.89641 0.61709 445808000.0
724 0.02235 0.000318308 444.521 2541.73 168.48 168.466 2.23802 1.14561 445821000.0
725 0.02245 0.000318313 444.513 2541.67 168.478 168.465 7.8808 5.11956 445813000.0
726 0.02255 0.000318301 444.53 2541.76 168.477 168.463 -1.12238 -4.9841 445822000.0
727 0.02265 0.000318309 444.524 2541.8 168.484 168.464 -0.346663 1.56587 445834000.0
728 0.02275 0.000318283 444.558 2541.85 168.474 168.46 -8.20906 -12.6922 445829000.0
729 0.02285 0.000318295 444.538 2541.75 168.474 168.462 -1.25522 -4.3204 445836000.0
730 0.02295 0.000318314 444.514 2541.77 168.485 168.467 3.40474 7.64716 445844000.0
731 0.02305 0.000318311 444.518 2541.77 168.484 168.466 2.72719 5.03617 445840000.0
732 0.02315 0.000318304 444.529 2541.76 168.48 168.464 0.416328 -0.689626 445831000.0
733 0.02325 0.000318296 444.537 2541.86 168.482 168.463 -3.39385 -2.49875 445834000.0
734 0.02335 0.000318303 444.528 2541.82 168.483 168.464 -1.87614 0.207199 445830000.0
735 0.02345 0.000318308 444.521 2541.71 168.478 168.467 5.06898 3.22774 445842000.0
736 0.02355 0.000318312 444.517 2541.72 168.481 168.467 5.85148 9.62049 445835000.0
737 0.02365 0.000318306 444.526 2541.81 168.484 168.466 -1.30521 4.36771 445839000.0
738 0.02375 0.000318307 444.523 2541.7 168.477 168.466 4.54563 6.95517 445833000.0
739 0.02385 0.000318306 444.527 2541.83 168.485 168.465 -1.72173 8.57986 445837000.0
740 0.02395 0.000318307 444.524 2541.76 168.481 168.466 3.51899 13.0094 445836000.0
741 0.02405 0.000318291 444.547 2541.89 168.48 168.462 -7.2162 1.48501 445835000.0
742 0.02415 0.000318287 444.552 2541.77 168.471 168.46 -3.68625 -0.520581 445821000.0
743 0.02425 0.000318298 444.536 2541.74 168.475 168.464 0.731581 3.15967 445831000.0
744 0.02435 0.000318298 444.54 2541.71 168.473 168.466 3.76361 4.2932 445840000.0
745 0.02445 0.000318276 444.566 2541.79 168.466 168.458 -7.42335 -7.62534 445825000.0
746 0.02455 0.000318275 444.57 2541.86 168.471 168.459 -9.77287 -8.93045 445842000.0
747 0.02465 0.000318285 444.556 2541.85 168.475 168.461 -7.52368 -7.557 445843000.0
748 0.02475 0.00031831 444.524 2541.82 168.487 168.465 -0.337348 5.59379 445846000.0
749 0.02485 0.000318313 444.516 2541.82 168.488 168.467 1.16539 7.47542 445847000.0
750 0.02495 0.000318312 444.517 2541.77 168.484 168.465 3.44114 6.95967 445843000.0
751 0.02505 0.00031831 444.524 2541.75 168.481 168.466 4.19974 4.23913 445854000.0
752 0.02515 0.000318318 444.507 2541.66 168.48 168.468 8.29242 12.6366 445845000.0
753 0.02525 0.000318306 444.529 2541.71 168.477 168.465 4.04728 4.38468 445838000.0
754 0.02535 0.000318296 444.541 2541.84 168.48 168.463 -1.90722 -0.88576 445843000.0
755 0.02545 0.0003183 444.534 2541.81 168.48 168.464 -1.68475 0.421602 445844000.0
756 0.02555 0.000318314 444.517 2541.72 168.482 168.467 6.55859 11.9616 445842000.0
757 0.02565 0.000318291 444.548 2541.67 168.466 168.462 2.67826 -1.24386 445831000.0
758 0.02575 0.0003183 444.533 2541.66 168.471 168.463 4.88762 8.36068 445829000.0
759 0.02585 0.000318291 444.55 2541.77 168.473 168.462 -0.888622 4.87133 445837000.0
760 0.02595 0.000318284 444.555 2541.79 168.47 168.46 -4.73565 1.38067 445828000.0
761 0.02605 0.000318277 444.567 2541.81 168.468 168.459 -5.54384 -4.10772 445822000.0
762 0.02615 0.000318273 444.571 2541.69 168.458 168.458 -0.644418 -3.25996 445822000.0
763 0.02625 0.000318277 444.564 2541.78 168.466 168.458 -4.90154 -2.05275 445825000.0
764 0.02635 0.000318269 444.579 2541.77 168.462 168.457 -6.13782 -6.6047 445826000.0
765 0.02645 0.000318266 444.579 2541.84 168.464 168.457 -8.51801 -9.45754 445829000.0
766 0.02655 0.000318261 444.59 2541.88 168.464 168.456 -12.2512 -11.9813 445835000.0
767 0.02665 0.000318267 444.579 2541.86 168.466 168.456 -10.8163 -9.96732 445830000.0
768 0.02675 0.000318259 444.593 2541.92 168.466 168.454 -15.6583 -14.8824 445833000.0
769 0.02685 0.00031827 444.576 2541.92 168.472 168.458 -12.204 -10.2403 445841000.0
770 0.02695 0.000318272 444.575 2541.85 168.468 168.456 -9.54722 -10.2513 445829000.0
771 0.02705 0.000318282 444.557 2541.81 168.471 168.46 -3.91048 -0.0721906 445832000.0
772 0.02715 0.000318275 444.57 2541.72 168.461 168.46 -2.28828 -5.13322 445829000.0
773 0.02725 0.000318276 444.568 2541.75 168.464 168.459 -4.06152 0.232114 445826000.0
774 0.02735 0.000318286 444.554 2541.73 168.468 168.461 -1.4944 4.73753 445827000.0
775 0.02745 0.000318265 444.584 2541.88 168.467 168.456 -11.3224 -7.58615 445827000.0
776 0.02755 0.000318265 444.582 2541.75 168.458 168.454 -6.81225 -6.80854 445817000.0
777 0.02765 0.000318267 444.58 2541.78 168.461 168.457 -6.10306 -7.37104 445831000.0
778 0.02775 0.000318254 444.6 2541.82 168.456 168.454 -11.6756 -17.4167 445823000.0
779 0.02785 0.000318249 444.606 2541.91 168.46 168.454 -17.181 -19.0119 445826000.0
780 0.02795 0.000318255 444.602 2541.88 168.461 168.454 -13.7518 -12.7331 445821000.0
781 0.02805 0.000318267 444.578 2541.81 168.463 168.456 -7.60925 -3.62577 445823000.0
782 0.02815 0.000318253 444.601 2541.79 168.454 168.454 -10.0237 -9.73526 445816000.0
783 0.02825 0.000318249 444.607 2541.84 168.456 168.454 -12.706 -14.8569 445823000.0
784 0.02835 0.000318257 444.596 2541.91 168.464 168.454 -14.3932 -7.90568 445819000.0
785 0.02845 0.00031825 444.606 2541.91 168.46 168.454 -14.3716 -11.6498 445819000.0
786 0.02855 0.000318271 444.576 2541.88 168.47 168.458 -8.09518 0.61265 445816000.0
787 0.02865 0.000318266 444.582 2541.83 168.464 168.456 -8.19494 -4.10097 445820000.0
788 0.02875 0.000318255 444.596 2541.92 168.464 168.456 -14.5101 -11.7005 445829000.0
789 0.02885 0.000318258 444.595 2541.94 168.467 168.456 -14.6335 -11.0389 445829000.0
790 0.02895 0.00031827 444.574 2541.85 168.467 168.458 -7.5389 -3.77046 445825000.0
791 0.02905 0.000318275 444.572 2541.9 168.473 168.458 -8.89816 -3.65254 445826000.0
792 0.02915 0.000318275 444.566 2541.91 168.474 168.459 -10.3487 -4.55019 445834000.0
793 0.02925 0.000318267 444.582 2541.88 168.467 168.457 -9.17014 -7.88598 445821000.0
794 0.02935 0.000318279 444.563 2541.83 168.47 168.46 -3.65812 -0.043265 445823000.0
795 0.02945 0.000318274 444.569 2541.84 168.468 168.458 -5.07161 -3.69675 445822000.0
796 0.02955 0.000318275 444.57 2541.86 168.471 168.46 -6.97933 -5.02514 445837000.0
797 0.02965 0.000318268 444.579 2541.91 168.47 168.457 -10.4337 -11.2664 445834000.0
798 0.02975 0.000318266 444.581 2541.83 168.464 168.458 -7.8689 -10.2859 445830000.0
799 0.02985 0.000318285 444.555 2541.83 168.474 168.46 -2.06915 2.44229 445832000.0
800 0.02995 0.000318291 444.55 2541.75 168.472 168.463 1.89318 2.72986 445840000.0
