TITLE = "DSMC"
VARIABLES = "ID" "X" "rho" "v1" "Ttrans" "p" "p1" "q1" "mv1v1v1" "mvvv1v1"
ZONE T="Ma=5.2_inv", I=800, J=1, K=1, F=POINT
800 -0.02995 0.0003181 -444.538 2543.96 168.517 168.505 -5.30393 -6.40448 446335000.0
799 -0.02985 0.000318097 -444.545 2543.92 168.513 168.505 -5.87391 -6.30058 446342000.0
798 -0.02975 0.000318077 -444.572 2543.78 168.492 168.499 -8.99412 0.427648 446324000.0
797 -0.02965 0.000318084 -444.56 2543.93 168.507 168.5 -2.36466 1.73519 446330000.0
796 -0.02955 0.000318079 -444.57 2543.88 168.501 168.5 -2.57913 3.54086 446327000.0
795 -0.02945 0.000318079 -444.572 2543.92 168.503 168.5 -2.2361 2.86759 446329000.0
794 -0.02935 0.00031808 -444.572 2543.96 168.506 168.5 -0.366632 1.91783 446331000.0
793 -0.02925 0.000318074 -444.578 2544.03 168.508 168.5 3.3332 7.85927 446333000.0
792 -0.02915 0.000318094 -444.548 2543.84 168.505 168.504 -8.2657 -1.5791 446323000.0
791 -0.02905 0.000318083 -444.564 2543.95 168.508 168.499 -1.51525 1.56736 446319000.0
790 -0.02895 0.00031808 -444.562 2543.89 168.502 168.501 -5.38448 -3.17028 446318000.0
789 -0.02885 0.000318082 -444.569 2543.87 168.502 168.502 -5.62086 -3.6194 446316000.0
788 -0.02875 0.000318092 -444.551 2543.88 168.507 168.504 -8.60823 -8.2041 446317000.0
787 -0.02865 0.000318097 -444.541 2543.81 168.506 168.504 -10.7599 -11.3791 446314000.0
786 -0.02855 0.000318092 -444.547 2543.87 168.507 168.505 -7.18613 -5.66552 446324000.0
785 -0.02845 0.000318076 -444.572 2543.93 168.503 168.499 -2.40247 -0.0177629 446316000.0
784 -0.02835 0.000318079 -444.566 2543.96 168.506 168.502 1.13598 3.62829 446331000.0
783 -0.02825 0.00031809 -444.552 2543.95 168.511 168.502 -5.50102 -6.50386 446327000.0
782 -0.02815 0.000318085 -444.558 2544.0 168.512 168.503 -0.421082 0.0953955 446335000.0
781 -0.02805 0.000318093 -444.548 2544.05 168.519 168.505 -0.760255 -4.38508 446347000.0
780 -0.02795 0.000318091 -444.548 2544.05 168.518 168.504 1.4102 -4.56105 446346000.0
779 -0.02785 0.000318082 -444.563 2544.1 168.517 168.504 3.56932 1.10475 446352000.0
778 -0.02775 0.000318095 -444.545 2543.98 168.516 168.505 -4.68669 -4.40883 446339000.0
777 -0.02765 0.000318093 -444.547 2544.03 168.517 168.504 -1.48631 0.872634 446334000.0
776 -0.02755 0.000318078 -444.568 2544.05 168.511 168.502 3.26816 7.8557 446332000.0
775 -0.02745 0.000318076 -444.572 2544.03 168.509 168.5 3.14877 5.86922 446331000.0
774 -0.02735 0.000318073 -444.576 2544.12 168.514 168.502 6.98278 8.34929 446345000.0
773 -0.02725 0.000318086 -444.559 2544.11 168.52 168.503 3.3854 3.44573 446343000.0
772 -0.02715 0.000318081 -444.565 2544.08 168.515 168.502 3.71032 7.72104 446348000.0
771 -0.02705 0.00031809 -444.552 2544.04 168.517 168.502 -0.658382 0.0649509 446341000.0
770 -0.02695 0.000318088 -444.557 2544.11 168.52 168.503 3.55778 3.46566 446346000.0
769 -0.02685 0.00031809 -444.551 2544.01 168.515 168.502 -0.366899 1.90881 446342000.0
768 -0.02675 0.000318089 -444.554 2544.05 168.517 168.504 0.814603 2.12445 446350000.0
767 -0.02665 0.000318088 -444.555 2544.06 168.517 168.502 1.25873 -0.706394 446343000.0
766 -0.02655 0.000318096 -444.545 2544.07 168.522 168.504 -0.0299723 -2.56652 446346000.0
765 -0.02645 0.0003181 -444.541 2544.05 168.523 168.505 -0.995339 -4.20497 446352000.0
764 -0.02635 0.000318099 -444.541 2544.09 168.525 168.502 -0.505801 -7.01811 446329000.0
763 -0.02625 0.0003181 -444.538 2544.04 168.522 168.506 -2.08222 -7.66803 446347000.0
762 -0.02615 0.000318091 -444.55 2543.97 168.513 168.505 -3.46463 -1.76989 446343000.0
761 -0.02605 0.00031809 -444.554 2543.99 168.513 168.503 -2.13157 1.12538 446333000.0
760 -0.02595 0.000318101 -444.536 2544.01 168.52 168.507 -5.66941 -6.93882 446342000.0
759 -0.02585 0.000318106 -444.528 2543.99 168.522 168.506 -8.00747 -15.0952 446343000.0
758 -0.02575 0.000318075 -444.573 2544.02 168.508 168.502 1.86062 0.163466 446347000.0
757 -0.02565 0.000318101 -444.536 2543.91 168.514 168.505 -8.20566 -16.7007 446339000.0
756 -0.02555 0.000318106 -444.527 2543.94 168.518 168.507 -8.56399 -17.6809 446346000.0
755 -0.02545 0.000318091 -444.548 2544.06 168.519 168.503 0.686691 -10.6661 446340000.0
754 -0.02535 0.000318078 -444.569 2544.02 168.509 168.5 1.96309 -4.05869 446334000.0
753 -0.02525 0.000318079 -444.566 2544.02 168.51 168.502 3.09724 -1.49463 446340000.0
752 -0.02515 0.000318073 -444.576 2544.1 168.512 168.499 6.77006 -1.34656 446334000.0
751 -0.02505 0.000318083 -444.561 2544.02 168.512 168.5 0.141004 -11.3349 446337000.0
750 -0.02495 0.000318067 -444.583 2544.05 168.506 168.496 6.29168 -2.14422 446333000.0
749 -0.02485 0.000318082 -444.564 2543.99 168.509 168.502 -1.30398 -9.28629 446340000.0
748 -0.02475 0.000318085 -444.56 2544.03 168.514 168.501 0.276875 -10.3296 446336000.0
747 -0.02465 0.000318088 -444.556 2543.99 168.512 168.502 -0.0470064 -10.8861 446342000.0
746 -0.02455 0.000318071 -444.581 2543.92 168.499 168.497 -3.04632 -6.05514 446330000.0
745 -0.02445 0.00031808 -444.566 2543.93 168.504 168.501 -1.61469 -11.0977 446343000.0
744 -0.02435 0.000318065 -444.588 2544.03 168.503 168.495 4.12306 -3.54054 446333000.0
743 -0.02425 0.000318069 -444.581 2544.04 168.506 168.496 4.74694 -4.72868 446340000.0
742 -0.02415 0.000318084 -444.563 2543.95 168.508 168.501 -3.5417 -12.113 446350000.0
741 -0.02405 0.000318067 -444.589 2543.97 168.5 168.497 1.46585 -2.16594 446346000.0
740 -0.02395 0.000318083 -444.562 2543.91 168.505 168.5 -3.15172 -9.19373 446348000.0
739 -0.02385 0.000318059 -444.597 2543.89 168.491 168.495 -0.874972 -0.0440845 446333000.0
738 -0.02375 0.000318051 -444.607 2544.01 168.494 168.495 7.64647 6.21858 446336000.0
737 -0.02365 0.000318067 -444.585 2543.91 168.496 168.497 -0.433943 -0.397478 446334000.0
736 -0.02355 0.000318049 -444.608 2543.97 168.491 168.492 6.2939 8.87065 446327000.0
735 -0.02345 0.000318079 -444.572 2543.92 168.503 168.501 -2.37599 -6.8602 446344000.0
734 -0.02335 0.000318088 -444.554 2543.91 168.507 168.501 -5.85308 -11.4667 446336000.0
733 -0.02325 0.00031806 -444.596 2544.0 168.498 168.497 5.59585 7.38423 446332000.0
732 -0.02315 0.000318066 -444.586 2543.97 168.5 168.498 2.13832 1.15602 446333000.0
731 -0.02305 0.000318076 -444.571 2544.0 168.507 168.501 0.712286 -1.03082 446339000.0
730 -0.02295 0.000318046 -444.613 2544.08 168.496 168.492 12.9705 16.9114 446324000.0
729 -0.02285 0.000318064 -444.584 2544.12 168.508 168.498 9.64243 6.47864 446341000.0
728 -0.02275 0.000318066 -444.582 2544.19 168.514 168.496 10.482 4.82972 446337000.0
727 -0.02265 0.000318065 -444.587 2544.14 168.51 168.498 9.94475 9.13055 446336000.0
726 -0.02255 0.000318072 -444.578 2544.03 168.507 168.498 1.77592 4.51341 446331000.0
725 -0.02245 0.000318079 -444.566 2544.04 168.511 168.501 3.74708 3.24517 446334000.0
724 -0.02235 0.00031806 -444.59 2543.95 168.495 168.496 2.26629 17.6622 446321000.0
723 -0.02225 0.000318081 -444.564 2543.95 168.506 168.501 -2.39406 4.62982 446333000.0
722 -0.02215 0.000318071 -444.578 2544.01 168.505 168.497 2.67089 6.95292 446326000.0
721 -0.02205 0.000318076 -444.574 2544.05 168.51 168.499 3.65379 4.89417 446335000.0
720 -0.02195 0.000318057 -444.6 2544.12 168.504 168.495 10.5769 13.6121 446335000.0
719 -0.02185 0.000318039 -444.624 2544.23 168.503 168.49 20.7536 25.4281 446326000.0
718 -0.02175 0.000318051 -444.606 2544.08 168.499 168.494 11.0973 17.4857 446336000.0
717 -0.02165 0.000318068 -444.58 2544.06 168.507 168.496 5.10206 6.56338 446328000.0
716 -0.02155 0.000318093 -444.547 2544.01 168.517 168.502 -0.980774 -4.69103 446334000.0
715 -0.02145 0.000318081 -444.566 2544.0 168.509 168.499 -0.155083 2.71719 446333000.0
714 -0.02135 0.00031808 -444.567 2544.0 168.509 168.499 1.01089 0.796839 446337000.0
713 -0.02125 0.000318078 -444.569 2543.94 168.504 168.498 -0.637671 3.70778 446324000.0
712 -0.02115 0.000318077 -444.567 2543.97 168.506 168.498 0.605276 3.92165 446323000.0
711 -0.02105 0.000318073 -444.578 2544.07 168.51 168.498 5.88075 7.65235 446332000.0
710 -0.02095 0.000318073 -444.578 2543.98 168.504 168.499 1.33782 8.30974 446327000.0
709 -0.02085 0.000318084 -444.557 2544.03 168.513 168.5 0.469214 1.0016 446330000.0
708 -0.02075 0.000318086 -444.559 2543.95 168.509 168.499 -2.97867 -0.782971 446322000.0
707 -0.02065 0.000318074 -444.577 2543.97 168.504 168.497 1.61937 7.80103 446319000.0
706 -0.02055 0.000318064 -444.591 2544.04 168.503 168.497 7.0845 16.1175 446322000.0
705 -0.02045 0.000318079 -444.567 2544.07 168.513 168.499 4.20339 6.70561 446318000.0
704 -0.02035 0.000318084 -444.562 2544.05 168.515 168.499 0.910272 4.42025 446314000.0
703 -0.02025 0.000318072 -444.58 2544.07 168.509 168.496 6.00226 10.995 446313000.0
702 -0.02015 0.000318079 -444.565 2544.0 168.508 168.498 1.04151 5.76514 446313000.0
701 -0.02005 0.000318097 -444.547 2544.01 168.518 168.501 -0.961965 -1.52547 446316000.0
700 -0.01995 0.000318099 -444.539 2544.05 168.522 168.502 -0.963503 -6.61653 446318000.0
699 -0.01985 0.000318082 -444.564 2544.04 168.513 168.499 2.29153 1.82866 446310000.0
698 -0.01975 0.000318093 -444.553 2543.99 168.516 168.503 -0.792209 -3.4617 446318000.0
697 -0.01965 0.000318086 -444.558 2544.0 168.512 168.499 -0.813558 -4.83342 446308000.0
696 -0.01955 0.000318087 -444.559 2543.97 168.51 168.5 -1.34502 -2.39993 446310000.0
695 -0.01945 0.000318066 -444.586 2544.06 168.506 168.496 7.15669 9.748 446314000.0
694 -0.01935 0.000318074 -444.575 2543.99 168.505 168.498 0.833179 2.9276 446311000.0
693 -0.01925 0.000318082 -444.564 2543.98 168.509 168.501 -0.475066 -1.35658 446317000.0
692 -0.01915 0.000318084 -444.561 2543.9 168.505 168.501 -4.34585 -1.8205 446313000.0
691 -0.01905 0.000318079 -444.571 2544.01 168.509 168.499 0.528885 -4.41941 446307000.0
690 -0.01895 0.000318103 -444.531 2543.96 168.519 168.503 -7.46929 -21.6708 446312000.0
689 -0.01885 0.000318102 -444.534 2543.94 168.517 168.504 -7.6542 -21.4623 446318000.0
688 -0.01875 0.00031808 -444.563 2543.99 168.508 168.498 0.993302 -9.51183 446306000.0
687 -0.01865 0.000318067 -444.586 2544.08 168.508 168.497 6.16898 -4.63443 446320000.0
686 -0.01855 0.000318078 -444.566 2544.01 168.508 168.499 0.100569 -8.35019 446320000.0
685 -0.01845 0.000318079 -444.568 2543.97 168.507 168.5 -1.32711 -9.88108 446317000.0
684 -0.01835 0.000318061 -444.593 2543.89 168.492 168.496 -0.463628 1.93595 446310000.0
683 -0.01825 0.000318085 -444.554 2543.93 168.507 168.502 -4.75965 -11.9601 446315000.0
682 -0.01815 0.000318078 -444.567 2543.93 168.504 168.499 -2.99633 -6.9799 446308000.0
681 -0.01805 0.000318089 -444.551 2543.99 168.514 168.502 -2.80474 -11.3228 446311000.0
680 -0.01795 0.000318081 -444.565 2544.06 168.514 168.501 0.380827 -8.38422 446316000.0
679 -0.01785 0.000318083 -444.558 2543.97 168.509 168.501 -1.97722 -6.99402 446308000.0
678 -0.01775 0.000318072 -444.577 2544.05 168.508 168.497 4.23441 1.71083 446302000.0
677 -0.01765 0.000318084 -444.56 2544.1 168.518 168.501 2.92801 -5.73483 446307000.0
676 -0.01755 0.000318074 -444.573 2544.09 168.512 168.498 5.26391 0.507218 446302000.0
675 -0.01745 0.000318067 -444.582 2544.13 168.511 168.497 6.19579 0.0745959 446299000.0
674 -0.01735 0.00031809 -444.55 2544.07 168.519 168.502 1.11873 -11.2709 446315000.0
673 -0.01725 0.000318056 -444.599 2544.09 168.502 168.497 8.92654 9.26785 446306000.0
672 -0.01715 0.000318055 -444.599 2544.16 168.506 168.494 11.6981 10.2186 446294000.0
671 -0.01705 0.000318046 -444.608 2544.07 168.496 168.494 10.4324 17.2392 446300000.0
670 -0.01695 0.000318063 -444.589 2544.14 168.51 168.498 8.3073 6.00689 446311000.0
669 -0.01685 0.000318066 -444.582 2544.1 168.509 168.498 7.68202 6.33548 446305000.0
668 -0.01675 0.000318076 -444.568 2544.12 168.515 168.499 4.84194 2.05222 446311000.0
667 -0.01665 0.000318089 -444.55 2544.06 168.518 168.502 -1.1674 -5.96191 446319000.0
666 -0.01655 0.000318078 -444.566 2544.11 168.515 168.499 4.76991 2.27487 446317000.0
665 -0.01645 0.00031806 -444.587 2544.16 168.509 168.496 11.396 15.1425 446312000.0
664 -0.01635 0.00031807 -444.579 2544.14 168.513 168.499 6.47214 4.40051 446325000.0
663 -0.01625 0.000318071 -444.574 2544.18 168.516 168.499 9.12976 7.82034 446317000.0
662 -0.01615 0.000318072 -444.579 2544.11 168.512 168.499 4.86151 2.72588 446315000.0
661 -0.01605 0.000318076 -444.565 2544.09 168.513 168.499 2.65787 0.712078 446310000.0
660 -0.01595 0.000318073 -444.577 2544.1 168.511 168.498 3.72802 3.13816 446310000.0
659 -0.01585 0.000318072 -444.576 2544.13 168.513 168.498 5.77539 3.83537 446318000.0
658 -0.01575 0.000318084 -444.558 2544.12 168.519 168.502 3.03498 -1.68788 446325000.0
657 -0.01565 0.00031805 -444.605 2544.18 168.505 168.494 11.8284 13.8072 446310000.0
656 -0.01555 0.000318048 -444.609 2544.13 168.501 168.494 11.0555 13.9809 446309000.0
655 -0.01545 0.000318056 -444.595 2544.12 168.505 168.496 10.0893 10.102 446315000.0
654 -0.01535 0.000318065 -444.588 2544.01 168.501 168.497 4.38377 7.51307 446309000.0
653 -0.01525 0.000318078 -444.568 2543.98 168.507 168.499 -3.20153 -4.72571 446304000.0
652 -0.01515 0.000318075 -444.572 2544.02 168.508 168.499 1.74532 1.93185 446304000.0
651 -0.01505 0.000318069 -444.578 2544.03 168.505 168.496 2.69465 6.88464 446302000.0
650 -0.01495 0.000318077 -444.569 2544.08 168.513 168.499 4.17656 2.41442 446318000.0
649 -0.01485 0.000318069 -444.581 2544.17 168.515 168.497 8.92876 5.88029 446313000.0
648 -0.01475 0.000318086 -444.557 2544.19 168.525 168.502 5.59579 -5.78237 446320000.0
647 -0.01465 0.00031806 -444.593 2544.21 168.512 168.494 12.8883 8.88239 446305000.0
646 -0.01455 0.000318049 -444.609 2544.17 168.504 168.494 12.1647 14.5309 446300000.0
645 -0.01445 0.000318052 -444.604 2544.2 168.508 168.494 15.3118 15.6327 446302000.0
644 -0.01435 0.000318062 -444.591 2544.16 168.51 168.497 8.81846 10.0416 446306000.0
643 -0.01425 0.000318072 -444.576 2544.07 168.509 168.499 3.64551 6.98881 446297000.0
642 -0.01415 0.00031807 -444.578 2544.13 168.512 168.498 6.48339 5.04749 446304000.0
641 -0.01405 0.00031804 -444.62 2544.16 168.498 168.493 13.6369 21.3241 446300000.0
640 -0.01395 0.000318039 -444.617 2544.14 168.497 168.492 14.32 25.359 446289000.0
639 -0.01385 0.000318049 -444.606 2544.27 168.51 168.494 17.5699 21.0866 446297000.0
638 -0.01375 0.000318065 -444.585 2544.2 168.515 168.496 12.1528 12.7616 446298000.0
637 -0.01365 0.000318047 -444.613 2544.29 168.51 168.495 18.5816 24.702 446302000.0
636 -0.01355 0.000318036 -444.619 2544.28 168.504 168.491 21.5692 29.7688 446280000.0
635 -0.01345 0.000318039 -444.625 2544.25 168.504 168.494 18.9566 25.9284 446293000.0
634 -0.01335 0.000318047 -444.607 2544.27 168.509 168.494 18.2893 17.864 446290000.0
633 -0.01325 0.000318034 -444.633 2544.25 168.501 168.492 20.374 26.0085 446282000.0
632 -0.01315 0.000318037 -444.624 2544.24 168.502 168.493 20.578 26.0401 446280000.0
631 -0.01305 0.000318037 -444.625 2544.32 168.507 168.491 23.3403 25.8072 446274000.0
630 -0.01295 0.000318029 -444.635 2544.31 168.503 168.491 24.0403 31.2836 446279000.0
629 -0.01285 0.000318019 -444.651 2544.24 168.493 168.488 24.3254 37.9947 446257000.0
628 -0.01275 0.000318008 -444.665 2544.34 168.493 168.487 30.1808 42.2321 446262000.0
627 -0.01265 0.000318028 -444.638 2544.31 168.502 168.491 23.9161 29.4918 446260000.0
626 -0.01255 0.000318006 -444.668 2544.37 168.495 168.484 32.2798 42.1824 446250000.0
625 -0.01245 0.000318011 -444.663 2544.39 168.498 168.488 31.7481 41.7943 446249000.0
624 -0.01235 0.000317995 -444.684 2544.31 168.485 168.481 31.8805 47.7382 446225000.0
623 -0.01225 0.000317989 -444.693 2544.31 168.481 168.484 33.2261 52.0229 446229000.0
622 -0.01215 0.000317994 -444.685 2544.29 168.483 168.482 32.6695 50.9319 446214000.0
621 -0.01205 0.000317992 -444.687 2544.42 168.491 168.482 37.12 46.3048 446216000.0
620 -0.01195 0.000317978 -444.706 2544.39 168.481 168.481 38.8894 53.1625 446207000.0
619 -0.01185 0.000317987 -444.693 2544.35 168.483 168.48 35.0987 46.9323 446189000.0
618 -0.01175 0.000317986 -444.696 2544.32 168.48 168.481 34.0793 44.0061 446191000.0
617 -0.01165 0.000317976 -444.714 2544.32 168.475 168.479 37.7358 49.847 446184000.0
616 -0.01155 0.000317988 -444.692 2544.28 168.479 168.482 32.4584 37.946 446180000.0
615 -0.01145 0.000317986 -444.694 2544.35 168.482 168.482 36.954 39.7098 446176000.0
614 -0.01135 0.000317957 -444.741 2544.51 168.478 168.476 51.5643 54.0929 446172000.0
613 -0.01125 0.000317943 -444.756 2544.51 168.47 168.474 53.8568 59.6461 446164000.0
612 -0.01115 0.000317974 -444.713 2544.43 168.481 168.48 42.0536 39.3624 446157000.0
611 -0.01105 0.000317961 -444.731 2544.44 168.475 168.477 45.6382 46.2326 446152000.0
610 -0.01095 0.000317954 -444.739 2544.44 168.471 168.474 47.7535 48.6403 446129000.0
609 -0.01085 0.000317934 -444.77 2544.48 168.464 168.472 55.2342 61.6822 446122000.0
608 -0.01075 0.000317902 -444.813 2544.51 168.448 168.463 61.5095 75.8026 446089000.0
607 -0.01065 0.000317895 -444.824 2544.54 168.447 168.464 65.5001 79.0332 446085000.0
606 -0.01055 0.000317895 -444.824 2544.58 168.45 168.465 68.3634 80.5127 446075000.0
605 -0.01045 0.000317895 -444.823 2544.68 168.456 168.462 71.9748 79.4542 446057000.0
604 -0.01035 0.000317889 -444.831 2544.64 168.45 168.462 70.9268 81.886 446043000.0
603 -0.01025 0.000317878 -444.851 2544.67 168.446 168.459 76.1682 85.4238 446030000.0
602 -0.01015 0.000317885 -444.838 2544.62 168.447 168.46 72.2187 75.4376 446010000.0
601 -0.01005 0.000317883 -444.84 2544.56 168.442 168.459 69.9113 77.2066 445994000.0
600 -0.00995 0.000317855 -444.879 2544.65 168.433 168.454 79.7519 88.8991 445981000.0
599 -0.00985 0.00031785 -444.887 2544.64 168.43 168.454 81.2944 92.2803 445963000.0
598 -0.00975 0.000317812 -444.94 2544.72 168.415 168.447 92.117 111.627 445940000.0
597 -0.00965 0.000317795 -444.964 2544.76 168.409 168.443 98.7067 117.745 445919000.0
596 -0.00955 0.000317787 -444.969 2544.85 168.41 168.44 105.761 118.991 445890000.0
595 -0.00945 0.000317782 -444.983 2544.92 168.413 168.442 108.318 119.434 445879000.0
594 -0.00935 0.000317762 -445.006 2545.03 168.409 168.435 119.041 127.297 445839000.0
593 -0.00925 0.000317746 -445.032 2544.93 168.394 168.434 117.637 130.387 445813000.0
592 -0.00915 0.000317691 -445.105 2544.97 168.367 168.421 133.098 155.78 445764000.0
591 -0.00905 0.000317662 -445.15 2545.07 168.358 168.417 144.005 165.161 445737000.0
590 -0.00895 0.000317659 -445.153 2545.19 168.365 168.414 149.905 159.812 445713000.0
589 -0.00885 0.000317615 -445.218 2545.36 168.353 168.407 168.699 177.456 445678000.0
588 -0.00875 0.000317587 -445.255 2545.33 168.336 168.4 173.425 185.104 445638000.0
587 -0.00865 0.000317558 -445.297 2545.34 168.321 168.395 181.12 193.825 445608000.0
586 -0.00855 0.000317547 -445.313 2545.31 168.313 168.394 181.845 189.475 445575000.0
585 -0.00845 0.000317495 -445.383 2545.36 168.289 168.383 197.867 209.998 445522000.0
584 -0.00835 0.000317447 -445.449 2545.49 168.272 168.371 212.322 223.718 445468000.0
583 -0.00825 0.000317414 -445.498 2545.55 168.259 168.366 225.067 236.266 445427000.0
582 -0.00815 0.000317378 -445.549 2545.67 168.247 168.36 237.347 244.018 445387000.0
581 -0.00805 0.000317318 -445.631 2545.8 168.225 168.347 256.171 267.816 445313000.0
580 -0.00795 0.000317254 -445.722 2545.94 168.199 168.334 278.005 289.114 445251000.0
579 -0.00785 0.000317205 -445.791 2545.9 168.171 168.326 285.376 296.341 445193000.0
578 -0.00775 0.000317133 -445.889 2545.93 168.135 168.308 307.928 321.301 445103000.0
577 -0.00765 0.000317081 -445.963 2546.08 168.117 168.3 324.677 330.905 445041000.0
576 -0.00755 0.000317038 -446.024 2546.23 168.104 168.291 341.804 339.27 444974000.0
575 -0.00745 0.000316966 -446.123 2546.37 168.075 168.278 363.596 358.48 444900000.0
574 -0.00735 0.000316901 -446.219 2546.44 168.045 168.262 382.222 373.1 444800000.0
573 -0.00725 0.000316815 -446.34 2546.52 168.005 168.245 405.041 395.001 444699000.0
572 -0.00715 0.000316723 -446.469 2546.59 167.961 168.226 430.536 418.542 444596000.0
571 -0.00705 0.000316629 -446.601 2546.69 167.917 168.208 459.141 447.21 444487000.0
570 -0.00695 0.000316524 -446.749 2546.73 167.864 168.188 482.49 472.963 444376000.0
569 -0.00685 0.000316434 -446.878 2546.97 167.833 168.169 515.783 489.23 444267000.0
568 -0.00675 0.000316305 -447.061 2547.14 167.776 168.142 555.169 525.157 444141000.0
567 -0.00665 0.000316172 -447.247 2547.35 167.719 168.114 595.075 558.959 443997000.0
566 -0.00655 0.000316049 -447.422 2547.41 167.658 168.09 628.113 583.111 443852000.0
565 -0.00645 0.000315901 -447.632 2547.64 167.594 168.06 671.984 616.318 443696000.0
564 -0.00635 0.000315743 -447.855 2547.82 167.522 168.027 716.125 652.511 443516000.0
563 -0.00625 0.000315577 -448.091 2547.91 167.44 167.99 761.127 688.111 443323000.0
562 -0.00615 0.000315415 -448.323 2548.08 167.365 167.961 805.822 718.592 443144000.0
561 -0.00605 0.000315219 -448.602 2548.11 167.263 167.922 854.119 765.368 442933000.0
560 -0.00595 0.000314996 -448.918 2548.31 167.158 167.875 914.41 817.67 442704000.0
559 -0.00585 0.000314779 -449.232 2548.49 167.055 167.83 974.896 862.236 442465000.0
558 -0.00575 0.00031455 -449.555 2548.8 166.953 167.783 1041.87 906.343 442218000.0
557 -0.00565 0.000314269 -449.956 2548.96 166.815 167.725 1117.23 970.217 441945000.0
556 -0.00555 0.000313991 -450.354 2549.18 166.681 167.668 1191.33 1025.3 441653000.0
555 -0.00545 0.000313686 -450.789 2549.39 166.534 167.603 1273.48 1089.88 441337000.0
554 -0.00535 0.000313378 -451.232 2549.59 166.383 167.543 1355.22 1147.31 441026000.0
553 -0.00525 0.00031302 -451.748 2549.84 166.209 167.466 1453.85 1228.27 440660000.0
552 -0.00515 0.000312634 -452.307 2550.08 166.02 167.386 1553.6 1306.44 440277000.0
551 -0.00505 0.000312242 -452.875 2550.35 165.829 167.304 1659.75 1379.88 439876000.0
550 -0.00495 0.000311825 -453.478 2550.49 165.617 167.218 1767.93 1455.01 439440000.0
549 -0.00485 0.000311342 -454.181 2550.77 165.378 167.117 1896.87 1555.63 438971000.0
548 -0.00475 0.00031084 -454.914 2551.02 165.128 167.011 2028.3 1651.87 438476000.0
547 -0.00465 0.000310297 -455.707 2551.26 164.855 166.898 2170.47 1755.45 437945000.0
546 -0.00455 0.00030971 -456.576 2551.51 164.56 166.771 2325.36 1868.48 437358000.0
545 -0.00445 0.000309086 -457.496 2551.73 164.242 166.639 2487.35 1988.55 436753000.0
544 -0.00435 0.000308417 -458.485 2552.04 163.906 166.496 2664.79 2116.37 436102000.0
543 -0.00425 0.000307703 -459.551 2552.3 163.543 166.344 2850.22 2246.95 435410000.0
542 -0.00415 0.000306947 -460.686 2552.56 163.159 166.181 3048.7 2380.36 434673000.0
541 -0.00405 0.000306114 -461.932 2552.79 162.73 166.0 3268.04 2540.72 433867000.0
540 -0.00395 0.000305223 -463.29 2552.99 162.269 165.808 3495.66 2708.93 433004000.0
539 -0.00385 0.000304267 -464.733 2553.12 161.769 165.596 3741.99 2889.12 432073000.0
538 -0.00375 0.000303232 -466.327 2553.31 161.231 165.37 4011.14 3092.31 431095000.0
537 -0.00365 0.000302139 -468.012 2553.51 160.663 165.128 4296.8 3300.61 430049000.0
536 -0.00355 0.000300991 -469.799 2553.67 160.062 164.872 4595.3 3508.34 428946000.0
535 -0.00345 0.00029972 -471.787 2553.72 159.389 164.583 4923.0 3758.42 427728000.0
534 -0.00335 0.000298378 -473.913 2553.83 158.682 164.28 5274.6 4021.65 426462000.0
533 -0.00325 0.000296947 -476.191 2553.87 157.924 163.951 5649.27 4304.67 425099000.0
532 -0.00315 0.00029544 -478.626 2553.97 157.128 163.603 6048.75 4600.02 423661000.0
531 -0.00305 0.000293798 -481.298 2553.94 156.253 163.218 6480.48 4937.38 422104000.0
530 -0.00295 0.000292046 -484.182 2554.04 155.328 162.804 6951.99 5309.44 420463000.0
529 -0.00285 0.000290191 -487.282 2553.88 154.331 162.362 7444.69 5706.37 418709000.0
528 -0.00275 0.000288227 -490.601 2553.73 153.278 161.884 7972.52 6130.71 416836000.0
527 -0.00265 0.000286157 -494.148 2553.57 152.167 161.377 8536.67 6585.44 414871000.0
526 -0.00255 0.000283969 -497.961 2553.13 150.978 160.831 9127.59 7077.07 412773000.0
525 -0.00245 0.000281653 -502.048 2552.72 149.723 160.245 9761.62 7609.77 410558000.0
524 -0.00235 0.000279185 -506.491 2552.23 148.382 159.61 10446.5 8203.29 408204000.0
523 -0.00225 0.000276624 -511.18 2551.58 146.983 158.941 11159.7 8821.9 405743000.0
522 -0.00215 0.000273922 -516.218 2550.72 145.499 158.219 11918.1 9498.52 403127000.0
521 -0.00205 0.000271095 -521.603 2549.57 143.933 157.452 12713.4 10227.8 400387000.0
520 -0.00195 0.000268112 -527.408 2548.37 142.282 156.621 13566.2 11027.5 397490000.0
519 -0.00185 0.000265015 -533.569 2546.84 140.554 155.743 14457.2 11883.6 394462000.0
518 -0.00175 0.000261794 -540.134 2545.2 138.756 154.808 15399.6 12801.6 391302000.0
517 -0.00165 0.000258466 -547.091 2543.12 136.88 153.815 16376.9 13775.1 387985000.0
516 -0.00155 0.000254991 -554.542 2540.8 134.916 152.755 17412.9 14842.9 384537000.0
515 -0.00145 0.000251407 -562.451 2538.06 132.877 151.63 18490.6 15980.2 380950000.0
514 -0.00135 0.000247728 -570.803 2535.03 130.776 150.441 19614.8 17182.3 377232000.0
513 -0.00125 0.000243931 -579.69 2531.47 128.591 149.181 20785.4 18478.4 373397000.0
512 -0.00115 0.000240048 -589.063 2527.43 126.341 147.847 21995.8 19848.8 369423000.0
511 -0.00105 0.000236088 -598.949 2522.82 124.031 146.444 23242.4 21296.3 365351000.0
510 -0.00095 0.00023206 -609.345 2517.66 121.665 144.971 24524.7 22815.5 361177000.0
509 -0.00085 0.000227962 -620.292 2511.63 119.231 143.416 25834.8 24419.7 356887000.0
508 -0.00075 0.000223837 -631.729 2504.92 116.761 141.797 27166.3 26080.5 352529000.0
507 -0.00065 0.000219649 -643.774 2497.45 114.234 140.092 28533.5 27837.8 348095000.0
506 -0.00055 0.000215449 -656.314 2489.22 111.68 138.313 29912.5 29646.3 343607000.0
505 -0.00045 0.000211239 -669.404 2479.92 109.089 136.462 31298.0 31514.6 339063000.0
504 -0.00035 0.000207005 -683.083 2469.69 106.462 134.526 32700.0 33456.5 334490000.0
503 -0.00025 0.000202823 -697.18 2458.51 103.839 132.533 34087.3 35404.7 329907000.0
502 -0.00015 0.000198648 -711.824 2446.04 101.185 130.462 35462.8 37405.1 325309000.0
501 -5e-05 0.000194508 -726.977 2432.46 98.5266 128.322 36822.6 39427.5 320719000.0
500 5e-05 0.000190425 -742.572 2417.67 95.8717 126.118 38154.5 41452.3 316137000.0
499 0.00015 0.000186398 -758.607 2401.47 93.2158 123.853 39445.2 43477.8 311586000.0
498 0.00025 0.000182435 -775.083 2383.91 90.5667 121.523 40692.3 45487.4 307049000.0
497 0.00035 0.00017855 -791.952 2364.97 87.9338 119.143 41889.5 47472.9 302567000.0
496 0.00045 0.00017475 -809.174 2344.59 85.3207 116.711 43022.6 49408.5 298116000.0
495 0.00055 0.000171044 -826.702 2322.85 82.737 114.237 44089.8 51285.2 293715000.0
494 0.00065 0.000167443 -844.488 2299.64 80.1857 111.727 45077.7 53085.7 289366000.0
493 0.00075 0.000163952 -862.464 2275.04 77.6738 109.189 45980.3 54791.9 285061000.0
492 0.00085 0.000160565 -880.658 2248.98 75.1979 106.622 46797.9 56404.5 280798000.0
491 0.00095 0.00015728 -899.056 2221.6 72.7631 104.026 47531.1 57918.1 276588000.0
490 0.00105 0.0001541 -917.606 2192.74 70.3653 101.408 48166.7 59319.4 272402000.0
489 0.00115 0.000151055 -936.106 2162.57 68.0261 98.7994 48692.8 60574.9 268248000.0
488 0.00125 0.000148106 -954.747 2131.17 65.7295 96.1686 49127.5 61707.8 264110000.0
487 0.00135 0.000145265 -973.413 2098.43 63.4785 93.5353 49458.8 62709.7 259989000.0
486 0.00145 0.000142562 -991.871 2064.86 61.3008 90.9307 49684.6 63540.7 255867000.0
485 0.00155 0.000139962 -1010.3 2030.21 59.1726 88.3311 49811.5 64230.7 251745000.0
484 0.00165 0.000137471 -1028.61 1994.53 57.098 85.7483 49835.7 64776.1 247609000.0
483 0.00175 0.000135091 -1046.74 1958.1 55.0846 83.1916 49764.4 65169.4 243458000.0
482 0.00185 0.000132811 -1064.69 1920.79 53.123 80.6572 49592.8 65417.6 239268000.0
481 0.00195 0.000130639 -1082.4 1883.12 51.2295 78.1602 49343.0 65521.2 235083000.0
480 0.00205 0.00012856 -1099.9 1844.69 49.3855 75.6899 48997.6 65482.7 230835000.0
479 0.00215 0.000126581 -1117.1 1805.83 47.6007 73.2651 48569.7 65311.9 226560000.0
478 0.00225 0.000124696 -1133.99 1766.67 45.8751 70.8812 48062.1 65003.1 222226000.0
477 0.00235 0.000122902 -1150.54 1727.29 44.2073 68.5467 47484.1 64577.1 217866000.0
476 0.00245 0.000121202 -1166.67 1687.9 42.6018 66.2711 46836.3 64027.7 213451000.0
475 0.00255 0.000119578 -1182.52 1648.41 41.0474 64.0341 46130.6 63373.3 209006000.0
474 0.00265 0.000118027 -1198.05 1608.88 39.5434 61.8425 45369.4 62621.1 204529000.0
473 0.00275 0.00011656 -1213.14 1569.64 38.0993 59.7144 44559.0 61774.4 200017000.0
472 0.00285 0.00011517 -1227.78 1530.81 36.7137 57.6489 43709.2 60844.1 195488000.0
471 0.00295 0.000113842 -1242.11 1492.03 35.371 55.6275 42813.8 59836.8 190917000.0
470 0.00305 0.000112585 -1255.96 1453.81 34.0846 53.672 41888.3 58762.6 186341000.0
469 0.00315 0.000111392 -1269.4 1416.02 32.847 51.7756 40933.4 57630.0 181749000.0
468 0.00325 0.000110263 -1282.43 1378.93 31.6623 49.9388 39962.6 56445.0 177168000.0
467 0.00335 0.000109186 -1295.06 1342.39 30.5222 48.1563 38974.0 55217.9 172595000.0
466 0.00345 0.000108161 -1307.33 1306.24 29.4213 46.4231 37961.4 53947.4 168000000.0
465 0.00355 0.000107195 -1319.12 1271.04 28.3728 44.7606 36950.5 52657.3 163461000.0
464 0.00365 0.000106278 -1330.49 1236.68 27.3699 43.1556 35936.4 51340.0 158944000.0
463 0.00375 0.00010541 -1341.45 1203.03 26.4077 41.6099 34919.8 50010.0 154463000.0
462 0.00385 0.000104585 -1352.05 1170.07 25.483 40.1143 33901.6 48665.8 150013000.0
461 0.00395 0.0001038 -1362.26 1137.95 24.5974 38.6732 32889.1 47316.5 145614000.0
460 0.00405 0.000103056 -1372.1 1106.48 23.7457 37.2838 31876.7 45963.4 141245000.0
459 0.00415 0.00010235 -1381.56 1076.07 22.9349 35.9497 30884.2 44618.0 136965000.0
458 0.00425 0.000101683 -1390.63 1046.55 22.1605 34.6686 29905.2 43280.1 132751000.0
457 0.00435 0.000101046 -1399.39 1017.77 21.416 33.4334 28935.1 41951.7 128593000.0
456 0.00445 0.000100437 -1407.87 989.644 20.6986 32.2362 27975.3 40629.9 124495000.0
455 0.00455 9.98646e-05 -1415.95 962.504 20.0163 31.0955 27035.8 39330.4 120478000.0
454 0.00465 9.93196e-05 -1423.73 936.269 19.3645 29.9985 26117.6 38049.4 116551000.0
453 0.00475 9.87999e-05 -1431.19 910.789 18.7389 28.9442 25215.6 36790.1 112700000.0
452 0.00485 9.83094e-05 -1438.36 886.256 18.1436 27.9336 24338.3 35553.7 108946000.0
451 0.00495 9.78418e-05 -1445.23 862.451 17.5723 26.9638 23478.1 34341.9 105268000.0
450 0.00505 9.73975e-05 -1451.8 839.558 17.0282 26.0355 22644.6 33159.3 101698000.0
449 0.00515 9.6974e-05 -1458.16 817.288 16.5044 25.1389 21825.6 31994.9 98190700.0
448 0.00525 9.65732e-05 -1464.2 795.957 16.0072 24.2856 21035.1 30866.4 94799000.0
447 0.00535 9.61932e-05 -1469.99 775.355 15.5315 23.4686 20266.6 29768.6 91500700.0
446 0.00545 9.58284e-05 -1475.59 755.342 15.0733 22.679 19513.9 28691.7 88269500.0
445 0.00555 9.54874e-05 -1480.86 736.308 14.6411 21.9337 18793.0 27655.4 85156900.0
444 0.00565 9.51576e-05 -1485.98 717.755 14.2229 21.2107 18085.9 26638.5 82110800.0
443 0.00575 9.48486e-05 -1490.83 700.169 13.8294 20.528 17412.3 25663.5 79193300.0
442 0.00585 9.45517e-05 -1495.51 683.029 13.4486 19.866 16752.2 24708.5 76340200.0
441 0.00595 9.427e-05 -1499.98 666.61 13.0862 19.2362 16116.3 23787.8 73583800.0
440 0.00605 9.40035e-05 -1504.24 650.887 12.7415 18.6346 15504.2 22896.9 70920900.0
439 0.00615 9.37458e-05 -1508.37 635.576 12.4076 18.052 14905.4 22027.3 68321000.0
438 0.00625 9.35045e-05 -1512.26 621.03 12.0925 17.5021 14333.9 21195.7 65830100.0
437 0.00635 9.32734e-05 -1516.02 606.923 11.7886 16.9716 13777.3 20386.6 63403800.0
436 0.00645 9.30525e-05 -1519.6 593.456 11.4997 16.4658 13243.9 19607.3 61070200.0
435 0.00655 9.28428e-05 -1523.04 580.535 11.224 15.9814 12730.4 18855.3 58822700.0
434 0.00665 9.26427e-05 -1526.33 568.041 10.9587 15.5166 12231.7 18127.2 56638000.0
433 0.00675 9.24496e-05 -1529.51 556.003 10.7041 15.0671 11749.5 17419.2 54523600.0
432 0.00685 9.2269e-05 -1532.51 544.58 10.4637 14.6443 11290.8 16745.5 52503800.0
431 0.00695 9.20996e-05 -1535.35 533.732 10.2365 14.2438 10854.6 16101.6 50574500.0
430 0.00705 9.1934e-05 -1538.09 523.184 10.0161 13.8566 10427.7 15475.4 48688500.0
429 0.00715 9.17756e-05 -1540.75 512.959 9.80347 13.4803 10013.9 14865.6 46863100.0
428 0.00725 9.1626e-05 -1543.27 503.235 9.60195 13.1253 9618.91 14284.9 45114900.0
427 0.00735 9.14811e-05 -1545.71 493.82 9.40741 12.7805 9236.06 13719.6 43423300.0
426 0.00745 9.13457e-05 -1548.01 484.899 9.22378 12.4557 8871.65 13180.7 41801300.0
425 0.00755 9.1216e-05 -1550.22 476.315 9.04764 12.1447 8520.6 12663.6 40242800.0
424 0.00765 9.10915e-05 -1552.31 468.144 8.88028 11.8483 8186.01 12167.7 38750600.0
423 0.00775 9.09747e-05 -1554.33 460.272 8.71976 11.5643 7862.74 11689.5 37308200.0
422 0.00785 9.08609e-05 -1556.27 452.662 8.56487 11.2908 7549.83 11228.3 35915100.0
421 0.00795 9.07526e-05 -1558.11 445.407 8.41756 11.0299 7250.71 10785.3 34576900.0
420 0.00805 9.06496e-05 -1559.9 438.434 8.27637 10.7783 6962.99 10357.9 33291700.0
419 0.00815 9.05509e-05 -1561.59 431.74 8.14112 10.5389 6686.29 9948.65 32053000.0
418 0.00825 9.04572e-05 -1563.21 425.368 8.01268 10.3114 6422.23 9557.51 30867300.0
417 0.00835 9.03697e-05 -1564.73 419.362 7.8919 10.0972 6173.61 9186.97 29745200.0
416 0.00845 9.02843e-05 -1566.2 413.503 7.7743 9.88814 5929.62 8823.58 28643300.0
415 0.00855 9.02035e-05 -1567.62 407.864 7.6614 9.68796 5695.41 8476.29 27590900.0
414 0.00865 9.01237e-05 -1568.98 402.463 7.55327 9.49615 5470.23 8141.59 26573000.0
413 0.00875 9.00505e-05 -1570.27 397.268 7.4497 9.31351 5253.94 7822.51 25600500.0
412 0.00885 8.99802e-05 -1571.5 392.372 7.35215 9.14021 5049.2 7516.74 24669600.0
411 0.00895 8.99122e-05 -1572.68 387.629 7.25779 8.97325 4851.15 7222.71 23774100.0
410 0.00905 8.98473e-05 -1573.83 383.034 7.16659 8.81148 4658.95 6937.24 22904500.0
409 0.00915 8.97841e-05 -1574.92 378.667 7.0799 8.65714 4475.86 6663.4 22071800.0
408 0.00925 8.97248e-05 -1575.98 374.423 6.99592 8.50849 4297.97 6400.05 21266700.0
407 0.00935 8.96677e-05 -1576.98 370.375 6.91589 8.36664 4128.12 6147.8 20496500.0
406 0.00945 8.96135e-05 -1577.93 366.537 6.84008 8.23243 3966.8 5907.75 19761300.0
405 0.00955 8.95602e-05 -1578.86 362.804 6.76639 8.10121 3809.99 5673.97 19049000.0
404 0.00965 8.95104e-05 -1579.75 359.216 6.69574 7.97539 3658.84 5448.67 18361700.0
403 0.00975 8.94631e-05 -1580.58 355.869 6.62985 7.85877 3518.33 5239.17 17720000.0
402 0.00985 8.94175e-05 -1581.4 352.54 6.56448 7.74306 3377.86 5031.08 17081000.0
401 0.00995 8.93729e-05 -1582.18 349.398 6.50274 7.63318 3245.18 4832.69 16473600.0
400 0.01005 8.93315e-05 -1582.93 346.373 6.44345 7.52779 3117.77 4642.85 15893300.0
399 0.01015 8.92915e-05 -1583.61 343.577 6.38857 7.43055 2999.72 4465.72 15348700.0
398 0.01025 8.92529e-05 -1584.31 340.757 6.33341 7.33214 2880.66 4287.91 14805300.0
397 0.01035 8.92157e-05 -1584.97 338.047 6.28041 7.23837 2765.72 4117.78 14281000.0
396 0.01045 8.91801e-05 -1585.6 335.479 6.23021 7.14976 2657.56 3957.34 13787500.0
395 0.01055 8.9145e-05 -1586.22 332.974 6.18126 7.06246 2551.33 3798.99 13302700.0
394 0.01065 8.91139e-05 -1586.79 330.663 6.13623 6.98257 2453.48 3652.46 12850300.0
393 0.01075 8.90831e-05 -1587.33 328.46 6.09324 6.90627 2360.07 3512.32 12418800.0
392 0.01085 8.90536e-05 -1587.86 326.284 6.05085 6.8317 2268.06 3376.37 11998200.0
391 0.01095 8.90242e-05 -1588.38 324.144 6.00918 6.75777 2177.25 3241.86 11583600.0
390 0.01105 8.89968e-05 -1588.86 322.168 5.97072 6.69039 2093.16 3117.41 11195600.0
389 0.01115 8.8971e-05 -1589.34 320.21 5.9327 6.6227 2010.14 2993.69 10815400.0
388 0.01125 8.89457e-05 -1589.78 318.397 5.89744 6.5599 1933.26 2878.19 10460100.0
387 0.01135 8.89219e-05 -1590.21 316.639 5.86332 6.49993 1858.64 2767.52 10115800.0
386 0.01145 8.88991e-05 -1590.62 314.91 5.8298 6.44071 1785.1 2658.64 9778650.0
385 0.01155 8.88759e-05 -1591.03 313.267 5.79787 6.38417 1715.15 2554.75 9456820.0
384 0.01165 8.88551e-05 -1591.4 311.713 5.76776 6.33131 1649.18 2456.97 9152830.0
383 0.01175 8.88353e-05 -1591.76 310.223 5.73891 6.28013 1585.56 2362.0 8857860.0
382 0.01185 8.8815e-05 -1592.11 308.804 5.71135 6.23132 1525.51 2272.21 8581010.0
381 0.01195 8.87983e-05 -1592.44 307.44 5.68505 6.18471 1467.32 2185.02 8309310.0
380 0.01205 8.87796e-05 -1592.75 306.148 5.65998 6.14074 1412.35 2103.41 8053910.0
379 0.01215 8.87632e-05 -1593.06 304.866 5.63522 6.09706 1357.56 2021.94 7800100.0
378 0.01225 8.87462e-05 -1593.34 303.682 5.61227 6.05648 1307.2 1946.39 7564790.0
377 0.01235 8.87314e-05 -1593.63 302.518 5.58982 6.01642 1257.66 1871.76 7334560.0
376 0.01245 8.87161e-05 -1593.9 301.38 5.56783 5.97791 1209.07 1799.91 7108970.0
375 0.01255 8.87011e-05 -1594.16 300.303 5.54701 5.94128 1163.28 1731.94 6896650.0
374 0.01265 8.8687e-05 -1594.41 299.29 5.52742 5.90619 1119.97 1666.3 6694170.0
373 0.01275 8.86748e-05 -1594.65 298.276 5.50793 5.87228 1076.76 1602.71 6493480.0
372 0.01285 8.86617e-05 -1594.88 297.325 5.48955 5.83984 1036.33 1542.25 6305470.0
371 0.01295 8.86478e-05 -1595.11 296.372 5.47111 5.8072 995.588 1481.94 6117960.0
370 0.01305 8.86362e-05 -1595.33 295.458 5.45352 5.7761 956.456 1423.72 5936590.0
369 0.01315 8.86253e-05 -1595.53 294.633 5.43761 5.74793 921.431 1371.38 5773400.0
368 0.01325 8.8614e-05 -1595.73 293.821 5.42194 5.72037 886.716 1319.42 5610760.0
367 0.01335 8.86039e-05 -1595.91 293.068 5.40743 5.69471 854.547 1271.1 5459330.0
366 0.01345 8.85945e-05 -1596.09 292.326 5.39316 5.66959 822.845 1223.83 5311240.0
365 0.01355 8.85845e-05 -1596.27 291.572 5.37865 5.64347 790.495 1175.12 5160500.0
364 0.01365 8.8574e-05 -1596.44 290.867 5.365 5.61993 760.51 1131.32 5021960.0
363 0.01375 8.85669e-05 -1596.59 290.21 5.35245 5.59793 732.513 1089.57 4890000.0
362 0.01385 8.85574e-05 -1596.75 289.557 5.33985 5.57581 704.563 1048.24 4760540.0
361 0.01395 8.85494e-05 -1596.89 288.972 5.32857 5.55607 679.528 1010.7 4641690.0
360 0.01405 8.85416e-05 -1597.04 288.357 5.31676 5.53496 653.169 971.057 4519150.0
359 0.01415 8.85346e-05 -1597.17 287.812 5.3063 5.51637 630.027 935.974 4409510.0
358 0.01425 8.85261e-05 -1597.31 287.243 5.29531 5.49706 605.584 899.719 4295650.0
357 0.01435 8.85201e-05 -1597.43 286.74 5.28567 5.48005 584.253 867.536 4195000.0
356 0.01445 8.8513e-05 -1597.55 286.226 5.27577 5.46272 562.096 834.796 4090950.0
355 0.01455 8.85072e-05 -1597.66 285.752 5.26668 5.44694 541.707 804.352 3994030.0
354 0.01465 8.85e-05 -1597.78 285.255 5.2571 5.4301 520.711 773.39 3897470.0
353 0.01475 8.84948e-05 -1597.9 284.769 5.24784 5.4139 499.851 742.859 3801030.0
352 0.01485 8.84883e-05 -1597.99 284.355 5.23982 5.39994 482.059 716.14 3716860.0
351 0.01495 8.8483e-05 -1598.1 283.938 5.23182 5.38565 464.234 689.262 3632530.0
350 0.01505 8.84771e-05 -1598.19 283.531 5.22399 5.37207 446.972 664.032 3552640.0
349 0.01515 8.84728e-05 -1598.28 283.144 5.21659 5.35934 430.116 639.415 3472970.0
348 0.01525 8.84681e-05 -1598.37 282.784 5.20967 5.3475 414.884 617.139 3401680.0
347 0.01535 8.84628e-05 -1598.45 282.412 5.20252 5.33462 398.97 593.047 3326700.0
346 0.01545 8.8459e-05 -1598.54 282.075 5.19609 5.32336 384.468 571.489 3258630.0
345 0.01555 8.8454e-05 -1598.61 281.761 5.19001 5.31266 371.112 551.269 3194850.0
344 0.01565 8.84498e-05 -1598.7 281.427 5.18361 5.30117 356.743 529.764 3127770.0
343 0.01575 8.84463e-05 -1598.76 281.136 5.17804 5.29195 344.303 511.767 3068720.0
342 0.01585 8.84422e-05 -1598.83 280.839 5.17233 5.28199 331.53 492.721 3008340.0
341 0.01595 8.84385e-05 -1598.9 280.569 5.16714 5.2727 320.146 475.197 2953820.0
340 0.01605 8.84357e-05 -1598.96 280.299 5.16201 5.26367 308.38 457.564 2897950.0
339 0.01615 8.84314e-05 -1599.02 280.022 5.15666 5.2544 296.628 440.194 2842770.0
338 0.01625 8.84282e-05 -1599.09 279.775 5.15193 5.24592 286.053 424.294 2792740.0
337 0.01635 8.84257e-05 -1599.15 279.521 5.14711 5.23741 275.161 407.961 2741090.0
336 0.01645 8.84215e-05 -1599.2 279.296 5.14271 5.22982 265.492 393.616 2695300.0
335 0.01655 8.84193e-05 -1599.25 279.073 5.13847 5.22247 255.948 379.457 2650160.0
334 0.01665 8.84162e-05 -1599.31 278.841 5.13402 5.21498 246.151 365.29 2604290.0
333 0.01675 8.84137e-05 -1599.35 278.64 5.13018 5.20837 237.342 352.345 2562490.0
332 0.01685 8.8411e-05 -1599.4 278.446 5.12645 5.20175 229.027 339.609 2522200.0
331 0.01695 8.8409e-05 -1599.44 278.258 5.12288 5.19585 221.1 328.208 2484620.0
330 0.01705 8.84059e-05 -1599.49 278.059 5.11904 5.18895 212.506 315.418 2444680.0
329 0.01715 8.84032e-05 -1599.53 277.87 5.11539 5.18274 204.396 303.701 2406640.0
328 0.01725 8.84018e-05 -1599.58 277.696 5.11212 5.17667 196.98 292.231 2371750.0
327 0.01735 8.83995e-05 -1599.62 277.528 5.10889 5.17102 189.722 281.501 2337270.0
326 0.01745 8.83975e-05 -1599.66 277.376 5.10597 5.16587 183.214 271.682 2306260.0
325 0.01755 8.83944e-05 -1599.69 277.218 5.10289 5.16057 176.537 261.688 2274350.0
324 0.01765 8.83938e-05 -1599.72 277.082 5.10034 5.1561 170.553 252.708 2245340.0
323 0.01775 8.83916e-05 -1599.76 276.94 5.0976 5.15145 164.515 244.006 2216860.0
322 0.01785 8.83897e-05 -1599.79 276.807 5.09505 5.14673 158.904 235.131 2189790.0
321 0.01795 8.83882e-05 -1599.82 276.673 5.09249 5.14226 153.052 226.455 2162470.0
320 0.01805 8.83864e-05 -1599.85 276.547 5.09008 5.13814 147.72 218.599 2136120.0
319 0.01815 8.83848e-05 -1599.88 276.431 5.08785 5.13441 142.704 211.369 2112700.0
318 0.01825 8.8383e-05 -1599.91 276.298 5.0853 5.12979 136.971 202.875 2085990.0
317 0.01835 8.83819e-05 -1599.94 276.17 5.08287 5.12555 131.561 194.935 2060980.0
316 0.01845 8.83803e-05 -1599.96 276.082 5.08116 5.12253 127.792 189.02 2041640.0
315 0.01855 8.83785e-05 -1599.99 275.96 5.07882 5.11861 122.569 181.65 2017870.0
314 0.01865 8.83779e-05 -1600.01 275.858 5.07691 5.11515 118.088 175.011 1996600.0
313 0.01875 8.83763e-05 -1600.03 275.761 5.07503 5.11197 114.083 169.016 1977410.0
312 0.01885 8.83741e-05 -1600.06 275.662 5.07308 5.10853 109.9 162.763 1957880.0
311 0.01895 8.83735e-05 -1600.08 275.567 5.0713 5.1054 105.714 156.588 1938280.0
310 0.01905 8.83732e-05 -1600.1 275.481 5.06969 5.1025 102.036 150.983 1920820.0
309 0.01915 8.83717e-05 -1600.12 275.41 5.06831 5.10017 99.0762 146.42 1905950.0
308 0.01925 8.83702e-05 -1600.14 275.333 5.0668 5.09765 95.6701 141.506 1889510.0
307 0.01935 8.83689e-05 -1600.16 275.256 5.06531 5.09479 92.3504 136.329 1873610.0
306 0.01945 8.83691e-05 -1600.17 275.177 5.06386 5.0924 88.9859 131.503 1857830.0
305 0.01955 8.83672e-05 -1600.19 275.101 5.06235 5.0899 85.7665 126.742 1842400.0
304 0.01965 8.83666e-05 -1600.2 275.036 5.06114 5.08771 82.9921 122.62 1828600.0
303 0.01975 8.83659e-05 -1600.22 274.968 5.05983 5.08556 80.0728 118.486 1815180.0
302 0.01985 8.83645e-05 -1600.24 274.908 5.05865 5.08339 77.4724 114.325 1802150.0
301 0.01995 8.83649e-05 -1600.25 274.851 5.05763 5.08164 74.9951 110.638 1789950.0
300 0.02005 8.83622e-05 -1600.26 274.786 5.05628 5.0794 72.1811 106.688 1776850.0
299 0.02015 8.83629e-05 -1600.28 274.722 5.05514 5.07735 69.4915 102.612 1764040.0
298 0.02025 8.83612e-05 -1600.29 274.659 5.05389 5.07533 66.8739 99.0962 1752030.0
297 0.02035 8.83613e-05 -1600.31 274.609 5.05298 5.07362 64.6765 95.54 1741010.0
296 0.02045 8.83604e-05 -1600.32 274.557 5.05197 5.07192 62.4363 92.3095 1730200.0
295 0.02055 8.83592e-05 -1600.33 274.506 5.05095 5.07033 60.279 89.1423 1719830.0
294 0.02065 8.83594e-05 -1600.34 274.456 5.05005 5.06878 58.0785 86.0132 1709170.0
293 0.02075 8.83582e-05 -1600.35 274.41 5.04913 5.06723 56.1396 83.1872 1700120.0
292 0.02085 8.83579e-05 -1600.36 274.371 5.04839 5.0659 54.44 80.3046 1691490.0
291 0.02095 8.83571e-05 -1600.37 274.321 5.04743 5.06425 52.3624 77.3104 1681530.0
290 0.02105 8.83569e-05 -1600.38 274.282 5.0467 5.06298 50.6779 74.9293 1673820.0
289 0.02115 8.83561e-05 -1600.39 274.249 5.04605 5.06191 49.2452 72.6155 1666000.0
288 0.02125 8.83561e-05 -1600.4 274.202 5.04518 5.06036 47.2565 69.8419 1657260.0
287 0.02135 8.83552e-05 -1600.41 274.16 5.04437 5.05899 45.3542 67.2766 1648310.0
286 0.02145 8.83541e-05 -1600.42 274.123 5.04361 5.05768 43.8323 64.8429 1640890.0
285 0.02155 8.83536e-05 -1600.43 274.081 5.04282 5.0564 42.0488 62.3919 1632800.0
284 0.02165 8.83546e-05 -1600.44 274.046 5.04223 5.05533 40.5529 60.25 1625460.0
283 0.02175 8.83524e-05 -1600.44 274.017 5.04157 5.05423 39.3277 58.2792 1619530.0
282 0.02185 8.83539e-05 -1600.45 273.995 5.04124 5.05352 38.2068 56.5394 1613950.0
281 0.02195 8.8352e-05 -1600.45 273.965 5.04059 5.05246 37.0585 54.7462 1607870.0
280 0.02205 8.83519e-05 -1600.46 273.934 5.04002 5.05138 35.6527 52.6579 1601160.0
279 0.02215 8.83515e-05 -1600.47 273.901 5.03938 5.05031 34.3316 50.643 1595120.0
278 0.02225 8.83513e-05 -1600.48 273.876 5.0389 5.04951 33.1938 49.0343 1589450.0
277 0.02235 8.83512e-05 -1600.48 273.848 5.03839 5.04864 31.9814 47.2799 1583640.0
276 0.02245 8.83498e-05 -1600.49 273.826 5.0379 5.0479 30.9897 45.778 1578780.0
275 0.02255 8.83503e-05 -1600.5 273.793 5.03733 5.04692 29.6419 43.984 1572630.0
274 0.02265 8.83501e-05 -1600.5 273.774 5.03697 5.04626 28.8441 42.731 1568500.0
273 0.02275 8.83496e-05 -1600.51 273.749 5.03648 5.04541 27.7394 41.1984 1563460.0
272 0.02285 8.83489e-05 -1600.51 273.732 5.03612 5.04489 26.9916 40.0219 1559530.0
271 0.02295 8.83493e-05 -1600.52 273.713 5.0358 5.04432 26.19 38.7406 1555280.0
270 0.02305 8.83488e-05 -1600.52 273.692 5.03539 5.04363 25.4055 37.5178 1551440.0
269 0.02315 8.83482e-05 -1600.52 273.67 5.03494 5.04282 24.3265 35.9735 1546400.0
268 0.02325 8.83481e-05 -1600.53 273.647 5.03451 5.04208 23.3407 34.5517 1541980.0
267 0.02335 8.83481e-05 -1600.53 273.634 5.03428 5.04169 22.6992 33.5184 1538360.0
266 0.02345 8.8347e-05 -1600.54 273.611 5.03379 5.04084 21.8286 32.2891 1534390.0
265 0.02355 8.83477e-05 -1600.54 273.594 5.03352 5.04041 21.0858 31.2137 1530720.0
264 0.02365 8.83466e-05 -1600.55 273.575 5.03311 5.03968 20.3525 30.1139 1527180.0
263 0.02375 8.8347e-05 -1600.55 273.564 5.03293 5.03924 19.7606 29.1131 1524100.0
262 0.02385 8.83465e-05 -1600.55 273.551 5.03267 5.03879 19.3117 28.3748 1521660.0
261 0.02395 8.83467e-05 -1600.56 273.533 5.03233 5.03822 18.3906 27.1235 1517690.0
260 0.02405 8.83459e-05 -1600.56 273.518 5.03202 5.0377 17.7675 26.2532 1514760.0
259 0.02415 8.83449e-05 -1600.56 273.501 5.03164 5.03708 17.1384 25.3036 1511500.0
258 0.02425 8.83469e-05 -1600.57 273.49 5.03155 5.03688 16.6201 24.4862 1509000.0
257 0.02435 8.83451e-05 -1600.57 273.476 5.03119 5.0363 15.9959 23.4853 1506040.0
256 0.02445 8.83454e-05 -1600.57 273.462 5.03096 5.03586 15.4656 22.7009 1503380.0
255 0.02455 8.83446e-05 -1600.58 273.447 5.03064 5.0354 14.814 21.824 1500420.0
254 0.02465 8.83453e-05 -1600.58 273.438 5.03052 5.03505 14.3206 21.0651 1498100.0
253 0.02475 8.83448e-05 -1600.58 273.43 5.03033 5.03475 14.0108 20.5039 1496270.0
252 0.02485 8.83441e-05 -1600.58 273.42 5.03011 5.03432 13.6139 19.8515 1494110.0
251 0.02495 8.83453e-05 -1600.59 273.406 5.02992 5.03399 13.0078 19.1246 1491540.0
250 0.02505 8.83443e-05 -1600.59 273.396 5.02967 5.03356 12.4976 18.3869 1489050.0
249 0.02515 8.8344e-05 -1600.59 273.385 5.02947 5.03324 12.1138 17.7666 1487200.0
248 0.02525 8.83438e-05 -1600.59 273.38 5.02936 5.0331 11.862 17.3993 1485820.0
247 0.02535 8.83442e-05 -1600.6 273.367 5.02915 5.03275 11.3982 16.7382 1483640.0
246 0.02545 8.83435e-05 -1600.6 273.354 5.02887 5.03214 10.7715 15.903 1480890.0
245 0.02555 8.83445e-05 -1600.6 273.35 5.02884 5.03211 10.576 15.5137 1479740.0
244 0.02565 8.83439e-05 -1600.6 273.339 5.02861 5.0317 10.1632 14.9198 1477640.0
243 0.02575 8.83431e-05 -1600.61 273.332 5.02843 5.03143 9.8154 14.392 1476050.0
242 0.02585 8.8343e-05 -1600.6 273.332 5.02842 5.0315 9.82113 14.3697 1475460.0
241 0.02595 8.83443e-05 -1600.61 273.326 5.0284 5.0315 9.54172 14.0002 1474300.0
240 0.02605 8.83436e-05 -1600.61 273.319 5.02822 5.0311 9.26336 13.5279 1472860.0
239 0.02615 8.83433e-05 -1600.61 273.313 5.0281 5.03088 9.07911 13.1202 1471730.0
238 0.02625 8.83437e-05 -1600.61 273.302 5.02792 5.03066 8.56835 12.5371 1469710.0
237 0.02635 8.83436e-05 -1600.61 273.299 5.02785 5.03042 8.32934 12.1267 1468390.0
236 0.02645 8.83434e-05 -1600.62 273.288 5.02765 5.03008 7.89117 11.5777 1466460.0
235 0.02655 8.8343e-05 -1600.61 273.281 5.0275 5.02995 7.6584 11.2094 1465210.0
234 0.02665 8.83439e-05 -1600.62 273.28 5.02752 5.02997 7.50032 10.9447 1464460.0
233 0.02675 8.83424e-05 -1600.62 273.273 5.02731 5.02964 7.24226 10.5609 1462990.0
232 0.02685 8.83435e-05 -1600.62 273.269 5.02729 5.02948 6.98407 10.2124 1461870.0
231 0.02695 8.83433e-05 -1600.62 273.262 5.02716 5.02932 6.70049 9.76339 1460560.0
230 0.02705 8.83432e-05 -1600.62 273.252 5.02697 5.02898 6.42737 9.41299 1459360.0
229 0.02715 8.83433e-05 -1600.62 273.251 5.02696 5.02889 6.33653 9.23617 1458680.0
228 0.02725 8.83427e-05 -1600.62 273.248 5.02686 5.02878 6.20366 9.0618 1457940.0
227 0.02735 8.83436e-05 -1600.63 273.241 5.02679 5.02862 5.91707 8.62315 1456640.0
226 0.02745 8.83429e-05 -1600.63 273.237 5.02668 5.02849 5.72144 8.40703 1455880.0
225 0.02755 8.83429e-05 -1600.63 273.228 5.02652 5.02822 5.42624 7.96763 1454420.0
224 0.02765 8.83436e-05 -1600.63 273.229 5.02656 5.02828 5.2778 7.74095 1453900.0
223 0.02775 8.83424e-05 -1600.63 273.224 5.02642 5.02798 5.10493 7.42539 1452970.0
222 0.02785 8.83432e-05 -1600.63 273.222 5.02641 5.02795 5.03644 7.28682 1452460.0
221 0.02795 8.83425e-05 -1600.63 273.217 5.02628 5.02776 4.84536 7.03294 1451700.0
220 0.02805 8.83431e-05 -1600.63 273.216 5.02629 5.0277 4.72023 6.80509 1450900.0
219 0.02815 8.83434e-05 -1600.63 273.209 5.0262 5.02753 4.4989 6.46415 1450070.0
218 0.02825 8.83417e-05 -1600.63 273.202 5.02597 5.02729 4.33998 6.25281 1449230.0
217 0.02835 8.83435e-05 -1600.64 273.207 5.02615 5.02761 4.31674 6.22178 1449110.0
216 0.02845 8.83425e-05 -1600.63 273.201 5.02598 5.02738 4.07312 5.87327 1447990.0
215 0.02855 8.83424e-05 -1600.63 273.197 5.02591 5.02735 4.0184 5.77033 1447600.0
214 0.02865 8.83426e-05 -1600.63 273.195 5.02589 5.0272 3.87008 5.54212 1446880.0
213 0.02875 8.83428e-05 -1600.64 273.192 5.02585 5.02712 3.7201 5.37873 1446140.0
212 0.02885 8.83431e-05 -1600.63 273.19 5.02583 5.02711 3.71018 5.28417 1445960.0
211 0.02895 8.83419e-05 -1600.64 273.186 5.02568 5.02682 3.56602 5.13961 1445180.0
210 0.02905 8.8344e-05 -1600.64 273.186 5.0258 5.02696 3.42109 4.92846 1444650.0
209 0.02915 8.83417e-05 -1600.64 273.182 5.02559 5.02661 3.32923 4.74762 1443990.0
208 0.02925 8.83423e-05 -1600.64 273.181 5.02561 5.02659 3.26434 4.68326 1443720.0
207 0.02935 8.8342e-05 -1600.64 273.179 5.02556 5.02648 3.16819 4.52706 1443250.0
206 0.02945 8.83432e-05 -1600.64 273.177 5.02558 5.02656 3.15147 4.4962 1443030.0
205 0.02955 8.83414e-05 -1600.64 273.174 5.02543 5.0263 3.01064 4.28242 1442460.0
204 0.02965 8.8343e-05 -1600.64 273.173 5.02551 5.02643 2.89045 4.09008 1441900.0
203 0.02975 8.83422e-05 -1600.64 273.167 5.02535 5.02616 2.79998 3.96403 1441350.0
202 0.02985 8.83424e-05 -1600.64 273.166 5.02535 5.02605 2.63552 3.78226 1440750.0
201 0.02995 8.83426e-05 -1600.64 273.164 5.02532 5.02604 2.62124 3.74731 1440500.0
200 0.03005 8.83421e-05 -1600.64 273.163 5.02528 5.02587 2.52454 3.62898 1440090.0
199 0.03015 8.83417e-05 -1600.65 273.159 5.02518 5.02563 2.39045 3.43885 1439450.0
198 0.03025 8.83419e-05 -1600.64 273.16 5.0252 5.02569 2.32499 3.36721 1439150.0
197 0.03035 8.83424e-05 -1600.64 273.155 5.02513 5.02568 2.28072 3.35039 1438890.0
196 0.03045 8.83416e-05 -1600.64 273.155 5.02509 5.02564 2.22463 3.28884 1438610.0
195 0.03055 8.83423e-05 -1600.65 273.157 5.02517 5.02574 2.19821 3.23962 1438490.0
194 0.03065 8.83421e-05 -1600.64 273.154 5.0251 5.02564 2.10226 3.07026 1438100.0
193 0.03075 8.83423e-05 -1600.64 273.152 5.02507 5.0256 2.0186 2.94826 1437730.0
192 0.03085 8.83429e-05 -1600.64 273.151 5.02509 5.02561 1.99441 2.88412 1437490.0
191 0.03095 8.83418e-05 -1600.65 273.149 5.02499 5.02547 1.90001 2.75398 1437120.0
190 0.03105 8.83415e-05 -1600.65 273.148 5.02497 5.02535 1.85105 2.68791 1436860.0
189 0.03115 8.83423e-05 -1600.65 273.146 5.02497 5.02526 1.79783 2.57026 1436510.0
188 0.03125 8.83415e-05 -1600.65 273.148 5.02496 5.02529 1.80266 2.56277 1436470.0
187 0.03135 8.83428e-05 -1600.65 273.147 5.02501 5.02543 1.78316 2.54112 1436390.0
186 0.03145 8.83413e-05 -1600.65 273.145 5.0249 5.02522 1.72646 2.46198 1435940.0
185 0.03155 8.83419e-05 -1600.65 273.144 5.02491 5.02515 1.66505 2.3131 1435730.0
184 0.03165 8.83423e-05 -1600.65 273.142 5.02489 5.02517 1.60812 2.28503 1435530.0
183 0.03175 8.83414e-05 -1600.65 273.141 5.02482 5.02497 1.55922 2.18904 1435170.0
182 0.03185 8.83418e-05 -1600.65 273.139 5.02481 5.025 1.51827 2.08385 1435070.0
181 0.03195 8.83426e-05 -1600.65 273.138 5.02484 5.02491 1.43477 1.97727 1434590.0
180 0.03205 8.83411e-05 -1600.65 273.136 5.02471 5.02479 1.43023 1.95812 1434490.0
179 0.03215 8.83418e-05 -1600.65 273.138 5.02478 5.02489 1.36674 1.8663 1434340.0
178 0.03225 8.83418e-05 -1600.65 273.135 5.02474 5.02479 1.37591 1.83795 1434120.0
177 0.03235 8.83428e-05 -1600.65 273.135 5.02479 5.02484 1.35651 1.79603 1434040.0
176 0.03245 8.83412e-05 -1600.65 273.134 5.02469 5.02472 1.33286 1.73839 1433800.0
175 0.03255 8.83412e-05 -1600.65 273.135 5.0247 5.02481 1.33669 1.75333 1433820.0
174 0.03265 8.83422e-05 -1600.65 273.134 5.02474 5.02481 1.24476 1.64635 1433410.0
173 0.03275 8.83418e-05 -1600.65 273.132 5.02469 5.02465 1.23581 1.62195 1433330.0
172 0.03285 8.83426e-05 -1600.65 273.134 5.02477 5.02475 1.1925 1.58241 1433220.0
171 0.03295 8.83414e-05 -1600.65 273.128 5.02458 5.02447 1.19741 1.52129 1432990.0
170 0.03305 8.8342e-05 -1600.65 273.132 5.0247 5.02467 1.17656 1.54867 1432950.0
169 0.03315 8.83418e-05 -1600.65 273.131 5.02466 5.02459 1.1726 1.55851 1432930.0
168 0.03325 8.83421e-05 -1600.65 273.129 5.02465 5.02466 1.13341 1.50311 1432710.0
167 0.03335 8.83418e-05 -1600.65 273.13 5.02465 5.0246 1.09242 1.44065 1432570.0
166 0.03345 8.83416e-05 -1600.65 273.126 5.02456 5.02446 0.998597 1.32897 1432160.0
165 0.03355 8.83424e-05 -1600.65 273.126 5.02461 5.02448 0.985279 1.27694 1432120.0
164 0.03365 8.83414e-05 -1600.65 273.126 5.02455 5.02441 0.971574 1.26094 1432030.0
163 0.03375 8.83423e-05 -1600.65 273.127 5.02461 5.02446 0.970375 1.27982 1432000.0
162 0.03385 8.83416e-05 -1600.65 273.127 5.02457 5.02444 0.976269 1.26335 1432050.0
161 0.03395 8.83418e-05 -1600.65 273.127 5.02459 5.02438 0.954073 1.20246 1431890.0
160 0.03405 8.83421e-05 -1600.65 273.127 5.02461 5.02437 0.976536 1.21407 1431840.0
159 0.03415 8.83417e-05 -1600.65 273.126 5.02456 5.02435 0.905109 1.16692 1431660.0
158 0.03425 8.83415e-05 -1600.65 273.125 5.02454 5.02427 0.892614 1.13353 1431460.0
157 0.03435 8.83421e-05 -1600.65 273.124 5.02456 5.02434 0.838453 1.08277 1431370.0
156 0.03445 8.83415e-05 -1600.65 273.123 5.0245 5.02426 0.809111 1.06048 1431230.0
155 0.03455 8.83413e-05 -1600.65 273.124 5.0245 5.02414 0.788548 1.03327 1431090.0
154 0.03465 8.83419e-05 -1600.65 273.122 5.0245 5.02417 0.749039 0.951182 1430950.0
153 0.03475 8.83411e-05 -1600.66 273.119 5.0244 5.02395 0.712021 0.898888 1430770.0
152 0.03485 8.83415e-05 -1600.66 273.12 5.02445 5.024 0.629018 0.806018 1430540.0
151 0.03495 8.83409e-05 -1600.66 273.119 5.02439 5.02384 0.619901 0.774125 1430450.0
150 0.03505 8.83414e-05 -1600.66 273.118 5.0244 5.0238 0.593546 0.767675 1430290.0
149 0.03515 8.83411e-05 -1600.66 273.117 5.02438 5.02389 0.60347 0.789399 1430320.0
148 0.03525 8.83409e-05 -1600.66 273.119 5.02439 5.02378 0.58301 0.759684 1430210.0
147 0.03535 8.83417e-05 -1600.66 273.118 5.02441 5.02386 0.586195 0.737798 1430180.0
146 0.03545 8.83411e-05 -1600.66 273.116 5.02435 5.02369 0.617113 0.784429 1430140.0
145 0.03555 8.8341e-05 -1600.66 273.118 5.02439 5.02371 0.614435 0.752943 1430200.0
144 0.03565 8.83406e-05 -1600.66 273.118 5.02435 5.02358 0.566397 0.65881 1429950.0
143 0.03575 8.83417e-05 -1600.66 273.118 5.02441 5.02365 0.605349 0.686968 1430010.0
142 0.03585 8.83406e-05 -1600.66 273.117 5.02434 5.02355 0.567966 0.67827 1429920.0
141 0.03595 8.83413e-05 -1600.66 273.116 5.02436 5.02366 0.572766 0.647879 1429850.0
140 0.03605 8.83412e-05 -1600.66 273.117 5.02438 5.02371 0.531852 0.611412 1429820.0
139 0.03615 8.83404e-05 -1600.66 273.116 5.02432 5.02359 0.538098 0.619065 1429700.0
138 0.03625 8.83408e-05 -1600.66 273.115 5.02432 5.02357 0.516124 0.603081 1429560.0
137 0.03635 8.83404e-05 -1600.66 273.118 5.02434 5.02365 0.563353 0.670903 1429650.0
136 0.03645 8.83405e-05 -1600.66 273.116 5.02432 5.02371 0.529938 0.59865 1429630.0
135 0.03655 8.83409e-05 -1600.66 273.114 5.0243 5.02364 0.504279 0.606343 1429490.0
134 0.03665 8.83404e-05 -1600.66 273.116 5.02431 5.02361 0.489923 0.568546 1429360.0
133 0.03675 8.83406e-05 -1600.66 273.113 5.02427 5.02358 0.478369 0.546931 1429320.0
132 0.03685 8.83407e-05 -1600.66 273.116 5.02433 5.02361 0.527628 0.602306 1429370.0
131 0.03695 8.83408e-05 -1600.66 273.115 5.02431 5.0236 0.513846 0.572657 1429290.0
130 0.03705 8.83417e-05 -1600.66 273.117 5.0244 5.02374 0.4693 0.519332 1429300.0
129 0.03715 8.83403e-05 -1600.66 273.113 5.02425 5.02353 0.476573 0.528792 1429180.0
128 0.03725 8.83407e-05 -1600.66 273.115 5.02431 5.02368 0.476323 0.538111 1429210.0
127 0.03735 8.83409e-05 -1600.66 273.116 5.02434 5.02363 0.46626 0.495097 1429180.0
126 0.03745 8.83407e-05 -1600.66 273.113 5.02428 5.02359 0.445685 0.47647 1429080.0
125 0.03755 8.8341e-05 -1600.66 273.113 5.02429 5.02366 0.40323 0.414765 1429050.0
124 0.03765 8.83415e-05 -1600.66 273.114 5.02434 5.02372 0.402522 0.43369 1429070.0
123 0.03775 8.83406e-05 -1600.66 273.115 5.0243 5.02366 0.414699 0.456389 1429000.0
122 0.03785 8.8341e-05 -1600.65 273.112 5.02427 5.02366 0.433464 0.446723 1429030.0
121 0.03795 8.83409e-05 -1600.66 273.115 5.02432 5.02364 0.444449 0.466652 1429010.0
120 0.03805 8.8341e-05 -1600.66 273.118 5.02438 5.0237 0.430291 0.410953 1428980.0
119 0.03815 8.83411e-05 -1600.66 273.114 5.0243 5.0236 0.416196 0.377434 1428850.0
118 0.03825 8.83407e-05 -1600.66 273.114 5.0243 5.02358 0.403025 0.377625 1428820.0
117 0.03835 8.83409e-05 -1600.66 273.114 5.02431 5.0236 0.419001 0.398628 1428850.0
116 0.03845 8.83413e-05 -1600.66 273.114 5.02432 5.02365 0.40578 0.388044 1428820.0
115 0.03855 8.8341e-05 -1600.66 273.115 5.02433 5.02366 0.436382 0.412171 1428870.0
114 0.03865 8.83403e-05 -1600.65 273.116 5.02431 5.02365 0.466846 0.439264 1428960.0
113 0.03875 8.83412e-05 -1600.66 273.115 5.02434 5.0237 0.446897 0.437121 1428860.0
112 0.03885 8.8341e-05 -1600.66 273.113 5.02429 5.0236 0.418263 0.402339 1428790.0
111 0.03895 8.8341e-05 -1600.66 273.114 5.02431 5.02371 0.412451 0.391372 1428780.0
110 0.03905 8.8341e-05 -1600.65 273.113 5.0243 5.02365 0.399529 0.390244 1428720.0
109 0.03915 8.83414e-05 -1600.66 273.115 5.02434 5.02379 0.419919 0.430881 1428800.0
108 0.03925 8.83416e-05 -1600.66 273.115 5.02436 5.02374 0.42519 0.474198 1428810.0
107 0.03935 8.83423e-05 -1600.66 273.115 5.0244 5.02378 0.429083 0.475173 1428810.0
106 0.03945 8.83404e-05 -1600.66 273.114 5.02427 5.02363 0.465488 0.515473 1428810.0
105 0.03955 8.83418e-05 -1600.66 273.117 5.0244 5.02388 0.426749 0.455097 1428860.0
104 0.03965 8.83419e-05 -1600.65 273.114 5.02435 5.02368 0.412948 0.411387 1428650.0
103 0.03975 8.83413e-05 -1600.66 273.115 5.02434 5.0237 0.401563 0.402598 1428610.0
102 0.03985 8.83416e-05 -1600.66 273.114 5.02433 5.02372 0.413341 0.417043 1428600.0
101 0.03995 8.83425e-05 -1600.66 273.114 5.02438 5.02368 0.406332 0.452379 1428560.0
100 0.04005 8.83414e-05 -1600.66 273.116 5.02436 5.02375 0.413462 0.451453 1428600.0
99 0.04015 8.8341e-05 -1600.66 273.115 5.02433 5.02368 0.39916 0.439322 1428590.0
98 0.04025 8.83417e-05 -1600.65 273.115 5.02437 5.02381 0.39916 0.428684 1428610.0
97 0.04035 8.83417e-05 -1600.66 273.115 5.02436 5.02375 0.408574 0.437617 1428590.0
96 0.04045 8.83412e-05 -1600.66 273.114 5.02431 5.02368 0.39248 0.400476 1428570.0
95 0.04055 8.83421e-05 -1600.65 273.114 5.02437 5.02375 0.393346 0.391143 1428520.0
94 0.04065 8.8341e-05 -1600.65 273.115 5.02432 5.0237 0.372839 0.395456 1428470.0
93 0.04075 8.83414e-05 -1600.66 273.114 5.02433 5.02366 0.400252 0.403308 1428470.0
92 0.04085 8.8341e-05 -1600.65 273.115 5.02432 5.0237 0.378222 0.397988 1428450.0
91 0.04095 8.83418e-05 -1600.66 273.117 5.0244 5.02385 0.382881 0.392712 1428490.0
90 0.04105 8.83412e-05 -1600.65 273.114 5.02433 5.02372 0.38198 0.386642 1428420.0
89 0.04115 8.8341e-05 -1600.65 273.114 5.0243 5.02371 0.381725 0.386225 1428420.0
88 0.04125 8.83413e-05 -1600.66 273.115 5.02434 5.02381 0.367154 0.362998 1428420.0
87 0.04135 8.83413e-05 -1600.65 273.113 5.02431 5.02368 0.343494 0.352645 1428330.0
86 0.04145 8.83425e-05 -1600.66 273.113 5.02437 5.02375 0.346927 0.356647 1428330.0
85 0.04155 8.83401e-05 -1600.65 273.115 5.02428 5.02364 0.37419 0.413553 1428310.0
84 0.04165 8.83413e-05 -1600.65 273.113 5.02431 5.02377 0.413481 0.433464 1428390.0
83 0.04175 8.83414e-05 -1600.66 273.116 5.02436 5.02382 0.379656 0.421156 1428370.0
82 0.04185 8.83415e-05 -1600.65 273.114 5.02433 5.02381 0.406088 0.491531 1428380.0
81 0.04195 8.8341e-05 -1600.65 273.114 5.02431 5.02378 0.379229 0.405099 1428290.0
80 0.04205 8.83411e-05 -1600.65 273.116 5.02435 5.02386 0.362385 0.437458 1428330.0
79 0.04215 8.83412e-05 -1600.65 273.115 5.02432 5.02382 0.398079 0.492878 1428370.0
78 0.04225 8.8342e-05 -1600.65 273.117 5.02441 5.02398 0.392784 0.508408 1428390.0
77 0.04235 8.8341e-05 -1600.65 273.115 5.02433 5.024 0.433817 0.545161 1428420.0
76 0.04245 8.83415e-05 -1600.65 273.114 5.02433 5.02394 0.412045 0.57504 1428410.0
75 0.04255 8.83408e-05 -1600.65 273.117 5.02436 5.02397 0.429384 0.57174 1428420.0
74 0.04265 8.83416e-05 -1600.65 273.117 5.02439 5.02395 0.436078 0.580637 1428390.0
73 0.04275 8.83413e-05 -1600.65 273.117 5.02438 5.024 0.440074 0.619836 1428410.0
72 0.04285 8.83419e-05 -1600.65 273.116 5.0244 5.02411 0.481302 0.65893 1428460.0
71 0.04295 8.83411e-05 -1600.65 273.118 5.02438 5.02424 0.461376 0.690228 1428520.0
70 0.04305 8.83421e-05 -1600.65 273.118 5.02445 5.02428 0.486826 0.726347 1428520.0
69 0.04315 8.83419e-05 -1600.65 273.118 5.02443 5.02429 0.453902 0.708214 1428520.0
68 0.04325 8.83417e-05 -1600.65 273.118 5.02443 5.0243 0.44942 0.71873 1428510.0
67 0.04335 8.83415e-05 -1600.65 273.119 5.02443 5.0242 0.464851 0.725413 1428510.0
66 0.04345 8.83411e-05 -1600.65 273.117 5.02437 5.02427 0.476526 0.744295 1428500.0
65 0.04355 8.8342e-05 -1600.65 273.121 5.02448 5.02441 0.463109 0.727446 1428550.0
64 0.04365 8.83411e-05 -1600.65 273.116 5.02434 5.02421 0.469412 0.722234 1428460.0
63 0.04375 8.83421e-05 -1600.65 273.12 5.02448 5.0244 0.475877 0.728783 1428540.0
62 0.04385 8.83414e-05 -1600.65 273.118 5.02439 5.02431 0.473966 0.730592 1428490.0
61 0.04395 8.83416e-05 -1600.65 273.119 5.02443 5.02441 0.447675 0.705292 1428500.0
60 0.04405 8.8342e-05 -1600.65 273.119 5.02446 5.02447 0.457076 0.714288 1428500.0
59 0.04415 8.83413e-05 -1600.65 273.118 5.02441 5.02437 0.458698 0.710286 1428460.0
58 0.04425 8.83416e-05 -1600.65 273.118 5.02442 5.02443 0.458397 0.720122 1428480.0
57 0.04435 8.83417e-05 -1600.65 273.117 5.0244 5.02442 0.451042 0.695795 1428450.0
56 0.04445 8.83409e-05 -1600.65 273.12 5.02441 5.02438 0.448733 0.706579 1428420.0
55 0.04455 8.83421e-05 -1600.65 273.119 5.02446 5.02444 0.444962 0.674206 1428420.0
54 0.04465 8.8341e-05 -1600.65 273.117 5.02436 5.02445 0.450818 0.737698 1428460.0
53 0.04475 8.83424e-05 -1600.65 273.12 5.0245 5.02452 0.460396 0.739388 1428450.0
52 0.04485 8.83413e-05 -1600.65 273.116 5.02436 5.02441 0.459582 0.763053 1428390.0
51 0.04495 8.83417e-05 -1600.65 273.118 5.02443 5.02447 0.464155 0.785038 1428410.0
50 0.04505 8.83429e-05 -1600.65 273.122 5.02455 5.0246 0.460902 0.789014 1428490.0
49 0.04515 8.83412e-05 -1600.65 273.118 5.0244 5.02445 0.478606 0.814785 1428420.0
48 0.04525 8.83422e-05 -1600.65 273.118 5.02445 5.02446 0.46764 0.818253 1428390.0
47 0.04535 8.83419e-05 -1600.65 273.119 5.02444 5.02445 0.46782 0.793308 1428410.0
46 0.04545 8.83422e-05 -1600.65 273.119 5.02447 5.02456 0.462473 0.804225 1428390.0
45 0.04555 8.83415e-05 -1600.65 273.118 5.02441 5.02445 0.468073 0.824067 1428330.0
44 0.04565 8.83423e-05 -1600.65 273.12 5.02448 5.02453 0.44443 0.794243 1428350.0
43 0.04575 8.83414e-05 -1600.65 273.119 5.02442 5.02451 0.441627 0.789168 1428360.0
42 0.04585 8.83418e-05 -1600.65 273.118 5.02442 5.02443 0.443391 0.816428 1428310.0
41 0.04595 8.83421e-05 -1600.65 273.117 5.02443 5.02454 0.448379 0.803635 1428360.0
40 0.04605 8.83419e-05 -1600.65 273.116 5.0244 5.0244 0.431615 0.791822 1428250.0
39 0.04615 8.83418e-05 -1600.65 273.119 5.02445 5.02439 0.424111 0.786225 1428230.0
38 0.04625 8.8342e-05 -1600.65 273.117 5.02441 5.02431 0.41991 0.749611 1428170.0
37 0.04635 8.83422e-05 -1600.65 273.117 5.02443 5.02434 0.391712 0.732838 1428110.0
36 0.04645 8.83418e-05 -1600.65 273.117 5.02441 5.02432 0.385021 0.752786 1428100.0
35 0.04655 8.83421e-05 -1600.65 273.116 5.02441 5.02432 0.396741 0.759047 1428050.0
34 0.04665 8.8342e-05 -1600.65 273.117 5.02442 5.02429 0.388771 0.718238 1428050.0
33 0.04675 8.83412e-05 -1600.65 273.118 5.02439 5.0242 0.394642 0.765111 1428020.0
32 0.04685 8.83429e-05 -1600.65 273.116 5.02445 5.02422 0.403293 0.733087 1427990.0
31 0.04695 8.83411e-05 -1600.65 273.117 5.02436 5.0241 0.402241 0.730124 1427950.0
30 0.04705 8.8342e-05 -1600.65 273.118 5.02443 5.0242 0.407047 0.738898 1427980.0
29 0.04715 8.83417e-05 -1600.65 273.117 5.0244 5.02409 0.417106 0.752584 1427970.0
28 0.04725 8.8342e-05 -1600.65 273.119 5.02445 5.02414 0.391625 0.710813 1427970.0
27 0.04735 8.83419e-05 -1600.65 273.118 5.02443 5.02401 0.41132 0.74783 1427900.0
26 0.04745 8.83421e-05 -1600.65 273.118 5.02444 5.02415 0.429397 0.742946 1427940.0
25 0.04755 8.83418e-05 -1600.65 273.118 5.02442 5.02405 0.415458 0.743646 1427880.0
24 0.04765 8.83423e-05 -1600.65 273.117 5.02443 5.02402 0.396998 0.739694 1427850.0
23 0.04775 8.83416e-05 -1600.65 273.121 5.02446 5.02402 0.399239 0.736586 1427850.0
22 0.04785 8.83422e-05 -1600.65 273.117 5.02444 5.02399 0.406106 0.730497 1427820.0
21 0.04795 8.83417e-05 -1600.65 273.118 5.02443 5.02397 0.417408 0.74385 1427800.0
20 0.04805 8.83415e-05 -1600.65 273.118 5.0244 5.02399 0.417192 0.738414 1427790.0
19 0.04815 8.8342e-05 -1600.65 273.119 5.02446 5.02399 0.412228 0.697304 1427770.0
18 0.04825 8.83412e-05 -1600.65 273.119 5.0244 5.02383 0.443576 0.699696 1427670.0
17 0.04835 8.83423e-05 -1600.65 273.118 5.02446 5.02386 0.413092 0.674003 1427640.0
16 0.04845 8.83416e-05 -1600.65 273.117 5.0244 5.02379 0.377015 0.603651 1427590.0
15 0.04855 8.83415e-05 -1600.65 273.118 5.0244 5.02382 0.386529 0.603473 1427570.0
14 0.04865 8.8342e-05 -1600.65 273.117 5.02442 5.02382 0.367179 0.599814 1427520.0
13 0.04875 8.83415e-05 -1600.65 273.117 5.02439 5.0237 0.357535 0.572797 1427440.0
12 0.04885 8.83415e-05 -1600.65 273.113 5.02432 5.02366 0.324528 0.496101 1427380.0
11 0.04895 8.83421e-05 -1600.65 273.117 5.02442 5.02365 0.305265 0.475705 1427330.0
10 0.04905 8.83415e-05 -1600.65 273.114 5.02434 5.02356 0.296354 0.405605 1427250.0
9 0.04915 8.83415e-05 -1600.65 273.113 5.02432 5.02344 0.242377 0.304835 1427160.0
8 0.04925 8.83419e-05 -1600.66 273.114 5.02435 5.02347 0.250776 0.303891 1427090.0
7 0.04935 8.83414e-05 -1600.65 273.114 5.02434 5.0234 0.215044 0.239292 1427060.0
6 0.04945 8.83416e-05 -1600.66 273.11 5.02428 5.02329 0.213337 0.215246 1426920.0
5 0.04955 8.8342e-05 -1600.66 273.113 5.02434 5.02334 0.184522 0.172213 1426870.0
4 0.04965 8.83418e-05 -1600.66 273.113 5.02434 5.02334 0.162796 0.153038 1426820.0
3 0.04975 8.83408e-05 -1600.66 273.112 5.02425 5.02323 0.155119 0.125347 1426730.0
2 0.04985 8.83419e-05 -1600.66 273.111 5.0243 5.02327 0.139624 0.113419 1426670.0
1 0.04995 8.83415e-05 -1600.66 273.111 5.02427 5.02326 0.152288 0.134108 1426650.0
