TITLE = "DSMC"
VARIABLES = "ID" "X" "rho" "v1" "Ttrans" "p" "p1" "q1" "mv1v1v1" "mvvv1v1"
ZONE T="Ma=5.6", I=800, J=1, K=1, F=POINT
1 -0.04995 8.8342e-05 1723.78 273.105 5.0242 5.0228 -0.0712194 -0.153871 1426490.0
2 -0.04985 8.83417e-05 1723.78 273.103 5.02414 5.02279 -0.0819959 -0.170855 1426530.0
3 -0.04975 8.83417e-05 1723.78 273.104 5.02415 5.02279 -0.0953842 -0.171709 1426550.0
4 -0.04965 8.83418e-05 1723.78 273.106 5.02421 5.02282 -0.0884381 -0.184736 1426640.0
5 -0.04955 8.83413e-05 1723.78 273.104 5.02414 5.02281 -0.0967989 -0.159417 1426670.0
6 -0.04945 8.83416e-05 1723.78 273.106 5.0242 5.02285 -0.131144 -0.2404 1426740.0
7 -0.04935 8.83417e-05 1723.78 273.104 5.02415 5.02277 -0.123832 -0.215321 1426720.0
8 -0.04925 8.83422e-05 1723.78 273.107 5.02424 5.02298 -0.128708 -0.25356 1426830.0
9 -0.04915 8.83415e-05 1723.78 273.105 5.02417 5.02295 -0.122984 -0.227334 1426840.0
10 -0.04905 8.83415e-05 1723.78 273.104 5.02415 5.02289 -0.161921 -0.286865 1426850.0
11 -0.04895 8.83417e-05 1723.78 273.106 5.0242 5.02292 -0.175031 -0.317194 1426930.0
12 -0.04885 8.83427e-05 1723.78 273.107 5.02427 5.02301 -0.150389 -0.289562 1426990.0
13 -0.04875 8.83412e-05 1723.78 273.105 5.02416 5.02292 -0.169544 -0.303484 1426980.0
14 -0.04865 8.8342e-05 1723.78 273.107 5.02424 5.02299 -0.170295 -0.310452 1427050.0
15 -0.04855 8.83413e-05 1723.78 273.107 5.0242 5.02298 -0.218112 -0.364931 1427080.0
16 -0.04845 8.83423e-05 1723.78 273.109 5.02428 5.02312 -0.212973 -0.36228 1427170.0
17 -0.04835 8.83409e-05 1723.78 273.107 5.02416 5.02301 -0.215411 -0.393065 1427180.0
18 -0.04825 8.83422e-05 1723.78 273.11 5.02431 5.02319 -0.244292 -0.460509 1427290.0
19 -0.04815 8.83415e-05 1723.78 273.106 5.02419 5.02307 -0.257003 -0.451577 1427250.0
20 -0.04805 8.8342e-05 1723.78 273.11 5.02429 5.02315 -0.237893 -0.449603 1427300.0
21 -0.04795 8.8342e-05 1723.78 273.109 5.02426 5.02303 -0.240881 -0.456144 1427260.0
22 -0.04785 8.83423e-05 1723.78 273.11 5.02431 5.02322 -0.278311 -0.502617 1427360.0
23 -0.04775 8.83413e-05 1723.78 273.11 5.02425 5.0231 -0.27101 -0.499767 1427370.0
24 -0.04765 8.83421e-05 1723.78 273.108 5.02426 5.02316 -0.265366 -0.484596 1427390.0
25 -0.04755 8.83415e-05 1723.78 273.112 5.0243 5.02319 -0.286134 -0.522141 1427480.0
26 -0.04745 8.83422e-05 1723.77 273.11 5.0243 5.02327 -0.296033 -0.529868 1427510.0
27 -0.04735 8.83421e-05 1723.78 273.11 5.02429 5.02332 -0.304533 -0.565423 1427550.0
28 -0.04725 8.8342e-05 1723.78 273.11 5.02428 5.02336 -0.27542 -0.524715 1427580.0
29 -0.04715 8.83418e-05 1723.78 273.112 5.02431 5.02336 -0.308964 -0.5498 1427610.0
30 -0.04705 8.8342e-05 1723.78 273.111 5.02431 5.02346 -0.314834 -0.573166 1427660.0
31 -0.04695 8.8342e-05 1723.78 273.111 5.02432 5.02348 -0.339632 -0.581845 1427710.0
32 -0.04685 8.83421e-05 1723.77 273.112 5.02434 5.02348 -0.336565 -0.598899 1427750.0
33 -0.04675 8.83411e-05 1723.78 273.111 5.02425 5.0234 -0.328444 -0.562443 1427680.0
34 -0.04665 8.83419e-05 1723.78 273.113 5.02435 5.02357 -0.357439 -0.608889 1427800.0
35 -0.04655 8.8342e-05 1723.77 273.113 5.02434 5.02352 -0.373924 -0.626168 1427860.0
36 -0.04645 8.83423e-05 1723.78 273.111 5.02433 5.02361 -0.370277 -0.632684 1427910.0
37 -0.04635 8.83412e-05 1723.77 273.111 5.02426 5.0235 -0.356342 -0.61465 1427880.0
38 -0.04625 8.83421e-05 1723.77 273.112 5.02434 5.02361 -0.339442 -0.590158 1427910.0
39 -0.04615 8.83416e-05 1723.78 273.113 5.02432 5.02361 -0.338452 -0.590269 1427900.0
40 -0.04605 8.83423e-05 1723.77 273.112 5.02433 5.02365 -0.306752 -0.558523 1427960.0
41 -0.04595 8.83419e-05 1723.78 273.111 5.0243 5.02373 -0.349721 -0.611259 1428010.0
42 -0.04585 8.83408e-05 1723.77 273.113 5.02428 5.02368 -0.33038 -0.583965 1428050.0
43 -0.04575 8.83426e-05 1723.78 273.111 5.02435 5.02378 -0.344201 -0.60755 1428060.0
44 -0.04565 8.83417e-05 1723.78 273.113 5.02432 5.02366 -0.317277 -0.560101 1428030.0
45 -0.04555 8.83419e-05 1723.77 273.11 5.02428 5.02361 -0.313878 -0.529979 1428020.0
46 -0.04545 8.83416e-05 1723.78 273.112 5.0243 5.0236 -0.336066 -0.590669 1428030.0
47 -0.04535 8.83423e-05 1723.78 273.112 5.02435 5.0236 -0.341971 -0.561701 1428050.0
48 -0.04525 8.83413e-05 1723.78 273.11 5.02425 5.0235 -0.343673 -0.571665 1428050.0
49 -0.04515 8.83424e-05 1723.77 273.111 5.02433 5.02356 -0.326636 -0.527499 1428050.0
50 -0.04505 8.83412e-05 1723.78 273.111 5.02427 5.02346 -0.312558 -0.497981 1428020.0
51 -0.04495 8.83419e-05 1723.78 273.11 5.02428 5.02347 -0.368148 -0.553169 1428110.0
52 -0.04485 8.83423e-05 1723.78 273.115 5.0244 5.02362 -0.326903 -0.494533 1428120.0
53 -0.04475 8.83415e-05 1723.77 273.112 5.02429 5.02353 -0.348309 -0.494849 1428170.0
54 -0.04465 8.83422e-05 1723.78 273.112 5.02433 5.02356 -0.337647 -0.519483 1428170.0
55 -0.04455 8.83411e-05 1723.78 273.113 5.02429 5.02356 -0.332749 -0.488713 1428190.0
56 -0.04445 8.8342e-05 1723.77 273.111 5.0243 5.02358 -0.333536 -0.502714 1428200.0
57 -0.04435 8.8342e-05 1723.78 273.114 5.02436 5.02366 -0.325214 -0.503792 1428240.0
58 -0.04425 8.83414e-05 1723.78 273.112 5.02429 5.02354 -0.310218 -0.467856 1428200.0
59 -0.04415 8.83412e-05 1723.78 273.111 5.02426 5.02357 -0.347865 -0.518742 1428240.0
60 -0.04405 8.83419e-05 1723.78 273.113 5.02434 5.02374 -0.342767 -0.483107 1428370.0
61 -0.04395 8.83426e-05 1723.78 273.113 5.02438 5.02369 -0.347833 -0.534855 1428390.0
62 -0.04385 8.83412e-05 1723.77 273.11 5.02425 5.02354 -0.366691 -0.532077 1428330.0
63 -0.04375 8.83422e-05 1723.78 273.114 5.02438 5.02363 -0.343692 -0.526401 1428340.0
64 -0.04365 8.83417e-05 1723.78 273.113 5.02433 5.02364 -0.376591 -0.531249 1428410.0
65 -0.04355 8.83415e-05 1723.78 273.114 5.02433 5.02363 -0.374146 -0.534183 1428410.0
66 -0.04345 8.83423e-05 1723.78 273.115 5.02439 5.02375 -0.39099 -0.570671 1428530.0
67 -0.04335 8.83417e-05 1723.77 273.115 5.02436 5.02374 -0.414711 -0.603477 1428550.0
68 -0.04325 8.83415e-05 1723.78 273.115 5.02436 5.02379 -0.390345 -0.584318 1428510.0
69 -0.04315 8.83427e-05 1723.78 273.113 5.02439 5.02376 -0.414982 -0.629153 1428490.0
70 -0.04305 8.83419e-05 1723.77 273.115 5.02438 5.02377 -0.399342 -0.609453 1428540.0
71 -0.04295 8.83415e-05 1723.78 273.116 5.02438 5.02389 -0.431692 -0.630223 1428690.0
72 -0.04285 8.83418e-05 1723.78 273.114 5.02435 5.02387 -0.426647 -0.651906 1428640.0
73 -0.04275 8.83424e-05 1723.77 273.117 5.02443 5.02398 -0.421897 -0.643974 1428690.0
74 -0.04265 8.83423e-05 1723.77 273.114 5.02438 5.02392 -0.410914 -0.622259 1428630.0
75 -0.04255 8.83421e-05 1723.77 273.116 5.02441 5.02384 -0.409905 -0.590837 1428640.0
76 -0.04245 8.83428e-05 1723.77 273.114 5.02441 5.02389 -0.438608 -0.619059 1428700.0
77 -0.04235 8.83427e-05 1723.77 273.116 5.02444 5.02388 -0.419716 -0.558734 1428720.0
78 -0.04225 8.83413e-05 1723.78 273.116 5.02436 5.0238 -0.430437 -0.546856 1428730.0
79 -0.04215 8.83422e-05 1723.78 273.116 5.02441 5.02386 -0.440724 -0.583145 1428830.0
80 -0.04205 8.83422e-05 1723.77 273.113 5.02436 5.02381 -0.44775 -0.606019 1428780.0
81 -0.04195 8.8342e-05 1723.77 273.117 5.02442 5.02388 -0.463362 -0.624677 1428880.0
82 -0.04185 8.83427e-05 1723.77 273.117 5.02445 5.02393 -0.454416 -0.595155 1428870.0
83 -0.04175 8.83422e-05 1723.77 273.115 5.02438 5.02382 -0.432354 -0.600698 1428840.0
84 -0.04165 8.83424e-05 1723.77 273.114 5.02439 5.02383 -0.442685 -0.593136 1428870.0
85 -0.04155 8.8342e-05 1723.77 273.118 5.02443 5.02388 -0.46147 -0.651982 1429030.0
86 -0.04145 8.83417e-05 1723.77 273.115 5.02436 5.02379 -0.463018 -0.637441 1428980.0
87 -0.04135 8.83423e-05 1723.78 273.118 5.02445 5.02377 -0.458674 -0.651751 1429010.0
88 -0.04125 8.83421e-05 1723.78 273.113 5.02435 5.02379 -0.447902 -0.60773 1428970.0
89 -0.04115 8.8342e-05 1723.77 273.118 5.02444 5.02381 -0.463335 -0.646007 1429100.0
90 -0.04105 8.83426e-05 1723.77 273.113 5.02438 5.02376 -0.460191 -0.613311 1429010.0
91 -0.04095 8.83421e-05 1723.77 273.117 5.02443 5.02374 -0.42011 -0.575284 1429060.0
92 -0.04085 8.8342e-05 1723.77 273.115 5.02438 5.02383 -0.487018 -0.696789 1429230.0
93 -0.04075 8.8342e-05 1723.77 273.114 5.02437 5.0239 -0.454801 -0.642741 1429220.0
94 -0.04065 8.83431e-05 1723.77 273.119 5.02452 5.02405 -0.452157 -0.649089 1429220.0
95 -0.04055 8.83414e-05 1723.77 273.114 5.02433 5.0238 -0.44128 -0.665266 1429150.0
96 -0.04045 8.83431e-05 1723.77 273.115 5.02443 5.02394 -0.411354 -0.64348 1429150.0
97 -0.04035 8.83424e-05 1723.77 273.116 5.02442 5.02397 -0.42712 -0.666307 1429250.0
98 -0.04025 8.8343e-05 1723.77 273.113 5.0244 5.0239 -0.43546 -0.69947 1429250.0
99 -0.04015 8.83418e-05 1723.77 273.116 5.02439 5.0239 -0.425079 -0.706155 1429300.0
100 -0.04005 8.83429e-05 1723.77 273.114 5.02441 5.02387 -0.407366 -0.677172 1429260.0
101 -0.03995 8.83422e-05 1723.77 273.115 5.02439 5.02389 -0.381406 -0.627584 1429260.0
102 -0.03985 8.83421e-05 1723.77 273.112 5.02433 5.02383 -0.404213 -0.659845 1429330.0
103 -0.03975 8.83425e-05 1723.77 273.117 5.02445 5.02402 -0.423735 -0.688966 1429450.0
104 -0.03965 8.83414e-05 1723.77 273.113 5.02431 5.02382 -0.412784 -0.640247 1429310.0
105 -0.03955 8.83434e-05 1723.77 273.117 5.02449 5.024 -0.401395 -0.667478 1429470.0
106 -0.03945 8.83414e-05 1723.77 273.112 5.02429 5.0239 -0.443167 -0.672351 1429470.0
107 -0.03935 8.83419e-05 1723.77 273.119 5.02445 5.02407 -0.437522 -0.702669 1429650.0
108 -0.03925 8.83423e-05 1723.77 273.113 5.02436 5.02395 -0.439708 -0.675358 1429510.0
109 -0.03915 8.83417e-05 1723.77 273.117 5.0244 5.02392 -0.460959 -0.713556 1429600.0
110 -0.03905 8.83425e-05 1723.77 273.117 5.02445 5.02403 -0.458434 -0.744411 1429710.0
111 -0.03895 8.8342e-05 1723.77 273.115 5.02438 5.02397 -0.472252 -0.74882 1429710.0
112 -0.03885 8.83417e-05 1723.77 273.116 5.02438 5.02406 -0.465409 -0.738119 1429780.0
113 -0.03875 8.83419e-05 1723.77 273.117 5.02442 5.02406 -0.522022 -0.812831 1429970.0
114 -0.03865 8.83412e-05 1723.77 273.117 5.02437 5.02397 -0.495515 -0.758419 1429900.0
115 -0.03855 8.83431e-05 1723.77 273.118 5.0245 5.02408 -0.481178 -0.758297 1429890.0
116 -0.03845 8.8342e-05 1723.77 273.117 5.02441 5.02406 -0.523505 -0.776277 1430000.0
117 -0.03835 8.83421e-05 1723.77 273.119 5.02446 5.02417 -0.568151 -0.874459 1430270.0
118 -0.03825 8.83422e-05 1723.77 273.118 5.02445 5.02412 -0.531209 -0.820028 1430060.0
119 -0.03815 8.83419e-05 1723.77 273.116 5.0244 5.02417 -0.539689 -0.804744 1430210.0
120 -0.03805 8.83423e-05 1723.77 273.118 5.02444 5.02415 -0.533208 -0.825481 1430200.0
121 -0.03795 8.83421e-05 1723.77 273.119 5.02446 5.02422 -0.531004 -0.824949 1430280.0
122 -0.03785 8.83428e-05 1723.77 273.12 5.02452 5.02427 -0.567013 -0.889277 1430410.0
123 -0.03775 8.83416e-05 1723.77 273.117 5.0244 5.02419 -0.571459 -0.929725 1430360.0
124 -0.03765 8.83422e-05 1723.77 273.12 5.02449 5.02427 -0.605356 -0.985584 1430510.0
125 -0.03755 8.83428e-05 1723.77 273.123 5.02457 5.02431 -0.658801 -1.05422 1430760.0
126 -0.03745 8.83419e-05 1723.77 273.121 5.02449 5.02426 -0.612021 -0.993953 1430620.0
127 -0.03735 8.83416e-05 1723.77 273.121 5.02447 5.02425 -0.672771 -1.08095 1430800.0
128 -0.03725 8.83425e-05 1723.77 273.12 5.0245 5.02433 -0.64245 -1.05798 1430820.0
129 -0.03715 8.83425e-05 1723.77 273.121 5.02452 5.02433 -0.649999 -1.05845 1430870.0
130 -0.03705 8.83425e-05 1723.77 273.121 5.02452 5.02442 -0.687298 -1.11042 1431060.0
131 -0.03695 8.83424e-05 1723.77 273.124 5.02458 5.02455 -0.750357 -1.16229 1431340.0
132 -0.03685 8.83418e-05 1723.77 273.124 5.02453 5.02452 -0.767267 -1.17821 1431380.0
133 -0.03675 8.83429e-05 1723.77 273.121 5.02454 5.02457 -0.774149 -1.19327 1431440.0
134 -0.03665 8.8342e-05 1723.77 273.125 5.02457 5.02463 -0.81938 -1.24822 1431640.0
135 -0.03655 8.8342e-05 1723.77 273.125 5.02457 5.02468 -0.855223 -1.35844 1431870.0
136 -0.03645 8.83424e-05 1723.77 273.126 5.02461 5.02473 -0.869049 -1.37144 1431980.0
137 -0.03635 8.83426e-05 1723.77 273.123 5.02456 5.0247 -0.838529 -1.31282 1431880.0
138 -0.03625 8.83422e-05 1723.77 273.127 5.02461 5.02479 -0.886265 -1.42676 1432210.0
139 -0.03615 8.83425e-05 1723.77 273.126 5.02461 5.02483 -0.86767 -1.38134 1432210.0
140 -0.03605 8.83423e-05 1723.77 273.125 5.02458 5.0247 -0.850556 -1.36398 1432170.0
141 -0.03595 8.83416e-05 1723.77 273.125 5.02454 5.02472 -0.902671 -1.40815 1432380.0
142 -0.03585 8.83436e-05 1723.77 273.128 5.02472 5.02493 -1.00199 -1.54027 1432810.0
143 -0.03575 8.83415e-05 1723.77 273.129 5.02462 5.02481 -1.04653 -1.57314 1432910.0
144 -0.03565 8.83421e-05 1723.77 273.13 5.02465 5.02487 -1.04099 -1.58007 1432990.0
145 -0.03555 8.8342e-05 1723.77 273.131 5.02468 5.02489 -1.10117 -1.67402 1433200.0
146 -0.03545 8.83427e-05 1723.77 273.131 5.02471 5.02498 -1.04415 -1.60073 1433170.0
147 -0.03535 8.83409e-05 1723.77 273.13 5.0246 5.02488 -1.10777 -1.66372 1433310.0
148 -0.03525 8.83425e-05 1723.77 273.133 5.02474 5.02511 -1.07366 -1.66218 1433320.0
149 -0.03515 8.83418e-05 1723.76 273.128 5.0246 5.02496 -1.06518 -1.64209 1433220.0
150 -0.03505 8.83429e-05 1723.76 273.133 5.02476 5.0251 -1.12644 -1.74411 1433540.0
151 -0.03495 8.83421e-05 1723.77 273.133 5.02471 5.02505 -1.15343 -1.74724 1433690.0
152 -0.03485 8.83419e-05 1723.76 273.132 5.0247 5.02504 -1.20754 -1.8285 1433900.0
153 -0.03475 8.83428e-05 1723.76 273.135 5.02479 5.02518 -1.24731 -1.88272 1434150.0
154 -0.03465 8.83425e-05 1723.77 273.135 5.02478 5.02517 -1.3042 -1.9877 1434320.0
155 -0.03455 8.83423e-05 1723.76 273.138 5.02482 5.0252 -1.30723 -1.95453 1434470.0
156 -0.03445 8.83422e-05 1723.76 273.137 5.0248 5.02516 -1.35528 -2.02675 1434630.0
157 -0.03435 8.8342e-05 1723.76 273.136 5.02476 5.02515 -1.39233 -2.06177 1434810.0
158 -0.03425 8.83425e-05 1723.76 273.141 5.02489 5.02531 -1.45468 -2.15745 1435240.0
159 -0.03415 8.83422e-05 1723.77 273.139 5.02484 5.02526 -1.48263 -2.17704 1435280.0
160 -0.03405 8.83429e-05 1723.76 273.14 5.0249 5.02532 -1.4575 -2.20626 1435310.0
161 -0.03395 8.8342e-05 1723.76 273.14 5.02483 5.0253 -1.56632 -2.32683 1435670.0
162 -0.03385 8.83421e-05 1723.76 273.142 5.02488 5.02534 -1.56719 -2.35864 1435890.0
163 -0.03375 8.83427e-05 1723.77 273.142 5.02492 5.02536 -1.63271 -2.40273 1436150.0
164 -0.03365 8.83422e-05 1723.76 273.144 5.02493 5.0253 -1.67912 -2.47426 1436470.0
165 -0.03355 8.83421e-05 1723.76 273.146 5.02495 5.02537 -1.79312 -2.56774 1436840.0
166 -0.03345 8.83427e-05 1723.76 273.148 5.02502 5.0255 -1.76829 -2.60316 1436890.0
167 -0.03335 8.83425e-05 1723.76 273.145 5.02496 5.02544 -1.84191 -2.66857 1437340.0
168 -0.03325 8.83422e-05 1723.76 273.15 5.02504 5.02547 -1.96383 -2.7562 1437860.0
169 -0.03315 8.83421e-05 1723.76 273.151 5.02504 5.02542 -1.93002 -2.78268 1437680.0
170 -0.03305 8.83426e-05 1723.76 273.15 5.02506 5.02548 -1.9502 -2.86281 1437870.0
171 -0.03295 8.83424e-05 1723.76 273.15 5.02504 5.02546 -2.02073 -2.92836 1438290.0
172 -0.03285 8.8342e-05 1723.76 273.153 5.02509 5.02551 -2.13461 -3.07933 1438850.0
173 -0.03275 8.83425e-05 1723.76 273.154 5.02513 5.02562 -2.13629 -3.14233 1438980.0
174 -0.03265 8.83423e-05 1723.76 273.154 5.02511 5.02566 -2.17685 -3.24217 1439250.0
175 -0.03255 8.83421e-05 1723.76 273.155 5.02513 5.0257 -2.27136 -3.3833 1439690.0
176 -0.03245 8.83432e-05 1723.76 273.156 5.02521 5.0258 -2.25619 -3.37646 1439700.0
177 -0.03235 8.83417e-05 1723.76 273.157 5.02513 5.02583 -2.3546 -3.46848 1440150.0
178 -0.03225 8.83433e-05 1723.76 273.162 5.02533 5.02607 -2.44647 -3.57446 1440640.0
179 -0.03215 8.83421e-05 1723.76 273.161 5.02524 5.02595 -2.48321 -3.68709 1440870.0
180 -0.03205 8.83421e-05 1723.76 273.163 5.02527 5.02607 -2.63203 -3.90235 1441610.0
181 -0.03195 8.83431e-05 1723.76 273.164 5.02533 5.02614 -2.55392 -3.83678 1441380.0
182 -0.03185 8.83426e-05 1723.76 273.166 5.02535 5.02623 -2.65459 -4.00207 1441940.0
183 -0.03175 8.83422e-05 1723.76 273.17 5.02541 5.02621 -2.78351 -4.15169 1442590.0
184 -0.03165 8.8343e-05 1723.76 273.167 5.0254 5.02631 -2.80012 -4.17414 1442820.0
185 -0.03155 8.83427e-05 1723.76 273.17 5.02544 5.02628 -2.82458 -4.21982 1442990.0
186 -0.03145 8.83421e-05 1723.76 273.171 5.02542 5.02633 -2.95549 -4.33863 1443530.0
187 -0.03135 8.83429e-05 1723.75 273.178 5.02559 5.02662 -3.15372 -4.65727 1444590.0
188 -0.03125 8.83428e-05 1723.76 273.177 5.02557 5.02669 -3.23254 -4.75472 1444940.0
189 -0.03115 8.8343e-05 1723.75 273.181 5.02564 5.02671 -3.35692 -4.90393 1445400.0
190 -0.03105 8.83431e-05 1723.76 273.182 5.02567 5.02672 -3.37392 -4.95497 1445790.0
191 -0.03095 8.83422e-05 1723.75 273.184 5.02567 5.02668 -3.51218 -5.08926 1446370.0
192 -0.03085 8.83432e-05 1723.76 273.186 5.02576 5.02692 -3.5547 -5.22102 1446840.0
193 -0.03075 8.83437e-05 1723.75 273.188 5.02581 5.02695 -3.64587 -5.40718 1447370.0
194 -0.03065 8.83425e-05 1723.75 273.191 5.02581 5.02704 -3.79384 -5.62034 1448030.0
195 -0.03055 8.83435e-05 1723.75 273.196 5.02595 5.02722 -3.95257 -5.82785 1448860.0
196 -0.03045 8.83434e-05 1723.75 273.197 5.02598 5.02725 -4.10114 -6.01944 1449670.0
197 -0.03035 8.83438e-05 1723.75 273.199 5.02603 5.02734 -4.20422 -6.19339 1450250.0
198 -0.03025 8.83421e-05 1723.75 273.202 5.02598 5.02726 -4.18822 -6.15539 1450370.0
199 -0.03015 8.83439e-05 1723.75 273.199 5.02604 5.0274 -4.23166 -6.23823 1450680.0
200 -0.03005 8.83428e-05 1723.75 273.207 5.02611 5.02735 -4.47395 -6.46799 1451810.0
201 -0.02995 8.83433e-05 1723.75 273.208 5.02618 5.02758 -4.53976 -6.64365 1452320.0
202 -0.02985 8.83435e-05 1723.75 273.212 5.02625 5.02762 -4.64754 -6.83655 1452860.0
203 -0.02975 8.8343e-05 1723.75 273.216 5.0263 5.0278 -4.98703 -7.3019 1454380.0
204 -0.02965 8.83437e-05 1723.75 273.221 5.02643 5.02795 -5.14927 -7.5282 1455310.0
205 -0.02955 8.83435e-05 1723.75 273.225 5.02649 5.02811 -5.25745 -7.72108 1455940.0
206 -0.02945 8.83443e-05 1723.74 273.229 5.0266 5.0283 -5.45523 -8.00634 1456970.0
207 -0.02935 8.83434e-05 1723.74 273.234 5.02666 5.02849 -5.76434 -8.42418 1458250.0
208 -0.02925 8.83435e-05 1723.74 273.238 5.02674 5.02861 -5.84801 -8.64354 1458950.0
209 -0.02915 8.83446e-05 1723.74 273.242 5.02687 5.02877 -6.13625 -9.00211 1460160.0
210 -0.02905 8.83438e-05 1723.74 273.251 5.02698 5.02898 -6.45791 -9.44007 1461670.0
211 -0.02895 8.83435e-05 1723.74 273.254 5.02703 5.02901 -6.60441 -9.67941 1462600.0
212 -0.02885 8.83444e-05 1723.74 273.26 5.02718 5.02925 -6.85993 -10.0145 1463930.0
213 -0.02875 8.83442e-05 1723.74 273.263 5.02722 5.02943 -7.06614 -10.3147 1464940.0
214 -0.02865 8.8344e-05 1723.74 273.265 5.02724 5.02937 -7.1306 -10.4681 1465460.0
215 -0.02855 8.83448e-05 1723.74 273.267 5.02734 5.0296 -7.28121 -10.7943 1466460.0
216 -0.02845 8.83441e-05 1723.73 273.272 5.02739 5.02964 -7.51054 -11.1249 1467630.0
217 -0.02835 8.83443e-05 1723.73 273.279 5.02753 5.02992 -7.89641 -11.5474 1469380.0
218 -0.02825 8.83445e-05 1723.73 273.288 5.02771 5.03009 -8.11336 -11.8519 1470600.0
219 -0.02815 8.83446e-05 1723.73 273.288 5.0277 5.03013 -8.2862 -12.1476 1471550.0
220 -0.02805 8.83437e-05 1723.73 273.295 5.02778 5.03031 -8.45606 -12.3605 1472690.0
221 -0.02795 8.83445e-05 1723.73 273.296 5.02786 5.03031 -8.62597 -12.6437 1473620.0
222 -0.02785 8.83449e-05 1723.73 273.303 5.02801 5.03058 -9.04044 -13.2053 1475570.0
223 -0.02775 8.83445e-05 1723.73 273.311 5.02812 5.03075 -9.31999 -13.6254 1476950.0
224 -0.02765 8.83444e-05 1723.72 273.317 5.02822 5.03104 -9.60463 -14.1195 1478630.0
225 -0.02755 8.83443e-05 1723.73 273.328 5.02843 5.03138 -10.0498 -14.7853 1480730.0
226 -0.02745 8.83446e-05 1723.72 273.335 5.02858 5.03163 -10.4452 -15.3779 1482790.0
227 -0.02735 8.83445e-05 1723.72 273.341 5.02868 5.03172 -10.737 -15.7504 1484100.0
228 -0.02725 8.83446e-05 1723.72 273.349 5.02883 5.03201 -11.0071 -16.1949 1485880.0
229 -0.02715 8.83446e-05 1723.72 273.355 5.02895 5.03222 -11.387 -16.6923 1487770.0
230 -0.02705 8.83451e-05 1723.72 273.37 5.02925 5.03281 -11.9813 -17.5152 1490360.0
231 -0.02695 8.83452e-05 1723.71 273.38 5.02944 5.03312 -12.5279 -18.4006 1493110.0
232 -0.02685 8.8345e-05 1723.71 273.384 5.0295 5.03331 -12.6899 -18.6861 1494210.0
233 -0.02675 8.83453e-05 1723.71 273.392 5.02967 5.03352 -13.0558 -19.1923 1496280.0
234 -0.02665 8.83451e-05 1723.71 273.398 5.02976 5.03371 -13.3743 -19.7206 1498080.0
235 -0.02655 8.83453e-05 1723.71 273.41 5.03 5.03405 -13.8092 -20.4271 1500350.0
236 -0.02645 8.83462e-05 1723.7 273.42 5.03024 5.03454 -14.3191 -21.2447 1502940.0
237 -0.02635 8.83454e-05 1723.7 273.43 5.03037 5.03489 -14.8204 -22.0374 1505690.0
238 -0.02625 8.83461e-05 1723.7 273.441 5.03061 5.0352 -15.2544 -22.6594 1507990.0
239 -0.02615 8.83451e-05 1723.7 273.454 5.03078 5.03555 -15.9022 -23.5987 1511090.0
240 -0.02605 8.83457e-05 1723.69 273.464 5.03101 5.03587 -16.3049 -24.1569 1513320.0
241 -0.02595 8.83461e-05 1723.69 273.48 5.03132 5.03639 -17.0865 -25.1958 1517210.0
242 -0.02585 8.83463e-05 1723.69 273.493 5.03159 5.03687 -17.744 -26.0857 1520320.0
243 -0.02575 8.83462e-05 1723.69 273.503 5.03177 5.03718 -18.1879 -26.9283 1522960.0
244 -0.02565 8.83465e-05 1723.69 273.509 5.03188 5.03751 -18.594 -27.5098 1525080.0
245 -0.02555 8.83466e-05 1723.68 273.523 5.03215 5.03781 -19.0613 -28.2389 1527770.0
246 -0.02545 8.83464e-05 1723.68 273.541 5.03246 5.03844 -19.99 -29.5958 1532390.0
247 -0.02535 8.83471e-05 1723.68 273.548 5.03264 5.03868 -20.2545 -30.058 1534010.0
248 -0.02525 8.83466e-05 1723.67 273.563 5.03289 5.03914 -21.0698 -31.2231 1538130.0
249 -0.02515 8.83477e-05 1723.67 273.577 5.03321 5.0396 -21.5925 -32.0207 1541110.0
250 -0.02505 8.83473e-05 1723.67 273.594 5.03349 5.04009 -22.4085 -33.0925 1545000.0
251 -0.02495 8.83469e-05 1723.66 273.61 5.03376 5.04064 -23.1442 -34.2802 1548830.0
252 -0.02485 8.83479e-05 1723.66 273.632 5.03422 5.04143 -24.1322 -35.728 1553750.0
253 -0.02475 8.83474e-05 1723.65 273.651 5.03455 5.04211 -25.1057 -37.1336 1558420.0
254 -0.02465 8.8348e-05 1723.65 273.668 5.0349 5.04252 -25.8735 -38.213 1562680.0
255 -0.02455 8.83489e-05 1723.65 273.684 5.03524 5.04316 -26.588 -39.2888 1566330.0
256 -0.02445 8.83481e-05 1723.64 273.702 5.03553 5.04374 -27.4336 -40.6423 1570930.0
257 -0.02435 8.83483e-05 1723.64 273.725 5.03597 5.04441 -28.5178 -42.1879 1576450.0
258 -0.02425 8.83491e-05 1723.64 273.746 5.03638 5.04521 -29.4202 -43.5495 1581020.0
259 -0.02415 8.83495e-05 1723.63 273.765 5.03676 5.04588 -30.3802 -44.9445 1585990.0
260 -0.02405 8.83491e-05 1723.63 273.784 5.03709 5.04636 -31.1908 -46.283 1590380.0
261 -0.02395 8.83497e-05 1723.62 273.816 5.03772 5.04749 -32.7156 -48.4322 1597480.0
262 -0.02385 8.835e-05 1723.61 273.836 5.0381 5.04815 -33.6677 -49.8356 1602570.0
263 -0.02375 8.83502e-05 1723.61 273.857 5.03849 5.04878 -34.6495 -51.3111 1607720.0
264 -0.02365 8.83498e-05 1723.6 273.885 5.03898 5.04967 -35.939 -53.2835 1614510.0
265 -0.02355 8.83503e-05 1723.6 273.907 5.03942 5.05026 -36.9131 -54.6289 1619710.0
266 -0.02345 8.83515e-05 1723.6 273.936 5.04003 5.05132 -38.3543 -56.5778 1626620.0
267 -0.02335 8.83502e-05 1723.59 273.971 5.04059 5.05238 -39.8947 -58.9147 1634550.0
268 -0.02325 8.8352e-05 1723.58 273.999 5.04121 5.05334 -41.1965 -60.8319 1640960.0
269 -0.02315 8.83515e-05 1723.57 274.026 5.04169 5.05416 -42.4821 -62.832 1647890.0
270 -0.02305 8.83523e-05 1723.57 274.067 5.04248 5.05557 -44.399 -65.4995 1656990.0
271 -0.02295 8.83526e-05 1723.56 274.094 5.043 5.05636 -45.6375 -67.272 1663830.0
272 -0.02285 8.83529e-05 1723.56 274.126 5.04361 5.05748 -47.1718 -69.5864 1672020.0
273 -0.02275 8.83533e-05 1723.55 274.157 5.04419 5.0585 -48.5379 -71.6527 1679150.0
274 -0.02265 8.83541e-05 1723.54 274.199 5.04501 5.05986 -50.5094 -74.4098 1688980.0
275 -0.02255 8.83538e-05 1723.53 274.238 5.04572 5.06109 -52.3181 -77.0939 1697570.0
276 -0.02245 8.83545e-05 1723.52 274.272 5.04637 5.06231 -53.7953 -79.5814 1706030.0
277 -0.02235 8.83553e-05 1723.51 274.302 5.04697 5.06328 -55.2935 -81.8009 1713960.0
278 -0.02225 8.83556e-05 1723.51 274.347 5.04783 5.06468 -57.4074 -84.7444 1724610.0
279 -0.02215 8.83559e-05 1723.5 274.392 5.04867 5.06611 -59.3583 -87.6146 1734490.0
280 -0.02205 8.83566e-05 1723.49 274.437 5.04954 5.06763 -61.5068 -90.669 1745270.0
281 -0.02195 8.83575e-05 1723.48 274.478 5.05034 5.06891 -63.3338 -93.5367 1755080.0
282 -0.02185 8.83581e-05 1723.47 274.511 5.05097 5.07009 -64.9155 -96.1609 1764310.0
283 -0.02175 8.83581e-05 1723.46 274.562 5.05192 5.07178 -67.2746 -99.6172 1776030.0
284 -0.02165 8.83589e-05 1723.45 274.616 5.05296 5.0734 -69.7691 -103.075 1788290.0
285 -0.02155 8.83594e-05 1723.44 274.669 5.05396 5.07513 -72.2379 -106.738 1800940.0
286 -0.02145 8.83606e-05 1723.42 274.727 5.05509 5.07713 -74.9607 -110.655 1814640.0
287 -0.02135 8.83601e-05 1723.41 274.785 5.05615 5.07898 -77.452 -114.258 1827440.0
288 -0.02125 8.83607e-05 1723.4 274.852 5.0574 5.08116 -80.7412 -118.921 1843500.0
289 -0.02115 8.83629e-05 1723.39 274.901 5.05843 5.08283 -82.8899 -122.32 1855260.0
290 -0.02105 8.83624e-05 1723.37 274.958 5.05945 5.08479 -85.6119 -126.452 1869360.0
291 -0.02095 8.83633e-05 1723.36 275.035 5.06092 5.0873 -89.0789 -131.432 1886770.0
292 -0.02085 8.83639e-05 1723.35 275.08 5.06179 5.0888 -91.2976 -134.922 1899180.0
293 -0.02075 8.83642e-05 1723.34 275.139 5.06289 5.09074 -94.0648 -139.284 1913850.0
294 -0.02065 8.83651e-05 1723.32 275.214 5.06431 5.09313 -97.3742 -143.967 1930210.0
295 -0.02055 8.83658e-05 1723.3 275.303 5.066 5.09601 -101.577 -149.983 1950670.0
296 -0.02045 8.83673e-05 1723.29 275.381 5.06751 5.0986 -105.202 -155.465 1969480.0
297 -0.02035 8.83675e-05 1723.27 275.457 5.06892 5.10111 -108.648 -160.542 1986840.0
298 -0.02025 8.83682e-05 1723.25 275.541 5.07051 5.10401 -112.577 -166.65 2007320.0
299 -0.02015 8.83697e-05 1723.23 275.613 5.07193 5.10638 -115.857 -171.727 2024940.0
300 -0.02005 8.83697e-05 1723.21 275.696 5.07345 5.10903 -119.701 -177.429 2044670.0
301 -0.01995 8.83717e-05 1723.2 275.775 5.07502 5.11195 -123.511 -183.406 2065120.0
302 -0.01985 8.83725e-05 1723.18 275.881 5.07702 5.11528 -128.236 -190.182 2088580.0
303 -0.01975 8.83732e-05 1723.15 275.98 5.07888 5.11856 -132.922 -197.019 2112020.0
304 -0.01965 8.83744e-05 1723.13 276.09 5.08097 5.1221 -137.999 -204.306 2137000.0
305 -0.01955 8.83768e-05 1723.11 276.204 5.08321 5.12598 -143.353 -212.153 2164120.0
306 -0.01945 8.83758e-05 1723.08 276.311 5.08512 5.12924 -148.172 -219.309 2188580.0
307 -0.01935 8.8379e-05 1723.06 276.41 5.08713 5.13275 -152.814 -226.464 2213170.0
308 -0.01925 8.83794e-05 1723.03 276.529 5.08933 5.13678 -158.422 -235.014 2241440.0
309 -0.01915 8.83804e-05 1723.0 276.661 5.09182 5.14102 -164.358 -243.478 2270820.0
310 -0.01905 8.83834e-05 1722.98 276.786 5.0943 5.14543 -170.246 -252.397 2300780.0
311 -0.01895 8.83837e-05 1722.95 276.905 5.0965 5.14918 -175.787 -260.635 2329780.0
312 -0.01885 8.83852e-05 1722.92 277.029 5.09888 5.1532 -181.569 -269.141 2359620.0
313 -0.01875 8.83865e-05 1722.89 277.183 5.10178 5.15842 -188.51 -279.412 2393520.0
314 -0.01865 8.83882e-05 1722.86 277.326 5.10452 5.16293 -195.331 -289.344 2428830.0
315 -0.01855 8.83912e-05 1722.83 277.462 5.10719 5.16764 -201.539 -298.849 2461020.0
316 -0.01845 8.83908e-05 1722.79 277.63 5.11026 5.17297 -209.251 -310.084 2499040.0
317 -0.01835 8.83936e-05 1722.76 277.778 5.11316 5.17799 -216.402 -320.775 2536630.0
318 -0.01825 8.8395e-05 1722.72 277.943 5.11626 5.18335 -223.761 -331.674 2573750.0
319 -0.01815 8.83975e-05 1722.69 278.127 5.1198 5.18949 -232.381 -344.272 2616480.0
320 -0.01805 8.83997e-05 1722.65 278.304 5.12318 5.19534 -240.587 -356.447 2657690.0
321 -0.01795 8.8401e-05 1722.61 278.484 5.12657 5.20124 -248.861 -368.654 2699850.0
322 -0.01785 8.84041e-05 1722.56 278.693 5.1306 5.20823 -258.571 -382.867 2748110.0
323 -0.01775 8.84051e-05 1722.52 278.879 5.13407 5.21433 -267.265 -395.847 2793030.0
324 -0.01765 8.84081e-05 1722.48 279.09 5.13814 5.22156 -276.931 -410.318 2841530.0
325 -0.01755 8.84109e-05 1722.43 279.312 5.1424 5.22872 -287.239 -425.1 2892750.0
326 -0.01745 8.84133e-05 1722.38 279.534 5.14663 5.23613 -297.629 -440.698 2945900.0
327 -0.01735 8.84145e-05 1722.34 279.734 5.15037 5.24275 -306.786 -454.809 2993600.0
328 -0.01725 8.84188e-05 1722.28 279.99 5.15533 5.25128 -318.544 -471.848 3051740.0
329 -0.01715 8.84203e-05 1722.22 280.24 5.16002 5.25973 -330.268 -489.464 3111550.0
330 -0.01705 8.84239e-05 1722.17 280.518 5.16535 5.26887 -343.008 -507.675 3173890.0
331 -0.01695 8.84274e-05 1722.1 280.806 5.17087 5.27888 -356.283 -527.824 3239460.0
332 -0.01685 8.84302e-05 1722.04 281.078 5.17603 5.28786 -369.057 -546.884 3305030.0
333 -0.01675 8.84336e-05 1721.98 281.355 5.18134 5.2967 -381.785 -565.307 3369410.0
334 -0.01665 8.8436e-05 1721.92 281.623 5.18642 5.30605 -394.408 -585.159 3435500.0
335 -0.01655 8.84406e-05 1721.85 281.938 5.19248 5.31643 -408.821 -606.252 3507340.0
336 -0.01645 8.84438e-05 1721.78 282.288 5.19912 5.32813 -425.012 -630.079 3587680.0
337 -0.01635 8.84482e-05 1721.7 282.599 5.20511 5.33901 -439.44 -652.472 3661840.0
338 -0.01625 8.84515e-05 1721.62 282.968 5.21209 5.35113 -456.436 -677.305 3745910.0
339 -0.01615 8.84559e-05 1721.54 283.32 5.21884 5.36335 -472.809 -702.264 3828670.0
340 -0.01605 8.84591e-05 1721.47 283.677 5.2256 5.37494 -489.249 -726.551 3912800.0
341 -0.01595 8.84649e-05 1721.38 284.069 5.23316 5.38864 -507.442 -754.36 4004530.0
342 -0.01585 8.84688e-05 1721.28 284.496 5.24125 5.40287 -527.075 -783.059 4100790.0
343 -0.01575 8.84741e-05 1721.19 284.923 5.24944 5.41724 -546.825 -812.356 4199730.0
344 -0.01565 8.84784e-05 1721.09 285.349 5.25755 5.43145 -566.62 -841.859 4299850.0
345 -0.01555 8.84843e-05 1721.0 285.804 5.26628 5.44666 -587.691 -873.039 4405380.0
346 -0.01545 8.84892e-05 1720.89 286.305 5.27581 5.46337 -610.942 -907.034 4520470.0
347 -0.01535 8.84943e-05 1720.78 286.763 5.28456 5.4792 -631.943 -939.229 4626560.0
348 -0.01525 8.8501e-05 1720.67 287.256 5.29404 5.49626 -654.833 -974.11 4742740.0
349 -0.01515 8.8506e-05 1720.56 287.764 5.3037 5.51332 -678.308 -1009.24 4860210.0
350 -0.01505 8.85125e-05 1720.44 288.305 5.31407 5.53126 -703.213 -1045.91 4984710.0
351 -0.01495 8.85195e-05 1720.31 288.913 5.32569 5.55156 -731.372 -1087.07 5123690.0
352 -0.01485 8.85255e-05 1720.18 289.482 5.33654 5.57077 -757.706 -1126.55 5256160.0
353 -0.01475 8.85332e-05 1720.04 290.099 5.34838 5.59163 -786.284 -1169.29 5399330.0
354 -0.01465 8.85402e-05 1719.9 290.755 5.3609 5.61363 -816.376 -1213.61 5547200.0
355 -0.01455 8.85469e-05 1719.76 291.358 5.37241 5.63382 -844.175 -1255.86 5690570.0
356 -0.01445 8.8556e-05 1719.61 292.063 5.38598 5.65781 -876.853 -1304.2 5851920.0
357 -0.01435 8.85629e-05 1719.45 292.759 5.39923 5.68132 -909.04 -1352.63 6013830.0
358 -0.01425 8.85722e-05 1719.29 293.474 5.41299 5.70552 -941.879 -1401.86 6177710.0
359 -0.01415 8.85803e-05 1719.12 294.275 5.42825 5.73211 -978.884 -1455.91 6360750.0
360 -0.01405 8.85894e-05 1718.95 295.039 5.44291 5.75832 -1014.33 -1509.8 6539880.0
361 -0.01395 8.85988e-05 1718.76 295.877 5.45895 5.78692 -1052.94 -1567.45 6731160.0
362 -0.01385 8.86097e-05 1718.57 296.739 5.47553 5.81598 -1092.87 -1626.7 6929750.0
363 -0.01375 8.86187e-05 1718.37 297.624 5.49241 5.8456 -1133.68 -1687.15 7133460.0
364 -0.01365 8.86304e-05 1718.16 298.567 5.51054 5.87779 -1177.17 -1752.14 7348750.0
365 -0.01355 8.86403e-05 1717.95 299.508 5.52853 5.90938 -1220.42 -1816.56 7565060.0
366 -0.01345 8.86522e-05 1717.74 300.48 5.54722 5.94233 -1265.47 -1883.93 7790820.0
367 -0.01335 8.86633e-05 1717.5 301.53 5.56729 5.97785 -1313.79 -1955.83 8029510.0
368 -0.01325 8.86765e-05 1717.27 302.572 5.58736 6.01334 -1361.89 -2028.28 8270970.0
369 -0.01315 8.86892e-05 1717.01 303.715 5.60928 6.05226 -1414.42 -2106.59 8530120.0
370 -0.01305 8.87025e-05 1716.75 304.88 5.63164 6.09204 -1468.43 -2187.23 8797910.0
371 -0.01295 8.87167e-05 1716.48 306.105 5.65517 6.13356 -1524.6 -2270.67 9075340.0
372 -0.01285 8.87319e-05 1716.18 307.419 5.68042 6.17851 -1585.33 -2360.76 9373730.0
373 -0.01275 8.87472e-05 1715.89 308.725 5.70553 6.22242 -1645.24 -2449.06 9668190.0
374 -0.01265 8.87624e-05 1715.59 310.082 5.73159 6.26885 -1707.98 -2543.34 9980700.0
375 -0.01255 8.87793e-05 1715.26 311.519 5.75925 6.31816 -1774.05 -2641.7 10306000.0
376 -0.01245 8.87957e-05 1714.94 312.956 5.78689 6.36651 -1840.18 -2739.87 10634300.0
377 -0.01235 8.88151e-05 1714.6 314.507 5.81683 6.41942 -1911.42 -2845.74 10985900.0
378 -0.01225 8.88323e-05 1714.23 316.1 5.84743 6.47415 -1985.01 -2955.83 11349000.0
379 -0.01215 8.88521e-05 1713.87 317.746 5.87918 6.52998 -2060.39 -3067.86 11721500.0
380 -0.01205 8.8872e-05 1713.48 319.469 5.91239 6.58941 -2139.73 -3186.74 12112600.0
381 -0.01195 8.88931e-05 1713.08 321.252 5.9468 6.65021 -2221.59 -3308.52 12515200.0
382 -0.01185 8.89156e-05 1712.65 323.142 5.98331 6.71499 -2308.53 -3437.83 12943100.0
383 -0.01175 8.89368e-05 1712.22 325.069 6.02042 6.78115 -2396.9 -3570.5 13378900.0
384 -0.01165 8.89616e-05 1711.76 327.107 6.05986 6.85124 -2490.5 -3709.91 13837700.0
385 -0.01155 8.89855e-05 1711.3 329.148 6.09931 6.92048 -2584.14 -3849.49 14302600.0
386 -0.01145 8.90121e-05 1710.8 331.36 6.14213 6.99723 -2685.91 -4001.84 14801000.0
387 -0.01135 8.90379e-05 1710.29 333.584 6.18515 7.07322 -2787.73 -4153.8 15303200.0
388 -0.01125 8.90644e-05 1709.77 335.901 6.22997 7.15257 -2893.74 -4312.25 15825500.0
389 -0.01115 8.90945e-05 1709.21 338.387 6.27818 7.23816 -3007.71 -4481.77 16383700.0
390 -0.01105 8.91237e-05 1708.64 340.898 6.32684 7.32429 -3122.76 -4653.16 16949000.0
391 -0.01095 8.91563e-05 1708.02 343.652 6.3803 7.41855 -3249.12 -4838.77 17561400.0
392 -0.01085 8.91891e-05 1707.39 346.431 6.43426 7.51489 -3375.92 -5028.35 18180600.0
393 -0.01075 8.92241e-05 1706.73 349.349 6.49099 7.61601 -3509.37 -5226.92 18829400.0
394 -0.01065 8.92596e-05 1706.05 352.329 6.54898 7.71916 -3645.97 -5430.75 19499100.0
395 -0.01055 8.92956e-05 1705.35 355.393 6.60859 7.82579 -3785.74 -5640.4 20183800.0
396 -0.01045 8.93341e-05 1704.63 358.531 6.66982 7.93471 -3928.72 -5854.73 20885000.0
397 -0.01035 8.93753e-05 1703.84 362.005 6.73755 8.05533 -4087.23 -6089.61 21651600.0
398 -0.01025 8.94183e-05 1703.02 365.561 6.80701 8.17983 -4249.35 -6332.52 22439900.0
399 -0.01015 8.94623e-05 1702.19 369.204 6.87822 8.30585 -4415.68 -6579.22 23250100.0
400 -0.01005 8.95077e-05 1701.32 373.012 6.95268 8.43701 -4588.36 -6834.11 24086900.0
401 -0.00995 8.95536e-05 1700.43 376.863 7.02807 8.57312 -4763.96 -7100.26 24947100.0
402 -0.00985 8.96056e-05 1699.47 381.067 7.11059 8.71913 -4955.27 -7382.97 25871900.0
403 -0.00975 8.96563e-05 1698.49 385.329 7.19419 8.86795 -5148.77 -7671.05 26810300.0
404 -0.00965 8.9712e-05 1697.47 389.795 7.2821 9.0241 -5351.28 -7972.46 27789700.0
405 -0.00955 8.97664e-05 1696.4 394.425 7.37307 9.18539 -5561.41 -8284.22 28808200.0
406 -0.00945 8.98265e-05 1695.29 399.243 7.46813 9.35412 -5779.68 -8608.2 29862900.0
407 -0.00935 8.98871e-05 1694.13 404.252 7.56693 9.53061 -6006.27 -8947.12 30960600.0
408 -0.00925 8.99525e-05 1692.91 409.504 7.67081 9.71562 -6244.22 -9301.0 32108900.0
409 -0.00915 9.00199e-05 1691.64 414.996 7.7795 9.90914 -6491.89 -9668.9 33300200.0
410 -0.00905 9.00923e-05 1690.28 420.851 7.8956 10.1157 -6756.12 -10059.2 34562300.0
411 -0.00895 9.01649e-05 1688.92 426.745 8.01264 10.3233 -7021.37 -10452.9 35838700.0
412 -0.00885 9.02433e-05 1687.46 433.022 8.13757 10.5451 -7304.66 -10871.5 37196100.0
413 -0.00875 9.0322e-05 1685.98 439.314 8.26301 10.769 -7587.22 -11294.2 38559100.0
414 -0.00865 9.04078e-05 1684.39 446.101 8.39864 11.012 -7891.9 -11747.9 40013500.0
415 -0.00855 9.04942e-05 1682.77 453.061 8.53782 11.2578 -8204.12 -12208.6 41508200.0
416 -0.00845 9.05856e-05 1681.1 460.228 8.68164 11.5126 -8525.14 -12684.8 43048400.0
417 -0.00835 9.06797e-05 1679.33 467.706 8.83188 11.7809 -8859.38 -13182.8 44647100.0
418 -0.00825 9.07804e-05 1677.48 475.564 8.99023 12.0619 -9209.94 -13701.5 46318600.0
419 -0.00815 9.08849e-05 1675.53 483.788 9.15623 12.3579 -9576.39 -14245.6 48063500.0
420 -0.00805 9.09941e-05 1673.54 492.247 9.32752 12.6612 -9953.17 -14802.9 49859700.0
421 -0.00795 9.11076e-05 1671.44 501.132 9.50772 12.9809 -10347.5 -15384.8 51728500.0
422 -0.00785 9.12272e-05 1669.25 510.383 9.69595 13.3134 -10757.5 -15988.0 53670700.0
423 -0.00775 9.13536e-05 1666.95 520.018 9.89267 13.6628 -11183.5 -16618.0 55687100.0
424 -0.00765 9.14849e-05 1664.56 530.035 10.0977 14.0268 -11625.8 -17271.5 57778300.0
425 -0.00755 9.16196e-05 1662.1 540.282 10.3081 14.4001 -12076.8 -17940.2 59917100.0
426 -0.00745 9.17647e-05 1659.47 551.2 10.5331 14.7995 -12556.5 -18647.5 62174500.0
427 -0.00735 9.19133e-05 1656.79 562.371 10.7639 15.2075 -13046.6 -19369.4 64486800.0
428 -0.00725 9.2071e-05 1653.95 574.145 11.0082 15.6392 -13561.2 -20125.9 66903400.0
429 -0.00715 9.22358e-05 1651.01 586.358 11.2624 16.0863 -14093.9 -20905.4 69400300.0
430 -0.00705 9.24094e-05 1647.9 599.206 11.5309 16.559 -14652.7 -21722.1 72011500.0
431 -0.00695 9.25906e-05 1644.67 612.386 11.8076 17.0489 -15223.7 -22563.1 74682900.0
432 -0.00685 9.27782e-05 1641.35 626.068 12.0959 17.5545 -15816.1 -23428.6 77455300.0
433 -0.00675 9.29757e-05 1637.86 640.277 12.3967 18.0838 -16427.2 -24323.5 80304800.0
434 -0.00665 9.31851e-05 1634.19 655.202 12.7143 18.6427 -17067.5 -25259.4 83279700.0
435 -0.00655 9.34009e-05 1630.39 670.562 13.0425 19.2192 -17725.0 -26220.1 86340800.0
436 -0.00645 9.36301e-05 1626.42 686.588 13.3869 19.8233 -18407.9 -27216.6 89512500.0
437 -0.00635 9.38687e-05 1622.29 703.207 13.7459 20.4516 -19113.2 -28243.6 92780800.0
438 -0.00625 9.41238e-05 1617.9 720.713 14.1264 21.1194 -19852.0 -29317.8 96182000.0
439 -0.00615 9.43844e-05 1613.41 738.562 14.5163 21.8003 -20602.3 -30408.7 99652100.0
440 -0.00605 9.46616e-05 1608.69 757.322 14.9288 22.5191 -21388.0 -31544.6 103266000.0
441 -0.00595 9.49467e-05 1603.88 776.27 15.3484 23.2484 -22176.1 -32688.3 106907000.0
442 -0.00585 9.52506e-05 1598.74 796.469 15.7982 24.0311 -23013.1 -33896.6 110747000.0
443 -0.00575 9.55708e-05 1593.39 817.387 16.2676 24.8436 -23874.7 -35132.5 114686000.0
444 -0.00565 9.59083e-05 1587.78 839.109 16.7588 25.6962 -24764.1 -36412.2 118751000.0
445 -0.00555 9.62595e-05 1582.0 861.463 17.2683 26.5765 -25672.7 -37715.4 122900000.0
446 -0.00545 9.66249e-05 1576.01 884.485 17.7971 27.4856 -26602.9 -39045.3 127151000.0
447 -0.00535 9.70138e-05 1569.69 908.595 18.3558 28.4463 -27569.1 -40421.3 131541000.0
448 -0.00525 9.74211e-05 1563.14 933.396 18.936 29.4419 -28556.2 -41825.5 136030000.0
449 -0.00515 9.78481e-05 1556.31 959.13 19.5434 30.4796 -29572.8 -43264.2 140647000.0
450 -0.00505 9.82928e-05 1549.26 985.537 20.1727 31.5509 -30606.0 -44723.0 145342000.0
451 -0.00495 9.87644e-05 1541.87 1012.98 20.8339 32.6741 -31670.6 -46219.4 150165000.0
452 -0.00485 9.92604e-05 1534.18 1041.3 21.524 33.8436 -32758.2 -47744.7 155094000.0
453 -0.00475 9.97788e-05 1526.2 1070.49 22.243 35.0557 -33867.5 -49290.6 160115000.0
454 -0.00465 0.000100328 1517.84 1100.77 22.9978 36.326 -35005.4 -50870.3 165261000.0
455 -0.00455 0.000100902 1509.2 1131.88 23.7832 37.6395 -36161.8 -52464.0 170494000.0
456 -0.00445 0.000101513 1500.13 1164.07 24.6077 39.0179 -37340.1 -54082.8 175818000.0
457 -0.00435 0.000102147 1490.81 1196.88 25.4591 40.433 -38525.7 -55706.2 181201000.0
458 -0.00425 0.000102815 1481.14 1230.68 26.3493 41.9039 -39730.9 -57343.0 186687000.0
459 -0.00415 0.00010352 1471.04 1265.55 27.2818 43.4379 -40952.0 -58986.5 192239000.0
460 -0.00405 0.000104265 1460.55 1301.36 28.2557 45.0335 -42187.0 -60640.2 197884000.0
461 -0.00395 0.000105042 1449.72 1337.91 29.2657 46.6783 -43423.4 -62283.7 203570000.0
462 -0.00385 0.000105858 1438.58 1375.12 30.3132 48.3716 -44659.4 -63911.8 209292000.0
463 -0.00375 0.00010672 1426.93 1413.49 31.4127 50.1414 -45903.2 -65530.5 215069000.0
464 -0.00365 0.000107632 1414.86 1452.81 32.5626 51.9757 -47152.6 -67132.0 220913000.0
465 -0.00355 0.000108581 1402.48 1492.62 33.75 53.8566 -48385.0 -68695.4 226752000.0
466 -0.00345 0.000109583 1389.65 1533.13 34.9857 55.8054 -49600.9 -70223.8 232590000.0
467 -0.00335 0.000110641 1376.38 1574.53 36.2772 57.8235 -50810.3 -71714.7 238478000.0
468 -0.00325 0.000111746 1362.75 1616.35 37.6129 59.893 -51991.5 -73147.4 244341000.0
469 -0.00315 0.000112917 1348.64 1658.92 39.0079 62.0377 -53148.5 -74518.6 250192000.0
470 -0.00305 0.000114141 1334.16 1701.92 40.4529 64.2381 -54272.8 -75822.7 256044000.0
471 -0.00295 0.000115429 1319.28 1745.25 41.9508 66.4985 -55353.3 -77043.4 261841000.0
472 -0.00285 0.000116782 1304.01 1789.04 43.5075 68.8196 -56396.1 -78178.7 267633000.0
473 -0.00275 0.000118212 1288.22 1833.32 45.1302 71.2179 -57388.3 -79213.2 273380000.0
474 -0.00265 0.000119703 1272.17 1877.38 46.7982 73.6562 -58315.3 -80142.9 279070000.0
475 -0.00255 0.000121275 1255.69 1921.81 48.5346 76.1606 -59186.1 -80953.8 284725000.0
476 -0.00245 0.00012293 1238.78 1966.19 50.3332 78.7304 -59979.0 -81634.7 290308000.0
477 -0.00235 0.000124662 1221.57 2010.5 52.1925 81.3431 -60701.0 -82179.6 295848000.0
478 -0.00225 0.000126469 1204.11 2054.37 54.1044 83.9964 -61336.2 -82590.9 301334000.0
479 -0.00215 0.000128381 1186.19 2098.2 56.0939 86.7197 -61883.9 -82840.8 306764000.0
480 -0.00205 0.000130374 1168.05 2141.45 58.1391 89.4738 -62334.0 -82935.4 312131000.0
481 -0.00195 0.000132463 1149.62 2184.13 60.248 92.2732 -62681.5 -82866.6 317451000.0
482 -0.00185 0.000134652 1130.94 2226.33 62.4267 95.111 -62930.4 -82626.4 322744000.0
483 -0.00175 0.000136944 1112.03 2267.6 64.6663 97.9861 -63059.3 -82210.7 327986000.0
484 -0.00165 0.000139332 1092.96 2308.06 66.9679 100.881 -63078.1 -81621.0 333197000.0
485 -0.00155 0.000141818 1073.79 2347.42 69.3254 103.794 -62981.6 -80867.2 338408000.0
486 -0.00145 0.000144425 1054.42 2385.86 71.756 106.737 -62764.6 -79919.8 343589000.0
487 -0.00135 0.000147125 1035.07 2422.98 74.2346 109.676 -62428.5 -78812.7 348774000.0
488 -0.00125 0.000149942 1015.61 2458.85 76.7762 112.632 -61964.1 -77527.1 353957000.0
489 -0.00115 0.00015287 996.161 2493.49 79.378 115.586 -61385.2 -76078.0 359176000.0
490 -0.00105 0.000155901 976.809 2526.65 82.0282 118.529 -60691.0 -74484.4 364433000.0
491 -0.00095 0.000159042 957.501 2558.6 84.739 121.46 -59887.0 -72735.8 369740000.0
492 -0.00085 0.000162289 938.352 2588.87 87.4923 124.371 -58967.1 -70859.3 375093000.0
493 -0.00075 0.000165646 919.326 2617.53 90.2909 127.261 -57930.8 -68845.1 380483000.0
494 -0.00065 0.000169113 900.487 2644.75 93.1388 130.126 -56795.9 -66715.9 385947000.0
495 -0.00055 0.000172678 881.897 2670.24 96.0189 132.95 -55558.0 -64482.0 391453000.0
496 -0.00045 0.000176325 863.651 2694.27 98.9292 135.724 -54246.6 -62187.8 397051000.0
497 -0.00035 0.000180062 845.737 2716.61 101.863 138.449 -52849.5 -59824.0 402696000.0
498 -0.00025 0.000183888 828.134 2737.67 104.834 141.125 -51388.1 -57399.7 408425000.0
499 -0.00015 0.000187783 810.961 2757.08 107.814 143.737 -49861.3 -54951.4 414188000.0
500 -5e-05 0.000191762 794.135 2775.06 110.816 146.297 -48275.6 -52460.0 420008000.0
501 5e-05 0.0001958 777.748 2791.44 113.818 148.788 -46634.6 -49959.1 425844000.0
502 0.00015 0.000199875 761.9 2806.62 116.818 151.202 -44980.4 -47493.9 431734000.0
503 0.00025 0.000203983 746.56 2820.56 119.812 153.536 -43304.3 -45055.3 437626000.0
504 0.00035 0.000208129 731.681 2833.14 122.792 155.803 -41603.9 -42643.5 443526000.0
505 0.00045 0.000212301 717.308 2844.41 125.752 157.995 -39885.7 -40271.3 449398000.0
506 0.00055 0.000216469 703.495 2854.69 128.684 160.098 -38179.3 -37964.5 455223000.0
507 0.00065 0.000220635 690.209 2863.98 131.587 162.125 -36482.5 -35723.7 461013000.0
508 0.00075 0.000224791 677.459 2872.36 134.458 164.069 -34803.6 -33549.2 466741000.0
509 0.00085 0.00022892 665.229 2879.69 137.277 165.935 -33139.2 -31457.2 472387000.0
510 0.00095 0.000232991 653.616 2886.4 140.044 167.711 -31523.0 -29471.0 477942000.0
511 0.00105 0.000237015 642.508 2892.16 142.747 169.406 -29929.4 -27564.9 483380000.0
512 0.00115 0.000240977 631.95 2897.24 145.389 171.019 -28377.0 -25756.3 488688000.0
513 0.00125 0.00024486 621.929 2901.85 147.966 172.554 -26880.6 -24047.9 493884000.0
514 0.00135 0.00024867 612.397 2905.75 150.47 174.009 -25418.2 -22418.2 498907000.0
515 0.00145 0.000252381 603.4 2909.33 152.904 175.389 -24021.8 -20896.3 503812000.0
516 0.00155 0.000256002 594.863 2912.32 155.258 176.697 -22667.0 -19454.3 508542000.0
517 0.00165 0.000259504 586.841 2914.85 157.518 177.929 -21368.6 -18114.6 513095000.0
518 0.00175 0.000262898 579.253 2917.01 159.696 179.087 -20122.7 -16853.3 517456000.0
519 0.00185 0.000266177 572.125 2918.94 161.795 180.185 -18938.4 -15682.5 521680000.0
520 0.00195 0.000269337 565.408 2920.41 163.799 181.216 -17801.7 -14587.4 525709000.0
521 0.00205 0.000272365 559.119 2921.79 165.718 182.182 -16731.1 -13577.4 529567000.0
522 0.00215 0.00027529 553.185 2922.92 167.563 183.096 -15704.9 -12619.7 533257000.0
523 0.00225 0.000278084 547.619 2923.8 169.314 183.951 -14730.6 -11736.8 536762000.0
524 0.00235 0.000280744 542.433 2924.54 170.977 184.752 -13815.8 -10922.1 540109000.0
525 0.00245 0.000283288 537.561 2925.17 172.563 185.502 -12951.0 -10157.6 543282000.0
526 0.00255 0.000285694 533.043 2925.52 174.05 186.199 -12128.7 -9459.9 546271000.0
527 0.00265 0.000287979 528.8 2925.86 175.462 186.851 -11359.6 -8820.09 549118000.0
528 0.00275 0.000290149 524.849 2926.04 176.796 187.462 -10634.0 -8221.29 551806000.0
529 0.00285 0.000292199 521.172 2926.15 178.051 188.031 -9953.96 -7670.78 554338000.0
530 0.00295 0.000294144 517.723 2926.21 179.241 188.564 -9311.52 -7150.96 556741000.0
531 0.00305 0.000295987 514.499 2926.31 180.369 189.062 -8710.3 -6664.74 559006000.0
532 0.00315 0.000297708 511.522 2926.26 181.415 189.521 -8149.32 -6229.04 561133000.0
533 0.00325 0.000299338 508.738 2926.12 182.399 189.95 -7619.95 -5815.84 563123000.0
534 0.00335 0.000300861 506.164 2925.87 183.312 190.352 -7120.47 -5439.71 565019000.0
535 0.00345 0.000302302 503.748 2925.66 184.177 190.724 -6653.19 -5076.03 566785000.0
536 0.00355 0.000303635 501.54 2925.34 184.968 191.067 -6219.85 -4763.48 568446000.0
537 0.00365 0.000304911 499.439 2925.14 185.733 191.39 -5814.62 -4452.62 569994000.0
538 0.00375 0.00030609 497.518 2924.89 186.435 191.688 -5433.88 -4169.92 571456000.0
539 0.00385 0.000307199 495.719 2924.51 187.087 191.966 -5075.09 -3906.77 572832000.0
540 0.00395 0.000308216 494.084 2924.36 187.697 192.221 -4754.65 -3678.49 574120000.0
541 0.00405 0.000309166 492.574 2924.05 188.255 192.458 -4452.86 -3467.57 575324000.0
542 0.00415 0.000310088 491.1 2923.77 188.798 192.682 -4158.57 -3241.68 576453000.0
543 0.00425 0.000310942 489.754 2923.41 189.295 192.891 -3884.29 -3041.87 577511000.0
544 0.00435 0.000311724 488.528 2923.18 189.756 193.082 -3638.76 -2865.17 578505000.0
545 0.00445 0.000312467 487.364 2922.81 190.184 193.265 -3399.54 -2692.73 579436000.0
546 0.00455 0.000313147 486.305 2922.44 190.574 193.428 -3176.99 -2534.75 580299000.0
547 0.00465 0.00031376 485.355 2922.2 190.932 193.576 -2984.21 -2403.61 581100000.0
548 0.00475 0.000314358 484.428 2921.79 191.269 193.719 -2787.33 -2261.16 581862000.0
549 0.00485 0.000314925 483.558 2921.57 191.599 193.855 -2609.16 -2121.89 582573000.0
550 0.00495 0.000315445 482.76 2921.25 191.894 193.978 -2443.91 -2001.68 583240000.0
551 0.00505 0.000315934 482.012 2920.89 192.169 194.094 -2278.92 -1872.47 583860000.0
552 0.00515 0.000316375 481.338 2920.67 192.422 194.198 -2140.76 -1774.34 584445000.0
553 0.00525 0.000316781 480.725 2920.28 192.643 194.292 -2005.0 -1682.98 584980000.0
554 0.00535 0.000317163 480.142 2920.06 192.861 194.385 -1882.51 -1593.45 585508000.0
555 0.00545 0.000317517 479.613 2919.79 193.058 194.469 -1766.03 -1510.23 585986000.0
556 0.00555 0.000317861 479.089 2919.53 193.251 194.546 -1653.16 -1417.71 586432000.0
557 0.00565 0.000318192 478.593 2919.31 193.437 194.624 -1547.47 -1328.43 586861000.0
558 0.00575 0.00031847 478.177 2919.05 193.589 194.688 -1455.79 -1263.46 587234000.0
559 0.00585 0.000318747 477.759 2918.87 193.745 194.754 -1367.67 -1188.15 587604000.0
560 0.00595 0.000319009 477.369 2918.64 193.889 194.814 -1278.69 -1113.32 587947000.0
561 0.00605 0.000319215 477.06 2918.44 194.001 194.862 -1210.25 -1074.68 588257000.0
562 0.00615 0.000319435 476.728 2918.22 194.12 194.914 -1135.26 -1013.76 588562000.0
563 0.00625 0.000319633 476.436 2917.91 194.219 194.959 -1065.16 -960.229 588833000.0
564 0.00635 0.000319856 476.102 2917.61 194.336 195.011 -984.948 -886.457 589113000.0
565 0.00645 0.000320017 475.863 2917.43 194.421 195.048 -931.338 -848.54 589351000.0
566 0.00655 0.000320156 475.655 2917.35 194.5 195.078 -885.313 -819.836 589580000.0
567 0.00665 0.000320312 475.424 2917.22 194.586 195.117 -836.413 -778.42 589820000.0
568 0.00675 0.000320454 475.212 2916.99 194.657 195.146 -786.119 -739.598 589997000.0
569 0.00685 0.000320593 475.008 2916.73 194.724 195.179 -733.891 -699.506 590192000.0
570 0.00695 0.000320718 474.818 2916.64 194.794 195.209 -692.814 -662.792 590376000.0
571 0.00705 0.000320832 474.654 2916.4 194.848 195.236 -648.036 -624.946 590545000.0
572 0.00715 0.000320936 474.499 2916.3 194.904 195.26 -614.445 -595.067 590715000.0
573 0.00725 0.00032104 474.34 2916.11 194.954 195.281 -574.785 -559.134 590845000.0
574 0.00735 0.000321131 474.207 2915.96 194.999 195.304 -542.632 -533.703 590982000.0
575 0.00745 0.000321222 474.077 2915.92 195.052 195.325 -513.566 -506.417 591127000.0
576 0.00755 0.000321311 473.94 2915.73 195.093 195.344 -481.581 -474.015 591238000.0
577 0.00765 0.000321393 473.82 2915.63 195.136 195.365 -450.716 -444.35 591376000.0
578 0.00775 0.000321443 473.747 2915.5 195.158 195.374 -429.248 -428.286 591461000.0
579 0.00785 0.000321519 473.636 2915.33 195.193 195.393 -401.404 -404.469 591569000.0
580 0.00795 0.000321595 473.523 2915.13 195.226 195.409 -368.229 -370.545 591660000.0
581 0.00805 0.000321641 473.455 2915.11 195.252 195.421 -356.904 -362.899 591745000.0
582 0.00815 0.000321691 473.384 2915.07 195.28 195.432 -339.678 -342.399 591832000.0
583 0.00825 0.000321725 473.332 2914.98 195.295 195.439 -325.875 -339.92 591910000.0
584 0.00835 0.000321782 473.248 2914.84 195.32 195.452 -301.544 -313.792 591979000.0
585 0.00845 0.000321826 473.188 2914.76 195.341 195.463 -285.607 -302.845 592055000.0
586 0.00855 0.000321859 473.132 2914.77 195.362 195.471 -276.833 -291.597 592131000.0
587 0.00865 0.000321894 473.085 2914.68 195.377 195.478 -262.317 -279.781 592190000.0
588 0.00875 0.000321948 473.009 2914.53 195.4 195.49 -241.397 -256.942 592248000.0
589 0.00885 0.000321988 472.942 2914.4 195.415 195.498 -223.273 -239.199 592292000.0
590 0.00895 0.000322016 472.912 2914.34 195.428 195.509 -210.695 -226.081 592361000.0
591 0.00905 0.000322038 472.871 2914.14 195.428 195.51 -197.136 -221.279 592392000.0
592 0.00915 0.000322066 472.838 2914.15 195.446 195.518 -188.822 -211.565 592453000.0
593 0.00925 0.000322089 472.799 2914.24 195.466 195.522 -187.064 -206.84 592503000.0
594 0.00935 0.000322111 472.771 2914.12 195.471 195.528 -175.781 -196.426 592545000.0
595 0.00945 0.00032214 472.727 2913.97 195.479 195.534 -160.647 -178.934 592574000.0
596 0.00955 0.00032217 472.681 2913.94 195.495 195.54 -150.351 -162.258 592615000.0
597 0.00965 0.000322197 472.644 2913.89 195.508 195.544 -138.996 -150.711 592640000.0
598 0.00975 0.000322199 472.64 2913.95 195.513 195.546 -141.778 -159.399 592684000.0
599 0.00985 0.00032222 472.61 2913.78 195.515 195.552 -128.635 -146.153 592712000.0
600 0.00995 0.000322242 472.577 2913.73 195.525 195.556 -121.157 -136.219 592742000.0
601 0.01005 0.000322271 472.543 2913.73 195.542 195.565 -112.436 -117.149 592790000.0
602 0.01015 0.000322271 472.535 2913.65 195.537 195.561 -108.655 -115.778 592804000.0
603 0.01025 0.00032229 472.512 2913.58 195.544 195.567 -99.9821 -106.795 592834000.0
604 0.01035 0.00032229 472.511 2913.58 195.543 195.566 -100.226 -114.626 592856000.0
605 0.01045 0.000322287 472.515 2913.63 195.545 195.566 -102.459 -122.103 592875000.0
606 0.01055 0.000322303 472.49 2913.52 195.547 195.57 -94.1724 -116.864 592889000.0
607 0.01065 0.000322311 472.479 2913.47 195.549 195.572 -87.8313 -112.623 592903000.0
608 0.01075 0.000322343 472.432 2913.34 195.559 195.581 -71.7992 -90.0999 592939000.0
609 0.01085 0.000322346 472.431 2913.42 195.567 195.582 -75.5276 -92.4216 592953000.0
610 0.01095 0.000322364 472.399 2913.43 195.578 195.583 -70.3777 -80.4098 592968000.0
611 0.01105 0.00032236 472.402 2913.36 195.571 195.584 -69.2915 -86.8184 592992000.0
612 0.01115 0.000322383 472.375 2913.24 195.577 195.589 -56.0346 -70.6115 593002000.0
613 0.01125 0.000322395 472.352 2913.27 195.586 195.592 -56.3852 -66.534 593019000.0
614 0.01135 0.000322401 472.342 2913.34 195.595 195.594 -56.4493 -63.0535 593045000.0
615 0.01145 0.000322425 472.305 2913.31 195.607 195.6 -48.5362 -51.7822 593078000.0
616 0.01155 0.000322404 472.338 2913.31 195.594 195.596 -52.1436 -68.875 593081000.0
617 0.01165 0.000322426 472.303 2913.31 195.608 195.601 -50.1946 -54.2303 593104000.0
618 0.01175 0.000322413 472.326 2913.3 195.6 195.597 -49.7853 -57.7704 593109000.0
619 0.01185 0.000322409 472.331 2913.33 195.599 195.597 -53.3746 -64.9457 593119000.0
620 0.01195 0.000322435 472.293 2913.27 195.611 195.602 -42.8417 -44.416 593121000.0
621 0.01205 0.000322442 472.284 2913.26 195.614 195.603 -43.456 -43.718 593131000.0
622 0.01215 0.00032246 472.257 2913.13 195.616 195.606 -27.9748 -27.8028 593130000.0
623 0.01225 0.000322466 472.245 2913.06 195.616 195.611 -23.1956 -24.1547 593149000.0
624 0.01235 0.00032246 472.254 2913.11 195.615 195.608 -27.7313 -29.2297 593149000.0
625 0.01245 0.000322459 472.257 2913.08 195.613 195.607 -29.0147 -30.451 593136000.0
626 0.01255 0.000322471 472.238 2912.98 195.613 195.609 -18.1987 -17.9408 593141000.0
627 0.01265 0.000322463 472.251 2912.98 195.608 195.606 -20.731 -25.7879 593138000.0
628 0.01275 0.000322469 472.244 2913.0 195.613 195.609 -19.661 -24.4741 593159000.0
629 0.01285 0.000322469 472.24 2913.02 195.615 195.606 -20.2916 -21.8092 593152000.0
630 0.01295 0.000322463 472.25 2913.1 195.616 195.609 -25.6156 -30.3661 593181000.0
631 0.01305 0.000322464 472.252 2913.11 195.618 195.609 -27.6571 -33.3672 593189000.0
632 0.01315 0.000322474 472.232 2912.96 195.614 195.61 -17.8631 -24.9819 593188000.0
633 0.01325 0.000322461 472.253 2913.17 195.62 195.606 -32.3212 -34.4208 593189000.0
634 0.01335 0.000322471 472.24 2913.13 195.623 195.611 -26.5893 -25.5599 593209000.0
635 0.01345 0.000322472 472.238 2913.1 195.622 195.609 -25.3869 -27.6027 593207000.0
636 0.01355 0.000322468 472.243 2913.11 195.62 195.607 -28.3648 -30.0858 593206000.0
637 0.01365 0.000322469 472.243 2913.11 195.621 195.611 -27.3608 -29.3498 593224000.0
638 0.01375 0.00032248 472.228 2913.01 195.621 195.612 -19.6007 -23.1049 593227000.0
639 0.01385 0.000322481 472.228 2913.03 195.622 195.611 -21.4497 -21.5982 593226000.0
640 0.01395 0.000322481 472.223 2913.0 195.621 195.612 -18.9808 -20.8159 593235000.0
641 0.01405 0.00032249 472.209 2912.91 195.62 195.614 -11.9469 -18.2274 593235000.0
642 0.01415 0.000322504 472.192 2912.91 195.628 195.617 -7.05609 -6.60551 593237000.0
643 0.01425 0.000322513 472.181 2912.95 195.637 195.62 -6.39209 -0.958097 593248000.0
644 0.01435 0.000322495 472.202 2912.92 195.623 195.615 -12.0882 -17.0343 593250000.0
645 0.01445 0.000322492 472.21 2912.94 195.623 195.615 -14.9491 -20.7261 593249000.0
646 0.01455 0.000322491 472.212 2912.97 195.624 195.614 -15.6044 -19.9871 593250000.0
647 0.01465 0.000322505 472.191 2912.89 195.628 195.617 -9.70713 -15.3736 593255000.0
648 0.01475 0.000322499 472.195 2912.88 195.624 195.615 -6.81942 -15.7091 593248000.0
649 0.01485 0.000322494 472.207 2912.9 195.621 195.614 -10.7052 -17.3415 593257000.0
650 0.01495 0.000322519 472.167 2912.89 195.636 195.62 -0.385008 1.22299 593275000.0
651 0.01505 0.000322506 472.183 2912.97 195.634 195.616 -9.708 -12.0238 593262000.0
652 0.01515 0.000322514 472.173 2913.02 195.642 195.62 -10.3336 -7.88073 593283000.0
653 0.01525 0.000322505 472.186 2912.98 195.634 195.617 -8.4679 -13.7151 593273000.0
654 0.01535 0.000322522 472.16 2912.82 195.633 195.623 1.75838 -3.6759 593286000.0
655 0.01545 0.00032252 472.168 2912.91 195.638 195.62 -3.32629 -4.3572 593286000.0
656 0.01555 0.000322498 472.195 2912.94 195.627 195.617 -9.67104 -17.4839 593279000.0
657 0.01565 0.0003225 472.192 2912.87 195.624 195.615 -7.35311 -14.0305 593268000.0
658 0.01575 0.000322501 472.194 2912.98 195.631 195.617 -11.702 -12.946 593281000.0
659 0.01585 0.000322504 472.187 2912.92 195.629 195.616 -8.95365 -10.783 593281000.0
660 0.01595 0.00032252 472.163 2912.84 195.634 195.621 0.174774 -3.04636 593288000.0
661 0.01605 0.000322529 472.149 2912.87 195.641 195.625 1.47733 3.20811 593293000.0
662 0.01615 0.000322533 472.143 2912.79 195.638 195.622 6.06401 12.0902 593273000.0
663 0.01625 0.00032253 472.15 2912.92 195.645 195.626 0.60803 10.7219 593294000.0
664 0.01635 0.000322513 472.171 2912.96 195.637 195.62 -6.97667 -0.140578 593284000.0
665 0.01645 0.000322509 472.181 2912.88 195.63 195.618 -3.11462 3.2166 593286000.0
666 0.01655 0.000322497 472.196 2912.9 195.624 195.617 -9.46914 -12.1931 593290000.0
667 0.01665 0.000322498 472.191 2912.92 195.625 195.615 -7.57199 -3.43237 593278000.0
668 0.01675 0.000322498 472.193 2912.96 195.628 195.617 -11.7645 -6.15157 593293000.0
669 0.01685 0.000322517 472.166 2912.92 195.637 195.62 -1.1312 11.3103 593290000.0
670 0.01695 0.000322517 472.167 2912.92 195.637 195.621 -4.06514 7.66894 593291000.0
671 0.01705 0.000322516 472.164 2912.84 195.631 195.619 1.82608 7.03376 593281000.0
672 0.01715 0.000322526 472.154 2912.87 195.639 195.623 0.893579 6.45169 593296000.0
673 0.01725 0.000322518 472.166 2912.86 195.634 195.621 -2.01546 -3.35123 593289000.0
674 0.01735 0.000322512 472.175 2912.88 195.631 195.622 -2.89248 -5.24992 593298000.0
675 0.01745 0.000322525 472.151 2912.85 195.637 195.623 3.60633 0.214108 593292000.0
676 0.01755 0.000322531 472.143 2912.76 195.635 195.624 8.76306 5.6686 593277000.0
677 0.01765 0.000322529 472.15 2912.74 195.632 195.625 8.78983 4.4809 593290000.0
678 0.01775 0.000322521 472.158 2912.78 195.63 195.623 4.05052 -0.969889 593285000.0
679 0.01785 0.000322523 472.158 2912.81 195.633 195.623 6.20591 0.524036 593287000.0
680 0.01795 0.000322511 472.174 2912.75 195.622 195.617 4.72265 -7.60136 593274000.0
681 0.01805 0.00032252 472.163 2912.83 195.633 195.622 2.46763 -2.81351 593294000.0
682 0.01815 0.000322512 472.168 2912.95 195.636 195.62 -4.28351 -4.09007 593299000.0
683 0.01825 0.000322515 472.167 2912.89 195.633 195.623 -2.84779 -6.41476 593303000.0
684 0.01835 0.000322513 472.169 2912.82 195.628 195.622 0.460738 -7.75322 593297000.0
685 0.01845 0.000322499 472.189 2912.95 195.628 195.619 -9.45605 -20.0175 593292000.0
686 0.01855 0.000322502 472.188 2912.89 195.626 195.617 -3.82234 -15.6701 593273000.0
687 0.01865 0.000322498 472.191 2912.9 195.624 195.617 -6.82926 -20.7452 593281000.0
688 0.01875 0.000322516 472.169 2912.84 195.631 195.618 1.0016 -8.7293 593268000.0
689 0.01885 0.000322522 472.158 2912.87 195.637 195.624 0.555769 -2.56402 593299000.0
690 0.01895 0.000322516 472.166 2912.86 195.632 195.619 -0.0409646 -4.23533 593280000.0
691 0.01905 0.000322526 472.152 2912.89 195.641 195.623 1.11764 3.31554 593300000.0
692 0.01915 0.000322539 472.138 2912.86 195.646 195.625 7.55865 12.2485 593302000.0
693 0.01925 0.000322526 472.153 2912.79 195.634 195.622 5.9845 0.474303 593298000.0
694 0.01935 0.000322529 472.151 2912.74 195.632 195.621 8.63268 4.28185 593289000.0
695 0.01945 0.000322528 472.152 2912.84 195.638 195.623 3.68053 0.558058 593303000.0
696 0.01955 0.000322529 472.149 2912.82 195.638 195.623 6.07205 4.31783 593305000.0
697 0.01965 0.000322522 472.16 2912.93 195.641 195.622 -5.04227 -4.54177 593312000.0
698 0.01975 0.000322529 472.151 2913.09 195.656 195.621 -6.36291 4.2306 593315000.0
699 0.01985 0.00032252 472.166 2913.07 195.649 195.622 -9.14231 -5.45134 593324000.0
700 0.01995 0.000322505 472.184 2912.97 195.633 195.615 -6.63175 -12.0044 593294000.0
701 0.02005 0.000322534 472.146 2912.93 195.648 195.623 0.886013 3.31815 593312000.0
702 0.02015 0.000322531 472.147 2912.92 195.645 195.622 1.0077 3.73742 593300000.0
703 0.02025 0.000322526 472.157 2912.86 195.638 195.623 2.09419 2.26294 593302000.0
704 0.02035 0.000322515 472.17 2912.88 195.633 195.619 -3.55285 -2.80702 593283000.0
705 0.02045 0.000322521 472.162 2912.87 195.636 195.622 -1.18953 4.66319 593282000.0
706 0.02055 0.000322498 472.195 2912.88 195.623 195.617 -5.56293 -9.18691 593283000.0
707 0.02065 0.00032248 472.22 2912.96 195.617 195.61 -17.2521 -27.837 593272000.0
708 0.02075 0.00032249 472.208 2912.87 195.618 195.614 -8.27507 -19.0626 593283000.0
709 0.02085 0.000322498 472.194 2912.85 195.62 195.615 -5.8981 -12.6048 593278000.0
710 0.02095 0.00032249 472.207 2912.85 195.616 195.613 -7.68829 -18.2442 593276000.0
711 0.02105 0.000322496 472.199 2912.84 195.619 195.613 -7.62115 -11.5203 593260000.0
712 0.02115 0.000322489 472.208 2912.81 195.613 195.612 -6.71742 -12.5765 593272000.0
713 0.02125 0.000322512 472.177 2912.78 195.624 195.618 2.17346 4.72672 593282000.0
714 0.02135 0.000322503 472.19 2912.79 195.62 195.616 -2.87242 -8.62138 593281000.0
715 0.02145 0.000322518 472.168 2912.88 195.635 195.619 -0.490506 5.74975 593291000.0
716 0.02155 0.00032252 472.162 2912.89 195.637 195.619 -1.65712 0.752063 593291000.0
717 0.02165 0.00032252 472.162 2912.9 195.637 195.62 -2.57676 -1.7358 593295000.0
718 0.02175 0.00032252 472.167 2912.89 195.636 195.619 -2.8067 -2.5501 593288000.0
719 0.02185 0.000322538 472.138 2912.87 195.646 195.625 4.53092 14.8874 593296000.0
720 0.02195 0.000322508 472.183 2912.93 195.632 195.617 -6.68984 -2.9011 593287000.0
721 0.02205 0.000322523 472.16 2912.77 195.63 195.62 3.81738 9.33728 593284000.0
722 0.02215 0.00032253 472.151 2912.72 195.632 195.622 11.1543 17.8623 593296000.0
723 0.02225 0.000322515 472.171 2912.77 195.626 195.617 -0.482089 1.33799 593280000.0
724 0.02235 0.000322524 472.162 2912.77 195.631 195.62 5.26482 11.2403 593293000.0
725 0.02245 0.00032252 472.166 2912.82 195.632 195.619 2.23197 8.7069 593293000.0
726 0.02255 0.000322536 472.14 2912.68 195.632 195.622 11.4153 17.4017 593287000.0
727 0.02265 0.000322537 472.137 2912.69 195.634 195.624 12.251 18.9237 593294000.0
728 0.02275 0.000322515 472.167 2912.81 195.628 195.617 0.544922 3.72685 593284000.0
729 0.02285 0.000322512 472.176 2912.73 195.621 195.617 3.51675 -1.02387 593268000.0
730 0.02295 0.000322518 472.165 2912.78 195.628 195.621 4.28209 6.66137 593290000.0
731 0.02305 0.000322531 472.143 2912.82 195.639 195.621 4.19781 14.242 593279000.0
732 0.02315 0.000322523 472.161 2912.78 195.631 195.62 4.66864 8.83087 593279000.0
733 0.02325 0.000322531 472.146 2912.76 195.635 195.622 8.41398 11.7502 593275000.0
734 0.02335 0.000322542 472.128 2912.71 195.638 195.623 12.7498 18.0111 593270000.0
735 0.02345 0.000322557 472.112 2912.7 195.646 195.631 19.3341 25.9714 593297000.0
736 0.02355 0.000322525 472.155 2912.69 195.626 195.621 9.39764 1.63085 593278000.0
737 0.02365 0.000322504 472.189 2912.84 195.624 195.615 -3.88694 -10.8248 593273000.0
738 0.02375 0.000322509 472.179 2912.8 195.624 195.617 -1.39397 -8.89203 593284000.0
739 0.02385 0.000322522 472.163 2912.8 195.632 195.62 2.48877 4.02175 593291000.0
740 0.02395 0.00032253 472.152 2912.81 195.637 195.622 3.49419 12.7241 593289000.0
741 0.02405 0.000322511 472.178 2912.9 195.632 195.618 -4.12322 0.303868 593288000.0
742 0.02415 0.000322513 472.181 2912.91 195.633 195.619 -6.42349 -3.9379 593289000.0
743 0.02425 0.000322511 472.18 2912.75 195.622 195.616 -0.159089 -4.84607 593267000.0
744 0.02435 0.000322508 472.185 2912.81 195.625 195.618 -3.22058 -6.18903 593281000.0
745 0.02445 0.000322502 472.195 2912.96 195.631 195.615 -12.784 -14.3533 593282000.0
746 0.02455 0.000322503 472.19 2913.02 195.635 195.614 -15.3767 -14.9161 593281000.0
747 0.02465 0.00032252 472.169 2912.89 195.637 195.62 -4.04154 -2.64329 593280000.0
748 0.02475 0.000322521 472.165 2912.86 195.636 195.619 -1.40395 -1.34181 593274000.0
749 0.02485 0.000322526 472.161 2912.81 195.635 195.62 2.23983 6.88395 593274000.0
750 0.02495 0.000322526 472.164 2912.81 195.635 195.622 1.68458 0.294575 593281000.0
751 0.02505 0.000322509 472.181 2912.81 195.625 195.615 -2.43164 -8.15745 593257000.0
752 0.02515 0.000322518 472.172 2912.77 195.627 195.62 2.9151 -4.35115 593276000.0
753 0.02525 0.000322531 472.154 2912.74 195.633 195.621 8.00535 6.80962 593280000.0
754 0.02535 0.000322527 472.163 2912.74 195.631 195.62 4.59833 3.6119 593270000.0
755 0.02545 0.000322531 472.149 2912.76 195.635 195.621 4.90898 5.26688 593270000.0
756 0.02555 0.000322542 472.138 2912.67 195.636 195.624 14.2447 15.4327 593272000.0
757 0.02565 0.000322531 472.153 2912.78 195.636 195.622 2.76344 2.65162 593278000.0
758 0.02575 0.000322538 472.143 2912.66 195.632 195.622 10.3046 8.76097 593254000.0
759 0.02585 0.000322528 472.156 2912.71 195.63 195.621 7.08222 0.191108 593260000.0
760 0.02595 0.000322517 472.173 2912.78 195.628 195.618 1.52452 -1.51813 593254000.0
761 0.02605 0.000322536 472.142 2912.8 195.64 195.623 4.73366 7.25036 593262000.0
762 0.02615 0.000322537 472.141 2912.84 195.643 195.624 5.406 11.5932 593279000.0
763 0.02625 0.000322546 472.133 2912.76 195.644 195.624 10.5124 17.403 593264000.0
764 0.02635 0.000322542 472.133 2912.77 195.642 195.625 6.53687 8.92481 593275000.0
765 0.02645 0.000322544 472.135 2912.77 195.643 195.625 9.30056 17.7793 593273000.0
766 0.02655 0.000322534 472.147 2912.72 195.634 195.624 7.18643 6.57503 593273000.0
767 0.02665 0.000322525 472.158 2912.77 195.632 195.621 1.86246 3.36992 593269000.0
768 0.02675 0.000322507 472.188 2912.82 195.624 195.617 -4.55449 -10.2324 593266000.0
769 0.02685 0.000322502 472.192 2912.82 195.621 195.615 -5.8878 -9.95474 593258000.0
770 0.02695 0.000322505 472.19 2912.66 195.613 195.618 2.91029 -6.18256 593259000.0
771 0.02705 0.000322503 472.196 2912.62 195.608 195.616 3.00691 -7.41727 593248000.0
772 0.02715 0.000322518 472.168 2912.68 195.622 195.618 4.34337 3.18556 593255000.0
773 0.02725 0.000322517 472.172 2912.59 195.615 195.617 9.38372 -1.62319 593241000.0
774 0.02735 0.000322521 472.173 2912.61 195.619 195.62 8.87554 1.02431 593251000.0
775 0.02745 0.000322519 472.167 2912.69 195.623 195.62 4.79289 0.52434 593260000.0
776 0.02755 0.000322542 472.135 2912.74 195.64 195.625 8.79445 13.9996 593277000.0
777 0.02765 0.000322526 472.158 2912.72 195.629 195.619 5.31225 8.20136 593263000.0
778 0.02775 0.00032252 472.171 2912.79 195.63 195.622 1.54529 3.00783 593289000.0
779 0.02785 0.000322517 472.175 2912.8 195.629 195.619 -0.802373 0.606366 593284000.0
780 0.02795 0.000322526 472.161 2912.77 195.633 195.622 1.03977 8.4704 593291000.0
781 0.02805 0.000322515 472.175 2912.8 195.628 195.617 -0.609504 5.64736 593281000.0
782 0.02815 0.00032251 472.183 2912.71 195.619 195.617 1.9727 -1.88934 593273000.0
783 0.02825 0.000322516 472.178 2912.76 195.625 195.619 0.409458 2.28375 593286000.0
784 0.02835 0.000322522 472.171 2912.77 195.63 195.621 2.97579 4.21212 593297000.0
785 0.02845 0.000322499 472.202 2912.78 195.617 195.614 -5.09168 -12.3373 593272000.0
786 0.02855 0.000322501 472.195 2912.76 195.617 195.617 -2.99027 -10.0142 593289000.0
787 0.02865 0.000322494 472.207 2912.79 195.614 195.612 -7.15836 -11.41 593268000.0
788 0.02875 0.000322508 472.191 2912.77 195.622 195.617 -1.62439 -1.72565 593279000.0
789 0.02885 0.000322509 472.186 2912.85 195.627 195.617 -3.85259 0.235353 593274000.0
790 0.02895 0.00032252 472.171 2912.82 195.632 195.62 0.579803 10.936 593285000.0
791 0.02905 0.00032252 472.17 2912.86 195.634 195.62 -3.51975 7.44694 593288000.0
792 0.02915 0.000322523 472.166 2912.79 195.632 195.62 1.49459 8.85012 593286000.0
793 0.02925 0.000322504 472.192 2912.8 195.621 195.617 -3.49028 -4.30328 593287000.0
794 0.02935 0.000322525 472.165 2912.77 195.632 195.618 3.04239 7.49624 593279000.0
795 0.02945 0.000322534 472.145 2912.76 195.637 195.623 5.23365 15.9013 593295000.0
796 0.02955 0.000322522 472.168 2912.68 195.623 195.617 6.67436 5.01766 593270000.0
797 0.02965 0.000322507 472.189 2912.65 195.613 195.616 2.61655 -7.14658 593265000.0
798 0.02975 0.00032251 472.182 2912.85 195.628 195.617 -2.89968 -0.104738 593286000.0
799 0.02985 0.000322503 472.194 2912.82 195.621 195.614 -6.36808 -12.5123 593276000.0
800 0.02995 0.000322521 472.171 2912.73 195.626 195.62 3.86075 1.80871 593282000.0
