TITLE = "DSMC"
VARIABLES = "ID" "X" "rho" "v1" "Ttrans" "p" "p1" "q1" "mv1v1v1" "mvvv1v1"
ZONE T="Ma=5.6", I=800, J=1, K=1, F=POINT
1 -0.04995 8.83402e-05 1723.8 273.101 5.02403 5.02241 -0.039207 0.0514115 1426430.0
2 -0.04985 8.83401e-05 1723.8 273.101 5.02402 5.02239 -0.0218888 0.0772632 1426460.0
3 -0.04975 8.83415e-05 1723.8 273.101 5.02409 5.02247 -0.0670999 0.0379444 1426510.0
4 -0.04965 8.83412e-05 1723.8 273.104 5.02413 5.02253 -0.0716557 0.00690331 1426590.0
5 -0.04955 8.83409e-05 1723.8 273.104 5.02412 5.02265 -0.0980157 -0.0527443 1426720.0
6 -0.04945 8.83408e-05 1723.79 273.102 5.02407 5.02259 -0.0967563 -0.0482783 1426690.0
7 -0.04935 8.83406e-05 1723.8 273.106 5.02413 5.02271 -0.126256 -0.11355 1426840.0
8 -0.04925 8.83409e-05 1723.8 273.104 5.02411 5.0226 -0.127339 -0.126597 1426780.0
9 -0.04915 8.83406e-05 1723.79 273.105 5.02411 5.02265 -0.109491 -0.127113 1426870.0
10 -0.04905 8.83412e-05 1723.8 273.105 5.02414 5.02278 -0.114472 -0.143471 1426930.0
11 -0.04895 8.83407e-05 1723.8 273.102 5.02407 5.02274 -0.163578 -0.185688 1426970.0
12 -0.04885 8.83407e-05 1723.79 273.105 5.02412 5.0228 -0.127892 -0.132276 1427000.0
13 -0.04875 8.8341e-05 1723.8 273.104 5.02413 5.02285 -0.161368 -0.191864 1427080.0
14 -0.04865 8.83412e-05 1723.8 273.105 5.02414 5.02294 -0.17683 -0.25162 1427210.0
15 -0.04855 8.83412e-05 1723.79 273.106 5.02416 5.02294 -0.20739 -0.275556 1427240.0
16 -0.04845 8.83407e-05 1723.79 273.107 5.02415 5.02293 -0.175107 -0.225817 1427230.0
17 -0.04835 8.83413e-05 1723.79 273.106 5.02417 5.02301 -0.192014 -0.295073 1427320.0
18 -0.04825 8.83403e-05 1723.79 273.102 5.02405 5.02296 -0.211335 -0.316592 1427270.0
19 -0.04815 8.83405e-05 1723.79 273.107 5.02416 5.02306 -0.198752 -0.318558 1427400.0
20 -0.04805 8.83422e-05 1723.8 273.106 5.02423 5.02324 -0.220953 -0.363554 1427450.0
21 -0.04795 8.83407e-05 1723.79 273.104 5.0241 5.02313 -0.221625 -0.35573 1427470.0
22 -0.04785 8.8341e-05 1723.79 273.106 5.02415 5.02319 -0.207469 -0.344693 1427440.0
23 -0.04775 8.83405e-05 1723.79 273.106 5.02412 5.02317 -0.242906 -0.381621 1427550.0
24 -0.04765 8.83415e-05 1723.79 273.106 5.02419 5.02329 -0.237492 -0.407861 1427560.0
25 -0.04755 8.83414e-05 1723.79 273.105 5.02416 5.02323 -0.250181 -0.40393 1427580.0
26 -0.04745 8.83407e-05 1723.79 273.105 5.02412 5.02329 -0.238662 -0.400221 1427620.0
27 -0.04735 8.83411e-05 1723.79 273.108 5.0242 5.02331 -0.248054 -0.380512 1427680.0
28 -0.04725 8.83413e-05 1723.79 273.106 5.02418 5.02334 -0.258639 -0.414898 1427710.0
29 -0.04715 8.83409e-05 1723.79 273.106 5.02415 5.02335 -0.263908 -0.41484 1427720.0
30 -0.04705 8.83412e-05 1723.79 273.107 5.02419 5.02342 -0.239309 -0.431726 1427710.0
31 -0.04695 8.8341e-05 1723.79 273.106 5.02416 5.02338 -0.254886 -0.44144 1427760.0
32 -0.04685 8.83404e-05 1723.79 273.105 5.02411 5.02341 -0.263338 -0.482493 1427790.0
33 -0.04675 8.83425e-05 1723.79 273.108 5.02429 5.02356 -0.279783 -0.466727 1427860.0
34 -0.04665 8.83406e-05 1723.79 273.109 5.02419 5.02346 -0.266654 -0.427301 1427860.0
35 -0.04655 8.83414e-05 1723.79 273.108 5.02421 5.0235 -0.285554 -0.475848 1427910.0
36 -0.04645 8.83414e-05 1723.79 273.108 5.02422 5.02341 -0.268714 -0.466637 1427870.0
37 -0.04635 8.83407e-05 1723.79 273.107 5.02417 5.0234 -0.288294 -0.496947 1427900.0
38 -0.04625 8.8341e-05 1723.79 273.108 5.02419 5.02347 -0.284629 -0.516286 1427900.0
39 -0.04615 8.8341e-05 1723.79 273.108 5.02421 5.0236 -0.268366 -0.46913 1427970.0
40 -0.04605 8.8342e-05 1723.79 273.106 5.02422 5.02357 -0.259873 -0.486196 1427950.0
41 -0.04595 8.83405e-05 1723.79 273.107 5.02416 5.02363 -0.275855 -0.497153 1427970.0
42 -0.04585 8.83417e-05 1723.79 273.11 5.02426 5.0238 -0.285671 -0.542793 1428070.0
43 -0.04575 8.83413e-05 1723.79 273.106 5.02417 5.02373 -0.263841 -0.5079 1428050.0
44 -0.04565 8.83417e-05 1723.79 273.109 5.02426 5.02377 -0.294615 -0.53473 1428130.0
45 -0.04555 8.8341e-05 1723.79 273.108 5.0242 5.02368 -0.275783 -0.517146 1428150.0
46 -0.04545 8.83417e-05 1723.79 273.109 5.02426 5.02376 -0.299285 -0.54717 1428150.0
47 -0.04535 8.83411e-05 1723.79 273.108 5.0242 5.02368 -0.293463 -0.553245 1428140.0
48 -0.04525 8.8341e-05 1723.79 273.109 5.02421 5.02371 -0.300906 -0.55171 1428150.0
49 -0.04515 8.83412e-05 1723.79 273.111 5.02426 5.02378 -0.281397 -0.508351 1428190.0
50 -0.04505 8.83416e-05 1723.79 273.108 5.02424 5.0237 -0.303632 -0.480321 1428150.0
51 -0.04495 8.83417e-05 1723.79 273.111 5.02428 5.02376 -0.281571 -0.480213 1428180.0
52 -0.04485 8.83407e-05 1723.79 273.11 5.02421 5.02372 -0.296597 -0.466483 1428150.0
53 -0.04475 8.83413e-05 1723.79 273.11 5.02424 5.02365 -0.298106 -0.494504 1428190.0
54 -0.04465 8.83412e-05 1723.79 273.111 5.02425 5.02365 -0.311471 -0.488755 1428180.0
55 -0.04455 8.83417e-05 1723.79 273.11 5.02428 5.02369 -0.318059 -0.510574 1428240.0
56 -0.04445 8.8341e-05 1723.79 273.108 5.0242 5.02368 -0.311779 -0.487893 1428250.0
57 -0.04435 8.83418e-05 1723.79 273.111 5.0243 5.02378 -0.344504 -0.544911 1428380.0
58 -0.04425 8.83414e-05 1723.79 273.111 5.02428 5.02378 -0.316751 -0.492301 1428300.0
59 -0.04415 8.83408e-05 1723.79 273.11 5.02422 5.02363 -0.318985 -0.49578 1428250.0
60 -0.04405 8.83418e-05 1723.79 273.112 5.02431 5.02375 -0.324044 -0.502654 1428290.0
61 -0.04395 8.83416e-05 1723.79 273.11 5.02427 5.0237 -0.325811 -0.502765 1428300.0
62 -0.04385 8.83406e-05 1723.79 273.109 5.02419 5.0235 -0.343648 -0.512223 1428230.0
63 -0.04375 8.83416e-05 1723.79 273.111 5.02428 5.02355 -0.322695 -0.499668 1428290.0
64 -0.04365 8.83414e-05 1723.79 273.111 5.02427 5.02354 -0.341462 -0.527363 1428290.0
65 -0.04355 8.83417e-05 1723.79 273.11 5.02427 5.02355 -0.353402 -0.559125 1428320.0
66 -0.04345 8.83413e-05 1723.79 273.11 5.02424 5.02352 -0.347924 -0.545497 1428300.0
67 -0.04335 8.83412e-05 1723.79 273.112 5.02427 5.02353 -0.360209 -0.542415 1428300.0
68 -0.04325 8.8341e-05 1723.79 273.11 5.02423 5.02351 -0.379537 -0.591193 1428330.0
69 -0.04315 8.83416e-05 1723.79 273.112 5.0243 5.02361 -0.390006 -0.578376 1428420.0
70 -0.04305 8.8341e-05 1723.79 273.11 5.02424 5.0236 -0.376455 -0.575061 1428370.0
71 -0.04295 8.83421e-05 1723.79 273.11 5.0243 5.02371 -0.388116 -0.588872 1428440.0
72 -0.04285 8.83406e-05 1723.79 273.113 5.02427 5.0236 -0.379527 -0.582819 1428440.0
73 -0.04275 8.83419e-05 1723.79 273.109 5.02426 5.02362 -0.376087 -0.607437 1428440.0
74 -0.04265 8.83405e-05 1723.79 273.112 5.02424 5.02362 -0.351475 -0.562051 1428450.0
75 -0.04255 8.83421e-05 1723.79 273.11 5.0243 5.02365 -0.388195 -0.623755 1428480.0
76 -0.04245 8.83411e-05 1723.79 273.109 5.02423 5.02353 -0.409846 -0.622047 1428500.0
77 -0.04235 8.83409e-05 1723.79 273.114 5.0243 5.02368 -0.424277 -0.626252 1428610.0
78 -0.04225 8.83417e-05 1723.79 273.111 5.02428 5.02368 -0.407274 -0.613882 1428510.0
79 -0.04215 8.83413e-05 1723.79 273.111 5.02426 5.02365 -0.391148 -0.598779 1428540.0
80 -0.04205 8.83411e-05 1723.79 273.113 5.02429 5.02361 -0.416899 -0.628752 1428540.0
81 -0.04195 8.83416e-05 1723.79 273.111 5.02428 5.02366 -0.425462 -0.643607 1428650.0
82 -0.04185 8.83409e-05 1723.79 273.111 5.02425 5.02366 -0.46 -0.662772 1428740.0
83 -0.04175 8.83409e-05 1723.79 273.113 5.02427 5.02372 -0.416614 -0.629034 1428740.0
84 -0.04165 8.83416e-05 1723.79 273.113 5.02431 5.02371 -0.433109 -0.646065 1428670.0
85 -0.04155 8.83414e-05 1723.79 273.112 5.0243 5.02368 -0.463332 -0.655592 1428810.0
86 -0.04145 8.83415e-05 1723.79 273.112 5.0243 5.02373 -0.442927 -0.635308 1428860.0
87 -0.04135 8.83407e-05 1723.79 273.113 5.02427 5.02372 -0.466737 -0.658443 1428890.0
88 -0.04125 8.83416e-05 1723.79 273.113 5.02431 5.02375 -0.451529 -0.629804 1428790.0
89 -0.04115 8.8341e-05 1723.79 273.115 5.02432 5.02372 -0.457581 -0.64658 1428840.0
90 -0.04105 8.83413e-05 1723.79 273.114 5.02432 5.02373 -0.4883 -0.671291 1428890.0
91 -0.04095 8.83412e-05 1723.79 273.113 5.0243 5.02372 -0.510157 -0.70814 1428940.0
92 -0.04085 8.83405e-05 1723.79 273.113 5.02427 5.02367 -0.483582 -0.687009 1428910.0
93 -0.04075 8.83416e-05 1723.79 273.114 5.02434 5.0238 -0.507024 -0.743303 1429070.0
94 -0.04065 8.83416e-05 1723.79 273.114 5.02435 5.02387 -0.524656 -0.774971 1429090.0
95 -0.04055 8.83409e-05 1723.79 273.112 5.02426 5.02385 -0.521556 -0.743044 1429130.0
96 -0.04045 8.83408e-05 1723.79 273.114 5.0243 5.02385 -0.516596 -0.764771 1429140.0
97 -0.04035 8.8341e-05 1723.79 273.115 5.02433 5.02386 -0.520528 -0.727899 1429260.0
98 -0.04025 8.83415e-05 1723.79 273.112 5.02431 5.0239 -0.494054 -0.720285 1429140.0
99 -0.04015 8.83412e-05 1723.79 273.114 5.02431 5.02392 -0.494717 -0.721112 1429200.0
100 -0.04005 8.83414e-05 1723.79 273.113 5.02431 5.02396 -0.498351 -0.729143 1429180.0
101 -0.03995 8.8341e-05 1723.79 273.114 5.02431 5.02396 -0.530862 -0.781436 1429330.0
102 -0.03985 8.83412e-05 1723.79 273.114 5.02433 5.024 -0.529441 -0.805115 1429320.0
103 -0.03975 8.83407e-05 1723.79 273.114 5.02429 5.02392 -0.506399 -0.772223 1429300.0
104 -0.03965 8.83416e-05 1723.79 273.112 5.02429 5.02397 -0.488473 -0.72876 1429250.0
105 -0.03955 8.83412e-05 1723.79 273.114 5.02432 5.02398 -0.539706 -0.822112 1429460.0
106 -0.03945 8.83412e-05 1723.78 273.115 5.02434 5.02404 -0.495788 -0.75562 1429370.0
107 -0.03935 8.83412e-05 1723.79 273.114 5.02432 5.02398 -0.53092 -0.810742 1429410.0
108 -0.03925 8.83414e-05 1723.79 273.113 5.02432 5.02397 -0.542391 -0.831066 1429430.0
109 -0.03915 8.83411e-05 1723.79 273.114 5.0243 5.0238 -0.517094 -0.807946 1429370.0
110 -0.03905 8.8342e-05 1723.79 273.112 5.02432 5.02389 -0.504636 -0.765721 1429370.0
111 -0.03895 8.83407e-05 1723.79 273.115 5.0243 5.02382 -0.527284 -0.790924 1429470.0
112 -0.03885 8.83409e-05 1723.79 273.113 5.02429 5.02378 -0.496957 -0.759033 1429430.0
113 -0.03875 8.83415e-05 1723.79 273.114 5.02434 5.02381 -0.535287 -0.806302 1429650.0
114 -0.03865 8.83413e-05 1723.79 273.115 5.02433 5.02375 -0.550036 -0.783738 1429730.0
115 -0.03855 8.83416e-05 1723.79 273.114 5.02435 5.02386 -0.552835 -0.821525 1429850.0
116 -0.03845 8.83412e-05 1723.79 273.114 5.02432 5.02371 -0.575438 -0.839059 1429800.0
117 -0.03835 8.83421e-05 1723.79 273.117 5.02441 5.02381 -0.618941 -0.867804 1430030.0
118 -0.03825 8.83408e-05 1723.79 273.116 5.02434 5.0237 -0.642218 -0.900789 1430120.0
119 -0.03815 8.83415e-05 1723.79 273.116 5.02437 5.02375 -0.595203 -0.863452 1430050.0
120 -0.03805 8.83406e-05 1723.79 273.115 5.02429 5.02364 -0.61943 -0.863828 1430040.0
121 -0.03795 8.83414e-05 1723.79 273.115 5.02435 5.02371 -0.603635 -0.840969 1430110.0
122 -0.03785 8.83414e-05 1723.79 273.115 5.02435 5.02376 -0.627308 -0.865716 1430190.0
123 -0.03775 8.83408e-05 1723.79 273.115 5.0243 5.02361 -0.602033 -0.873725 1430170.0
124 -0.03765 8.83411e-05 1723.79 273.117 5.02436 5.02374 -0.631758 -0.889296 1430140.0
125 -0.03755 8.83411e-05 1723.79 273.117 5.02437 5.02383 -0.645858 -0.883037 1430350.0
126 -0.03745 8.83415e-05 1723.79 273.117 5.02439 5.0239 -0.66478 -0.924683 1430450.0
127 -0.03735 8.83409e-05 1723.79 273.116 5.02434 5.02379 -0.670832 -0.92628 1430470.0
128 -0.03725 8.83415e-05 1723.79 273.117 5.0244 5.02388 -0.668613 -0.946402 1430550.0
129 -0.03715 8.83414e-05 1723.79 273.117 5.02438 5.02385 -0.689816 -0.974979 1430620.0
130 -0.03705 8.83409e-05 1723.79 273.117 5.02435 5.02386 -0.661838 -0.959169 1430610.0
131 -0.03695 8.83418e-05 1723.79 273.117 5.02441 5.024 -0.691124 -0.981624 1430700.0
132 -0.03685 8.83407e-05 1723.79 273.119 5.02438 5.02401 -0.75003 -1.09459 1430890.0
133 -0.03675 8.83416e-05 1723.79 273.118 5.02441 5.02402 -0.736544 -1.04236 1430830.0
134 -0.03665 8.8341e-05 1723.79 273.12 5.02441 5.02402 -0.749098 -1.09427 1430970.0
135 -0.03655 8.83411e-05 1723.79 273.119 5.0244 5.02392 -0.767589 -1.08275 1431020.0
136 -0.03645 8.83419e-05 1723.79 273.122 5.0245 5.02411 -0.793411 -1.13026 1431220.0
137 -0.03635 8.83408e-05 1723.78 273.119 5.02438 5.02404 -0.767428 -1.0787 1431160.0
138 -0.03625 8.83416e-05 1723.79 273.12 5.02445 5.02405 -0.785865 -1.12741 1431210.0
139 -0.03615 8.83414e-05 1723.78 273.12 5.02443 5.02407 -0.774375 -1.11304 1431290.0
140 -0.03605 8.83405e-05 1723.79 273.121 5.02441 5.02417 -0.819989 -1.18586 1431450.0
141 -0.03595 8.83416e-05 1723.78 273.123 5.0245 5.02422 -0.793197 -1.1465 1431460.0
142 -0.03585 8.83421e-05 1723.79 273.121 5.0245 5.02423 -0.849477 -1.20737 1431710.0
143 -0.03575 8.83414e-05 1723.78 273.122 5.02448 5.02428 -0.849916 -1.23106 1431770.0
144 -0.03565 8.83414e-05 1723.78 273.123 5.0245 5.02429 -0.870618 -1.26979 1431900.0
145 -0.03555 8.83419e-05 1723.78 273.121 5.0245 5.02433 -0.915441 -1.30325 1432110.0
146 -0.03545 8.8341e-05 1723.78 273.126 5.02453 5.02436 -0.907266 -1.31533 1432210.0
147 -0.03535 8.83421e-05 1723.78 273.121 5.02449 5.02445 -0.926108 -1.36923 1432340.0
148 -0.03525 8.83417e-05 1723.79 273.127 5.02459 5.02451 -0.977643 -1.39148 1432630.0
149 -0.03515 8.83416e-05 1723.78 273.123 5.0245 5.02441 -0.986637 -1.406 1432590.0
150 -0.03505 8.83415e-05 1723.78 273.126 5.02455 5.02449 -0.982919 -1.38415 1432690.0
151 -0.03495 8.83424e-05 1723.78 273.126 5.02461 5.02459 -1.06597 -1.48014 1433070.0
152 -0.03485 8.83412e-05 1723.78 273.126 5.02453 5.0246 -1.07685 -1.51683 1433180.0
153 -0.03475 8.83408e-05 1723.78 273.128 5.02456 5.02463 -1.07731 -1.52318 1433260.0
154 -0.03465 8.83415e-05 1723.78 273.127 5.02458 5.02467 -1.20124 -1.71675 1433610.0
155 -0.03455 8.83421e-05 1723.78 273.131 5.02467 5.02467 -1.19588 -1.71694 1433680.0
156 -0.03445 8.83411e-05 1723.78 273.129 5.02459 5.02457 -1.23795 -1.77792 1433890.0
157 -0.03435 8.83422e-05 1723.78 273.132 5.02471 5.02477 -1.29316 -1.87284 1434120.0
158 -0.03425 8.83416e-05 1723.78 273.13 5.02464 5.02473 -1.28878 -1.83283 1434180.0
159 -0.03415 8.83414e-05 1723.78 273.134 5.02469 5.02474 -1.29471 -1.89335 1434290.0
160 -0.03405 8.83416e-05 1723.78 273.132 5.02467 5.02488 -1.39776 -2.01773 1434690.0
161 -0.03395 8.83411e-05 1723.78 273.134 5.02467 5.02485 -1.42552 -2.11105 1434840.0
162 -0.03385 8.83421e-05 1723.78 273.133 5.02472 5.02494 -1.45756 -2.1366 1435030.0
163 -0.03375 8.83419e-05 1723.78 273.136 5.02477 5.02491 -1.4622 -2.12422 1435120.0
164 -0.03365 8.83416e-05 1723.78 273.136 5.02474 5.02492 -1.53218 -2.27072 1435450.0
165 -0.03355 8.83413e-05 1723.78 273.139 5.02479 5.02497 -1.64753 -2.39587 1435870.0
166 -0.03345 8.83425e-05 1723.78 273.138 5.02483 5.02503 -1.70964 -2.46466 1436090.0
167 -0.03335 8.83417e-05 1723.78 273.141 5.02484 5.02503 -1.68201 -2.45941 1436180.0
168 -0.03325 8.83421e-05 1723.78 273.14 5.02485 5.02503 -1.79482 -2.59849 1436650.0
169 -0.03315 8.8342e-05 1723.78 273.143 5.02488 5.02515 -1.85019 -2.67583 1436890.0
170 -0.03305 8.83418e-05 1723.78 273.146 5.02493 5.02519 -1.90782 -2.78888 1437280.0
171 -0.03295 8.83419e-05 1723.78 273.145 5.02493 5.02525 -1.89081 -2.78664 1437290.0
172 -0.03285 8.83418e-05 1723.78 273.145 5.02492 5.02524 -1.96231 -2.87894 1437650.0
173 -0.03275 8.83422e-05 1723.78 273.147 5.02499 5.02542 -2.0146 -2.97445 1437980.0
174 -0.03265 8.83421e-05 1723.78 273.148 5.025 5.0254 -2.08993 -3.04926 1438240.0
175 -0.03255 8.83416e-05 1723.78 273.15 5.025 5.02543 -2.15514 -3.09596 1438640.0
176 -0.03245 8.83425e-05 1723.78 273.15 5.02505 5.02551 -2.2067 -3.21643 1438980.0
177 -0.03235 8.83421e-05 1723.78 273.153 5.02508 5.0255 -2.3197 -3.31824 1439430.0
178 -0.03225 8.83422e-05 1723.78 273.158 5.02517 5.02561 -2.47821 -3.54511 1440200.0
179 -0.03215 8.83422e-05 1723.77 273.157 5.02516 5.02561 -2.51381 -3.60482 1440420.0
180 -0.03205 8.83419e-05 1723.78 273.158 5.02518 5.02563 -2.60991 -3.75921 1440900.0
181 -0.03195 8.83419e-05 1723.77 273.159 5.02519 5.02565 -2.61471 -3.83127 1441060.0
182 -0.03185 8.83421e-05 1723.77 273.157 5.02516 5.0256 -2.59503 -3.8044 1441040.0
183 -0.03175 8.83424e-05 1723.78 273.158 5.0252 5.02563 -2.65615 -3.96235 1441450.0
184 -0.03165 8.83426e-05 1723.77 273.162 5.02527 5.0257 -2.7249 -4.01821 1441780.0
185 -0.03155 8.83422e-05 1723.78 273.163 5.02528 5.02575 -2.86513 -4.25216 1442290.0
186 -0.03145 8.83418e-05 1723.77 273.164 5.02528 5.02573 -2.9272 -4.30378 1442660.0
187 -0.03135 8.83427e-05 1723.77 273.168 5.02539 5.02592 -3.03269 -4.50528 1443330.0
188 -0.03125 8.83422e-05 1723.78 273.171 5.02541 5.02612 -3.14967 -4.65245 1443870.0
189 -0.03115 8.83424e-05 1723.77 273.172 5.02546 5.026 -3.21332 -4.76567 1444330.0
190 -0.03105 8.8342e-05 1723.77 273.175 5.02548 5.02612 -3.35607 -4.91668 1445000.0
191 -0.03095 8.83418e-05 1723.77 273.177 5.02551 5.02615 -3.43193 -5.06142 1445280.0
192 -0.03085 8.83435e-05 1723.77 273.177 5.02561 5.02625 -3.52916 -5.23846 1445910.0
193 -0.03075 8.83419e-05 1723.77 273.178 5.02554 5.02618 -3.572 -5.28972 1446160.0
194 -0.03065 8.83421e-05 1723.77 273.178 5.02555 5.02625 -3.66805 -5.43245 1446740.0
195 -0.03055 8.83422e-05 1723.77 273.187 5.02571 5.02646 -3.82165 -5.65316 1447710.0
196 -0.03045 8.83422e-05 1723.77 273.187 5.02571 5.02648 -4.03551 -5.8747 1448480.0
197 -0.03035 8.83422e-05 1723.77 273.191 5.02579 5.02652 -4.0416 -5.92416 1448820.0
198 -0.03025 8.83422e-05 1723.77 273.195 5.02585 5.02669 -4.185 -6.14499 1449560.0
199 -0.03015 8.83428e-05 1723.77 273.193 5.02587 5.02676 -4.30607 -6.32475 1450240.0
200 -0.03005 8.83418e-05 1723.76 273.196 5.02586 5.02686 -4.45825 -6.52589 1451020.0
201 -0.02995 8.8343e-05 1723.77 273.201 5.02602 5.02691 -4.57923 -6.69816 1451560.0
202 -0.02985 8.83419e-05 1723.77 273.203 5.02599 5.02703 -4.74686 -6.98196 1452440.0
203 -0.02975 8.83424e-05 1723.76 273.206 5.02608 5.02716 -4.8172 -7.11673 1453010.0
204 -0.02965 8.83425e-05 1723.76 273.207 5.02611 5.02729 -4.95955 -7.29817 1453770.0
205 -0.02955 8.83424e-05 1723.76 273.213 5.02621 5.02735 -5.1821 -7.57264 1454780.0
206 -0.02945 8.83424e-05 1723.76 273.216 5.02627 5.02756 -5.38178 -7.84766 1455770.0
207 -0.02935 8.83423e-05 1723.76 273.221 5.02634 5.02767 -5.50661 -8.07449 1456470.0
208 -0.02925 8.83434e-05 1723.76 273.218 5.02637 5.02772 -5.54295 -8.21982 1456810.0
209 -0.02915 8.83418e-05 1723.76 273.221 5.02633 5.02761 -5.58554 -8.27635 1457340.0
210 -0.02905 8.83431e-05 1723.76 273.228 5.02652 5.02793 -5.9326 -8.72533 1458930.0
211 -0.02895 8.83423e-05 1723.76 273.236 5.02663 5.02811 -6.19333 -9.1223 1460160.0
212 -0.02885 8.83424e-05 1723.76 273.235 5.0266 5.02803 -6.23382 -9.18749 1460620.0
213 -0.02875 8.83431e-05 1723.76 273.234 5.02664 5.02818 -6.23273 -9.29774 1460980.0
214 -0.02865 8.83425e-05 1723.76 273.241 5.02672 5.02832 -6.56429 -9.72571 1462390.0
215 -0.02855 8.8343e-05 1723.75 273.247 5.02686 5.02846 -6.79267 -10.0611 1463640.0
216 -0.02845 8.83426e-05 1723.76 273.253 5.02696 5.02865 -7.09121 -10.4504 1465050.0
217 -0.02835 8.83426e-05 1723.75 273.26 5.02708 5.02891 -7.35897 -10.7899 1466400.0
218 -0.02825 8.83428e-05 1723.75 273.263 5.02715 5.029 -7.52756 -11.0624 1467320.0
219 -0.02815 8.83433e-05 1723.75 273.266 5.02723 5.0291 -7.68844 -11.3428 1468310.0
220 -0.02805 8.8343e-05 1723.75 273.272 5.02733 5.02932 -7.90514 -11.6895 1469430.0
221 -0.02795 8.83429e-05 1723.75 273.279 5.02745 5.02954 -8.22099 -12.1368 1471050.0
222 -0.02785 8.83434e-05 1723.75 273.281 5.02751 5.02974 -8.45769 -12.5011 1472260.0
223 -0.02775 8.8343e-05 1723.75 273.289 5.02763 5.02982 -8.75046 -12.9982 1473760.0
224 -0.02765 8.83437e-05 1723.75 273.298 5.02784 5.03017 -9.05662 -13.3738 1475470.0
225 -0.02755 8.83438e-05 1723.75 273.304 5.02796 5.03044 -9.37863 -13.8732 1477120.0
226 -0.02745 8.83427e-05 1723.74 273.313 5.02807 5.03063 -9.85205 -14.4843 1479290.0
227 -0.02735 8.83438e-05 1723.74 273.319 5.02824 5.03087 -10.1993 -15.0537 1481070.0
228 -0.02725 8.83444e-05 1723.74 273.326 5.02839 5.03108 -10.3962 -15.3679 1482450.0
229 -0.02715 8.83438e-05 1723.74 273.333 5.0285 5.03129 -10.6889 -15.8654 1484070.0
230 -0.02705 8.83442e-05 1723.73 273.346 5.02875 5.03172 -11.3231 -16.6831 1486770.0
231 -0.02695 8.8344e-05 1723.73 273.351 5.02883 5.03192 -11.6957 -17.2229 1488790.0
232 -0.02685 8.83434e-05 1723.73 273.36 5.02896 5.0322 -12.0584 -17.7941 1490720.0
233 -0.02675 8.83447e-05 1723.73 273.368 5.02919 5.03249 -12.362 -18.2375 1492490.0
234 -0.02665 8.83447e-05 1723.73 273.378 5.02937 5.03292 -12.8467 -18.9437 1494840.0
235 -0.02655 8.83446e-05 1723.72 273.391 5.02961 5.03335 -13.4964 -19.7869 1497960.0
236 -0.02645 8.8344e-05 1723.72 273.4 5.02973 5.0336 -13.8703 -20.4373 1500050.0
237 -0.02635 8.83444e-05 1723.72 273.407 5.02989 5.03382 -14.1444 -20.9127 1501830.0
238 -0.02625 8.83449e-05 1723.72 273.416 5.03008 5.0341 -14.6904 -21.6289 1504540.0
239 -0.02615 8.83445e-05 1723.72 273.423 5.03018 5.03438 -15.1177 -22.3104 1506630.0
240 -0.02605 8.83458e-05 1723.72 273.435 5.03048 5.03476 -15.4983 -22.9084 1508920.0
241 -0.02595 8.83448e-05 1723.71 273.448 5.03067 5.03518 -16.1324 -23.7928 1511910.0
242 -0.02585 8.83454e-05 1723.71 273.456 5.03084 5.03533 -16.5697 -24.4045 1514430.0
243 -0.02575 8.83447e-05 1723.71 273.466 5.03099 5.03561 -16.9526 -25.1103 1516650.0
244 -0.02565 8.8346e-05 1723.71 273.483 5.03137 5.03617 -17.7768 -26.1308 1520510.0
245 -0.02555 8.83457e-05 1723.71 273.496 5.0316 5.03661 -18.4038 -27.0773 1523900.0
246 -0.02545 8.83456e-05 1723.7 273.498 5.03163 5.03671 -18.4992 -27.3614 1525160.0
247 -0.02535 8.83461e-05 1723.7 273.509 5.03187 5.03718 -19.1533 -28.3772 1528460.0
248 -0.02525 8.83458e-05 1723.69 273.527 5.03218 5.03762 -19.8038 -29.32 1531820.0
249 -0.02515 8.83461e-05 1723.69 273.541 5.03245 5.03815 -20.5971 -30.3709 1535780.0
250 -0.02505 8.83464e-05 1723.69 273.561 5.03283 5.03874 -21.4104 -31.4534 1539720.0
251 -0.02495 8.83458e-05 1723.69 273.572 5.033 5.03904 -21.9535 -32.3564 1543100.0
252 -0.02485 8.8347e-05 1723.68 273.582 5.03326 5.03964 -22.5397 -33.3556 1546130.0
253 -0.02475 8.8346e-05 1723.68 273.596 5.03346 5.04009 -23.1827 -34.4292 1549710.0
254 -0.02465 8.83471e-05 1723.68 273.617 5.0339 5.04062 -23.9979 -35.4706 1554010.0
255 -0.02455 8.83477e-05 1723.67 273.628 5.03414 5.04116 -24.661 -36.5384 1557610.0
256 -0.02445 8.83471e-05 1723.67 273.652 5.03456 5.0417 -25.7292 -38.0327 1562800.0
257 -0.02435 8.83475e-05 1723.66 273.67 5.03491 5.04238 -26.694 -39.4037 1567840.0
258 -0.02425 8.83486e-05 1723.66 273.698 5.03547 5.04333 -27.8285 -41.0928 1573170.0
259 -0.02415 8.83477e-05 1723.65 273.72 5.03583 5.04396 -28.9769 -42.764 1579020.0
260 -0.02405 8.83479e-05 1723.65 273.739 5.0362 5.04459 -29.9129 -44.0964 1583840.0
261 -0.02395 8.83494e-05 1723.64 273.768 5.03681 5.04548 -31.19 -45.8995 1590080.0
262 -0.02385 8.83488e-05 1723.64 273.79 5.03718 5.04621 -32.1266 -47.4282 1594870.0
263 -0.02375 8.83492e-05 1723.64 273.812 5.03761 5.04689 -33.2707 -49.1327 1601190.0
264 -0.02365 8.83498e-05 1723.63 273.826 5.0379 5.04736 -33.9007 -50.146 1604910.0
265 -0.02355 8.8349e-05 1723.62 273.858 5.03845 5.04826 -35.4149 -52.2402 1612210.0
266 -0.02345 8.83504e-05 1723.62 273.889 5.03909 5.04938 -36.7665 -54.2773 1618960.0
267 -0.02335 8.83507e-05 1723.61 273.916 5.03961 5.05032 -38.0647 -56.2073 1625790.0
268 -0.02325 8.8351e-05 1723.61 273.938 5.04004 5.051 -39.1018 -57.781 1631270.0
269 -0.02315 8.83497e-05 1723.6 273.975 5.04064 5.05215 -40.7483 -60.2085 1639390.0
270 -0.02305 8.83525e-05 1723.6 273.998 5.04123 5.05312 -42.0874 -62.1666 1646530.0
271 -0.02295 8.83516e-05 1723.59 274.034 5.04183 5.05417 -43.4725 -64.1483 1653300.0
272 -0.02285 8.83516e-05 1723.58 274.065 5.04241 5.05521 -45.1396 -66.5966 1662040.0
273 -0.02275 8.83527e-05 1723.58 274.095 5.04303 5.05609 -46.4368 -68.4202 1668940.0
274 -0.02265 8.83522e-05 1723.56 274.128 5.0436 5.05735 -48.0289 -71.0147 1677560.0
275 -0.02255 8.83533e-05 1723.56 274.154 5.04414 5.05824 -49.265 -72.9544 1684330.0
276 -0.02245 8.83536e-05 1723.55 274.191 5.04484 5.05955 -50.9402 -75.5489 1693000.0
277 -0.02235 8.83535e-05 1723.54 274.233 5.0456 5.06091 -52.9445 -78.3301 1702700.0
278 -0.02225 8.8354e-05 1723.54 274.267 5.04626 5.06203 -54.548 -80.7639 1711700.0
279 -0.02215 8.8355e-05 1723.53 274.308 5.04707 5.06331 -56.3578 -83.239 1720490.0
280 -0.02205 8.83548e-05 1723.52 274.341 5.04767 5.06451 -58.0701 -86.0758 1730490.0
281 -0.02195 8.83556e-05 1723.51 274.393 5.04866 5.06615 -60.4376 -89.457 1741920.0
282 -0.02185 8.8356e-05 1723.5 274.433 5.04943 5.06746 -62.3089 -92.3524 1752040.0
283 -0.02175 8.83564e-05 1723.49 274.481 5.05033 5.06903 -64.5094 -95.5451 1762960.0
284 -0.02165 8.83564e-05 1723.48 274.527 5.05118 5.07048 -66.8086 -98.9333 1774770.0
285 -0.02155 8.83578e-05 1723.47 274.573 5.0521 5.07218 -68.7993 -102.282 1785620.0
286 -0.02145 8.83576e-05 1723.46 274.624 5.05304 5.07395 -71.2423 -105.89 1797950.0
287 -0.02135 8.83588e-05 1723.45 274.676 5.05406 5.07568 -73.6911 -109.623 1810510.0
288 -0.02125 8.83594e-05 1723.43 274.735 5.05519 5.07766 -76.493 -113.862 1824830.0
289 -0.02115 8.83591e-05 1723.42 274.791 5.0562 5.0793 -78.9484 -117.287 1837250.0
290 -0.02105 8.83608e-05 1723.41 274.852 5.05741 5.0814 -81.9042 -121.573 1852610.0
291 -0.02095 8.83617e-05 1723.4 274.905 5.05843 5.0832 -84.3743 -125.372 1865530.0
292 -0.02085 8.83613e-05 1723.39 274.963 5.05948 5.08496 -87.1529 -129.433 1880140.0
293 -0.02075 8.83631e-05 1723.37 275.043 5.06106 5.08764 -90.8356 -134.604 1897870.0
294 -0.02065 8.83639e-05 1723.35 275.109 5.06232 5.08992 -93.9323 -139.272 1913950.0
295 -0.02055 8.83641e-05 1723.34 275.176 5.06357 5.09215 -97.0775 -144.065 1930670.0
296 -0.02045 8.83646e-05 1723.32 275.25 5.06495 5.09475 -100.586 -149.365 1948700.0
297 -0.02035 8.83665e-05 1723.3 275.334 5.06661 5.09757 -104.475 -154.873 1967860.0
298 -0.02025 8.83669e-05 1723.29 275.403 5.0679 5.09979 -107.728 -159.653 1984870.0
299 -0.02015 8.83674e-05 1723.27 275.487 5.06947 5.10256 -111.523 -165.307 2003990.0
300 -0.02005 8.8369e-05 1723.25 275.581 5.07129 5.10571 -116.009 -171.671 2026200.0
301 -0.01995 8.83697e-05 1723.23 275.653 5.07266 5.10819 -119.478 -177.043 2044610.0
302 -0.01985 8.837e-05 1723.21 275.748 5.07443 5.11132 -123.859 -183.721 2066940.0
303 -0.01975 8.83718e-05 1723.2 275.83 5.07603 5.11407 -127.773 -189.586 2087790.0
304 -0.01965 8.83717e-05 1723.17 275.93 5.07788 5.11711 -132.249 -195.887 2109940.0
305 -0.01955 8.83739e-05 1723.15 276.029 5.07981 5.12072 -137.098 -203.479 2135180.0
306 -0.01945 8.83757e-05 1723.13 276.128 5.08175 5.12404 -141.58 -210.108 2158000.0
307 -0.01935 8.83753e-05 1723.11 276.228 5.08357 5.12733 -146.325 -217.44 2183250.0
308 -0.01925 8.83782e-05 1723.08 276.349 5.08595 5.13144 -151.908 -225.476 2210490.0
309 -0.01915 8.83782e-05 1723.06 276.454 5.08789 5.13477 -156.928 -232.844 2236990.0
310 -0.01905 8.83795e-05 1723.03 276.596 5.09058 5.13958 -163.513 -242.562 2269280.0
311 -0.01895 8.83815e-05 1723.01 276.71 5.0928 5.14324 -168.825 -250.289 2296890.0
312 -0.01885 8.8382e-05 1722.98 276.83 5.09503 5.1474 -174.545 -259.152 2326980.0
313 -0.01875 8.83845e-05 1722.95 276.974 5.09782 5.15233 -181.159 -268.952 2359570.0
314 -0.01865 8.83859e-05 1722.91 277.126 5.1007 5.15718 -188.253 -278.949 2395010.0
315 -0.01855 8.83874e-05 1722.88 277.273 5.10349 5.1619 -195.134 -288.967 2429800.0
316 -0.01845 8.83891e-05 1722.85 277.429 5.10646 5.16727 -202.473 -300.014 2466540.0
317 -0.01835 8.83912e-05 1722.81 277.596 5.10966 5.17291 -210.288 -311.668 2506230.0
318 -0.01825 8.83932e-05 1722.78 277.747 5.11255 5.17805 -217.259 -322.398 2542510.0
319 -0.01815 8.83945e-05 1722.74 277.903 5.1155 5.1833 -224.45 -333.328 2579320.0
320 -0.01805 8.83966e-05 1722.7 278.084 5.11895 5.18939 -233.163 -346.328 2623490.0
321 -0.01795 8.83983e-05 1722.67 278.255 5.1222 5.19477 -241.037 -357.615 2664140.0
322 -0.01785 8.84004e-05 1722.62 278.456 5.12603 5.20172 -250.41 -371.548 2710200.0
323 -0.01775 8.84032e-05 1722.58 278.653 5.12982 5.20806 -259.475 -384.76 2756570.0
324 -0.01765 8.84058e-05 1722.54 278.856 5.1337 5.21498 -269.12 -399.261 2805640.0
325 -0.01755 8.8407e-05 1722.49 279.051 5.13736 5.22124 -278.237 -412.671 2852330.0
326 -0.01745 8.84101e-05 1722.45 279.259 5.14137 5.22847 -287.931 -427.766 2902670.0
327 -0.01735 8.84119e-05 1722.4 279.492 5.14576 5.23607 -298.731 -443.675 2957390.0
328 -0.01725 8.84155e-05 1722.35 279.739 5.15052 5.24423 -310.34 -460.488 3014920.0
329 -0.01715 8.84173e-05 1722.29 279.979 5.15504 5.25232 -321.547 -477.262 3072160.0
330 -0.01705 8.84204e-05 1722.24 280.222 5.15971 5.26057 -333.003 -494.639 3130650.0
331 -0.01695 8.84236e-05 1722.18 280.479 5.16462 5.26909 -344.934 -512.345 3191650.0
332 -0.01685 8.84265e-05 1722.12 280.785 5.17042 5.27933 -359.195 -533.066 3262140.0
333 -0.01675 8.84304e-05 1722.06 281.067 5.17585 5.2889 -372.343 -552.768 3328120.0
334 -0.01665 8.84325e-05 1721.99 281.344 5.18106 5.29804 -385.251 -572.113 3394630.0
335 -0.01655 8.8436e-05 1721.93 281.646 5.18683 5.30832 -399.298 -593.188 3465520.0
336 -0.01645 8.84401e-05 1721.86 281.944 5.19256 5.31805 -413.296 -613.633 3537020.0
337 -0.01635 8.84428e-05 1721.79 282.267 5.19868 5.32877 -428.314 -636.107 3613100.0
338 -0.01625 8.84467e-05 1721.72 282.613 5.20528 5.34068 -444.487 -660.582 3694940.0
339 -0.01615 8.8451e-05 1721.64 282.972 5.21214 5.35278 -461.211 -685.336 3777800.0
340 -0.01605 8.84548e-05 1721.56 283.314 5.21867 5.36397 -477.26 -709.233 3860750.0
341 -0.01595 8.84591e-05 1721.48 283.667 5.22543 5.37612 -493.693 -734.655 3945390.0
342 -0.01585 8.84628e-05 1721.4 284.049 5.23268 5.38881 -511.509 -761.277 4036430.0
343 -0.01575 8.84679e-05 1721.31 284.477 5.24086 5.40303 -531.471 -790.257 4134510.0
344 -0.01565 8.84727e-05 1721.22 284.896 5.24886 5.41697 -550.928 -819.195 4233100.0
345 -0.01555 8.8477e-05 1721.12 285.328 5.25708 5.43159 -571.12 -849.653 4335570.0
346 -0.01545 8.84827e-05 1721.02 285.779 5.26574 5.44673 -592.317 -880.906 4442440.0
347 -0.01535 8.84878e-05 1720.92 286.263 5.27494 5.46292 -614.636 -914.053 4553310.0
348 -0.01525 8.84932e-05 1720.81 286.746 5.28417 5.47941 -637.296 -948.074 4667660.0
349 -0.01515 8.84992e-05 1720.69 287.28 5.29436 5.49733 -662.197 -984.487 4790970.0
350 -0.01505 8.85047e-05 1720.58 287.778 5.30389 5.5143 -685.228 -1019.56 4908770.0
351 -0.01495 8.85112e-05 1720.46 288.331 5.31446 5.53307 -711.175 -1058.39 5039210.0
352 -0.01485 8.85167e-05 1720.34 288.869 5.32472 5.55102 -736.28 -1095.86 5166900.0
353 -0.01475 8.85237e-05 1720.21 289.464 5.3361 5.57126 -764.0 -1137.35 5305890.0
354 -0.01465 8.85308e-05 1720.08 290.078 5.34784 5.59175 -792.569 -1179.54 5449350.0
355 -0.01455 8.85392e-05 1719.93 290.756 5.36086 5.6149 -824.222 -1226.48 5605760.0
356 -0.01445 8.85451e-05 1719.78 291.428 5.3736 5.63749 -855.377 -1272.63 5760810.0
357 -0.01435 8.85535e-05 1719.64 292.067 5.38589 5.65923 -885.283 -1318.1 5914770.0
358 -0.01425 8.85613e-05 1719.49 292.758 5.39912 5.6825 -917.596 -1366.35 6078370.0
359 -0.01415 8.85693e-05 1719.32 293.52 5.41365 5.7081 -952.88 -1418.32 6252980.0
360 -0.01405 8.85773e-05 1719.15 294.275 5.42807 5.73387 -987.932 -1471.34 6429760.0
361 -0.01395 8.85876e-05 1718.97 295.082 5.44359 5.76154 -1025.9 -1528.26 6620450.0
362 -0.01385 8.8596e-05 1718.8 295.867 5.45859 5.78797 -1062.06 -1582.77 6802970.0
363 -0.01375 8.8606e-05 1718.6 296.753 5.47554 5.81792 -1103.75 -1644.3 7010630.0
364 -0.01365 8.86168e-05 1718.4 297.691 5.49353 5.84935 -1146.97 -1707.63 7223760.0
365 -0.01355 8.86268e-05 1718.19 298.62 5.51129 5.88099 -1190.09 -1772.45 7439580.0
366 -0.01345 8.8638e-05 1717.98 299.585 5.52981 5.9136 -1235.33 -1839.77 7666790.0
367 -0.01335 8.86491e-05 1717.75 300.58 5.54887 5.94769 -1281.44 -1909.15 7896450.0
368 -0.01325 8.86617e-05 1717.52 301.633 5.5691 5.98331 -1330.61 -1982.27 8142580.0
369 -0.01315 8.86734e-05 1717.27 302.732 5.59013 6.02099 -1381.4 -2058.8 8394680.0
370 -0.01305 8.86882e-05 1717.01 303.91 5.61282 6.06135 -1436.38 -2140.48 8667490.0
371 -0.01295 8.87002e-05 1716.76 305.053 5.63468 6.10045 -1489.23 -2220.51 8932090.0
372 -0.01285 8.87147e-05 1716.48 306.281 5.65829 6.1423 -1546.57 -2305.92 9218170.0
373 -0.01275 8.87286e-05 1716.2 307.549 5.6826 6.18505 -1605.44 -2392.68 9509540.0
374 -0.01265 8.87434e-05 1715.91 308.893 5.70839 6.23041 -1667.72 -2484.83 9818900.0
375 -0.01255 8.87597e-05 1715.61 310.247 5.73447 6.27668 -1730.66 -2578.75 10132400.0
376 -0.01245 8.87757e-05 1715.29 311.675 5.76189 6.32532 -1797.03 -2677.46 10462200.0
377 -0.01235 8.8793e-05 1714.96 313.164 5.79056 6.37652 -1866.09 -2781.06 10804900.0
378 -0.01225 8.88105e-05 1714.61 314.677 5.81968 6.42936 -1936.26 -2888.03 11155300.0
379 -0.01215 8.88294e-05 1714.26 316.27 5.85039 6.48368 -2010.34 -2998.3 11523800.0
380 -0.01205 8.88475e-05 1713.88 317.968 5.883 6.54135 -2088.68 -3114.19 11908500.0
381 -0.01195 8.88693e-05 1713.48 319.74 5.91722 6.60224 -2171.05 -3236.99 12315800.0
382 -0.01185 8.88887e-05 1713.08 321.535 5.95176 6.6638 -2254.24 -3361.59 12729200.0
383 -0.01175 8.89115e-05 1712.65 323.454 5.98879 6.72967 -2342.78 -3493.5 13164600.0
384 -0.01165 8.89336e-05 1712.21 325.409 6.0265 6.79726 -2433.69 -3630.08 13615700.0
385 -0.01155 8.89584e-05 1711.76 327.421 6.06546 6.86632 -2526.5 -3768.84 14074800.0
386 -0.01145 8.89822e-05 1711.28 329.602 6.10749 6.94023 -2627.63 -3917.47 14570900.0
387 -0.01135 8.90082e-05 1710.77 331.847 6.15089 7.01804 -2731.47 -4073.0 15081300.0
388 -0.01125 8.9035e-05 1710.27 334.054 6.19366 7.09512 -2833.41 -4228.02 15589600.0
389 -0.01115 8.90611e-05 1709.73 336.432 6.23958 7.17671 -2943.33 -4391.45 16130700.0
390 -0.01105 8.90912e-05 1709.18 338.887 6.28723 7.26172 -3056.58 -4561.11 16689500.0
391 -0.01095 8.91205e-05 1708.6 341.454 6.33694 7.34971 -3175.23 -4737.5 17274800.0
392 -0.01085 8.91536e-05 1707.98 344.218 6.39061 7.44535 -3302.64 -4926.44 17894800.0
393 -0.01075 8.91846e-05 1707.36 346.995 6.4444 7.5409 -3430.99 -5117.6 18527700.0
394 -0.01065 8.92191e-05 1706.7 349.9 6.50088 7.64132 -3564.66 -5316.65 19182500.0
395 -0.01055 8.92546e-05 1706.01 352.961 6.56036 7.747 -3705.52 -5525.95 19872400.0
396 -0.01045 8.92934e-05 1705.27 356.186 6.62318 7.85994 -3854.13 -5748.48 20597300.0
397 -0.01035 8.93329e-05 1704.51 359.528 6.68828 7.97642 -4008.02 -5978.01 21349600.0
398 -0.01025 8.93731e-05 1703.73 362.941 6.75479 8.09589 -4164.71 -6213.19 22116400.0
399 -0.01015 8.94151e-05 1702.93 366.486 6.82397 8.21923 -4327.9 -6456.9 22917200.0
400 -0.01005 8.94604e-05 1702.06 370.294 6.89839 8.35156 -4502.07 -6715.14 23761500.0
401 -0.00995 8.95074e-05 1701.17 374.195 6.97472 8.48885 -4681.74 -6984.37 24638800.0
402 -0.00985 8.95541e-05 1700.26 378.182 7.05271 8.62685 -4864.06 -7254.69 25527000.0
403 -0.00975 8.96045e-05 1699.3 382.401 7.1354 8.77424 -5057.67 -7542.99 26471500.0
404 -0.00965 8.96561e-05 1698.32 386.706 7.21988 8.92493 -5254.18 -7836.59 27429000.0
405 -0.00955 8.97114e-05 1697.26 391.307 7.3103 9.08623 -5465.42 -8150.31 28455600.0
406 -0.00945 8.97694e-05 1696.16 396.073 7.40412 9.25459 -5682.99 -8475.75 29510300.0
407 -0.00935 8.98262e-05 1695.06 400.884 7.49879 9.42356 -5902.34 -8804.17 30580600.0
408 -0.00925 8.98904e-05 1693.87 406.086 7.60153 9.60664 -6139.77 -9156.5 31729000.0
409 -0.00915 8.99549e-05 1692.63 411.437 7.70722 9.79476 -6383.33 -9518.38 32906800.0
410 -0.00905 9.00225e-05 1691.35 416.965 7.81666 9.99104 -6635.28 -9895.59 34130200.0
411 -0.00895 9.00936e-05 1690.01 422.825 7.93275 10.1973 -6901.51 -10289.5 35411800.0
412 -0.00885 9.01673e-05 1688.61 428.835 8.0521 10.4104 -7174.43 -10696.3 36730800.0
413 -0.00875 9.02454e-05 1687.16 435.103 8.17687 10.6338 -7458.65 -11120.8 38102900.0
414 -0.00865 9.03254e-05 1685.64 441.655 8.30736 10.8665 -7755.75 -11561.8 39532900.0
415 -0.00855 9.04085e-05 1684.06 448.482 8.44354 11.1084 -8064.51 -12019.2 41019200.0
416 -0.00845 9.05008e-05 1682.35 455.758 8.58927 11.3691 -8392.86 -12505.2 42582500.0
417 -0.00835 9.05937e-05 1680.62 463.216 8.73879 11.6342 -8729.52 -13002.2 44195700.0
418 -0.00825 9.06896e-05 1678.83 470.875 8.89268 11.9087 -9074.45 -13514.9 45851800.0
419 -0.00815 9.07909e-05 1676.93 478.947 9.05524 12.199 -9437.31 -14053.2 47584900.0
420 -0.00805 9.0896e-05 1674.99 487.244 9.22276 12.4967 -9809.59 -14604.6 49365100.0
421 -0.00795 9.1008e-05 1672.91 496.058 9.40116 12.8153 -10204.1 -15188.7 51240400.0
422 -0.00785 9.11229e-05 1670.78 505.061 9.58388 13.1411 -10607.0 -15787.8 53167400.0
423 -0.00775 9.12448e-05 1668.55 514.515 9.77633 13.4827 -11029.1 -16410.7 55174100.0
424 -0.00765 9.1371e-05 1666.21 524.391 9.97778 13.8403 -11468.7 -17058.7 57257700.0
425 -0.00755 9.15045e-05 1663.77 534.606 10.187 14.2134 -11923.0 -17732.6 59416600.0
426 -0.00745 9.16427e-05 1661.25 545.208 10.4047 14.5995 -12392.8 -18426.2 61644800.0
427 -0.00735 9.17857e-05 1658.62 556.225 10.6315 15.0017 -12880.3 -19145.3 63955800.0
428 -0.00725 9.19383e-05 1655.86 567.763 10.8701 15.4242 -13389.4 -19894.4 66357500.0
429 -0.00715 9.20981e-05 1652.96 579.806 11.12 15.8678 -13919.6 -20676.0 68856100.0
430 -0.00705 9.22667e-05 1649.92 592.423 11.3827 16.3337 -14473.3 -21489.5 71455800.0
431 -0.00695 9.24422e-05 1646.75 605.514 11.6564 16.8181 -15046.0 -22330.6 74143700.0
432 -0.00685 9.26281e-05 1643.45 619.133 11.9425 17.3234 -15640.1 -23200.9 76922200.0
433 -0.00675 9.28175e-05 1640.05 633.124 12.2374 17.8434 -16248.6 -24093.3 79777400.0
434 -0.00665 9.30194e-05 1636.48 647.749 12.5473 18.3913 -16882.5 -25024.1 82743300.0
435 -0.00655 9.32316e-05 1632.72 663.053 12.873 18.9663 -17543.4 -25991.5 85825600.0
436 -0.00645 9.34517e-05 1628.84 678.828 13.2104 19.5591 -18222.1 -26982.1 88988600.0
437 -0.00635 9.36841e-05 1624.77 695.306 13.5647 20.1818 -18928.0 -28010.9 92266600.0
438 -0.00625 9.3928e-05 1620.53 712.425 13.9349 20.8319 -19658.9 -29075.8 95660600.0
439 -0.00615 9.41869e-05 1616.05 730.391 14.3257 21.5166 -20421.6 -30180.7 99178100.0
440 -0.00605 9.44528e-05 1611.47 748.635 14.725 22.2182 -21192.8 -31307.8 102760000.0
441 -0.00595 9.47344e-05 1606.63 767.936 15.1496 22.9587 -22006.1 -32481.6 106509000.0
442 -0.00585 9.5031e-05 1601.59 787.875 15.5917 23.7288 -22839.5 -33684.7 110339000.0
443 -0.00575 9.53408e-05 1596.34 808.495 16.0519 24.5313 -23697.5 -34924.7 114286000.0
444 -0.00565 9.56647e-05 1590.89 829.851 16.5319 25.3654 -24582.5 -36200.1 118358000.0
445 -0.00555 9.60042e-05 1585.23 851.927 17.0319 26.2313 -25489.6 -37502.4 122516000.0
446 -0.00545 9.63666e-05 1579.23 875.141 17.562 27.1496 -26437.3 -38858.3 126838000.0
447 -0.00535 9.67428e-05 1573.04 899.028 18.1118 28.0963 -27407.2 -40240.2 131265000.0
448 -0.00525 9.71395e-05 1566.58 923.675 18.6847 29.0843 -28399.3 -41656.5 135791000.0
449 -0.00515 9.75565e-05 1559.82 949.318 19.2858 30.1187 -29423.2 -43111.7 140446000.0
450 -0.00505 9.7993e-05 1552.83 975.706 19.9106 31.187 -30469.1 -44590.3 145204000.0
451 -0.00495 9.84518e-05 1545.54 1002.98 20.5629 32.3028 -31539.9 -46104.7 150074000.0
452 -0.00485 9.89349e-05 1537.93 1031.23 21.2458 33.4659 -32637.2 -47647.8 155049000.0
453 -0.00475 9.94412e-05 1530.06 1060.24 21.9553 34.671 -33755.1 -49216.8 160130000.0
454 -0.00465 9.99753e-05 1521.81 1090.32 22.6995 35.9313 -34898.7 -50811.7 165307000.0
455 -0.00455 0.000100538 1513.25 1121.44 23.4788 37.2412 -36070.9 -52432.4 170616000.0
456 -0.00445 0.000101128 1504.36 1153.48 24.2912 38.6009 -37263.2 -54072.2 176018000.0
457 -0.00435 0.000101744 1495.16 1186.2 25.1325 40.0067 -38462.8 -55720.8 181471000.0
458 -0.00425 0.000102398 1485.56 1220.0 26.0147 41.4749 -39684.5 -57389.6 187026000.0
459 -0.00415 0.000103083 1475.61 1254.7 26.9337 42.9958 -40920.9 -59065.7 192662000.0
460 -0.00405 0.000103804 1465.28 1290.39 27.8938 44.5758 -42170.9 -60744.8 198366000.0
461 -0.00395 0.000104563 1454.58 1326.9 28.8926 46.2118 -43428.7 -62424.8 204140000.0
462 -0.00385 0.000105362 1443.46 1364.41 29.9363 47.9118 -44693.2 -64096.2 209956000.0
463 -0.00375 0.000106205 1431.92 1402.89 31.0268 49.6758 -45966.9 -65760.7 215852000.0
464 -0.00365 0.000107089 1420.0 1442.12 32.1601 51.4979 -47234.5 -67401.9 221764000.0
465 -0.00355 0.000108022 1407.64 1482.15 33.3407 53.3871 -48497.3 -69021.6 227714000.0
466 -0.00345 0.000109004 1394.88 1523.02 34.5716 55.3381 -49752.6 -70603.8 233684000.0
467 -0.00335 0.000110032 1381.76 1564.45 35.8468 57.3443 -50989.7 -72144.3 239662000.0
468 -0.00325 0.00011112 1368.13 1606.88 37.1829 59.4273 -52216.8 -73636.6 245663000.0
469 -0.00315 0.000112253 1354.2 1649.38 38.5556 61.557 -53401.8 -75069.7 251624000.0
470 -0.00305 0.000113451 1339.79 1692.59 39.988 63.7591 -54560.3 -76434.0 257567000.0
471 -0.00295 0.000114711 1324.96 1736.42 41.4793 66.0261 -55688.6 -77723.0 263508000.0
472 -0.00285 0.000116036 1309.7 1780.76 43.0298 68.3574 -56776.7 -78922.3 269417000.0
473 -0.00275 0.000117429 1294.05 1825.21 44.6331 70.7492 -57808.2 -80028.5 275272000.0
474 -0.00265 0.000118893 1277.98 1870.02 46.2991 73.2053 -58788.5 -81029.7 281093000.0
475 -0.00255 0.000120429 1261.53 1914.94 48.0239 75.717 -59704.9 -81910.7 286856000.0
476 -0.00245 0.000122045 1244.72 1959.84 49.8094 78.2891 -60553.3 -82670.4 292572000.0
477 -0.00235 0.000123744 1227.47 2004.82 51.6618 80.9234 -61322.9 -83287.8 298212000.0
478 -0.00225 0.000125522 1209.94 2049.59 53.5743 83.6036 -62016.3 -83771.0 303825000.0
479 -0.00215 0.000127387 1192.07 2093.91 55.5459 86.3337 -62610.7 -84098.2 309340000.0
480 -0.00205 0.000129348 1173.85 2138.02 57.5892 89.1195 -63115.2 -84263.5 314819000.0
481 -0.00195 0.000131393 1155.39 2181.49 59.689 91.9377 -63516.6 -84266.3 320230000.0
482 -0.00185 0.00013354 1136.66 2224.38 61.8573 94.8006 -63812.0 -84096.1 325589000.0
483 -0.00175 0.000135791 1117.64 2266.65 64.0953 97.7077 -63997.3 -83743.7 330915000.0
484 -0.00165 0.00013814 1098.45 2308.1 66.3959 100.64 -64070.3 -83214.8 336215000.0
485 -0.00155 0.000140584 1079.18 2348.34 68.749 103.585 -64020.1 -82514.5 341465000.0
486 -0.00145 0.000143151 1059.62 2387.79 71.1801 106.573 -63845.3 -81612.7 346711000.0
487 -0.00135 0.000145823 1040.02 2426.04 73.6702 109.571 -63550.8 -80540.2 351955000.0
488 -0.00125 0.000148607 1020.32 2462.94 76.2188 112.58 -63121.6 -79280.6 357182000.0
489 -0.00115 0.000151489 1000.72 2498.66 78.8241 115.58 -62591.3 -77875.6 362479000.0
490 -0.00105 0.000154488 981.068 2532.93 81.487 118.582 -61922.2 -76283.6 367757000.0
491 -0.00095 0.000157606 961.44 2565.77 84.2089 121.582 -61132.3 -74532.3 373084000.0
492 -0.00085 0.000160831 941.945 2597.07 86.9805 124.567 -60226.1 -72644.2 378475000.0
493 -0.00075 0.000164164 922.589 2626.69 89.7959 127.526 -59201.2 -70612.5 383889000.0
494 -0.00065 0.000167611 903.37 2654.88 92.6653 130.467 -58068.5 -68452.3 389394000.0
495 -0.00055 0.000171172 884.348 2681.38 95.5786 133.378 -56823.3 -66165.0 394942000.0
496 -0.00045 0.000174837 865.557 2706.36 98.5345 136.253 -55484.4 -63780.1 400567000.0
497 -0.00035 0.000178606 847.036 2729.78 101.53 139.09 -54053.8 -61305.9 406271000.0
498 -0.00025 0.000182477 828.816 2751.5 104.556 141.881 -52533.6 -58754.8 412036000.0
499 -0.00015 0.000186455 810.866 2771.72 107.62 144.63 -50931.4 -56126.8 417862000.0
500 -5e-05 0.000190553 793.169 2790.35 110.725 147.343 -49238.4 -53415.3 423741000.0
501 5e-05 0.000194853 775.688 2806.75 113.889 149.978 -47414.2 -50541.6 429497000.0
502 0.00015 0.000199162 759.223 2821.19 117.006 152.418 -45594.3 -47790.3 435166000.0
503 0.00025 0.000203463 743.472 2834.19 120.083 154.756 -43776.3 -45136.7 440872000.0
504 0.00035 0.000207793 728.257 2845.96 123.149 157.015 -41952.9 -42535.6 446608000.0
505 0.00045 0.000212103 713.72 2856.38 126.163 159.175 -40140.0 -40036.4 452320000.0
506 0.00055 0.000216385 699.845 2865.81 129.135 161.242 -38357.7 -37648.0 458036000.0
507 0.00065 0.000220654 686.545 2874.26 132.071 163.224 -36594.4 -35341.1 463703000.0
508 0.00075 0.000224924 673.732 2881.72 134.976 165.133 -34841.2 -33093.1 469309000.0
509 0.00085 0.000229125 661.587 2888.29 137.811 166.948 -33135.1 -30981.9 474840000.0
510 0.00095 0.000233282 649.995 2894.15 140.596 168.68 -31466.9 -28955.3 480278000.0
511 0.00105 0.000237377 638.958 2899.13 143.31 170.331 -29832.2 -27037.2 485609000.0
512 0.00115 0.000241402 628.484 2903.61 145.965 171.9 -28252.2 -25219.1 490825000.0
513 0.00125 0.000245354 618.523 2907.59 148.558 173.395 -26724.3 -23497.1 495923000.0
514 0.00135 0.000249217 609.084 2910.98 151.073 174.811 -25244.7 -21871.6 500861000.0
515 0.00145 0.00025298 600.165 2913.8 153.503 176.151 -23818.1 -20349.0 505652000.0
516 0.00155 0.000256631 591.765 2916.27 155.85 177.416 -22450.9 -18922.5 510288000.0
517 0.00165 0.000260172 583.836 2918.29 158.109 178.61 -21141.5 -17591.7 514749000.0
518 0.00175 0.000263603 576.345 2920.08 160.293 179.737 -19889.1 -16341.2 519055000.0
519 0.00185 0.00026691 569.319 2921.43 162.379 180.799 -18690.7 -15178.7 523175000.0
520 0.00195 0.000270077 562.745 2922.61 164.372 181.792 -17560.0 -14112.5 527122000.0
521 0.00205 0.000273121 556.561 2923.51 166.276 182.725 -16481.0 -13119.2 530898000.0
522 0.00215 0.000276032 550.788 2924.24 168.09 183.6 -15464.3 -12208.2 534489000.0
523 0.00225 0.00027882 545.355 2924.85 169.824 184.421 -14499.0 -11349.9 537921000.0
524 0.00235 0.000281506 540.232 2925.16 171.477 185.197 -13572.0 -10536.1 541175000.0
525 0.00245 0.000284042 535.485 2925.53 173.044 185.917 -12713.9 -9803.72 544265000.0
526 0.00255 0.000286468 531.015 2925.79 174.537 186.596 -11899.1 -9110.16 547211000.0
527 0.00265 0.00028874 526.891 2925.82 175.924 187.221 -11135.0 -8489.93 549976000.0
528 0.00275 0.000290909 523.031 2925.81 177.244 187.808 -10413.4 -7903.56 552596000.0
529 0.00285 0.000292944 519.438 2925.8 178.484 188.354 -9744.66 -7375.19 555077000.0
530 0.00295 0.000294899 516.056 2925.55 179.659 188.871 -9097.34 -6861.09 557411000.0
531 0.00305 0.000296702 512.959 2925.4 180.749 189.342 -8510.57 -6410.34 559617000.0
532 0.00315 0.00029843 510.032 2925.19 181.789 189.787 -7950.04 -5976.12 561689000.0
533 0.00325 0.000300032 507.348 2924.95 182.749 190.196 -7435.13 -5588.69 563629000.0
534 0.00335 0.000301552 504.836 2924.56 183.651 190.58 -6939.63 -5217.48 565455000.0
535 0.00345 0.000302978 502.486 2924.18 184.496 190.936 -6479.23 -4872.97 567166000.0
536 0.00355 0.000304327 500.295 2923.86 185.296 191.272 -6047.29 -4545.74 568779000.0
537 0.00365 0.000305557 498.305 2923.58 186.027 191.576 -5657.05 -4269.35 570289000.0
538 0.00375 0.000306708 496.466 2923.33 186.712 191.857 -5295.77 -4012.55 571702000.0
539 0.00385 0.000307813 494.711 2922.76 187.348 192.127 -4934.71 -3755.85 573039000.0
540 0.00395 0.000308846 493.082 2922.34 187.95 192.376 -4604.56 -3513.56 574271000.0
541 0.00405 0.000309793 491.59 2922.04 188.507 192.602 -4307.47 -3301.34 575437000.0
542 0.00415 0.000310693 490.19 2921.65 189.03 192.816 -4020.83 -3092.87 576531000.0
543 0.00425 0.000311521 488.906 2921.22 189.506 193.012 -3753.86 -2901.91 577557000.0
544 0.00435 0.000312296 487.707 2920.81 189.95 193.192 -3507.88 -2728.27 578497000.0
545 0.00445 0.000313012 486.613 2920.58 190.371 193.364 -3285.69 -2568.65 579411000.0
546 0.00455 0.000313675 485.596 2920.2 190.749 193.519 -3075.8 -2423.59 580233000.0
547 0.00465 0.000314287 484.668 2919.78 191.094 193.661 -2876.75 -2287.66 581009000.0
548 0.00475 0.000314865 483.792 2919.38 191.419 193.792 -2690.26 -2155.34 581725000.0
549 0.00485 0.000315403 482.982 2919.01 191.722 193.919 -2515.84 -2032.97 582410000.0
550 0.00495 0.000315905 482.22 2918.66 192.004 194.033 -2354.51 -1919.29 583039000.0
551 0.00505 0.000316396 481.483 2918.29 192.278 194.145 -2194.56 -1793.66 583624000.0
552 0.00515 0.000316835 480.834 2917.87 192.517 194.247 -2049.3 -1688.48 584187000.0
553 0.00525 0.000317245 480.217 2917.55 192.745 194.342 -1916.82 -1589.9 584714000.0
554 0.00535 0.000317606 479.677 2917.37 192.953 194.423 -1805.94 -1510.68 585202000.0
555 0.00545 0.000317966 479.147 2917.03 193.149 194.505 -1686.25 -1419.58 585659000.0
556 0.00555 0.000318302 478.645 2916.66 193.328 194.58 -1572.9 -1332.82 586080000.0
557 0.00565 0.000318607 478.197 2916.34 193.492 194.65 -1471.1 -1256.03 586473000.0
558 0.00575 0.000318893 477.774 2916.13 193.652 194.714 -1380.54 -1184.25 586845000.0
559 0.00585 0.000319155 477.386 2915.93 193.798 194.772 -1295.27 -1118.9 587200000.0
560 0.00595 0.000319404 477.02 2915.68 193.932 194.828 -1215.16 -1057.99 587530000.0
561 0.00605 0.000319636 476.678 2915.43 194.056 194.881 -1135.78 -996.349 587836000.0
562 0.00615 0.000319855 476.362 2915.15 194.171 194.931 -1060.98 -932.991 588137000.0
563 0.00625 0.000320045 476.077 2914.95 194.273 194.97 -997.694 -887.574 588389000.0
564 0.00635 0.000320217 475.829 2914.73 194.362 195.012 -939.25 -852.219 588658000.0
565 0.00645 0.000320389 475.578 2914.56 194.455 195.049 -884.969 -807.625 588888000.0
566 0.00655 0.000320543 475.352 2914.4 194.539 195.083 -831.457 -759.657 589111000.0
567 0.00665 0.000320679 475.157 2914.17 194.605 195.113 -781.689 -724.682 589310000.0
568 0.00675 0.000320845 474.912 2913.83 194.684 195.15 -721.479 -665.95 589512000.0
569 0.00685 0.000320961 474.742 2913.63 194.74 195.176 -676.538 -633.79 589671000.0
570 0.00695 0.000321063 474.598 2913.55 194.797 195.201 -646.537 -617.198 589852000.0
571 0.00705 0.000321173 474.436 2913.33 194.849 195.224 -604.151 -583.995 589997000.0
572 0.00715 0.000321278 474.281 2913.27 194.909 195.246 -571.356 -553.379 590153000.0
573 0.00725 0.000321387 474.129 2912.98 194.955 195.271 -527.361 -512.431 590286000.0
574 0.00735 0.000321466 474.011 2912.92 195.0 195.289 -504.603 -494.189 590409000.0
575 0.00745 0.000321551 473.888 2912.76 195.04 195.307 -471.638 -458.928 590527000.0
576 0.00755 0.00032162 473.791 2912.54 195.067 195.323 -442.648 -443.499 590633000.0
577 0.00765 0.0003217 473.673 2912.32 195.101 195.341 -409.49 -411.437 590745000.0
578 0.00775 0.00032177 473.57 2912.24 195.138 195.355 -387.247 -385.743 590832000.0
579 0.00785 0.000321827 473.487 2912.1 195.164 195.367 -364.181 -369.457 590916000.0
580 0.00795 0.000321899 473.384 2911.96 195.198 195.385 -337.43 -342.951 591026000.0
581 0.00805 0.000321973 473.278 2911.84 195.235 195.402 -311.792 -311.731 591126000.0
582 0.00815 0.00032199 473.256 2911.83 195.245 195.403 -304.395 -316.113 591182000.0
583 0.00825 0.000322039 473.177 2911.74 195.268 195.413 -285.677 -301.969 591269000.0
584 0.00835 0.000322091 473.109 2911.62 195.291 195.428 -268.296 -286.619 591355000.0
585 0.00845 0.000322148 473.028 2911.73 195.333 195.437 -256.981 -257.488 591429000.0
586 0.00855 0.00032218 472.976 2911.71 195.351 195.445 -246.318 -249.75 591501000.0
587 0.00865 0.000322222 472.918 2911.41 195.357 195.454 -224.771 -238.143 591552000.0
588 0.00875 0.000322264 472.859 2911.49 195.387 195.466 -211.919 -214.825 591635000.0
589 0.00885 0.000322256 472.873 2911.41 195.377 195.46 -212.852 -230.13 591644000.0
590 0.00895 0.0003223 472.804 2911.3 195.397 195.47 -193.917 -205.421 591706000.0
591 0.00905 0.000322322 472.776 2911.25 195.406 195.477 -187.456 -201.777 591757000.0
592 0.00915 0.000322344 472.744 2911.15 195.413 195.48 -176.49 -190.423 591795000.0
593 0.00925 0.000322383 472.685 2911.11 195.434 195.487 -160.516 -168.442 591837000.0
594 0.00935 0.000322424 472.627 2911.01 195.452 195.497 -148.611 -149.235 591882000.0
595 0.00945 0.000322426 472.625 2910.99 195.452 195.498 -145.91 -153.029 591907000.0
596 0.00955 0.000322449 472.593 2910.99 195.466 195.504 -139.301 -143.143 591957000.0
597 0.00965 0.000322453 472.583 2911.02 195.47 195.504 -138.235 -145.607 591978000.0
598 0.00975 0.000322485 472.539 2910.98 195.487 195.512 -127.522 -127.115 592019000.0
599 0.00985 0.00032249 472.532 2910.87 195.483 195.513 -122.016 -131.433 592040000.0
600 0.00995 0.000322508 472.504 2910.78 195.488 195.518 -111.154 -118.335 592073000.0
601 0.01005 0.000322526 472.481 2910.71 195.494 195.521 -102.827 -109.07 592095000.0
602 0.01015 0.000322525 472.48 2910.66 195.49 195.522 -102.241 -116.46 592116000.0
603 0.01025 0.000322546 472.451 2910.57 195.497 195.526 -90.8599 -101.369 592139000.0
604 0.01035 0.00032254 472.459 2910.58 195.494 195.524 -92.9986 -111.225 592167000.0
605 0.01045 0.000322569 472.413 2910.58 195.511 195.529 -82.9041 -90.4786 592191000.0
606 0.01055 0.000322592 472.384 2910.51 195.521 195.537 -76.5959 -81.5998 592217000.0
607 0.01065 0.000322618 472.345 2910.51 195.537 195.541 -67.0466 -61.0034 592228000.0
608 0.01075 0.000322627 472.334 2910.46 195.538 195.544 -63.0179 -60.5106 592253000.0
609 0.01085 0.000322626 472.337 2910.41 195.534 195.544 -60.3714 -63.0625 592264000.0
610 0.01095 0.000322614 472.354 2910.42 195.528 195.541 -64.6662 -76.3819 592276000.0
611 0.01105 0.000322653 472.294 2910.17 195.535 195.549 -40.636 -49.1706 592291000.0
612 0.01115 0.000322656 472.294 2910.2 195.539 195.55 -43.4005 -49.2175 592312000.0
613 0.01125 0.000322666 472.278 2910.12 195.539 195.551 -35.1598 -41.2259 592317000.0
614 0.01135 0.000322664 472.278 2910.2 195.544 195.552 -37.0089 -46.7147 592328000.0
615 0.01145 0.000322653 472.299 2910.21 195.537 195.551 -43.5114 -58.6367 592344000.0
616 0.01155 0.000322657 472.292 2910.17 195.538 195.549 -38.1316 -54.4815 592350000.0
617 0.01165 0.000322655 472.297 2910.18 195.537 195.549 -41.1177 -62.4494 592359000.0
618 0.01175 0.000322667 472.277 2910.26 195.549 195.554 -41.9703 -53.3319 592385000.0
619 0.01185 0.000322683 472.257 2910.24 195.557 195.556 -37.6463 -41.0439 592387000.0
620 0.01195 0.000322687 472.247 2910.21 195.558 195.556 -33.8182 -36.5897 592392000.0
621 0.01205 0.000322697 472.235 2910.21 195.564 195.559 -30.8016 -32.2715 592415000.0
622 0.01215 0.0003227 472.233 2910.18 195.564 195.559 -29.9053 -33.4216 592414000.0
623 0.01225 0.000322699 472.228 2910.24 195.567 195.559 -30.8557 -33.401 592425000.0
624 0.01235 0.000322703 472.229 2910.17 195.565 195.561 -27.7762 -32.5659 592425000.0
625 0.01245 0.000322693 472.243 2910.15 195.557 195.557 -28.8797 -37.2969 592416000.0
626 0.01255 0.000322681 472.259 2910.15 195.55 195.555 -31.6589 -48.3207 592421000.0
627 0.01265 0.000322694 472.234 2910.16 195.559 195.555 -27.6318 -34.4496 592424000.0
628 0.01275 0.000322718 472.209 2910.04 195.566 195.565 -19.1915 -25.3353 592446000.0
629 0.01285 0.000322706 472.221 2910.15 195.566 195.561 -23.1952 -29.502 592444000.0
630 0.01295 0.0003227 472.23 2910.11 195.56 195.561 -25.4171 -34.6714 592450000.0
631 0.01305 0.00032272 472.202 2910.09 195.57 195.563 -18.564 -24.0107 592451000.0
632 0.01315 0.000322718 472.203 2910.05 195.566 195.564 -17.5628 -27.6596 592466000.0
633 0.01325 0.000322732 472.188 2910.18 195.583 195.567 -17.5129 -19.4717 592481000.0
634 0.01335 0.000322743 472.168 2910.07 195.583 195.569 -10.0468 -15.075 592487000.0
635 0.01345 0.000322725 472.194 2910.17 195.579 195.566 -20.9603 -34.0082 592488000.0
636 0.01355 0.000322747 472.164 2910.18 195.593 195.571 -11.6141 -13.9122 592495000.0
637 0.01365 0.000322739 472.175 2910.04 195.578 195.567 -9.61451 -26.0585 592481000.0
638 0.01375 0.000322722 472.196 2910.01 195.566 195.565 -11.6481 -32.3503 592487000.0
639 0.01385 0.000322745 472.164 2909.91 195.573 195.568 -1.40327 -14.7865 592484000.0
640 0.01395 0.000322737 472.175 2910.05 195.577 195.567 -9.99604 -19.6241 592482000.0
641 0.01405 0.000322735 472.182 2910.05 195.576 195.568 -9.5648 -18.5517 592488000.0
642 0.01415 0.000322738 472.172 2910.05 195.578 195.567 -8.61458 -10.5247 592492000.0
643 0.01425 0.000322745 472.164 2909.88 195.571 195.57 -0.161251 -4.39842 592497000.0
644 0.01435 0.000322732 472.184 2909.96 195.569 195.565 -6.53211 -11.4207 592485000.0
645 0.01445 0.000322742 472.169 2910.06 195.581 195.568 -8.54219 -3.04506 592508000.0
646 0.01455 0.000322748 472.156 2910.03 195.583 195.57 -5.49218 -3.29739 592509000.0
647 0.01465 0.000322751 472.159 2910.05 195.586 195.571 -3.36221 1.48532 592514000.0
648 0.01475 0.000322763 472.138 2909.97 195.588 195.571 1.62672 5.55571 592502000.0
649 0.01485 0.000322754 472.156 2910.05 195.588 195.572 -6.58589 -2.04825 592513000.0
650 0.01495 0.000322744 472.166 2909.95 195.575 195.567 -3.86811 -7.24767 592498000.0
651 0.01505 0.000322755 472.15 2909.92 195.58 195.569 0.839892 0.708765 592499000.0
652 0.01515 0.000322743 472.168 2909.96 195.575 195.568 -4.53801 -10.5225 592494000.0
653 0.01525 0.000322743 472.169 2910.03 195.58 195.568 -7.75111 -9.99899 592510000.0
654 0.01535 0.000322742 472.173 2910.12 195.585 195.569 -11.5583 -15.2263 592515000.0
655 0.01545 0.000322742 472.169 2909.99 195.577 195.568 -3.87872 -10.3014 592508000.0
656 0.01555 0.000322743 472.17 2909.99 195.577 195.568 -5.16116 -11.6056 592519000.0
657 0.01565 0.000322764 472.138 2909.91 195.585 195.571 5.17415 3.90645 592514000.0
658 0.01575 0.00032278 472.115 2909.81 195.587 195.578 14.2541 18.7386 592524000.0
659 0.01585 0.000322766 472.134 2909.85 195.582 195.575 7.65562 6.622 592515000.0
660 0.01595 0.000322758 472.149 2909.92 195.582 195.572 4.85028 5.58748 592517000.0
661 0.01605 0.000322747 472.164 2909.96 195.578 195.568 -1.99866 -3.01624 592508000.0
662 0.01615 0.000322766 472.138 2909.9 195.585 195.572 6.21482 15.3102 592522000.0
663 0.01625 0.000322746 472.164 2910.12 195.588 195.57 -9.589 -2.04268 592535000.0
664 0.01635 0.000322746 472.165 2910.03 195.582 195.569 -6.68101 -1.09124 592527000.0
665 0.01645 0.000322745 472.166 2909.95 195.576 195.568 -2.94185 -3.34501 592516000.0
666 0.01655 0.00032276 472.15 2909.91 195.582 195.572 4.2737 5.48564 592528000.0
667 0.01665 0.000322765 472.136 2909.94 195.587 195.572 2.87205 7.22888 592530000.0
668 0.01675 0.000322774 472.126 2909.84 195.586 195.573 10.9194 14.8185 592525000.0
669 0.01685 0.000322775 472.125 2909.89 195.589 195.575 9.20942 11.5447 592531000.0
670 0.01695 0.000322772 472.129 2910.02 195.597 195.574 2.52431 11.6416 592540000.0
671 0.01705 0.000322781 472.118 2909.97 195.599 195.577 7.113 15.7976 592540000.0
672 0.01715 0.000322767 472.138 2909.9 195.585 195.573 7.41241 9.00877 592533000.0
673 0.01725 0.000322758 472.149 2909.87 195.578 195.569 6.6106 4.53166 592518000.0
674 0.01735 0.000322778 472.124 2909.82 195.587 195.577 12.3284 11.3061 592549000.0
675 0.01745 0.000322776 472.122 2909.84 195.587 195.575 13.5157 12.0577 592538000.0
676 0.01755 0.000322759 472.15 2909.9 195.581 195.568 5.67685 -1.29761 592522000.0
677 0.01765 0.000322778 472.124 2909.93 195.594 195.578 8.19342 6.40093 592565000.0
678 0.01775 0.00032277 472.13 2909.93 195.589 195.573 4.17615 1.19301 592541000.0
679 0.01785 0.000322758 472.154 2910.1 195.593 195.571 -2.29496 -6.637 592549000.0
680 0.01795 0.000322763 472.14 2910.03 195.592 195.571 -0.927336 -6.4372 592559000.0
681 0.01805 0.000322775 472.124 2910.04 195.6 195.575 1.25159 5.48145 592567000.0
682 0.01815 0.000322761 472.15 2910.02 195.59 195.573 -1.06765 0.823106 592549000.0
683 0.01825 0.000322749 472.167 2910.06 195.585 195.569 -4.94858 -5.99649 592541000.0
684 0.01835 0.000322748 472.169 2909.85 195.571 195.57 3.81689 -7.93255 592531000.0
685 0.01845 0.000322755 472.154 2909.83 195.573 195.569 5.80563 -4.2417 592532000.0
686 0.01855 0.000322767 472.141 2909.8 195.579 195.573 12.4187 7.15664 592539000.0
687 0.01865 0.00032276 472.153 2909.76 195.573 195.573 11.0476 9.06493 592547000.0
688 0.01875 0.000322749 472.162 2909.9 195.575 195.569 3.40692 0.620702 592541000.0
689 0.01885 0.000322753 472.162 2909.94 195.58 195.57 1.49826 -0.339217 592542000.0
690 0.01895 0.000322754 472.156 2909.96 195.582 195.57 1.92012 2.15847 592557000.0
691 0.01905 0.000322761 472.149 2909.92 195.583 195.571 3.30472 3.7032 592551000.0
692 0.01915 0.000322755 472.158 2909.99 195.584 195.571 1.3203 1.87206 592556000.0
693 0.01925 0.000322749 472.164 2909.91 195.576 195.569 4.10567 2.50249 592551000.0
694 0.01935 0.000322737 472.182 2910.1 195.581 195.569 -9.40811 -8.80762 592565000.0
695 0.01945 0.000322754 472.158 2910.0 195.584 195.569 0.635716 4.81534 592553000.0
696 0.01955 0.000322719 472.208 2910.02 195.565 195.563 -11.2853 -27.4847 592545000.0
697 0.01965 0.000322733 472.191 2910.03 195.574 195.567 -7.23324 -17.7557 592552000.0
698 0.01975 0.000322756 472.152 2909.96 195.583 195.572 2.99018 0.143595 592565000.0
699 0.01985 0.000322755 472.157 2909.87 195.577 195.572 5.43679 -0.0175172 592553000.0
700 0.01995 0.00032275 472.159 2909.95 195.579 195.57 2.12796 -2.23492 592560000.0
701 0.02005 0.00032275 472.165 2909.97 195.58 195.568 0.225148 -2.27409 592558000.0
702 0.02015 0.000322758 472.151 2909.94 195.583 195.572 4.72207 2.01723 592566000.0
703 0.02025 0.000322748 472.164 2909.92 195.576 195.569 1.98082 1.64878 592556000.0
704 0.02035 0.000322753 472.157 2909.87 195.576 195.573 9.2643 8.92381 592569000.0
705 0.02045 0.000322767 472.14 2909.86 195.583 195.574 10.3571 17.1054 592567000.0
706 0.02055 0.000322742 472.176 2909.97 195.575 195.569 -1.559 -0.335974 592553000.0
707 0.02065 0.000322748 472.168 2909.86 195.571 195.57 5.40407 1.34467 592558000.0
708 0.02075 0.000322766 472.142 2909.79 195.577 195.573 13.026 12.9421 592554000.0
709 0.02085 0.000322757 472.154 2909.9 195.579 195.57 6.38799 2.39571 592552000.0
710 0.02095 0.000322743 472.175 2910.0 195.578 195.568 -4.22805 -6.09745 592552000.0
711 0.02105 0.000322755 472.157 2909.96 195.582 195.572 4.31228 9.97079 592563000.0
712 0.02115 0.000322752 472.159 2909.96 195.58 195.57 1.74565 3.30673 592552000.0
713 0.02125 0.000322724 472.2 2910.01 195.567 195.564 -7.20941 -16.5615 592546000.0
714 0.02135 0.000322754 472.155 2910.01 195.585 195.57 0.0543707 0.356149 592548000.0
715 0.02145 0.000322756 472.155 2910.0 195.585 195.571 2.79764 3.17895 592555000.0
716 0.02155 0.000322759 472.151 2909.96 195.585 195.572 5.10587 7.84073 592558000.0
717 0.02165 0.00032273 472.192 2910.04 195.573 195.567 -6.7244 -12.8923 592556000.0
718 0.02175 0.000322731 472.188 2910.09 195.576 195.565 -7.04042 -6.59263 592552000.0
719 0.02185 0.000322735 472.185 2910.09 195.579 195.566 -10.1426 -10.1435 592554000.0
720 0.02195 0.000322745 472.173 2910.12 195.587 195.569 -7.45851 -1.30772 592568000.0
721 0.02205 0.000322734 472.185 2910.16 195.583 195.568 -10.9569 -11.9756 592567000.0
722 0.02215 0.00032271 472.222 2910.06 195.562 195.562 -12.3223 -27.86 592554000.0
723 0.02225 0.000322727 472.194 2909.98 195.567 195.566 -2.76768 -16.8455 592556000.0
724 0.02235 0.000322733 472.187 2910.0 195.572 195.568 -3.42111 -13.2231 592575000.0
725 0.02245 0.000322744 472.171 2909.95 195.575 195.571 3.51352 -2.80953 592575000.0
726 0.02255 0.000322726 472.195 2910.11 195.575 195.564 -10.9229 -16.1409 592569000.0
727 0.02265 0.000322732 472.192 2910.09 195.577 195.567 -8.44462 -11.0106 592577000.0
728 0.02275 0.000322722 472.204 2910.07 195.57 195.565 -9.45279 -15.1956 592580000.0
729 0.02285 0.00032275 472.165 2910.02 195.583 195.572 2.22711 5.29447 592594000.0
730 0.02295 0.00032274 472.18 2910.14 195.585 195.569 -8.46791 -4.55099 592600000.0
731 0.02305 0.000322743 472.172 2910.05 195.582 195.57 -2.82516 -2.18155 592589000.0
732 0.02315 0.000322748 472.165 2910.11 195.588 195.571 -3.90127 5.03713 592599000.0
733 0.02325 0.000322754 472.158 2910.14 195.594 195.573 -4.31895 7.59951 592589000.0
734 0.02335 0.000322745 472.167 2910.07 195.584 195.57 -1.8307 2.96026 592587000.0
735 0.02345 0.000322741 472.176 2910.03 195.579 195.568 -2.79115 -3.0238 592573000.0
736 0.02355 0.00032275 472.16 2909.97 195.58 195.571 4.01766 3.60805 592573000.0
737 0.02365 0.000322746 472.17 2909.95 195.576 195.571 5.71834 2.33667 592564000.0
738 0.02375 0.000322756 472.151 2909.88 195.578 195.573 9.15104 7.5722 592571000.0
739 0.02385 0.000322748 472.165 2909.92 195.576 195.572 7.7604 4.60467 592572000.0
740 0.02395 0.000322755 472.155 2909.88 195.577 195.573 10.4922 6.40695 592567000.0
741 0.02405 0.000322768 472.137 2909.84 195.582 195.578 15.2569 16.0209 592586000.0
742 0.02415 0.000322778 472.121 2909.94 195.595 195.579 12.4773 23.8233 592587000.0
743 0.02425 0.00032277 472.134 2909.94 195.59 195.577 13.793 18.5416 592575000.0
744 0.02435 0.000322777 472.12 2909.94 195.594 195.579 12.3861 18.5448 592574000.0
745 0.02445 0.000322767 472.135 2909.9 195.586 195.574 14.4399 16.8284 592563000.0
746 0.02455 0.000322739 472.178 2910.03 195.577 195.57 -1.4462 -8.7071 592577000.0
747 0.02465 0.000322742 472.174 2909.93 195.573 195.572 8.12496 -0.260078 592573000.0
748 0.02475 0.000322741 472.176 2910.01 195.577 195.568 1.07858 -4.08163 592558000.0
749 0.02485 0.000322748 472.162 2910.04 195.584 195.572 2.4188 -0.699167 592580000.0
750 0.02495 0.000322761 472.141 2910.06 195.593 195.573 5.2722 10.0752 592580000.0
751 0.02505 0.000322761 472.147 2910.05 195.592 195.575 6.25521 8.22831 592597000.0
752 0.02515 0.000322763 472.143 2910.06 195.594 195.575 5.59958 13.1811 592597000.0
753 0.02525 0.000322756 472.148 2910.09 195.592 195.574 3.40863 9.20499 592605000.0
754 0.02535 0.000322752 472.158 2910.13 195.592 195.572 0.778349 4.80158 592603000.0
755 0.02545 0.000322721 472.204 2910.2 195.578 195.566 -13.4457 -15.6695 592587000.0
756 0.02555 0.000322739 472.176 2910.12 195.584 195.571 -3.71768 -2.09755 592594000.0
757 0.02565 0.000322765 472.137 2910.04 195.594 195.577 6.90303 16.2114 592596000.0
758 0.02575 0.000322754 472.153 2910.02 195.586 195.572 7.77458 11.7089 592576000.0
759 0.02585 0.00032276 472.147 2910.02 195.589 195.575 6.57355 13.6513 592583000.0
760 0.02595 0.000322749 472.162 2910.07 195.587 195.572 2.41363 7.91655 592577000.0
761 0.02605 0.000322764 472.142 2910.0 195.59 195.577 8.27146 16.3165 592585000.0
762 0.02615 0.000322739 472.173 2910.07 195.58 195.569 -2.31861 -0.552651 592567000.0
763 0.02625 0.000322748 472.168 2910.06 195.584 195.571 4.26863 9.83541 592575000.0
764 0.02635 0.000322733 472.187 2910.04 195.575 195.57 -1.45772 -1.84613 592575000.0
765 0.02645 0.000322745 472.165 2909.99 195.578 195.57 5.78768 9.53379 592562000.0
766 0.02655 0.000322751 472.163 2910.01 195.583 195.574 5.72341 9.94215 592573000.0
767 0.02665 0.00032275 472.159 2910.02 195.584 195.572 6.46115 11.4894 592558000.0
768 0.02675 0.000322728 472.198 2910.06 195.573 195.567 -5.50083 -7.82689 592555000.0
769 0.02685 0.000322709 472.219 2910.01 195.558 195.562 -6.73581 -21.642 592543000.0
770 0.02695 0.000322733 472.186 2910.07 195.576 195.568 -2.11065 -1.69253 592549000.0
771 0.02705 0.000322735 472.185 2910.04 195.576 195.568 -1.13895 -3.55796 592548000.0
772 0.02715 0.000322754 472.154 2910.16 195.596 195.572 -1.42929 4.6506 592561000.0
773 0.02725 0.000322757 472.155 2910.14 195.595 195.576 2.31381 5.4575 592578000.0
774 0.02735 0.000322741 472.172 2910.05 195.58 195.572 -0.1207 -4.67693 592561000.0
775 0.02745 0.000322755 472.153 2910.03 195.587 195.573 7.43998 10.9071 592563000.0
776 0.02755 0.000322764 472.142 2909.89 195.583 195.576 14.0536 15.561 592558000.0
777 0.02765 0.000322749 472.165 2909.96 195.579 195.572 6.98106 4.0274 592560000.0
778 0.02775 0.000322758 472.15 2910.01 195.587 195.573 9.05629 13.1138 592558000.0
779 0.02785 0.000322758 472.151 2909.97 195.584 195.574 8.65266 9.39252 592555000.0
780 0.02795 0.000322729 472.193 2910.05 195.572 195.567 -4.14225 -7.49779 592545000.0
781 0.02805 0.000322751 472.157 2910.02 195.584 195.572 6.37634 7.85868 592561000.0
782 0.02815 0.000322747 472.165 2910.04 195.583 195.572 2.27118 4.65888 592562000.0
783 0.02825 0.000322751 472.16 2910.01 195.583 195.572 4.75814 8.0363 592559000.0
784 0.02835 0.000322717 472.209 2910.08 195.568 195.564 -6.84701 -16.9715 592549000.0
785 0.02845 0.000322729 472.194 2910.0 195.569 195.567 1.08164 -8.03021 592554000.0
786 0.02855 0.000322726 472.196 2909.96 195.565 195.567 3.15415 -8.2661 592563000.0
787 0.02865 0.000322724 472.198 2910.02 195.568 195.564 -1.96059 -10.7153 592559000.0
788 0.02875 0.000322733 472.186 2910.08 195.577 195.569 -3.28794 -5.39999 592577000.0
789 0.02885 0.00032273 472.191 2910.04 195.572 195.566 0.0144829 -3.092 592569000.0
790 0.02895 0.000322737 472.18 2910.09 195.58 195.569 -1.38503 1.73449 592573000.0
791 0.02905 0.000322738 472.179 2910.09 195.581 195.567 -2.22086 2.6948 592560000.0
792 0.02915 0.000322742 472.172 2910.05 195.581 195.57 2.57715 6.30665 592571000.0
793 0.02925 0.000322744 472.17 2910.01 195.579 195.568 4.61859 10.8019 592566000.0
794 0.02935 0.000322741 472.178 2910.05 195.58 195.569 0.948326 7.55988 592573000.0
795 0.02945 0.00032274 472.176 2910.12 195.584 195.569 -2.40739 4.61113 592578000.0
796 0.02955 0.000322734 472.187 2910.1 195.579 195.567 -2.87247 -1.48991 592566000.0
797 0.02965 0.000322741 472.172 2910.19 195.59 195.568 -4.35477 0.765001 592566000.0
798 0.02975 0.000322753 472.16 2910.16 195.594 195.574 -1.74435 2.66513 592594000.0
799 0.02985 0.000322766 472.138 2910.06 195.596 195.576 7.74218 13.8302 592592000.0
800 0.02995 0.000322752 472.161 2910.04 195.586 195.572 5.82872 6.63175 592583000.0
