TITLE = "DSMC"
VARIABLES = "ID" "X" "rho" "v1" "Ttrans" "p" "p1" "q1" "mv1v1v1" "mvvv1v1"
ZONE T="Ma=7.2_inv", I=800, J=1, K=1, F=POINT
800 -0.02995 0.000334045 -586.108 4660.81 324.217 324.201 -9.88408 -30.2856 1573270000.0
799 -0.02985 0.000334043 -586.118 4660.76 324.212 324.198 -9.73011 -29.7854 1573260000.0
798 -0.02975 0.000334058 -586.085 4660.83 324.232 324.206 -14.4832 -47.3737 1573310000.0
797 -0.02965 0.000334044 -586.113 4660.82 324.217 324.2 -8.10292 -33.9062 1573290000.0
796 -0.02955 0.000334026 -586.142 4660.85 324.201 324.192 5.20728 -0.722588 1573260000.0
795 -0.02945 0.000334034 -586.125 4661.1 324.227 324.198 15.426 -13.4239 1573300000.0
794 -0.02935 0.000334039 -586.123 4660.98 324.223 324.2 3.96427 -20.4541 1573280000.0
793 -0.02925 0.000334043 -586.108 4660.98 324.227 324.198 4.97333 -27.0055 1573270000.0
792 -0.02915 0.00033405 -586.1 4660.99 324.235 324.202 -0.550778 -35.44 1573260000.0
791 -0.02905 0.000334046 -586.11 4661.09 324.237 324.202 11.4668 -21.9893 1573280000.0
790 -0.02895 0.000334039 -586.124 4661.1 324.232 324.196 13.7743 -19.8869 1573270000.0
789 -0.02885 0.000334039 -586.12 4661.01 324.226 324.194 4.13179 -18.943 1573250000.0
788 -0.02875 0.000334027 -586.137 4660.97 324.211 324.196 9.38184 -1.3063 1573260000.0
787 -0.02865 0.000334037 -586.127 4660.83 324.211 324.196 -3.53561 -16.9632 1573230000.0
786 -0.02855 0.000334042 -586.117 4660.93 324.223 324.199 2.51484 -16.7289 1573260000.0
785 -0.02845 0.00033405 -586.103 4660.79 324.22 324.2 -13.0974 -31.977 1573250000.0
784 -0.02835 0.000334031 -586.134 4660.9 324.21 324.193 5.65993 -3.1008 1573240000.0
783 -0.02825 0.000334026 -586.147 4660.83 324.2 324.192 3.68742 6.21571 1573230000.0
782 -0.02815 0.000334035 -586.126 4660.74 324.203 324.193 -6.49154 -6.13125 1573220000.0
781 -0.02805 0.000334042 -586.119 4660.81 324.214 324.199 -10.7067 -17.8922 1573250000.0
780 -0.02795 0.000334056 -586.096 4660.81 324.227 324.204 -15.4195 -34.9664 1573260000.0
779 -0.02785 0.000334055 -586.092 4660.8 324.227 324.203 -20.0398 -30.5398 1573250000.0
778 -0.02775 0.000334049 -586.1 4660.76 324.218 324.199 -17.7992 -19.3394 1573210000.0
777 -0.02765 0.000334053 -586.098 4660.7 324.218 324.198 -20.2656 -19.7342 1573200000.0
776 -0.02755 0.000334043 -586.108 4660.83 324.217 324.194 -4.65937 -1.42225 1573210000.0
775 -0.02745 0.000334045 -586.114 4660.86 324.221 324.198 -6.75022 -3.50528 1573210000.0
774 -0.02735 0.000334058 -586.088 4660.88 324.235 324.203 -12.6263 -21.5667 1573240000.0
773 -0.02725 0.000334062 -586.082 4660.9 324.241 324.204 -17.8842 -36.6452 1573230000.0
772 -0.02715 0.000334053 -586.098 4660.78 324.223 324.199 -15.5108 -20.0766 1573210000.0
771 -0.02705 0.000334055 -586.09 4660.76 324.224 324.202 -17.7988 -25.8497 1573240000.0
770 -0.02695 0.000334051 -586.101 4660.89 324.229 324.198 -8.78171 -20.2205 1573200000.0
769 -0.02685 0.000334033 -586.13 4660.89 324.212 324.193 2.2757 7.95463 1573220000.0
768 -0.02675 0.000334049 -586.11 4660.72 324.215 324.202 -15.7153 -15.0 1573270000.0
767 -0.02665 0.000334037 -586.12 4660.76 324.206 324.194 -7.30121 0.916959 1573250000.0
766 -0.02655 0.000334029 -586.142 4660.82 324.203 324.189 0.743323 18.1903 1573210000.0
765 -0.02645 0.000334044 -586.113 4660.76 324.212 324.2 -10.5918 -5.62296 1573280000.0
764 -0.02635 0.000334063 -586.079 4660.81 324.234 324.203 -16.2902 -34.4626 1573280000.0
763 -0.02625 0.000334047 -586.106 4660.96 324.23 324.197 -3.19988 -16.0325 1573260000.0
762 -0.02615 0.000334045 -586.109 4660.74 324.212 324.196 -8.92689 -10.3982 1573250000.0
761 -0.02605 0.000334036 -586.125 4660.76 324.206 324.194 -6.55346 -4.89599 1573250000.0
760 -0.02595 0.00033403 -586.135 4660.84 324.205 324.195 1.84527 2.62131 1573270000.0
759 -0.02585 0.000334027 -586.135 4660.84 324.202 324.188 2.86435 9.73161 1573220000.0
758 -0.02575 0.000334023 -586.148 4660.71 324.189 324.188 0.522681 19.3908 1573220000.0
757 -0.02565 0.000334022 -586.153 4660.83 324.196 324.194 6.80604 28.9329 1573260000.0
756 -0.02555 0.000334018 -586.151 4660.77 324.189 324.187 2.57982 33.6867 1573220000.0
755 -0.02545 0.000334039 -586.122 4660.78 324.209 324.198 -5.21193 12.7227 1573240000.0
754 -0.02535 0.00033404 -586.117 4660.87 324.217 324.196 -3.32891 9.76075 1573230000.0
753 -0.02525 0.000334043 -586.115 4660.83 324.217 324.197 -6.66492 9.69033 1573220000.0
752 -0.02515 0.00033403 -586.132 4660.79 324.201 324.19 1.30133 26.9017 1573190000.0
751 -0.02505 0.000334035 -586.127 4660.77 324.205 324.192 -4.42902 13.8462 1573200000.0
750 -0.02495 0.000334039 -586.117 4660.86 324.215 324.193 0.782378 6.59922 1573210000.0
749 -0.02485 0.000334062 -586.085 4660.73 324.228 324.201 -18.8592 -20.9973 1573240000.0
748 -0.02475 0.000334044 -586.112 4660.83 324.217 324.195 -3.88234 4.59084 1573220000.0
747 -0.02465 0.000334028 -586.139 4660.87 324.205 324.191 8.44355 25.5067 1573230000.0
746 -0.02455 0.000334033 -586.136 4660.9 324.212 324.194 4.81312 11.0404 1573240000.0
745 -0.02445 0.000334052 -586.092 4660.73 324.219 324.197 -14.2119 -27.3028 1573220000.0
744 -0.02435 0.00033405 -586.103 4660.76 324.219 324.197 -12.8809 -19.2702 1573250000.0
743 -0.02425 0.000334027 -586.135 4660.74 324.196 324.189 -0.297236 14.6625 1573200000.0
742 -0.02415 0.000334033 -586.133 4660.81 324.206 324.191 3.32502 4.73854 1573230000.0
741 -0.02405 0.000334047 -586.105 4660.73 324.214 324.199 -11.5431 -15.131 1573280000.0
740 -0.02395 0.000334036 -586.123 4660.84 324.211 324.195 1.8069 2.83831 1573280000.0
739 -0.02385 0.000334032 -586.135 4660.77 324.202 324.195 -2.52402 7.17848 1573270000.0
738 -0.02375 0.000334042 -586.114 4660.72 324.208 324.197 -8.92753 -2.64074 1573260000.0
737 -0.02365 0.00033405 -586.097 4660.76 324.219 324.199 -14.4077 -7.84907 1573300000.0
736 -0.02355 0.000334046 -586.107 4660.82 324.219 324.198 -8.07672 -4.5202 1573280000.0
735 -0.02345 0.000334051 -586.098 4660.78 324.221 324.201 -9.00154 -10.5337 1573300000.0
734 -0.02335 0.000334041 -586.114 4660.77 324.211 324.198 -6.29747 3.3197 1573280000.0
733 -0.02325 0.000334045 -586.112 4660.84 324.22 324.2 -9.16566 -2.44303 1573280000.0
732 -0.02315 0.000334056 -586.084 4661.13 324.25 324.204 8.23746 -6.74275 1573330000.0
731 -0.02305 0.000334037 -586.12 4661.07 324.228 324.195 11.936 19.0922 1573280000.0
730 -0.02295 0.00033402 -586.149 4661.15 324.216 324.189 26.2138 44.6781 1573290000.0
729 -0.02285 0.000334028 -586.136 4661.08 324.22 324.193 16.2988 33.3484 1573290000.0
728 -0.02275 0.000334041 -586.12 4661.09 324.232 324.2 14.913 10.4121 1573320000.0
727 -0.02265 0.00033402 -586.15 4661.15 324.217 324.186 25.7666 33.5991 1573290000.0
726 -0.02255 0.000334046 -586.106 4660.92 324.226 324.198 2.00563 -8.83817 1573310000.0
725 -0.02245 0.00033404 -586.122 4661.0 324.226 324.194 7.09568 0.269387 1573280000.0
724 -0.02235 0.000334034 -586.127 4660.98 324.218 324.192 12.2432 9.88515 1573280000.0
723 -0.02225 0.000334033 -586.13 4660.92 324.213 324.195 7.06304 5.94647 1573270000.0
722 -0.02215 0.000334026 -586.143 4660.9 324.204 324.19 7.82432 11.4293 1573240000.0
721 -0.02205 0.000334032 -586.125 4660.72 324.199 324.192 -7.71363 -3.18225 1573240000.0
720 -0.02195 0.000334033 -586.131 4660.77 324.203 324.195 1.78038 -1.0654 1573270000.0
719 -0.02185 0.000334025 -586.145 4660.99 324.21 324.191 15.2356 12.1368 1573250000.0
718 -0.02175 0.000334038 -586.119 4660.93 324.218 324.198 2.05788 -8.53553 1573270000.0
717 -0.02165 0.000334029 -586.137 4660.9 324.208 324.193 12.563 11.4253 1573240000.0
716 -0.02155 0.000334017 -586.153 4660.84 324.192 324.19 7.65923 17.8252 1573270000.0
715 -0.02145 0.000334015 -586.162 4660.84 324.19 324.186 10.9832 23.8529 1573230000.0
714 -0.02135 0.000334015 -586.162 4660.89 324.194 324.188 16.0103 26.0391 1573250000.0
713 -0.02125 0.000334022 -586.148 4660.77 324.192 324.193 3.21507 14.1408 1573260000.0
712 -0.02115 0.000334014 -586.168 4660.78 324.186 324.19 11.0413 31.9391 1573250000.0
711 -0.02105 0.000334034 -586.128 4660.66 324.196 324.193 -8.62165 -5.92948 1573240000.0
710 -0.02095 0.000334033 -586.131 4660.58 324.19 324.192 -16.1334 -7.4335 1573210000.0
709 -0.02085 0.000334035 -586.123 4660.84 324.209 324.194 1.93755 -7.68613 1573250000.0
708 -0.02075 0.000334026 -586.145 4660.79 324.198 324.191 -2.27126 -7.08969 1573210000.0
707 -0.02065 0.000334019 -586.156 4660.81 324.192 324.19 10.2141 16.3106 1573230000.0
706 -0.02055 0.000334027 -586.139 4660.75 324.195 324.19 0.628643 5.26035 1573210000.0
705 -0.02045 0.000334033 -586.133 4660.75 324.201 324.197 -6.29594 -7.42336 1573240000.0
704 -0.02035 0.000334036 -586.12 4660.85 324.211 324.195 -1.51548 -12.454 1573220000.0
703 -0.02025 0.000334035 -586.128 4660.75 324.204 324.197 -1.70368 -3.9467 1573230000.0
702 -0.02015 0.000334027 -586.14 4660.95 324.209 324.192 11.5935 9.09439 1573240000.0
701 -0.02005 0.000334032 -586.131 4660.93 324.213 324.192 9.45021 2.31564 1573220000.0
700 -0.01995 0.000334032 -586.127 4660.9 324.211 324.193 8.42005 14.4329 1573200000.0
699 -0.01985 0.000334034 -586.135 4660.98 324.218 324.193 9.70195 4.59415 1573210000.0
698 -0.01975 0.000334038 -586.119 4660.93 324.219 324.196 3.16364 -7.07168 1573210000.0
697 -0.01965 0.000334048 -586.101 4660.93 324.229 324.201 -0.698356 -11.135 1573240000.0
696 -0.01955 0.000334054 -586.094 4660.77 324.224 324.2 -12.3185 -27.5203 1573220000.0
695 -0.01945 0.000334053 -586.096 4660.82 324.225 324.201 -9.99223 -22.9932 1573230000.0
694 -0.01935 0.000334047 -586.103 4660.76 324.216 324.198 -9.40163 -23.9074 1573230000.0
693 -0.01925 0.000334065 -586.071 4660.62 324.224 324.205 -30.2779 -47.7982 1573230000.0
692 -0.01915 0.00033405 -586.097 4660.62 324.209 324.2 -20.8007 -31.4227 1573200000.0
691 -0.01905 0.000334046 -586.108 4660.66 324.208 324.2 -18.0086 -25.1201 1573220000.0
690 -0.01895 0.000334026 -586.144 4660.75 324.195 324.191 -1.50088 -2.08367 1573170000.0
689 -0.01885 0.000334042 -586.106 4660.77 324.211 324.197 -10.2412 -27.0657 1573190000.0
688 -0.01875 0.000334047 -586.104 4660.78 324.217 324.2 -9.61599 -24.6969 1573220000.0
687 -0.01865 0.000334035 -586.124 4660.81 324.208 324.193 -1.85534 -11.1967 1573180000.0
686 -0.01855 0.000334051 -586.091 4660.74 324.219 324.2 -11.8423 -28.9837 1573190000.0
685 -0.01845 0.000334038 -586.121 4660.7 324.203 324.195 -13.7782 -15.6107 1573190000.0
684 -0.01835 0.00033405 -586.094 4660.72 324.216 324.203 -11.3499 -23.9432 1573210000.0
683 -0.01825 0.000334038 -586.117 4660.58 324.194 324.195 -19.3707 -22.5024 1573180000.0
682 -0.01815 0.000334028 -586.136 4660.91 324.208 324.191 8.70698 4.45057 1573170000.0
681 -0.01805 0.000334039 -586.113 4660.78 324.209 324.2 -5.55972 -9.53856 1573240000.0
680 -0.01795 0.000334025 -586.141 4660.78 324.195 324.191 4.50918 15.1967 1573170000.0
679 -0.01785 0.000334033 -586.126 4660.7 324.198 324.195 -10.6776 -2.69483 1573180000.0
678 -0.01775 0.00033404 -586.112 4660.68 324.204 324.197 -13.3506 -9.45919 1573200000.0
677 -0.01765 0.000334041 -586.107 4660.74 324.208 324.198 -9.41042 -9.15587 1573190000.0
676 -0.01755 0.000334038 -586.116 4660.61 324.196 324.198 -16.5453 -4.68265 1573190000.0
675 -0.01745 0.000334047 -586.1 4660.63 324.207 324.199 -16.5916 -13.1539 1573170000.0
674 -0.01735 0.000334033 -586.126 4660.68 324.196 324.196 -11.0345 3.49412 1573180000.0
673 -0.01725 0.000334044 -586.105 4660.75 324.212 324.201 -10.3669 -8.22156 1573200000.0
672 -0.01715 0.000334045 -586.1 4660.67 324.208 324.197 -14.58 -8.98795 1573160000.0
671 -0.01705 0.000334036 -586.121 4660.79 324.207 324.199 -1.06977 15.3958 1573210000.0
670 -0.01695 0.000334019 -586.15 4661.01 324.206 324.188 18.7764 29.5037 1573160000.0
669 -0.01685 0.000334007 -586.171 4661.07 324.199 324.186 32.4775 48.111 1573190000.0
668 -0.01675 0.00033402 -586.145 4660.89 324.199 324.192 9.52798 20.3031 1573170000.0
667 -0.01665 0.000334023 -586.139 4660.88 324.201 324.19 6.83539 11.0524 1573150000.0
666 -0.01655 0.000334029 -586.137 4660.89 324.207 324.198 9.59015 22.2531 1573200000.0
665 -0.01645 0.000334029 -586.131 4660.9 324.208 324.192 7.71763 17.621 1573140000.0
664 -0.01635 0.000334031 -586.128 4661.07 324.221 324.192 17.8768 11.4657 1573160000.0
663 -0.01625 0.000334048 -586.097 4660.99 324.233 324.201 4.04789 -16.0914 1573180000.0
662 -0.01615 0.000334037 -586.118 4660.92 324.217 324.196 0.823779 -2.63292 1573130000.0
661 -0.01605 0.000334047 -586.099 4660.74 324.215 324.203 -11.1096 -19.3064 1573160000.0
660 -0.01595 0.000334037 -586.115 4660.95 324.219 324.196 6.24609 -6.51247 1573140000.0
659 -0.01585 0.000334043 -586.107 4660.95 324.226 324.199 -0.690917 -16.5108 1573140000.0
658 -0.01575 0.000334041 -586.111 4661.04 324.229 324.199 11.204 -7.2196 1573160000.0
657 -0.01565 0.000334017 -586.148 4661.04 324.206 324.188 21.1532 17.1416 1573090000.0
656 -0.01555 0.000334018 -586.153 4661.04 324.207 324.193 22.9517 23.8716 1573130000.0
655 -0.01545 0.00033402 -586.146 4661.06 324.211 324.195 23.0478 19.5689 1573130000.0
654 -0.01535 0.000334015 -586.152 4660.96 324.198 324.188 19.6594 22.7368 1573100000.0
653 -0.01525 0.000333999 -586.181 4661.16 324.197 324.185 38.145 42.0562 1573070000.0
652 -0.01515 0.000334009 -586.168 4661.16 324.206 324.188 34.3297 27.4209 1573100000.0
651 -0.01505 0.000333985 -586.199 4661.16 324.184 324.177 47.1597 52.7292 1573040000.0
650 -0.01495 0.000333992 -586.198 4661.11 324.187 324.183 40.7466 39.03 1573080000.0
649 -0.01485 0.000333989 -586.192 4661.25 324.193 324.182 49.5895 50.291 1573080000.0
648 -0.01475 0.000333988 -586.206 4661.29 324.195 324.181 54.1347 54.2369 1573080000.0
647 -0.01465 0.000333985 -586.203 4661.19 324.186 324.177 50.3875 55.8605 1573020000.0
646 -0.01455 0.000333974 -586.22 4661.17 324.173 324.175 51.6361 64.5866 1573010000.0
645 -0.01445 0.000333988 -586.198 4661.21 324.19 324.183 50.5989 48.3173 1573050000.0
644 -0.01435 0.000333986 -586.203 4661.11 324.181 324.181 40.2502 45.4984 1573030000.0
643 -0.01425 0.000333983 -586.212 4661.15 324.181 324.183 47.1473 58.1308 1573030000.0
642 -0.01415 0.00033398 -586.21 4661.05 324.171 324.175 45.8899 59.9486 1572960000.0
641 -0.01405 0.000333971 -586.226 4661.11 324.166 324.176 52.2744 73.9199 1572960000.0
640 -0.01395 0.000333975 -586.221 4661.22 324.177 324.178 55.2049 59.832 1572960000.0
639 -0.01385 0.000333961 -586.247 4661.22 324.164 324.174 60.7287 77.9657 1572940000.0
638 -0.01375 0.000333958 -586.249 4661.24 324.163 324.17 70.2733 87.9001 1572890000.0
637 -0.01365 0.000333953 -586.261 4661.46 324.173 324.169 84.9107 93.445 1572920000.0
636 -0.01355 0.000333939 -586.282 4661.47 324.16 324.162 90.5461 105.095 1572860000.0
635 -0.01345 0.000333944 -586.279 4661.57 324.172 324.17 96.1526 95.2954 1572900000.0
634 -0.01335 0.000333944 -586.273 4661.51 324.168 324.165 87.2591 88.8223 1572860000.0
633 -0.01325 0.000333936 -586.29 4661.54 324.162 324.161 98.5579 109.422 1572820000.0
632 -0.01315 0.00033392 -586.312 4661.53 324.146 324.158 102.571 119.328 1572800000.0
631 -0.01305 0.000333932 -586.295 4661.44 324.152 324.163 94.7441 111.179 1572780000.0
630 -0.01295 0.000333931 -586.295 4661.58 324.161 324.165 101.366 124.619 1572780000.0
629 -0.01285 0.000333932 -586.293 4661.63 324.165 324.163 103.334 121.14 1572760000.0
628 -0.01275 0.000333901 -586.347 4661.71 324.139 324.151 126.14 163.421 1572710000.0
627 -0.01265 0.000333908 -586.339 4661.62 324.14 324.154 117.009 154.688 1572670000.0
626 -0.01255 0.00033392 -586.315 4661.73 324.161 324.159 116.814 127.107 1572690000.0
625 -0.01245 0.000333904 -586.344 4661.85 324.152 324.15 135.448 152.127 1572630000.0
624 -0.01235 0.000333889 -586.366 4661.96 324.146 324.147 146.008 170.347 1572610000.0
623 -0.01225 0.000333883 -586.38 4662.05 324.146 324.147 159.524 178.791 1572580000.0
622 -0.01215 0.000333883 -586.38 4662.02 324.144 324.144 154.462 162.325 1572530000.0
621 -0.01205 0.000333873 -586.408 4661.92 324.127 324.144 154.115 179.11 1572500000.0
620 -0.01195 0.000333857 -586.427 4661.92 324.112 324.133 164.426 193.406 1572390000.0
619 -0.01185 0.000333834 -586.467 4662.12 324.104 324.13 191.696 233.913 1572380000.0
618 -0.01175 0.000333847 -586.445 4662.06 324.112 324.133 180.705 199.688 1572340000.0
617 -0.01165 0.000333839 -586.46 4662.16 324.111 324.13 186.774 202.848 1572310000.0
616 -0.01155 0.000333822 -586.489 4662.25 324.101 324.122 208.409 227.822 1572250000.0
615 -0.01145 0.000333797 -586.531 4662.31 324.081 324.116 220.008 241.43 1572200000.0
614 -0.01135 0.000333786 -586.556 4662.32 324.071 324.113 227.471 252.967 1572150000.0
613 -0.01125 0.000333761 -586.595 4662.51 324.059 324.101 253.46 283.38 1572070000.0
612 -0.01115 0.000333759 -586.595 4662.41 324.051 324.101 248.544 273.621 1572010000.0
611 -0.01105 0.000333746 -586.619 4662.58 324.05 324.1 265.44 283.121 1571960000.0
610 -0.01095 0.000333727 -586.657 4662.71 324.041 324.094 284.318 307.522 1571910000.0
609 -0.01085 0.00033371 -586.683 4662.69 324.022 324.086 291.807 320.818 1571790000.0
608 -0.01075 0.000333698 -586.708 4662.62 324.006 324.083 294.666 332.338 1571730000.0
607 -0.01065 0.000333678 -586.74 4662.65 323.989 324.074 305.829 350.633 1571620000.0
606 -0.01055 0.000333663 -586.769 4662.67 323.976 324.07 324.723 366.763 1571540000.0
605 -0.01045 0.000333625 -586.837 4662.95 323.958 324.056 359.885 399.293 1571450000.0
604 -0.01035 0.000333607 -586.872 4663.0 323.944 324.05 374.337 415.752 1571350000.0
603 -0.01025 0.000333582 -586.914 4662.96 323.917 324.04 384.535 431.023 1571230000.0
602 -0.01015 0.000333558 -586.952 4663.0 323.897 324.037 399.779 450.722 1571160000.0
601 -0.01005 0.000333536 -586.996 4663.25 323.892 324.023 425.39 450.357 1571000000.0
600 -0.00995 0.000333499 -587.059 4663.29 323.859 324.013 451.554 491.398 1570900000.0
599 -0.00985 0.000333471 -587.109 4663.44 323.843 324.002 474.688 510.371 1570780000.0
598 -0.00975 0.000333456 -587.138 4663.57 323.837 323.997 492.101 513.156 1570680000.0
597 -0.00965 0.000333412 -587.211 4663.7 323.804 323.983 527.569 564.952 1570540000.0
596 -0.00955 0.000333373 -587.286 4663.8 323.772 323.969 554.152 593.047 1570400000.0
595 -0.00945 0.00033334 -587.338 4664.02 323.756 323.957 589.872 605.917 1570270000.0
594 -0.00935 0.000333293 -587.423 4664.07 323.714 323.938 617.952 644.82 1570070000.0
593 -0.00925 0.000333243 -587.512 4664.31 323.682 323.925 655.746 680.379 1569950000.0
592 -0.00915 0.000333209 -587.567 4664.46 323.659 323.912 687.762 703.532 1569760000.0
591 -0.00905 0.000333161 -587.66 4664.51 323.616 323.893 715.75 738.883 1569530000.0
590 -0.00895 0.000333119 -587.725 4664.73 323.59 323.88 754.468 766.506 1569350000.0
589 -0.00885 0.000333058 -587.841 4664.92 323.545 323.858 801.386 814.822 1569110000.0
588 -0.00875 0.000333006 -587.93 4665.05 323.503 323.839 838.567 853.659 1568890000.0
587 -0.00865 0.000332927 -588.067 4665.3 323.444 323.81 895.906 905.891 1568610000.0
586 -0.00855 0.000332866 -588.18 4665.6 323.406 323.79 948.873 935.487 1568390000.0
585 -0.00845 0.000332809 -588.274 4665.78 323.362 323.771 992.701 967.037 1568150000.0
584 -0.00835 0.00033273 -588.417 4665.8 323.287 323.739 1041.46 1020.58 1567810000.0
583 -0.00825 0.000332637 -588.584 4666.05 323.214 323.708 1105.5 1084.99 1567510000.0
582 -0.00815 0.000332565 -588.709 4666.24 323.156 323.683 1157.22 1115.62 1567200000.0
581 -0.00805 0.000332475 -588.872 4666.6 323.095 323.655 1231.18 1177.62 1566900000.0
580 -0.00795 0.000332382 -589.029 4666.64 323.007 323.618 1287.57 1228.37 1566520000.0
579 -0.00785 0.000332287 -589.206 4666.84 322.929 323.586 1354.06 1293.23 1566150000.0
578 -0.00775 0.00033218 -589.39 4667.07 322.84 323.549 1429.26 1361.37 1565750000.0
577 -0.00765 0.000332063 -589.604 4667.4 322.75 323.507 1514.98 1427.47 1565300000.0
576 -0.00755 0.000331942 -589.811 4667.86 322.664 323.464 1610.38 1503.77 1564870000.0
575 -0.00745 0.000331815 -590.044 4668.11 322.557 323.419 1700.19 1577.74 1564420000.0
574 -0.00735 0.000331663 -590.313 4668.3 322.423 323.364 1796.27 1679.28 1563870000.0
573 -0.00725 0.000331521 -590.565 4668.76 322.316 323.315 1906.47 1759.29 1563380000.0
572 -0.00715 0.000331363 -590.849 4669.14 322.188 323.258 2023.5 1857.06 1562820000.0
571 -0.00705 0.000331184 -591.162 4669.63 322.049 323.196 2147.78 1959.1 1562240000.0
570 -0.00695 0.000331001 -591.492 4669.99 321.895 323.128 2280.82 2079.98 1561560000.0
569 -0.00685 0.000330813 -591.831 4670.37 321.738 323.062 2407.95 2171.95 1560930000.0
568 -0.00675 0.000330606 -592.203 4670.75 321.564 322.988 2549.29 2283.81 1560220000.0
567 -0.00665 0.000330396 -592.574 4671.18 321.389 322.911 2697.3 2387.76 1559480000.0
566 -0.00655 0.000330149 -593.017 4671.51 321.171 322.82 2860.09 2530.64 1558620000.0
565 -0.00645 0.000329898 -593.471 4671.94 320.957 322.734 3029.28 2660.6 1557810000.0
564 -0.00635 0.000329634 -593.946 4672.31 320.725 322.638 3203.35 2790.39 1556920000.0
563 -0.00625 0.000329341 -594.474 4672.88 320.48 322.532 3408.13 2951.58 1555950000.0
562 -0.00615 0.000329022 -595.049 4673.35 320.202 322.414 3618.91 3120.6 1554910000.0
561 -0.00605 0.0003287 -595.628 4673.88 319.924 322.3 3832.23 3275.07 1553840000.0
560 -0.00595 0.000328356 -596.262 4674.21 319.612 322.174 4061.21 3452.77 1552650000.0
559 -0.00585 0.000327984 -596.929 4674.79 319.29 322.038 4302.94 3620.92 1551450000.0
558 -0.00575 0.000327583 -597.665 4675.45 318.944 321.893 4579.5 3826.99 1550160000.0
557 -0.00565 0.000327145 -598.463 4675.99 318.554 321.733 4867.19 4052.48 1548770000.0
556 -0.00555 0.000326686 -599.305 4676.64 318.152 321.566 5174.47 4275.84 1547330000.0
555 -0.00545 0.000326197 -600.201 4677.14 317.71 321.384 5489.52 4516.46 1545710000.0
554 -0.00535 0.00032569 -601.138 4677.74 317.257 321.2 5822.18 4750.03 1544070000.0
553 -0.00525 0.000325156 -602.122 4678.38 316.78 321.002 6177.74 4997.79 1542340000.0
552 -0.00515 0.000324576 -603.205 4678.84 316.246 320.788 6547.73 5266.37 1540450000.0
551 -0.00505 0.000323942 -604.38 4679.61 315.68 320.547 6969.3 5580.3 1538450000.0
550 -0.00495 0.000323267 -605.648 4680.43 315.077 320.295 7417.98 5905.71 1536340000.0
549 -0.00485 0.000322535 -607.019 4680.93 314.397 320.023 7883.99 6280.57 1534100000.0
548 -0.00475 0.000321761 -608.482 4681.72 313.696 319.732 8397.91 6672.46 1531690000.0
547 -0.00465 0.000320959 -609.999 4682.36 312.957 319.424 8914.51 7049.39 1529150000.0
546 -0.00455 0.000320096 -611.648 4683.01 312.158 319.1 9472.99 7470.01 1526460000.0
545 -0.00445 0.000319198 -613.368 4683.7 311.328 318.754 10056.2 7876.79 1523590000.0
544 -0.00435 0.000318226 -615.239 4684.38 310.426 318.382 10690.6 8352.39 1520570000.0
543 -0.00425 0.000317192 -617.24 4685.1 309.465 317.978 11366.0 8860.97 1517350000.0
542 -0.00415 0.000316099 -619.388 4686.01 308.458 317.553 12096.7 9392.38 1513960000.0
541 -0.00405 0.000314944 -621.651 4686.66 307.374 317.101 12851.3 9951.01 1510380000.0
540 -0.00395 0.000313739 -624.039 4687.25 306.236 316.623 13637.4 10515.2 1506570000.0
539 -0.00385 0.000312429 -626.661 4687.95 305.003 316.1 14496.3 11171.5 1502550000.0
538 -0.00375 0.000311037 -629.464 4688.57 303.684 315.542 15418.4 11889.3 1498290000.0
537 -0.00365 0.00030957 -632.441 4689.26 302.296 314.943 16390.1 12629.4 1493740000.0
536 -0.00355 0.000308015 -635.646 4689.97 300.824 314.311 17430.1 13441.4 1489000000.0
535 -0.00345 0.000306392 -639.004 4690.43 299.268 313.638 18507.2 14278.6 1483930000.0
534 -0.00335 0.000304666 -642.631 4691.1 297.624 312.921 19668.8 15195.2 1478650000.0
533 -0.00325 0.000302851 -646.481 4691.49 295.876 312.15 20894.4 16182.9 1472990000.0
532 -0.00315 0.00030094 -650.588 4692.06 294.045 311.337 22195.1 17230.3 1467120000.0
531 -0.00305 0.000298933 -654.95 4692.4 292.105 310.467 23564.3 18352.5 1460880000.0
530 -0.00295 0.000296822 -659.61 4692.66 290.058 309.542 25012.3 19559.9 1454330000.0
529 -0.00285 0.000294621 -664.538 4692.72 287.911 308.564 26526.9 20827.7 1447450000.0
528 -0.00275 0.000292299 -669.816 4692.83 285.649 307.515 28155.8 22236.0 1440220000.0
527 -0.00265 0.000289885 -675.396 4692.76 283.285 306.412 29848.6 23706.0 1432690000.0
526 -0.00255 0.000287361 -681.325 4692.43 280.799 305.229 31632.0 25287.4 1424690000.0
525 -0.00245 0.000284746 -687.591 4691.85 278.21 303.994 33488.6 26948.1 1416440000.0
524 -0.00235 0.000281992 -694.299 4691.09 275.474 302.663 35471.3 28796.8 1407740000.0
523 -0.00225 0.00027916 -701.343 4690.16 272.654 301.265 37525.9 30698.3 1398690000.0
522 -0.00215 0.000276216 -708.816 4688.98 269.71 299.792 39689.3 32760.4 1389310000.0
521 -0.00205 0.00027316 -716.755 4687.44 266.638 298.223 41958.3 34980.2 1379540000.0
520 -0.00195 0.000270016 -725.101 4685.48 263.459 296.572 44304.1 37310.1 1369390000.0
519 -0.00185 0.000266783 -733.876 4683.09 260.172 294.838 46748.7 39784.8 1358890000.0
518 -0.00175 0.000263468 -743.121 4680.33 256.788 293.02 49278.4 42386.4 1348090000.0
517 -0.00165 0.000260058 -752.87 4676.87 253.276 291.094 51904.6 45161.5 1336830000.0
516 -0.00155 0.000256564 -763.113 4673.01 249.668 289.075 54629.4 48088.0 1325330000.0
515 -0.00145 0.000252988 -773.906 4668.63 245.957 286.952 57458.1 51196.0 1313480000.0
514 -0.00135 0.000249349 -785.199 4663.27 242.14 284.729 60351.7 54459.3 1301330000.0
513 -0.00125 0.000245624 -797.103 4657.29 238.218 282.387 63350.6 57932.4 1288880000.0
512 -0.00115 0.000241871 -809.47 4650.42 234.232 279.956 66399.6 61514.9 1276200000.0
511 -0.00105 0.000238083 -822.365 4642.64 230.178 277.428 69508.8 65240.1 1263300000.0
510 -0.00095 0.00023424 -835.845 4633.97 226.039 274.776 72693.1 69145.4 1250170000.0
509 -0.00085 0.000230368 -849.89 4624.42 221.845 272.018 75940.6 73200.4 1236890000.0
508 -0.00075 0.000226492 -864.444 4613.17 217.582 269.167 79186.2 77366.6 1223450000.0
507 -0.00065 0.000222597 -879.57 4600.89 213.27 266.199 82481.0 81685.1 1209900000.0
506 -0.00055 0.000218684 -895.301 4587.54 208.914 263.116 85824.4 86150.6 1196290000.0
505 -0.00045 0.000214786 -911.559 4572.78 204.529 259.93 89169.4 90707.6 1182620000.0
504 -0.00035 0.000210915 -928.288 4556.4 200.124 256.654 92485.7 95324.6 1168930000.0
503 -0.00025 0.000207055 -945.582 4538.3 195.681 253.263 95790.4 100044.0 1155210000.0
502 -0.00015 0.000203237 -963.358 4518.79 191.247 249.789 99070.1 104798.0 1141620000.0
501 -5e-05 0.000199445 -981.667 4497.56 186.797 246.203 102310.0 109617.0 1128040000.0
500 5e-05 0.000195708 -1000.42 4474.46 182.356 242.537 105486.0 114440.0 1114580000.0
499 0.00015 0.000192023 -1019.62 4449.52 177.925 238.781 108587.0 119252.0 1101240000.0
498 0.00025 0.000188399 -1039.22 4422.65 173.513 234.945 111590.0 124018.0 1087980000.0
497 0.00035 0.000184831 -1059.29 4393.54 169.106 231.024 114490.0 128768.0 1074890000.0
496 0.00045 0.000181344 -1079.67 4362.55 164.746 227.042 117271.0 133414.0 1061960000.0
495 0.00055 0.000177931 -1100.37 4329.61 160.425 222.994 119923.0 137954.0 1049190000.0
494 0.00065 0.000174591 -1121.42 4294.73 156.145 218.882 122448.0 142382.0 1036630000.0
493 0.00075 0.000171343 -1142.69 4257.67 151.917 214.727 124807.0 146642.0 1024200000.0
492 0.00085 0.000168175 -1164.2 4218.54 147.739 210.523 126996.0 150730.0 1011930000.0
491 0.00095 0.000165088 -1185.98 4177.38 143.612 206.271 129032.0 154659.0 999846000.0
490 0.00105 0.000162088 -1207.93 4134.08 139.54 201.982 130875.0 158377.0 987896000.0
489 0.00115 0.000159182 -1229.98 4088.78 135.537 197.678 132528.0 161864.0 976089000.0
488 0.00125 0.00015637 -1252.1 4041.73 131.61 193.356 133986.0 165085.0 964351000.0
487 0.00135 0.00015365 -1274.25 3992.77 127.755 189.027 135242.0 168048.0 952714000.0
486 0.00145 0.000151012 -1296.53 3941.9 123.961 184.681 136314.0 170780.0 941200000.0
485 0.00155 0.000148461 -1318.8 3889.13 120.236 180.33 137165.0 173223.0 929672000.0
484 0.00165 0.000146015 -1340.9 3835.12 116.613 176.014 137815.0 175342.0 918181000.0
483 0.00175 0.000143638 -1363.07 3779.33 113.046 171.686 138276.0 177226.0 906787000.0
482 0.00185 0.000141363 -1385.03 3722.12 109.571 167.397 138515.0 178767.0 895249000.0
481 0.00195 0.000139169 -1406.86 3663.7 106.177 163.136 138568.0 180028.0 883743000.0
480 0.00205 0.000137053 -1428.57 3603.91 102.857 158.894 138423.0 180995.0 872156000.0
479 0.00215 0.000135026 -1450.02 3542.98 99.622 154.707 138081.0 181669.0 860491000.0
478 0.00225 0.000133078 -1471.25 3481.43 96.4794 150.563 137572.0 182044.0 848751000.0
477 0.00235 0.000131205 -1492.26 3418.54 93.4028 146.46 136864.0 182147.0 836852000.0
476 0.00245 0.000129407 -1512.98 3355.1 90.413 142.413 135993.0 181967.0 824836000.0
475 0.00255 0.000127689 -1533.36 3291.2 87.5139 138.435 134967.0 181521.0 812727000.0
474 0.00265 0.000126036 -1553.43 3226.78 84.6904 134.512 133779.0 180812.0 800413000.0
473 0.00275 0.000124449 -1573.26 3162.23 81.9512 130.643 132476.0 179874.0 788089000.0
472 0.00285 0.000122937 -1592.61 3097.36 79.2949 126.864 131025.0 178701.0 775582000.0
471 0.00295 0.000121488 -1611.61 3032.43 76.7177 123.152 129440.0 177285.0 762847000.0
470 0.00305 0.000120098 -1630.25 2967.55 74.2171 119.512 127752.0 175681.0 750065000.0
469 0.00315 0.000118764 -1648.57 2902.62 71.787 115.935 125953.0 173878.0 737110000.0
468 0.00325 0.00011749 -1666.45 2838.03 69.4362 112.443 124060.0 171898.0 724045000.0
467 0.00335 0.000116273 -1683.89 2773.73 67.16 109.036 122075.0 169755.0 710850000.0
466 0.00345 0.000115108 -1700.95 2709.97 64.9588 105.706 120024.0 167461.0 697589000.0
465 0.00355 0.000113982 -1717.71 2646.42 62.815 102.43 117892.0 165021.0 684205000.0
464 0.00365 0.000112916 -1733.95 2583.87 60.7571 99.2586 115722.0 162465.0 670819000.0
463 0.00375 0.000111895 -1749.77 2521.96 58.765 96.1713 113497.0 159807.0 657379000.0
462 0.00385 0.000110909 -1765.33 2460.13 56.819 93.1291 111201.0 157025.0 643765000.0
461 0.00395 0.000109977 -1780.28 2399.88 54.9618 90.2099 108900.0 154179.0 630238000.0
460 0.00405 0.000109085 -1794.84 2340.43 53.1656 87.3656 106572.0 151263.0 616714000.0
459 0.00415 0.000108225 -1809.12 2281.45 51.4169 84.5787 104205.0 148273.0 603145000.0
458 0.00425 0.000107405 -1822.92 2223.69 49.7355 81.881 101834.0 145233.0 589610000.0
457 0.00435 0.00010662 -1836.35 2166.87 48.1107 79.2581 99453.3 142154.0 576131000.0
456 0.00445 0.000105871 -1849.31 2111.34 46.5486 76.7264 97081.3 139056.0 562742000.0
455 0.00455 0.000105158 -1861.86 2056.99 45.0447 74.2742 94714.4 135930.0 549408000.0
454 0.00465 0.000104469 -1874.15 2003.39 43.5837 71.8739 92346.8 132780.0 536156000.0
453 0.00475 0.000103813 -1886.0 1950.99 42.177 69.5602 89990.7 129636.0 523008000.0
452 0.00485 0.000103188 -1897.42 1900.16 40.8307 67.3295 87675.1 126506.0 510062000.0
451 0.00495 0.000102589 -1908.51 1850.23 39.5275 65.1631 85365.6 123371.0 497172000.0
450 0.00505 0.000102016 -1919.21 1801.65 38.2746 63.0717 83088.7 120260.0 484457000.0
449 0.00515 0.000101466 -1929.63 1753.96 37.0605 61.0373 80830.1 117167.0 471893000.0
448 0.00525 0.000100939 -1939.69 1707.36 35.8884 59.0704 78594.9 114098.0 459455000.0
447 0.00535 0.000100437 -1949.39 1662.23 34.7659 57.1763 76405.3 111067.0 447235000.0
446 0.00545 9.99522e-05 -1958.84 1617.92 33.6759 55.3295 74236.7 108056.0 435160000.0
445 0.00555 9.94916e-05 -1967.9 1575.06 32.6327 53.5598 72117.3 105103.0 423327000.0
444 0.00565 9.90484e-05 -1976.73 1533.09 31.6216 51.8346 70023.8 102170.0 411630000.0
443 0.00575 9.86231e-05 -1985.24 1492.46 30.6515 50.1726 67981.9 99294.2 400211000.0
442 0.00585 9.82174e-05 -1993.45 1452.76 29.7135 48.568 65964.3 96456.0 388896000.0
441 0.00595 9.78276e-05 -2001.36 1414.41 28.8141 47.0215 64005.5 93682.4 377906000.0
440 0.00605 9.74586e-05 -2008.96 1377.35 27.9533 45.5384 62098.9 90972.4 367161000.0
439 0.00615 9.71005e-05 -2016.36 1341.06 27.1169 44.0918 60216.7 88293.7 356560000.0
438 0.00625 9.67595e-05 -2023.48 1305.85 26.3123 42.6998 58379.3 85677.7 346197000.0
437 0.00635 9.64296e-05 -2030.39 1271.56 25.534 41.3496 56580.4 83109.8 336051000.0
436 0.00645 9.61188e-05 -2036.96 1238.79 24.7956 40.0669 54847.6 80623.6 326210000.0
435 0.00655 9.58212e-05 -2043.3 1206.87 24.082 38.8272 53153.4 78192.6 316571000.0
434 0.00665 9.55323e-05 -2049.48 1175.66 23.3884 37.6208 51486.4 75804.3 307105000.0
433 0.00675 9.52539e-05 -2055.45 1145.49 22.7219 36.4547 49866.1 73465.1 297864000.0
432 0.00685 9.49912e-05 -2061.15 1116.5 22.0857 35.3405 48304.2 71205.2 288934000.0
431 0.00695 9.47362e-05 -2066.69 1088.27 21.4695 34.2579 46775.4 68988.1 280185000.0
430 0.00705 9.44924e-05 -2072.01 1060.94 20.8765 33.2182 45287.7 66834.1 271647000.0
429 0.00715 9.42614e-05 -2077.13 1034.59 20.3082 32.2193 43850.4 64747.2 263389000.0
428 0.00725 9.4035e-05 -2082.1 1008.9 19.7563 31.2472 42439.6 62694.9 255265000.0
427 0.00735 9.38183e-05 -2086.91 983.806 19.2206 30.3059 41058.1 60696.5 247328000.0
426 0.00745 9.36124e-05 -2091.48 960.042 18.7152 29.4147 39745.9 58780.4 239731000.0
425 0.00755 9.34163e-05 -2095.91 936.802 18.2238 28.5485 38456.7 56903.3 232264000.0
424 0.00765 9.32219e-05 -2100.25 914.145 17.7461 27.7007 37196.9 55060.8 224981000.0
423 0.00775 9.30396e-05 -2104.37 892.358 17.2893 26.8934 35980.8 53286.1 217918000.0
422 0.00785 9.28648e-05 -2108.32 871.555 16.8545 26.1236 34816.7 51581.8 211138000.0
421 0.00795 9.26969e-05 -2112.17 851.209 16.4313 25.3717 33676.7 49909.1 204500000.0
420 0.00805 9.25346e-05 -2115.86 831.579 16.0242 24.6494 32569.2 48284.5 198020000.0
419 0.00815 9.23792e-05 -2119.42 812.635 15.6329 23.9538 31501.5 46716.8 191784000.0
418 0.00825 9.22283e-05 -2122.89 794.203 15.2534 23.2754 30458.8 45177.9 185678000.0
417 0.00835 9.20866e-05 -2126.13 776.807 14.8963 22.6438 29473.1 43730.3 179873000.0
416 0.00845 9.19502e-05 -2129.33 759.62 14.5452 22.0184 28496.9 42295.7 174150000.0
415 0.00855 9.18156e-05 -2132.45 742.851 14.2033 21.4086 27540.2 40888.2 168524000.0
414 0.00865 9.16877e-05 -2135.4 726.853 13.878 20.8312 26628.2 39549.4 163162000.0
413 0.00875 9.15657e-05 -2138.24 711.498 13.5668 20.276 25749.5 38251.5 157964000.0
412 0.00885 9.14496e-05 -2140.97 696.711 13.268 19.7437 24903.2 37002.8 152956000.0
411 0.00895 9.13371e-05 -2143.61 682.307 12.9777 19.2272 24074.9 35783.3 148050000.0
410 0.00905 9.12285e-05 -2146.14 668.498 12.6999 18.7332 23281.6 34613.1 143339000.0
409 0.00915 9.11258e-05 -2148.58 655.21 12.4334 18.2566 22516.5 33478.5 138785000.0
408 0.00925 9.10269e-05 -2150.93 642.345 12.1761 17.7985 21774.7 32384.1 134370000.0
407 0.00935 9.09303e-05 -2153.21 629.813 11.9259 17.3508 21050.0 31310.1 130052000.0
406 0.00945 9.08373e-05 -2155.4 617.826 11.6869 16.9231 20355.6 30279.6 125902000.0
405 0.00955 9.07469e-05 -2157.55 605.961 11.4511 16.5026 19669.6 29269.0 121829000.0
404 0.00965 9.06606e-05 -2159.61 594.705 11.2277 16.101 19015.1 28296.1 117914000.0
403 0.00975 9.05771e-05 -2161.59 583.803 11.0117 15.7144 18383.2 27359.3 114141000.0
402 0.00985 9.04992e-05 -2163.47 573.38 10.8058 15.3459 17777.0 26459.2 110505000.0
401 0.00995 9.04223e-05 -2165.29 563.307 10.6069 14.9901 17188.7 25585.7 106965000.0
400 0.01005 9.03487e-05 -2167.05 553.526 10.4143 14.6459 16619.2 24740.9 103544000.0
399 0.01015 9.02779e-05 -2168.76 544.019 10.2274 14.3115 16063.8 23918.0 100210000.0
398 0.01025 9.02116e-05 -2170.37 535.056 10.0515 13.9973 15539.5 23138.3 97035800.0
397 0.01035 9.0145e-05 -2171.94 526.317 9.88005 13.6906 15028.7 22378.7 93955300.0
396 0.01045 9.00822e-05 -2173.48 517.75 9.71245 13.3905 14526.8 21634.6 90933200.0
395 0.01055 9.00203e-05 -2174.96 509.508 9.55128 13.101 14043.7 20915.1 88016100.0
394 0.01065 8.99621e-05 -2176.39 501.497 9.39503 12.8212 13574.2 20218.1 85187100.0
393 0.01075 8.99046e-05 -2177.75 493.906 9.24689 12.5563 13127.8 19554.6 82480900.0
392 0.01085 8.98514e-05 -2179.05 486.614 9.10498 12.301 12699.2 18913.4 79876800.0
391 0.01095 8.97988e-05 -2180.32 479.516 8.96691 12.053 12281.7 18288.9 77337900.0
390 0.01105 8.97472e-05 -2181.58 472.417 8.82909 11.8062 11863.9 17671.8 74822000.0
389 0.01115 8.96986e-05 -2182.77 465.776 8.70026 11.5746 11472.6 17087.2 72447900.0
388 0.01125 8.96511e-05 -2183.91 459.254 8.5739 11.3506 11087.8 16520.0 70109000.0
387 0.01135 8.96071e-05 -2185.0 453.137 8.45555 11.1378 10727.4 15980.9 67914500.0
386 0.01145 8.95631e-05 -2186.07 447.137 8.3395 10.9296 10372.6 15452.1 65750100.0
385 0.01155 8.95211e-05 -2187.08 441.392 8.22849 10.7313 10033.3 14946.4 63674800.0
384 0.01165 8.94808e-05 -2188.07 435.787 8.12034 10.5378 9702.02 14453.7 61657000.0
383 0.01175 8.94429e-05 -2189.03 430.349 8.01561 10.3516 9381.09 13979.0 59705200.0
382 0.01185 8.94034e-05 -2189.95 425.134 7.91498 10.1705 9072.01 13516.5 57815600.0
381 0.01195 8.9368e-05 -2190.84 420.097 7.81809 9.99673 8773.88 13070.8 55987000.0
380 0.01205 8.93328e-05 -2191.7 415.234 7.72456 9.82888 8486.61 12642.6 54237100.0
379 0.01215 8.93003e-05 -2192.51 410.634 7.6362 9.67008 8212.86 12231.7 52545900.0
378 0.01225 8.92665e-05 -2193.32 406.025 7.54764 9.51301 7940.24 11829.9 50887300.0
377 0.01235 8.9235e-05 -2194.09 401.618 7.46308 9.36176 7678.6 11440.5 49283800.0
376 0.01245 8.92057e-05 -2194.83 397.374 7.38179 9.21678 7426.03 11066.0 47736000.0
375 0.01255 8.91764e-05 -2195.54 393.33 7.30426 9.07817 7186.63 10708.5 46264100.0
374 0.01265 8.91483e-05 -2196.22 389.459 7.23011 8.94594 6956.93 10365.5 44846700.0
373 0.01275 8.91224e-05 -2196.89 385.646 7.15723 8.81529 6729.53 10026.2 43446000.0
372 0.01285 8.90949e-05 -2197.53 381.958 7.08662 8.68891 6510.1 9698.37 42092600.0
371 0.01295 8.90696e-05 -2198.17 378.313 7.01698 8.56419 6293.17 9375.84 40763200.0
370 0.01305 8.90464e-05 -2198.77 374.904 6.95194 8.44824 6090.98 9074.44 39516500.0
369 0.01315 8.90217e-05 -2199.35 371.56 6.88802 8.33474 5891.86 8779.08 38289900.0
368 0.01325 8.89981e-05 -2199.92 368.304 6.82586 8.22294 5697.54 8488.64 37092000.0
367 0.01335 8.89775e-05 -2200.45 365.233 6.76736 8.11889 5515.14 8217.2 35965000.0
366 0.01345 8.89565e-05 -2200.98 362.208 6.70974 8.01497 5334.71 7947.01 34855000.0
365 0.01355 8.89351e-05 -2201.49 359.311 6.65446 7.91646 5162.17 7690.24 33789100.0
364 0.01365 8.89156e-05 -2201.97 356.505 6.60105 7.82088 4994.73 7440.38 32753800.0
363 0.01375 8.8897e-05 -2202.44 353.846 6.55045 7.73124 4836.1 7204.97 31771800.0
362 0.01385 8.8879e-05 -2202.88 351.243 6.50094 7.64304 4680.68 6973.3 30804900.0
361 0.01395 8.88607e-05 -2203.32 348.742 6.45332 7.5581 4531.45 6751.12 29883400.0
360 0.01405 8.88442e-05 -2203.74 346.339 6.40768 7.47616 4388.05 6534.9 28986800.0
359 0.01415 8.88281e-05 -2204.15 343.945 6.36222 7.39544 4245.29 6323.56 28106300.0
358 0.01425 8.88122e-05 -2204.56 341.622 6.31812 7.31639 4106.54 6116.47 27249500.0
357 0.01435 8.87957e-05 -2204.95 339.355 6.27503 7.23977 3971.14 5916.24 26416100.0
356 0.01445 8.87806e-05 -2205.32 337.203 6.23417 7.16669 3842.36 5723.7 25616000.0
355 0.01455 8.87664e-05 -2205.68 335.167 6.19555 7.09752 3720.92 5541.92 24861400.0
354 0.01465 8.87522e-05 -2206.02 333.195 6.15811 7.03046 3602.77 5364.35 24122000.0
353 0.01475 8.87387e-05 -2206.36 331.221 6.1207 6.964 3484.93 5189.91 23393300.0
352 0.01485 8.87263e-05 -2206.68 329.37 6.08564 6.90176 3374.32 5025.31 22705500.0
351 0.01495 8.87133e-05 -2206.99 327.588 6.05182 6.84169 3267.64 4866.07 22038500.0
350 0.01505 8.87023e-05 -2207.28 325.879 6.01951 6.78399 3165.44 4712.84 21399800.0
349 0.01515 8.86905e-05 -2207.56 324.24 5.98843 6.72861 3067.54 4566.1 20785200.0
348 0.01525 8.86777e-05 -2207.85 322.578 5.95688 6.67225 2967.96 4417.73 20168000.0
347 0.01535 8.86684e-05 -2208.12 321.001 5.92713 6.61996 2873.42 4278.19 19576500.0
346 0.01545 8.86586e-05 -2208.38 319.484 5.89848 6.56837 2783.0 4142.21 19013000.0
345 0.01555 8.86474e-05 -2208.64 318.024 5.87078 6.51885 2695.6 4011.05 18466800.0
344 0.01565 8.8637e-05 -2208.89 316.556 5.843 6.46965 2607.33 3880.01 17915400.0
343 0.01575 8.86277e-05 -2209.14 315.12 5.81588 6.4214 2521.51 3753.51 17386200.0
342 0.01585 8.86179e-05 -2209.36 313.828 5.7914 6.37775 2444.1 3636.89 16897600.0
341 0.01595 8.86096e-05 -2209.58 312.556 5.76738 6.33523 2368.03 3523.42 16419900.0
340 0.01605 8.86012e-05 -2209.8 311.27 5.74311 6.29141 2290.8 3407.85 15940400.0
339 0.01615 8.85919e-05 -2210.01 310.039 5.7198 6.24995 2217.18 3298.08 15481200.0
338 0.01625 8.85845e-05 -2210.21 308.882 5.69797 6.21135 2147.82 3195.33 15048000.0
337 0.01635 8.85763e-05 -2210.4 307.796 5.6774 6.17482 2083.17 3097.98 14639500.0
336 0.01645 8.85683e-05 -2210.58 306.721 5.65708 6.13802 2018.24 2999.15 14227700.0
335 0.01655 8.85629e-05 -2210.77 305.641 5.6368 6.10241 1953.74 2904.75 13828000.0
334 0.01665 8.8554e-05 -2210.94 304.636 5.61771 6.06898 1893.53 2815.28 13447600.0
333 0.01675 8.85487e-05 -2211.11 303.648 5.59915 6.0356 1834.12 2726.11 13073900.0
332 0.01685 8.8541e-05 -2211.27 302.687 5.58094 6.00357 1776.67 2641.16 12715400.0
331 0.01695 8.8535e-05 -2211.43 301.773 5.56372 5.97338 1721.78 2560.3 12369200.0
330 0.01705 8.85297e-05 -2211.58 300.909 5.54747 5.94431 1669.9 2481.62 12039200.0
329 0.01715 8.85233e-05 -2211.73 299.978 5.5299 5.91334 1614.23 2400.2 11697000.0
328 0.01725 8.85171e-05 -2211.88 299.148 5.51421 5.88585 1564.23 2326.43 11382000.0
327 0.01735 8.85118e-05 -2212.01 298.349 5.49915 5.85912 1516.34 2254.67 11077800.0
326 0.01745 8.85076e-05 -2212.15 297.553 5.48422 5.83302 1468.54 2184.57 10778200.0
325 0.01755 8.85012e-05 -2212.28 296.775 5.46948 5.80667 1422.02 2115.05 10488700.0
324 0.01765 8.84956e-05 -2212.4 296.07 5.45615 5.78302 1379.7 2051.1 10216900.0
323 0.01775 8.8492e-05 -2212.52 295.371 5.44305 5.75976 1337.66 1988.37 9950710.0
322 0.01785 8.84866e-05 -2212.64 294.701 5.43037 5.73692 1297.53 1927.42 9696640.0
321 0.01795 8.84834e-05 -2212.75 294.051 5.41819 5.71527 1258.41 1868.73 9447480.0
320 0.01805 8.84775e-05 -2212.86 293.402 5.40587 5.69332 1219.72 1810.28 9202960.0
319 0.01815 8.84736e-05 -2212.97 292.764 5.39387 5.67172 1181.06 1752.3 8959640.0
318 0.01825 8.84694e-05 -2213.07 292.169 5.38266 5.65279 1145.42 1700.77 8733100.0
317 0.01835 8.84665e-05 -2213.18 291.528 5.37068 5.63135 1106.96 1644.19 8495590.0
316 0.01845 8.84604e-05 -2213.28 290.938 5.35944 5.61191 1071.57 1592.66 8275150.0
315 0.01855 8.84577e-05 -2213.38 290.359 5.3486 5.59257 1036.78 1540.97 8057510.0
314 0.01865 8.84534e-05 -2213.46 289.87 5.33934 5.57639 1007.71 1497.3 7871180.0
313 0.01875 8.84507e-05 -2213.55 289.399 5.3305 5.56026 978.895 1452.78 7683350.0
312 0.01885 8.84476e-05 -2213.63 288.897 5.32106 5.5434 949.014 1407.67 7494270.0
311 0.01895 8.84442e-05 -2213.71 288.418 5.31204 5.52781 920.286 1365.75 7312980.0
310 0.01905 8.84415e-05 -2213.79 287.95 5.30326 5.51252 892.122 1324.4 7133950.0
309 0.01915 8.84374e-05 -2213.87 287.488 5.29451 5.49674 864.439 1282.43 6958600.0
308 0.01925 8.84348e-05 -2213.94 287.029 5.28591 5.4819 836.905 1242.4 6785630.0
307 0.01935 8.84322e-05 -2214.02 286.609 5.27801 5.46778 811.756 1204.91 6627940.0
306 0.01945 8.8429e-05 -2214.09 286.192 5.27015 5.45421 786.811 1168.29 6470340.0
305 0.01955 8.84259e-05 -2214.15 285.8 5.26274 5.44082 762.898 1131.94 6316670.0
304 0.01965 8.84238e-05 -2214.21 285.432 5.25583 5.4291 740.783 1100.0 6175820.0
303 0.01975 8.84218e-05 -2214.28 285.026 5.24823 5.41576 716.628 1064.51 6024850.0
302 0.01985 8.84187e-05 -2214.34 284.689 5.24184 5.40434 696.199 1033.01 5892070.0
301 0.01995 8.84172e-05 -2214.4 284.339 5.23531 5.39304 675.311 1002.42 5759180.0
300 0.02005 8.84142e-05 -2214.46 283.983 5.22859 5.38162 653.914 971.563 5624890.0
299 0.02015 8.84122e-05 -2214.51 283.669 5.22268 5.37085 634.986 942.408 5502060.0
298 0.02025 8.84102e-05 -2214.57 283.342 5.21654 5.35996 615.457 913.579 5379900.0
297 0.02035 8.8408e-05 -2214.62 283.018 5.21044 5.34896 595.787 883.938 5256270.0
296 0.02045 8.84052e-05 -2214.67 282.714 5.2047 5.33905 577.535 857.053 5138720.0
295 0.02055 8.84041e-05 -2214.72 282.426 5.19932 5.3301 560.56 832.788 5032050.0
294 0.02065 8.84025e-05 -2214.77 282.149 5.19413 5.32084 543.645 807.45 4922960.0
293 0.02075 8.83998e-05 -2214.81 281.904 5.18945 5.31243 529.125 785.044 4829850.0
292 0.02085 8.83981e-05 -2214.86 281.634 5.18438 5.30354 512.526 760.48 4722320.0
291 0.02095 8.83972e-05 -2214.9 281.371 5.1795 5.29506 496.872 737.593 4624040.0
290 0.02105 8.83952e-05 -2214.94 281.117 5.1747 5.28649 481.559 714.332 4526120.0
289 0.02115 8.83924e-05 -2214.98 280.894 5.17043 5.27924 468.415 694.932 4441570.0
288 0.02125 8.83918e-05 -2215.02 280.632 5.16558 5.27041 452.316 670.912 4338470.0
287 0.02135 8.83901e-05 -2215.06 280.404 5.16129 5.26303 438.886 651.616 4256710.0
286 0.02145 8.83887e-05 -2215.1 280.189 5.15724 5.25563 425.965 631.633 4173240.0
285 0.02155 8.83875e-05 -2215.14 279.972 5.15318 5.24836 412.684 611.629 4087770.0
284 0.02165 8.83854e-05 -2215.17 279.75 5.14897 5.24126 399.509 592.889 4005950.0
283 0.02175 8.83847e-05 -2215.21 279.564 5.1455 5.23499 388.325 575.68 3932320.0
282 0.02185 8.83828e-05 -2215.24 279.39 5.14219 5.22911 377.713 559.489 3862580.0
281 0.02195 8.83822e-05 -2215.27 279.189 5.13845 5.22243 365.584 541.334 3785780.0
280 0.02205 8.83804e-05 -2215.3 279.021 5.13526 5.21717 355.7 526.943 3721820.0
279 0.02215 8.83793e-05 -2215.33 278.83 5.13168 5.21091 343.928 509.933 3648020.0
278 0.02225 8.83793e-05 -2215.35 278.66 5.12855 5.20562 333.99 495.523 3584240.0
277 0.02235 8.8377e-05 -2215.39 278.492 5.12533 5.19974 323.7 479.64 3517800.0
276 0.02245 8.8376e-05 -2215.41 278.344 5.12255 5.195 315.04 467.105 3462180.0
275 0.02255 8.83754e-05 -2215.44 278.189 5.11966 5.18999 305.671 453.0 3401500.0
274 0.02265 8.83741e-05 -2215.46 278.043 5.11691 5.18525 296.879 440.125 3344820.0
273 0.02275 8.83735e-05 -2215.49 277.877 5.1138 5.17986 286.76 425.566 3282830.0
272 0.02285 8.83723e-05 -2215.51 277.741 5.11124 5.17535 278.664 413.378 3229590.0
271 0.02295 8.83718e-05 -2215.53 277.618 5.10895 5.17129 271.38 402.364 3182840.0
270 0.02305 8.83703e-05 -2215.56 277.473 5.10618 5.16641 262.439 389.071 3126250.0
269 0.02315 8.83699e-05 -2215.57 277.36 5.10409 5.16279 255.68 378.841 3080980.0
268 0.02325 8.83697e-05 -2215.6 277.233 5.10173 5.15867 248.267 367.877 3033930.0
267 0.02335 8.83682e-05 -2215.62 277.103 5.09926 5.15444 240.404 356.344 2984430.0
266 0.02345 8.8368e-05 -2215.64 276.992 5.09721 5.15083 233.715 346.381 2940300.0
265 0.02355 8.83663e-05 -2215.66 276.868 5.09482 5.14655 226.113 335.088 2893270.0
264 0.02365 8.83663e-05 -2215.68 276.754 5.09273 5.14298 219.291 325.004 2848760.0
263 0.02375 8.83651e-05 -2215.7 276.635 5.09047 5.13889 212.199 314.379 2804970.0
262 0.02385 8.83648e-05 -2215.71 276.534 5.08859 5.13576 205.971 305.707 2765510.0
261 0.02395 8.83643e-05 -2215.73 276.434 5.08673 5.13228 200.135 296.334 2727420.0
260 0.02405 8.83633e-05 -2215.74 276.341 5.08496 5.1295 194.45 288.484 2690700.0
259 0.02415 8.83623e-05 -2215.76 276.252 5.08325 5.12657 189.113 280.684 2656680.0
258 0.02425 8.83626e-05 -2215.77 276.164 5.08166 5.12366 183.682 272.313 2621330.0
257 0.02435 8.8361e-05 -2215.79 276.075 5.07993 5.12048 178.596 264.443 2588390.0
256 0.02445 8.83611e-05 -2215.8 276.001 5.07857 5.11814 174.024 257.533 2557630.0
255 0.02455 8.83607e-05 -2215.81 275.914 5.07695 5.11546 168.814 250.402 2525750.0
254 0.02465 8.83602e-05 -2215.83 275.844 5.07564 5.11313 164.7 243.824 2498050.0
253 0.02475 8.83591e-05 -2215.84 275.771 5.07422 5.1106 160.118 236.88 2466670.0
252 0.02485 8.83587e-05 -2215.86 275.68 5.07253 5.10756 154.692 228.94 2433340.0
251 0.02495 8.83588e-05 -2215.87 275.607 5.07118 5.10508 150.291 222.187 2405380.0
250 0.02505 8.83575e-05 -2215.88 275.541 5.06991 5.1029 146.301 216.074 2379420.0
249 0.02515 8.83583e-05 -2215.89 275.472 5.06868 5.10081 142.295 210.245 2352360.0
248 0.02525 8.83564e-05 -2215.9 275.393 5.06712 5.09811 137.528 203.353 2323200.0
247 0.02535 8.83562e-05 -2215.92 275.334 5.06601 5.09613 133.73 197.621 2298640.0
246 0.02545 8.83574e-05 -2215.92 275.272 5.06494 5.09432 130.235 192.585 2275560.0
245 0.02555 8.83561e-05 -2215.93 275.208 5.0637 5.09197 126.183 186.216 2248350.0
244 0.02565 8.83549e-05 -2215.95 275.162 5.06277 5.09048 123.559 182.125 2231630.0
243 0.02575 8.83553e-05 -2215.95 275.095 5.06156 5.08839 119.455 176.258 2205010.0
242 0.02585 8.83549e-05 -2215.96 275.036 5.06046 5.08656 115.859 171.322 2182690.0
241 0.02595 8.83536e-05 -2215.97 274.974 5.05924 5.08446 112.206 165.844 2159950.0
240 0.02605 8.83536e-05 -2215.98 274.925 5.05834 5.08267 109.272 161.038 2139380.0
239 0.02615 8.83538e-05 -2215.99 274.872 5.05737 5.08095 106.062 156.354 2119410.0
238 0.02625 8.83531e-05 -2216.0 274.82 5.05639 5.07935 102.907 151.738 2099110.0
237 0.02635 8.83522e-05 -2216.01 274.764 5.05531 5.07752 99.699 147.169 2078780.0
236 0.02645 8.83533e-05 -2216.01 274.728 5.0547 5.07647 97.4595 143.901 2063510.0
235 0.02655 8.83523e-05 -2216.02 274.677 5.0537 5.0749 94.4013 139.536 2043500.0
234 0.02665 8.83514e-05 -2216.03 274.636 5.05289 5.07369 91.8791 136.185 2028190.0
233 0.02675 8.83525e-05 -2216.04 274.594 5.05219 5.07232 89.2932 132.295 2010950.0
232 0.02685 8.83505e-05 -2216.05 274.548 5.05123 5.07072 86.7622 128.599 1994190.0
231 0.02695 8.83522e-05 -2216.05 274.499 5.05043 5.06911 83.6708 123.945 1975620.0
230 0.02705 8.83515e-05 -2216.06 274.474 5.04992 5.06823 82.2125 121.313 1964260.0
229 0.02715 8.83502e-05 -2216.07 274.436 5.04915 5.0668 79.79 117.566 1949160.0
228 0.02725 8.83503e-05 -2216.07 274.403 5.04855 5.06565 77.9045 114.549 1935720.0
227 0.02735 8.83507e-05 -2216.08 274.357 5.04772 5.06429 75.1124 110.67 1918370.0
226 0.02745 8.83507e-05 -2216.08 274.327 5.04717 5.06335 73.3485 108.081 1906570.0
225 0.02755 8.83497e-05 -2216.09 274.29 5.04643 5.0621 71.0031 104.73 1891770.0
224 0.02765 8.83493e-05 -2216.1 274.252 5.04572 5.06084 68.7434 101.313 1876720.0
223 0.02775 8.83495e-05 -2216.1 274.222 5.04517 5.05994 66.9049 98.6592 1864930.0
222 0.02785 8.83483e-05 -2216.11 274.181 5.04435 5.05864 64.6361 95.5778 1851430.0
221 0.02795 8.83485e-05 -2216.11 274.151 5.04382 5.05775 62.7059 92.8054 1838230.0
220 0.02805 8.83478e-05 -2216.12 274.126 5.04331 5.05689 61.1951 90.4067 1827940.0
219 0.02815 8.8349e-05 -2216.12 274.099 5.04289 5.05603 59.6057 87.9845 1817980.0
218 0.02825 8.8348e-05 -2216.12 274.074 5.04237 5.05519 58.1343 85.6966 1806870.0
217 0.02835 8.83485e-05 -2216.13 274.048 5.04192 5.05434 56.5503 83.4672 1797240.0
216 0.02845 8.83472e-05 -2216.14 274.017 5.04127 5.05319 54.5274 80.3456 1784590.0
215 0.02855 8.83473e-05 -2216.14 273.993 5.04084 5.05243 53.2652 78.4462 1775990.0
214 0.02865 8.83475e-05 -2216.14 273.964 5.04032 5.05145 51.5099 75.8132 1765180.0
213 0.02875 8.83467e-05 -2216.15 273.95 5.04001 5.05104 50.6237 74.4061 1758760.0
212 0.02885 8.83478e-05 -2216.15 273.922 5.03955 5.05019 49.0312 72.2762 1748580.0
211 0.02895 8.83471e-05 -2216.15 273.897 5.03905 5.04934 47.3099 69.7943 1737330.0
210 0.02905 8.83467e-05 -2216.16 273.88 5.03872 5.04877 46.482 68.4167 1732560.0
209 0.02915 8.83468e-05 -2216.16 273.855 5.03827 5.04811 44.9454 66.3829 1721850.0
208 0.02925 8.83465e-05 -2216.17 273.835 5.03787 5.04741 43.6769 64.5987 1713990.0
207 0.02935 8.83473e-05 -2216.17 273.812 5.03751 5.04669 42.3486 62.3802 1705490.0
206 0.02945 8.83461e-05 -2216.17 273.785 5.03694 5.04572 40.7272 60.0138 1695200.0
205 0.02955 8.83462e-05 -2216.18 273.768 5.03663 5.04519 39.6455 58.4689 1688680.0
204 0.02965 8.83455e-05 -2216.18 273.75 5.03627 5.04452 38.6802 56.8884 1681700.0
203 0.02975 8.83456e-05 -2216.18 273.732 5.03595 5.04403 37.4566 55.1489 1674020.0
202 0.02985 8.83466e-05 -2216.18 273.717 5.03571 5.04357 36.6931 53.9625 1668460.0
201 0.02995 8.83452e-05 -2216.19 273.695 5.03524 5.0428 35.3557 52.0917 1660910.0
200 0.03005 8.83461e-05 -2216.19 273.686 5.03512 5.04264 34.914 51.2784 1656860.0
199 0.03015 8.8346e-05 -2216.19 273.666 5.03474 5.04198 33.449 49.446 1648460.0
198 0.03025 8.83453e-05 -2216.2 273.65 5.03442 5.04151 32.4493 47.9959 1641840.0
197 0.03035 8.83447e-05 -2216.2 273.631 5.03403 5.04095 31.6168 46.8644 1636580.0
196 0.03045 8.83459e-05 -2216.2 273.622 5.03393 5.04069 30.9338 45.5738 1631540.0
195 0.03055 8.83441e-05 -2216.2 273.609 5.03359 5.04017 30.306 44.6604 1627520.0
194 0.03065 8.83456e-05 -2216.21 273.595 5.03342 5.03974 29.1672 42.9516 1620080.0
193 0.03075 8.83442e-05 -2216.2 273.588 5.03321 5.03966 29.0262 42.9196 1618480.0
192 0.03085 8.83454e-05 -2216.21 273.568 5.03292 5.03889 27.7015 40.8853 1610310.0
191 0.03095 8.83445e-05 -2216.21 273.548 5.03249 5.03826 26.4504 39.2135 1603340.0
190 0.03105 8.83444e-05 -2216.21 273.535 5.03225 5.03779 25.7352 38.0097 1598440.0
189 0.03115 8.83439e-05 -2216.22 273.529 5.03211 5.03759 25.4308 37.5293 1595890.0
188 0.03125 8.8345e-05 -2216.22 273.525 5.0321 5.03753 25.0758 36.7671 1592570.0
187 0.03135 8.83442e-05 -2216.22 273.51 5.03178 5.03692 24.245 35.5458 1587820.0
186 0.03145 8.8344e-05 -2216.22 273.495 5.03148 5.03647 23.3572 34.2938 1581550.0
185 0.03155 8.8345e-05 -2216.22 273.477 5.03122 5.03598 22.1841 32.8216 1575370.0
184 0.03165 8.83434e-05 -2216.23 273.468 5.03096 5.03558 21.7089 32.039 1572020.0
183 0.03175 8.83437e-05 -2216.23 273.455 5.03073 5.03511 20.9703 31.0061 1567230.0
182 0.03185 8.83436e-05 -2216.23 273.455 5.03072 5.03511 20.7939 30.6668 1565550.0
181 0.03195 8.83446e-05 -2216.23 273.445 5.03061 5.03487 20.3666 30.0303 1562080.0
180 0.03205 8.83429e-05 -2216.23 273.439 5.0304 5.03447 20.0337 29.3313 1559620.0
179 0.03215 8.83435e-05 -2216.23 273.434 5.03034 5.03433 19.508 28.4768 1556260.0
178 0.03225 8.83437e-05 -2216.23 273.417 5.03004 5.03384 18.6913 27.4548 1551000.0
177 0.03235 8.83438e-05 -2216.24 273.41 5.0299 5.0335 18.1545 26.7577 1548140.0
176 0.03245 8.83435e-05 -2216.24 273.401 5.02972 5.03328 17.6703 26.0372 1544750.0
175 0.03255 8.83442e-05 -2216.24 273.392 5.0296 5.033 17.1577 25.3242 1541300.0
174 0.03265 8.83436e-05 -2216.24 273.389 5.02951 5.03278 16.8677 24.7685 1539340.0
173 0.03275 8.83438e-05 -2216.24 273.38 5.02936 5.03272 16.4591 24.2575 1536540.0
172 0.03285 8.83435e-05 -2216.24 273.379 5.02933 5.03272 16.2733 23.8476 1534790.0
171 0.03295 8.83433e-05 -2216.24 273.373 5.0292 5.0325 15.987 23.46 1532650.0
170 0.03305 8.83438e-05 -2216.24 273.366 5.02911 5.0324 15.5471 22.744 1529550.0
169 0.03315 8.83438e-05 -2216.24 273.36 5.02898 5.03207 15.1647 22.1149 1527190.0
168 0.03325 8.83441e-05 -2216.24 273.353 5.02887 5.03185 14.75 21.5127 1524330.0
167 0.03335 8.83431e-05 -2216.24 273.351 5.02879 5.03175 14.5529 21.1552 1522630.0
166 0.03345 8.8343e-05 -2216.25 273.336 5.02849 5.0313 13.7443 20.1161 1518070.0
165 0.03355 8.83435e-05 -2216.25 273.33 5.02842 5.03112 13.3492 19.4656 1515150.0
164 0.03365 8.83426e-05 -2216.25 273.321 5.0282 5.03077 12.8396 18.7818 1512250.0
163 0.03375 8.83435e-05 -2216.25 273.322 5.02827 5.03083 12.8191 18.7466 1511630.0
162 0.03385 8.83432e-05 -2216.25 273.312 5.02808 5.03044 12.2967 17.8614 1508270.0
161 0.03395 8.83435e-05 -2216.25 273.306 5.02798 5.03031 12.0275 17.5451 1506600.0
160 0.03405 8.83421e-05 -2216.25 273.302 5.02782 5.0301 11.5819 16.8726 1503460.0
159 0.03415 8.8343e-05 -2216.26 273.294 5.02773 5.0299 11.0735 16.2419 1500930.0
158 0.03425 8.83432e-05 -2216.25 273.291 5.02769 5.0298 10.981 15.9999 1499330.0
157 0.03435 8.8343e-05 -2216.26 273.286 5.02759 5.02967 10.7492 15.6263 1498080.0
156 0.03445 8.83433e-05 -2216.26 273.278 5.02746 5.0294 10.2223 14.9194 1494870.0
155 0.03455 8.83428e-05 -2216.26 273.272 5.02731 5.0292 9.92243 14.4832 1492970.0
154 0.03465 8.83434e-05 -2216.26 273.272 5.02734 5.02915 9.77816 14.2614 1491760.0
153 0.03475 8.83428e-05 -2216.26 273.266 5.02721 5.02888 9.50825 13.7944 1489750.0
152 0.03485 8.83429e-05 -2216.26 273.263 5.02716 5.02881 9.32859 13.4783 1488450.0
151 0.03495 8.83426e-05 -2216.26 273.26 5.02708 5.02875 9.116 13.2076 1487170.0
150 0.03505 8.83426e-05 -2216.26 273.254 5.02698 5.02858 8.80771 12.8266 1484870.0
149 0.03515 8.8344e-05 -2216.26 273.25 5.02697 5.02853 8.57031 12.5127 1483720.0
148 0.03525 8.83423e-05 -2216.26 273.25 5.02689 5.02839 8.3531 12.1652 1482120.0
147 0.03535 8.83423e-05 -2216.26 273.242 5.02673 5.02825 8.1155 11.8879 1480770.0
146 0.03545 8.83431e-05 -2216.26 273.24 5.02674 5.02817 7.96861 11.6531 1479540.0
145 0.03555 8.83424e-05 -2216.26 273.237 5.02665 5.02807 7.78895 11.418 1478540.0
144 0.03565 8.83431e-05 -2216.26 273.237 5.02668 5.02805 7.59626 11.0748 1476750.0
143 0.03575 8.83425e-05 -2216.27 273.229 5.0265 5.02775 7.30916 10.7469 1475310.0
142 0.03585 8.83434e-05 -2216.27 273.225 5.02648 5.02767 7.00515 10.2997 1473430.0
141 0.03595 8.83432e-05 -2216.27 273.225 5.02647 5.02762 7.08555 10.3342 1473500.0
140 0.03605 8.83425e-05 -2216.27 273.223 5.0264 5.0275 6.8942 9.96606 1471920.0
139 0.03615 8.83424e-05 -2216.27 273.218 5.02629 5.02732 6.51866 9.50776 1469830.0
138 0.03625 8.83421e-05 -2216.27 273.215 5.02623 5.02719 6.34827 9.25936 1468860.0
137 0.03635 8.83431e-05 -2216.27 273.213 5.02624 5.02723 6.21832 9.05226 1468200.0
136 0.03645 8.83418e-05 -2216.27 273.209 5.0261 5.02705 6.08919 8.82888 1466960.0
135 0.03655 8.8343e-05 -2216.27 273.204 5.02608 5.02692 5.75415 8.43634 1465170.0
134 0.03665 8.83428e-05 -2216.27 273.201 5.02601 5.02686 5.51184 8.13958 1463930.0
133 0.03675 8.8342e-05 -2216.27 273.198 5.02591 5.0268 5.51679 8.1653 1463690.0
132 0.03685 8.83429e-05 -2216.27 273.196 5.02592 5.02673 5.26038 7.85662 1462040.0
131 0.03695 8.83426e-05 -2216.27 273.196 5.0259 5.02667 5.14706 7.61194 1461300.0
130 0.03705 8.83423e-05 -2216.27 273.193 5.02583 5.02666 5.10748 7.54287 1461060.0
129 0.03715 8.83429e-05 -2216.27 273.189 5.02579 5.02652 4.90076 7.22053 1459770.0
128 0.03725 8.83419e-05 -2216.27 273.188 5.02572 5.02647 4.87953 7.24489 1459580.0
127 0.03735 8.83422e-05 -2216.27 273.187 5.02572 5.02642 4.71252 6.96882 1458590.0
126 0.03745 8.83421e-05 -2216.27 273.188 5.02573 5.0264 4.75646 7.02134 1458370.0
125 0.03755 8.83423e-05 -2216.27 273.187 5.02571 5.02636 4.73473 7.05399 1458210.0
124 0.03765 8.83421e-05 -2216.27 273.185 5.02567 5.02622 4.52669 6.63132 1456820.0
123 0.03775 8.83425e-05 -2216.27 273.182 5.02564 5.02617 4.42544 6.52114 1456350.0
122 0.03785 8.83422e-05 -2216.27 273.181 5.02562 5.02612 4.34049 6.35407 1455350.0
121 0.03795 8.83425e-05 -2216.27 273.181 5.02562 5.02614 4.47328 6.60717 1455850.0
120 0.03805 8.83418e-05 -2216.27 273.178 5.02553 5.02601 4.13389 6.03326 1453890.0
119 0.03815 8.83421e-05 -2216.27 273.181 5.0256 5.02604 4.23819 6.09167 1454370.0
118 0.03825 8.83425e-05 -2216.27 273.174 5.02548 5.02584 4.02491 5.83736 1453060.0
117 0.03835 8.83415e-05 -2216.28 273.171 5.02539 5.02585 3.91481 5.66561 1452380.0
116 0.03845 8.83427e-05 -2216.27 273.173 5.02548 5.02583 3.80466 5.49611 1451910.0
115 0.03855 8.83426e-05 -2216.27 273.171 5.02545 5.02575 3.68514 5.28533 1450820.0
114 0.03865 8.83419e-05 -2216.27 273.166 5.02532 5.02572 3.55358 5.15292 1450040.0
113 0.03875 8.83415e-05 -2216.28 273.165 5.02527 5.02558 3.41631 4.97045 1449550.0
112 0.03885 8.83421e-05 -2216.27 273.165 5.02531 5.02558 3.3413 4.88827 1448860.0
111 0.03895 8.83427e-05 -2216.28 273.163 5.02531 5.02558 3.31377 4.77133 1448440.0
110 0.03905 8.83417e-05 -2216.28 273.161 5.0252 5.02543 3.18588 4.57813 1447620.0
109 0.03915 8.83415e-05 -2216.28 273.164 5.02525 5.0255 3.23302 4.63081 1447770.0
108 0.03925 8.83426e-05 -2216.27 273.161 5.02526 5.02545 3.20921 4.59718 1447340.0
107 0.03935 8.83418e-05 -2216.28 273.157 5.02514 5.02532 2.99864 4.30974 1446280.0
106 0.03945 8.83417e-05 -2216.28 273.159 5.02518 5.02535 2.87669 4.15933 1445510.0
105 0.03955 8.83422e-05 -2216.28 273.153 5.0251 5.02526 2.7976 4.055 1445180.0
104 0.03965 8.83413e-05 -2216.28 273.152 5.02502 5.02518 2.67496 3.90392 1444200.0
103 0.03975 8.83427e-05 -2216.28 273.151 5.02508 5.02531 2.61407 3.79587 1444030.0
102 0.03985 8.83413e-05 -2216.28 273.151 5.025 5.02513 2.5481 3.67623 1443560.0
101 0.03995 8.83427e-05 -2216.28 273.149 5.02505 5.02523 2.46963 3.61903 1443030.0
100 0.04005 8.83416e-05 -2216.28 273.151 5.02502 5.02524 2.45671 3.61787 1442930.0
99 0.04015 8.83427e-05 -2216.28 273.145 5.02498 5.0252 2.36492 3.50438 1442320.0
98 0.04025 8.83414e-05 -2216.28 273.148 5.02496 5.02522 2.40916 3.51694 1442520.0
97 0.04035 8.83415e-05 -2216.28 273.149 5.02497 5.02522 2.35914 3.40268 1441980.0
96 0.04045 8.83421e-05 -2216.28 273.144 5.02491 5.02515 2.20109 3.251 1441210.0
95 0.04055 8.83422e-05 -2216.28 273.143 5.02491 5.0251 2.14307 3.17342 1440910.0
94 0.04065 8.83415e-05 -2216.28 273.145 5.0249 5.02506 2.12164 3.12716 1440600.0
93 0.04075 8.83425e-05 -2216.28 273.144 5.02495 5.02512 2.05813 3.06701 1440450.0
92 0.04085 8.83417e-05 -2216.28 273.143 5.02487 5.02508 2.12005 3.13342 1440470.0
91 0.04095 8.83416e-05 -2216.28 273.143 5.02487 5.02504 2.08764 3.10406 1440110.0
90 0.04105 8.83421e-05 -2216.28 273.145 5.02493 5.02513 2.05745 3.04243 1440070.0
89 0.04115 8.83421e-05 -2216.28 273.142 5.02489 5.02504 2.06754 3.04185 1440020.0
88 0.04125 8.83418e-05 -2216.28 273.142 5.02487 5.02505 2.03491 2.99147 1439620.0
87 0.04135 8.83424e-05 -2216.28 273.14 5.02485 5.02504 2.02823 2.93632 1439350.0
86 0.04145 8.83421e-05 -2216.28 273.145 5.02494 5.02508 2.0558 2.90399 1439570.0
85 0.04155 8.8342e-05 -2216.28 273.14 5.02485 5.02494 1.93352 2.8223 1438880.0
84 0.04165 8.83421e-05 -2216.28 273.138 5.02481 5.02497 1.8063 2.66553 1438250.0
83 0.04175 8.83416e-05 -2216.28 273.14 5.02481 5.0249 1.78669 2.64447 1438100.0
82 0.04185 8.83428e-05 -2216.28 273.137 5.02483 5.02479 1.63386 2.37077 1437200.0
81 0.04195 8.8342e-05 -2216.28 273.135 5.02475 5.02473 1.6711 2.42269 1437280.0
80 0.04205 8.83413e-05 -2216.28 273.136 5.02472 5.02477 1.62756 2.35041 1437150.0
79 0.04215 8.8343e-05 -2216.28 273.137 5.02484 5.02484 1.60164 2.27588 1437020.0
78 0.04225 8.83421e-05 -2216.28 273.137 5.02479 5.02478 1.60135 2.27699 1436740.0
77 0.04235 8.83416e-05 -2216.28 273.133 5.02468 5.02464 1.55164 2.21963 1436260.0
76 0.04245 8.83427e-05 -2216.28 273.132 5.02474 5.02462 1.47901 2.13579 1436240.0
75 0.04255 8.83418e-05 -2216.28 273.133 5.02469 5.02455 1.41011 1.9893 1435450.0
74 0.04265 8.83414e-05 -2216.28 273.132 5.02466 5.02448 1.44041 2.02939 1435680.0
73 0.04275 8.83426e-05 -2216.28 273.131 5.02471 5.02458 1.33715 1.92382 1435150.0
72 0.04285 8.8342e-05 -2216.28 273.131 5.02468 5.02448 1.30924 1.92784 1434960.0
71 0.04295 8.83427e-05 -2216.28 273.13 5.02469 5.02454 1.27269 1.89662 1434830.0
70 0.04305 8.83418e-05 -2216.28 273.132 5.02467 5.02447 1.27988 1.89907 1434840.0
69 0.04315 8.83418e-05 -2216.28 273.13 5.02464 5.02456 1.23291 1.84906 1434540.0
68 0.04325 8.8343e-05 -2216.28 273.126 5.02464 5.02449 1.20303 1.79828 1434270.0
67 0.04335 8.83416e-05 -2216.28 273.128 5.0246 5.02446 1.09016 1.62264 1433890.0
66 0.04345 8.83424e-05 -2216.28 273.128 5.02464 5.02441 1.12262 1.64275 1433980.0
65 0.04355 8.83416e-05 -2216.28 273.128 5.02459 5.02435 1.12266 1.6307 1433900.0
64 0.04365 8.8342e-05 -2216.28 273.127 5.0246 5.02434 1.10323 1.5908 1433810.0
63 0.04375 8.83418e-05 -2216.28 273.126 5.02458 5.02434 1.04847 1.51764 1433590.0
62 0.04385 8.83423e-05 -2216.28 273.125 5.02458 5.02424 0.948768 1.36342 1432850.0
61 0.04395 8.83422e-05 -2216.28 273.124 5.02457 5.02425 0.931303 1.3215 1432810.0
60 0.04405 8.8342e-05 -2216.28 273.126 5.02458 5.02417 0.972933 1.3492 1432760.0
59 0.04415 8.83424e-05 -2216.28 273.124 5.02457 5.02419 0.945015 1.32278 1432730.0
58 0.04425 8.83416e-05 -2216.28 273.124 5.02452 5.02423 0.854297 1.25533 1432330.0
57 0.04435 8.8342e-05 -2216.28 273.121 5.02449 5.02405 0.838454 1.27475 1432040.0
56 0.04445 8.83422e-05 -2216.28 273.123 5.02453 5.02407 0.768574 1.16425 1431780.0
55 0.04455 8.83418e-05 -2216.28 273.12 5.02447 5.02404 0.792996 1.18569 1431790.0
54 0.04465 8.83415e-05 -2216.28 273.121 5.02446 5.024 0.764549 1.16602 1431700.0
53 0.04475 8.83417e-05 -2216.28 273.121 5.02447 5.02397 0.745736 1.1466 1431540.0
52 0.04485 8.83416e-05 -2216.29 273.122 5.02449 5.02399 0.746234 1.14115 1431550.0
51 0.04495 8.83424e-05 -2216.28 273.118 5.02446 5.02393 0.691768 1.06525 1431270.0
50 0.04505 8.83414e-05 -2216.28 273.122 5.02447 5.02394 0.714743 1.08736 1431320.0
49 0.04515 8.83424e-05 -2216.28 273.119 5.02448 5.02402 0.733264 1.1087 1431420.0
48 0.04525 8.83412e-05 -2216.28 273.121 5.02444 5.02398 0.715687 1.10024 1431340.0
47 0.04535 8.8342e-05 -2216.28 273.118 5.02444 5.02397 0.669478 1.03508 1431030.0
46 0.04545 8.83425e-05 -2216.28 273.118 5.02447 5.02395 0.641606 1.0046 1431010.0
45 0.04555 8.8342e-05 -2216.28 273.12 5.02446 5.024 0.631054 1.00113 1430880.0
44 0.04565 8.83423e-05 -2216.28 273.118 5.02446 5.02393 0.627827 1.021 1430680.0
43 0.04575 8.83422e-05 -2216.28 273.117 5.02443 5.02386 0.609777 0.984963 1430690.0
42 0.04585 8.83415e-05 -2216.29 273.118 5.02441 5.02381 0.567916 0.928419 1430380.0
41 0.04595 8.83421e-05 -2216.28 273.118 5.02444 5.02378 0.547433 0.909747 1430270.0
40 0.04605 8.83417e-05 -2216.28 273.119 5.02444 5.02383 0.615949 0.98086 1430540.0
39 0.04615 8.83419e-05 -2216.28 273.117 5.02441 5.02373 0.581749 0.944446 1430350.0
38 0.04625 8.83418e-05 -2216.28 273.117 5.02441 5.02374 0.528848 0.857573 1430120.0
37 0.04635 8.83413e-05 -2216.29 273.119 5.02441 5.02374 0.585 0.979736 1430380.0
36 0.04645 8.83418e-05 -2216.28 273.116 5.02439 5.02365 0.528491 0.853171 1429990.0
35 0.04655 8.83422e-05 -2216.29 273.117 5.02442 5.02363 0.497326 0.82565 1429830.0
34 0.04665 8.8342e-05 -2216.28 273.12 5.02446 5.02376 0.565217 0.959174 1430210.0
33 0.04675 8.83408e-05 -2216.29 273.115 5.02432 5.02358 0.470465 0.800834 1429720.0
32 0.04685 8.83425e-05 -2216.28 273.113 5.02438 5.02366 0.454573 0.786449 1429670.0
31 0.04695 8.83412e-05 -2216.28 273.115 5.02434 5.02359 0.450932 0.755076 1429460.0
30 0.04705 8.83414e-05 -2216.29 273.117 5.02438 5.02359 0.45276 0.794098 1429640.0
29 0.04715 8.83426e-05 -2216.28 273.116 5.02444 5.02372 0.440584 0.737994 1429390.0
28 0.04725 8.83407e-05 -2216.29 273.114 5.02428 5.02352 0.462186 0.756168 1429340.0
27 0.04735 8.83428e-05 -2216.28 273.116 5.02444 5.02365 0.428151 0.70776 1429250.0
26 0.04745 8.83417e-05 -2216.29 273.116 5.02438 5.02357 0.429302 0.72424 1429150.0
25 0.04755 8.83414e-05 -2216.28 273.115 5.02434 5.02352 0.472872 0.778588 1429270.0
24 0.04765 8.83422e-05 -2216.28 273.115 5.0244 5.0235 0.462438 0.779527 1429110.0
23 0.04775 8.83419e-05 -2216.29 273.115 5.02438 5.0235 0.429935 0.717757 1429070.0
22 0.04785 8.83422e-05 -2216.29 273.116 5.02441 5.02352 0.444203 0.747979 1429240.0
21 0.04795 8.83416e-05 -2216.28 273.114 5.02434 5.02337 0.423108 0.742588 1428980.0
20 0.04805 8.83415e-05 -2216.28 273.116 5.02436 5.02343 0.41007 0.69657 1428910.0
19 0.04815 8.83418e-05 -2216.29 273.117 5.0244 5.02342 0.39152 0.64456 1428870.0
18 0.04825 8.83416e-05 -2216.29 273.113 5.02433 5.02338 0.405368 0.684807 1428780.0
17 0.04835 8.83421e-05 -2216.29 273.116 5.0244 5.02344 0.36807 0.628064 1428720.0
16 0.04845 8.83419e-05 -2216.28 273.113 5.02434 5.02336 0.354472 0.623403 1428580.0
15 0.04855 8.83415e-05 -2216.29 273.113 5.02433 5.02335 0.320568 0.577792 1428350.0
14 0.04865 8.83421e-05 -2216.29 273.115 5.02438 5.02341 0.29964 0.542334 1428240.0
13 0.04875 8.83422e-05 -2216.28 273.113 5.02437 5.02341 0.302558 0.537266 1428320.0
12 0.04885 8.83413e-05 -2216.28 273.115 5.02433 5.02336 0.331408 0.578404 1428280.0
11 0.04895 8.83419e-05 -2216.28 273.114 5.02435 5.02334 0.324989 0.574312 1428340.0
10 0.04905 8.83418e-05 -2216.29 273.115 5.02437 5.02332 0.306937 0.504693 1428210.0
9 0.04915 8.8342e-05 -2216.29 273.113 5.02434 5.0233 0.262166 0.451193 1428080.0
8 0.04925 8.83415e-05 -2216.28 273.111 5.02427 5.02329 0.288347 0.488634 1428140.0
7 0.04935 8.8342e-05 -2216.28 273.113 5.02434 5.02325 0.252025 0.420636 1428030.0
6 0.04945 8.83417e-05 -2216.29 273.114 5.02434 5.0232 0.22261 0.385046 1427820.0
5 0.04955 8.83421e-05 -2216.29 273.111 5.0243 5.02315 0.183872 0.339875 1427650.0
4 0.04965 8.83412e-05 -2216.29 273.111 5.02425 5.02303 0.208763 0.359342 1427670.0
3 0.04975 8.83421e-05 -2216.29 273.113 5.02435 5.02318 0.19149 0.312342 1427690.0
2 0.04985 8.83415e-05 -2216.29 273.111 5.02428 5.02307 0.166899 0.286292 1427570.0
1 0.04995 8.83425e-05 -2216.28 273.11 5.02432 5.02305 0.176413 0.315599 1427450.0
