TITLE = "DSMC"
VARIABLES = "ID" "X" "rho" "v1" "Ttrans" "p" "p1" "q1" "mv1v1v1" "mvvv1v1"
ZONE T="Ma=7.2_inv", I=800, J=1, K=1, F=POINT
800 -0.02995 0.000334281 -586.17 4655.86 324.101 324.096 11.7179 23.7766 1571130000.0
799 -0.02985 0.000334285 -586.169 4655.75 324.097 324.1 1.77735 19.583 1571150000.0
798 -0.02975 0.000334284 -586.164 4655.79 324.1 324.095 5.21115 23.9873 1571110000.0
797 -0.02965 0.000334283 -586.167 4655.89 324.106 324.099 10.9892 30.1375 1571170000.0
796 -0.02955 0.000334276 -586.182 4655.92 324.1 324.096 17.3778 38.0263 1571140000.0
795 -0.02945 0.000334276 -586.178 4655.84 324.096 324.095 10.7205 30.2577 1571140000.0
794 -0.02935 0.000334275 -586.19 4655.94 324.101 324.097 20.4053 41.2887 1571180000.0
793 -0.02925 0.000334284 -586.161 4655.93 324.11 324.096 12.8464 16.0369 1571170000.0
792 -0.02915 0.000334283 -586.169 4655.92 324.108 324.094 13.4703 9.89826 1571150000.0
791 -0.02905 0.000334292 -586.151 4655.74 324.104 324.099 0.318423 -1.00223 1571150000.0
790 -0.02895 0.000334291 -586.156 4655.89 324.114 324.103 3.56663 -13.8489 1571190000.0
789 -0.02885 0.000334271 -586.187 4655.89 324.094 324.09 21.7732 16.7673 1571120000.0
788 -0.02875 0.000334267 -586.198 4655.84 324.086 324.091 15.017 20.4128 1571130000.0
787 -0.02865 0.000334287 -586.159 4655.72 324.097 324.101 0.335199 -3.318 1571170000.0
786 -0.02855 0.000334267 -586.188 4655.81 324.085 324.086 13.7269 18.1335 1571110000.0
785 -0.02845 0.000334281 -586.175 4655.87 324.102 324.102 11.7704 8.03562 1571190000.0
784 -0.02835 0.000334282 -586.162 4655.69 324.091 324.094 2.08678 -2.20928 1571130000.0
783 -0.02825 0.000334285 -586.166 4655.69 324.094 324.098 -2.88209 -1.79682 1571170000.0
782 -0.02815 0.000334304 -586.132 4655.59 324.105 324.108 -19.397 -26.966 1571180000.0
781 -0.02805 0.000334306 -586.125 4655.61 324.109 324.106 -17.4411 -18.7359 1571180000.0
780 -0.02795 0.000334315 -586.11 4655.7 324.123 324.109 -16.8674 -27.2391 1571170000.0
779 -0.02785 0.000334297 -586.144 4655.64 324.103 324.103 -12.4337 -3.57628 1571150000.0
778 -0.02775 0.000334294 -586.147 4655.67 324.101 324.102 -6.28577 4.62641 1571170000.0
777 -0.02765 0.000334299 -586.136 4655.79 324.114 324.104 -2.94155 2.14179 1571190000.0
776 -0.02755 0.00033431 -586.122 4655.74 324.122 324.105 -12.5308 -15.1935 1571180000.0
775 -0.02745 0.000334314 -586.112 4655.92 324.138 324.108 -4.03917 -20.8662 1571240000.0
774 -0.02735 0.000334302 -586.131 4655.81 324.119 324.103 -0.715298 3.75939 1571200000.0
773 -0.02725 0.000334301 -586.132 4655.63 324.106 324.103 -11.5819 -0.842497 1571190000.0
772 -0.02715 0.000334301 -586.134 4655.71 324.111 324.103 -9.83316 -3.73554 1571190000.0
771 -0.02705 0.000334299 -586.14 4655.82 324.116 324.103 -0.384936 0.391666 1571200000.0
770 -0.02695 0.000334301 -586.14 4655.77 324.115 324.107 -5.46751 -1.18177 1571220000.0
769 -0.02685 0.00033431 -586.116 4655.74 324.122 324.105 -7.56815 -11.3711 1571190000.0
768 -0.02675 0.000334309 -586.12 4655.8 324.125 324.108 -6.46297 -4.29626 1571230000.0
767 -0.02665 0.000334315 -586.115 4655.75 324.127 324.111 -14.0702 -17.4307 1571220000.0
766 -0.02655 0.000334314 -586.117 4655.77 324.127 324.109 -10.9394 -15.0719 1571200000.0
765 -0.02645 0.000334316 -586.105 4655.75 324.128 324.105 -9.18345 -11.1305 1571160000.0
764 -0.02635 0.000334323 -586.098 4655.81 324.139 324.114 -15.4501 -24.0553 1571220000.0
763 -0.02625 0.00033432 -586.103 4655.82 324.137 324.107 -8.77621 -12.999 1571200000.0
762 -0.02615 0.000334317 -586.116 4655.89 324.139 324.111 -2.25458 -4.58434 1571220000.0
761 -0.02605 0.000334319 -586.101 4655.81 324.136 324.107 -10.6202 -20.6024 1571200000.0
760 -0.02595 0.000334313 -586.116 4655.95 324.139 324.108 0.250324 -6.3799 1571220000.0
759 -0.02585 0.000334325 -586.097 4655.86 324.144 324.113 -9.09768 -20.9318 1571250000.0
758 -0.02575 0.000334323 -586.097 4655.88 324.144 324.11 -9.95564 -11.5722 1571220000.0
757 -0.02565 0.000334339 -586.074 4655.85 324.157 324.114 -15.0194 -37.0642 1571210000.0
756 -0.02555 0.000334317 -586.107 4655.77 324.131 324.108 -10.674 -14.2519 1571200000.0
755 -0.02545 0.000334321 -586.107 4655.83 324.138 324.111 -8.40887 -16.1565 1571190000.0
754 -0.02535 0.000334325 -586.097 4655.66 324.13 324.112 -24.7667 -26.8588 1571180000.0
753 -0.02525 0.000334316 -586.113 4655.75 324.128 324.107 -9.18689 -2.85697 1571150000.0
752 -0.02515 0.000334336 -586.076 4655.69 324.143 324.118 -26.9846 -36.8721 1571210000.0
751 -0.02505 0.000334331 -586.083 4655.77 324.144 324.113 -18.2056 -30.1852 1571200000.0
750 -0.02495 0.000334324 -586.1 4655.85 324.142 324.114 -9.46462 -19.8908 1571200000.0
749 -0.02485 0.000334326 -586.095 4655.88 324.147 324.114 -7.29296 -20.3768 1571200000.0
748 -0.02475 0.000334324 -586.099 4655.78 324.137 324.11 -11.1762 -15.9562 1571190000.0
747 -0.02465 0.000334322 -586.102 4655.88 324.143 324.115 -4.95365 -14.8739 1571230000.0
746 -0.02455 0.000334327 -586.096 4655.96 324.153 324.115 -6.73957 -24.2076 1571230000.0
745 -0.02445 0.000334337 -586.076 4655.94 324.161 324.114 -7.64541 -32.1326 1571200000.0
744 -0.02435 0.000334331 -586.089 4655.91 324.153 324.118 -12.9626 -35.7798 1571260000.0
743 -0.02425 0.000334319 -586.107 4655.81 324.135 324.113 -6.38663 -13.8725 1571220000.0
742 -0.02415 0.000334322 -586.103 4655.78 324.136 324.111 -12.7595 -24.8838 1571220000.0
741 -0.02405 0.00033431 -586.12 4655.89 324.132 324.105 3.5394 -3.15434 1571200000.0
740 -0.02395 0.000334316 -586.111 4655.83 324.134 324.108 -4.85637 -5.30172 1571230000.0
739 -0.02385 0.000334306 -586.133 4655.86 324.126 324.106 0.821995 -3.20884 1571240000.0
738 -0.02375 0.000334301 -586.138 4655.85 324.12 324.102 6.62095 6.57508 1571200000.0
737 -0.02365 0.000334298 -586.146 4655.83 324.117 324.104 1.48159 6.41025 1571220000.0
736 -0.02355 0.000334308 -586.13 4655.87 324.129 324.107 0.0480093 -0.721275 1571230000.0
735 -0.02345 0.000334311 -586.117 4655.7 324.12 324.107 -6.85623 -3.37928 1571190000.0
734 -0.02335 0.000334316 -586.113 4655.72 324.125 324.11 -10.5041 -11.7103 1571210000.0
733 -0.02325 0.000334313 -586.118 4655.75 324.125 324.106 -8.02418 -17.3114 1571190000.0
732 -0.02315 0.000334317 -586.112 4655.8 324.133 324.111 -7.6286 -18.8363 1571230000.0
731 -0.02305 0.000334308 -586.126 4655.75 324.121 324.105 -7.2943 -10.9141 1571210000.0
730 -0.02295 0.000334305 -586.133 4655.69 324.113 324.104 -6.93418 -1.19163 1571210000.0
729 -0.02285 0.000334308 -586.123 4655.8 324.124 324.103 0.73204 -3.9962 1571210000.0
728 -0.02275 0.000334317 -586.109 4655.86 324.137 324.109 -6.08216 -28.0448 1571240000.0
727 -0.02265 0.000334313 -586.117 4655.76 324.126 324.109 -3.31481 -15.7622 1571250000.0
726 -0.02255 0.000334321 -586.095 4655.63 324.125 324.108 -23.4225 -35.8427 1571220000.0
725 -0.02245 0.000334327 -586.092 4655.57 324.126 324.115 -26.522 -39.4359 1571230000.0
724 -0.02235 0.000334319 -586.106 4655.84 324.137 324.108 -4.32293 -31.5308 1571210000.0
723 -0.02225 0.000334307 -586.123 4655.86 324.126 324.107 4.47864 -8.8849 1571230000.0
722 -0.02215 0.000334311 -586.118 4655.72 324.121 324.108 -6.71619 -8.49814 1571210000.0
721 -0.02205 0.000334315 -586.108 4655.71 324.124 324.107 -9.72056 -13.4714 1571190000.0
720 -0.02195 0.000334316 -586.114 4655.69 324.124 324.11 -13.88 -27.0565 1571180000.0
719 -0.02185 0.000334309 -586.117 4655.68 324.116 324.106 -5.90243 -10.9016 1571170000.0
718 -0.02175 0.000334319 -586.105 4655.6 324.12 324.109 -17.7441 -25.3743 1571160000.0
717 -0.02165 0.000334322 -586.101 4655.67 324.129 324.111 -11.9616 -18.8792 1571210000.0
716 -0.02155 0.000334312 -586.115 4655.83 324.13 324.11 -3.14458 -12.8247 1571230000.0
715 -0.02145 0.00033431 -586.118 4655.71 324.12 324.103 -5.77023 -1.6512 1571170000.0
714 -0.02135 0.00033431 -586.12 4655.72 324.12 324.106 -3.11711 1.69869 1571170000.0
713 -0.02125 0.000334334 -586.083 4655.69 324.141 324.115 -19.0199 -24.6438 1571220000.0
712 -0.02115 0.000334319 -586.098 4655.7 324.127 324.104 -13.7711 -4.9168 1571160000.0
711 -0.02105 0.000334331 -586.087 4655.57 324.13 324.115 -26.2409 -23.5496 1571200000.0
710 -0.02095 0.000334324 -586.095 4655.4 324.112 324.11 -32.3615 -21.6308 1571160000.0
709 -0.02085 0.000334321 -586.102 4655.55 324.119 324.11 -16.4153 -6.13057 1571170000.0
708 -0.02075 0.000334311 -586.117 4655.67 324.117 324.103 -9.43265 -2.942 1571140000.0
707 -0.02065 0.000334329 -586.092 4655.69 324.137 324.113 -15.06 -26.6431 1571190000.0
706 -0.02055 0.000334329 -586.085 4655.79 324.143 324.113 -10.6308 -33.8142 1571200000.0
705 -0.02045 0.000334312 -586.12 4655.82 324.129 324.104 1.13026 -10.7102 1571130000.0
704 -0.02035 0.000334296 -586.147 4655.83 324.114 324.101 9.34755 11.2575 1571160000.0
703 -0.02025 0.000334301 -586.141 4655.93 324.127 324.101 14.9704 -1.81842 1571150000.0
702 -0.02015 0.000334297 -586.142 4655.94 324.123 324.101 16.8717 0.208416 1571150000.0
701 -0.02005 0.000334304 -586.133 4655.88 324.125 324.103 9.09929 -12.1428 1571170000.0
700 -0.01995 0.000334306 -586.126 4655.81 324.123 324.104 2.91487 -12.098 1571160000.0
699 -0.01985 0.000334288 -586.16 4655.73 324.1 324.098 9.20083 11.0582 1571150000.0
698 -0.01975 0.000334295 -586.151 4655.8 324.111 324.1 8.28737 7.77079 1571160000.0
697 -0.01965 0.0003343 -586.137 4655.73 324.11 324.1 4.77875 2.36386 1571150000.0
696 -0.01955 0.0003343 -586.141 4655.7 324.109 324.101 2.52658 9.29896 1571150000.0
695 -0.01945 0.000334293 -586.149 4655.83 324.111 324.099 13.0935 24.302 1571170000.0
694 -0.01935 0.0003343 -586.141 4655.83 324.118 324.1 8.35403 24.2226 1571150000.0
693 -0.01925 0.000334301 -586.138 4655.73 324.112 324.099 4.01366 16.5853 1571130000.0
692 -0.01915 0.000334294 -586.147 4655.9 324.117 324.098 14.9887 20.5602 1571140000.0
691 -0.01905 0.000334303 -586.138 4655.97 324.131 324.104 15.7907 13.3193 1571190000.0
690 -0.01895 0.000334292 -586.151 4656.01 324.123 324.097 26.2614 25.7244 1571150000.0
689 -0.01885 0.000334317 -586.112 4655.8 324.133 324.109 -0.72824 -9.74702 1571200000.0
688 -0.01875 0.000334319 -586.105 4655.79 324.133 324.105 -4.59158 -12.1532 1571160000.0
687 -0.01865 0.000334309 -586.127 4655.86 324.129 324.105 7.21842 7.63179 1571150000.0
686 -0.01855 0.000334301 -586.135 4655.93 324.126 324.1 16.6888 22.5096 1571140000.0
685 -0.01845 0.000334289 -586.156 4655.86 324.11 324.097 16.2939 32.5117 1571120000.0
684 -0.01835 0.000334305 -586.132 4655.83 324.122 324.1 11.1976 9.1517 1571100000.0
683 -0.01825 0.000334317 -586.11 4655.74 324.128 324.105 -7.87877 -18.1837 1571120000.0
682 -0.01815 0.000334312 -586.119 4655.8 324.127 324.105 3.19635 -1.80368 1571100000.0
681 -0.01805 0.000334313 -586.117 4655.73 324.124 324.106 -2.24384 -7.07429 1571090000.0
680 -0.01795 0.000334293 -586.154 4655.87 324.114 324.099 19.5197 29.3628 1571080000.0
679 -0.01785 0.000334301 -586.135 4655.96 324.128 324.1 18.3306 12.847 1571090000.0
678 -0.01775 0.000334316 -586.111 4655.93 324.141 324.107 8.82852 -4.35771 1571110000.0
677 -0.01765 0.000334304 -586.131 4655.87 324.125 324.099 14.1937 17.1113 1571090000.0
676 -0.01755 0.000334324 -586.098 4655.84 324.141 324.106 -1.18694 -13.0595 1571090000.0
675 -0.01745 0.000334327 -586.094 4655.88 324.148 324.111 0.427498 -9.85077 1571110000.0
674 -0.01735 0.000334322 -586.103 4655.9 324.144 324.107 3.9775 -4.61354 1571110000.0
673 -0.01725 0.000334329 -586.089 4655.8 324.144 324.108 -2.25174 -7.75807 1571080000.0
672 -0.01715 0.000334325 -586.098 4655.73 324.135 324.11 -9.44005 -5.84135 1571100000.0
671 -0.01705 0.000334317 -586.112 4655.79 324.131 324.104 1.02543 -1.09774 1571070000.0
670 -0.01695 0.000334318 -586.11 4655.76 324.13 324.105 -3.02725 -10.022 1571090000.0
669 -0.01685 0.000334313 -586.117 4655.83 324.131 324.101 5.10304 0.987525 1571080000.0
668 -0.01675 0.000334331 -586.088 4655.74 324.142 324.106 -5.66591 -21.6292 1571070000.0
667 -0.01665 0.000334326 -586.096 4655.79 324.14 324.109 -4.9672 -10.0585 1571100000.0
666 -0.01655 0.000334325 -586.099 4655.86 324.144 324.105 1.68442 -12.8855 1571070000.0
665 -0.01645 0.000334314 -586.119 4655.9 324.137 324.103 6.22393 -2.99651 1571060000.0
664 -0.01635 0.000334297 -586.15 4656.01 324.127 324.1 28.0032 29.1118 1571080000.0
663 -0.01625 0.000334302 -586.14 4655.98 324.131 324.098 22.5639 19.4714 1571060000.0
662 -0.01615 0.000334282 -586.171 4656.01 324.113 324.092 37.3638 46.0652 1571030000.0
661 -0.01605 0.000334293 -586.157 4655.82 324.111 324.094 16.165 21.5852 1571010000.0
660 -0.01595 0.000334292 -586.155 4655.87 324.113 324.092 21.9209 23.4604 1571000000.0
659 -0.01585 0.000334291 -586.16 4655.89 324.113 324.094 25.5659 29.7822 1570980000.0
658 -0.01575 0.000334285 -586.17 4655.99 324.114 324.092 37.2066 37.9133 1570990000.0
657 -0.01565 0.000334292 -586.157 4655.88 324.114 324.094 24.937 23.7952 1570980000.0
656 -0.01555 0.000334297 -586.147 4655.92 324.121 324.096 22.7596 21.7831 1571000000.0
655 -0.01545 0.000334298 -586.148 4655.81 324.114 324.095 16.1192 20.0463 1570990000.0
654 -0.01535 0.000334303 -586.136 4655.93 324.128 324.098 21.0055 11.8862 1571010000.0
653 -0.01525 0.000334303 -586.141 4655.98 324.132 324.098 21.0695 12.3635 1570990000.0
652 -0.01515 0.000334309 -586.123 4655.92 324.134 324.1 14.9609 6.80552 1570970000.0
651 -0.01505 0.000334302 -586.139 4655.9 324.125 324.093 22.6856 21.6671 1570930000.0
650 -0.01495 0.000334297 -586.15 4655.94 324.123 324.097 20.6334 21.9624 1570940000.0
649 -0.01485 0.000334291 -586.157 4655.95 324.118 324.096 24.4848 30.681 1570900000.0
648 -0.01475 0.0003343 -586.138 4655.86 324.12 324.096 17.967 22.589 1570890000.0
647 -0.01465 0.000334291 -586.162 4655.94 324.117 324.094 28.3847 37.5979 1570890000.0
646 -0.01455 0.000334294 -586.149 4655.78 324.109 324.096 17.932 34.2274 1570890000.0
645 -0.01445 0.00033429 -586.158 4656.03 324.122 324.093 32.6845 34.5161 1570890000.0
644 -0.01435 0.000334278 -586.182 4656.08 324.114 324.091 45.9534 60.6807 1570890000.0
643 -0.01425 0.000334286 -586.167 4655.89 324.109 324.091 26.7953 43.6702 1570870000.0
642 -0.01415 0.000334292 -586.154 4655.84 324.111 324.093 23.3062 33.5484 1570850000.0
641 -0.01405 0.000334273 -586.188 4655.95 324.101 324.087 38.4183 49.5673 1570850000.0
640 -0.01395 0.000334252 -586.224 4656.18 324.096 324.079 64.2694 83.8296 1570840000.0
639 -0.01385 0.000334268 -586.202 4656.21 324.114 324.086 56.4049 64.7513 1570840000.0
638 -0.01375 0.000334261 -586.21 4656.18 324.105 324.086 59.1887 71.1951 1570840000.0
637 -0.01365 0.000334269 -586.197 4656.11 324.108 324.083 49.8921 56.2371 1570760000.0
636 -0.01355 0.000334261 -586.213 4656.13 324.101 324.084 56.9957 65.3255 1570760000.0
635 -0.01345 0.000334257 -586.218 4656.23 324.104 324.082 64.736 67.9104 1570760000.0
634 -0.01335 0.000334233 -586.255 4656.29 324.086 324.072 83.6455 95.5608 1570710000.0
633 -0.01325 0.00033423 -586.272 4656.36 324.088 324.076 87.826 94.7782 1570720000.0
632 -0.01315 0.00033423 -586.266 4656.1 324.069 324.071 76.3674 100.767 1570640000.0
631 -0.01305 0.00033423 -586.262 4656.05 324.066 324.07 68.7715 82.4122 1570600000.0
630 -0.01295 0.000334214 -586.292 4656.11 324.054 324.069 83.4405 108.159 1570600000.0
629 -0.01285 0.000334206 -586.306 4656.19 324.052 324.065 91.6492 117.902 1570530000.0
628 -0.01275 0.0003342 -586.32 4656.26 324.051 324.065 97.8487 122.68 1570520000.0
627 -0.01265 0.000334201 -586.311 4656.35 324.058 324.064 107.415 133.169 1570470000.0
626 -0.01255 0.000334205 -586.307 4656.27 324.057 324.062 96.7438 106.722 1570430000.0
625 -0.01245 0.000334187 -586.341 4656.26 324.039 324.059 105.712 127.682 1570430000.0
624 -0.01235 0.000334187 -586.34 4656.34 324.043 324.061 109.735 119.845 1570420000.0
623 -0.01225 0.000334182 -586.347 4656.56 324.054 324.059 127.758 120.426 1570390000.0
622 -0.01215 0.000334161 -586.379 4656.59 324.036 324.047 144.065 150.692 1570300000.0
621 -0.01205 0.000334145 -586.412 4656.73 324.03 324.048 157.367 172.502 1570330000.0
620 -0.01195 0.000334138 -586.424 4656.77 324.026 324.044 162.708 177.821 1570250000.0
619 -0.01185 0.000334124 -586.448 4656.74 324.011 324.038 174.082 194.352 1570200000.0
618 -0.01175 0.000334121 -586.453 4656.74 324.008 324.035 173.983 187.308 1570130000.0
617 -0.01165 0.000334132 -586.433 4656.79 324.022 324.039 168.068 169.364 1570100000.0
616 -0.01155 0.000334118 -586.454 4656.82 324.01 324.036 183.329 193.443 1570080000.0
615 -0.01145 0.000334113 -586.469 4656.78 324.003 324.034 181.543 190.194 1570020000.0
614 -0.01135 0.000334113 -586.465 4656.93 324.014 324.035 190.182 192.244 1570020000.0
613 -0.01125 0.000334094 -586.498 4656.92 323.994 324.026 198.213 206.696 1569910000.0
612 -0.01115 0.000334085 -586.52 4657.0 323.99 324.029 207.279 215.172 1569900000.0
611 -0.01105 0.000334066 -586.548 4657.02 323.973 324.017 225.833 243.399 1569800000.0
610 -0.01095 0.000334063 -586.549 4656.92 323.964 324.017 215.714 229.274 1569730000.0
609 -0.01085 0.000334043 -586.586 4657.17 323.963 324.009 242.904 252.684 1569650000.0
608 -0.01075 0.000334019 -586.627 4657.2 323.941 324.004 258.901 282.384 1569600000.0
607 -0.01065 0.000334001 -586.659 4657.52 323.946 323.996 287.885 301.902 1569540000.0
606 -0.01055 0.000333966 -586.726 4657.55 323.913 323.986 311.681 352.563 1569450000.0
605 -0.01045 0.000333958 -586.736 4657.63 323.912 323.981 321.156 348.241 1569360000.0
604 -0.01035 0.000333933 -586.775 4657.69 323.892 323.976 336.251 368.618 1569270000.0
603 -0.01025 0.000333896 -586.843 4657.83 323.866 323.959 366.379 408.24 1569150000.0
602 -0.01015 0.000333872 -586.883 4657.95 323.85 323.951 389.826 423.394 1569050000.0
601 -0.01005 0.000333846 -586.926 4658.03 323.831 323.944 406.417 440.895 1568980000.0
600 -0.00995 0.000333824 -586.965 4658.22 323.823 323.933 429.499 456.167 1568840000.0
599 -0.00985 0.000333793 -587.02 4658.48 323.811 323.926 459.457 482.646 1568750000.0
598 -0.00975 0.000333769 -587.057 4658.34 323.778 323.92 466.393 504.985 1568640000.0
597 -0.00965 0.000333732 -587.119 4658.59 323.759 323.902 503.138 539.86 1568480000.0
596 -0.00955 0.000333713 -587.159 4658.79 323.755 323.898 522.861 535.223 1568370000.0
595 -0.00945 0.000333665 -587.24 4658.83 323.711 323.88 551.901 572.874 1568180000.0
594 -0.00935 0.000333623 -587.314 4658.99 323.681 323.869 585.35 609.596 1568050000.0
593 -0.00925 0.000333582 -587.385 4659.12 323.65 323.851 614.69 642.215 1567860000.0
592 -0.00915 0.000333545 -587.444 4659.13 323.615 323.84 636.635 669.533 1567700000.0
591 -0.00905 0.000333503 -587.522 4659.27 323.584 323.827 671.979 696.655 1567530000.0
590 -0.00895 0.000333439 -587.632 4659.41 323.532 323.801 715.011 749.146 1567280000.0
589 -0.00885 0.000333378 -587.745 4659.73 323.495 323.785 767.847 794.0 1567140000.0
588 -0.00875 0.000333333 -587.816 4659.98 323.469 323.768 809.813 812.351 1566910000.0
587 -0.00865 0.000333272 -587.926 4660.19 323.424 323.747 856.202 854.353 1566690000.0
586 -0.00855 0.000333216 -588.017 4660.25 323.374 323.729 887.809 889.039 1566460000.0
585 -0.00845 0.00033314 -588.158 4660.33 323.306 323.702 938.065 952.851 1566190000.0
584 -0.00835 0.000333052 -588.307 4660.66 323.243 323.667 1005.98 1018.08 1565880000.0
583 -0.00825 0.000332986 -588.426 4660.94 323.199 323.651 1060.32 1058.5 1565680000.0
582 -0.00815 0.000332901 -588.567 4661.16 323.131 323.618 1116.48 1116.68 1565330000.0
581 -0.00805 0.000332838 -588.681 4661.35 323.083 323.596 1167.04 1134.15 1565030000.0
580 -0.00795 0.000332763 -588.815 4661.59 323.027 323.575 1220.2 1166.83 1564750000.0
579 -0.00785 0.000332657 -588.995 4661.75 322.935 323.535 1290.63 1234.96 1564320000.0
578 -0.00775 0.00033255 -589.181 4662.07 322.853 323.5 1370.25 1300.0 1563940000.0
577 -0.00765 0.000332448 -589.359 4662.32 322.771 323.467 1443.74 1355.44 1563580000.0
576 -0.00755 0.000332321 -589.582 4662.6 322.668 323.419 1526.89 1422.63 1563140000.0
575 -0.00745 0.000332195 -589.798 4662.78 322.558 323.376 1611.51 1500.15 1562680000.0
574 -0.00735 0.000332053 -590.052 4663.18 322.447 323.329 1709.22 1576.87 1562230000.0
573 -0.00725 0.000331901 -590.316 4663.52 322.323 323.274 1820.96 1673.64 1561680000.0
572 -0.00715 0.000331731 -590.616 4664.0 322.192 323.219 1943.05 1779.08 1561160000.0
571 -0.00705 0.000331555 -590.93 4664.22 322.036 323.156 2058.22 1882.98 1560550000.0
570 -0.00695 0.000331367 -591.253 4664.61 321.88 323.091 2183.77 1989.8 1559910000.0
569 -0.00685 0.000331195 -591.558 4664.92 321.734 323.032 2301.67 2067.27 1559280000.0
568 -0.00675 0.000330975 -591.95 4665.43 321.556 322.954 2455.17 2201.43 1558590000.0
567 -0.00665 0.000330752 -592.342 4665.9 321.372 322.876 2610.47 2328.4 1557870000.0
566 -0.00655 0.000330529 -592.735 4666.26 321.18 322.798 2758.3 2434.58 1557100000.0
565 -0.00645 0.000330284 -593.165 4666.54 320.962 322.713 2913.9 2554.94 1556250000.0
564 -0.00635 0.000330018 -593.64 4667.06 320.738 322.62 3096.06 2694.85 1555380000.0
563 -0.00625 0.000329732 -594.146 4667.59 320.497 322.52 3286.48 2837.57 1554460000.0
562 -0.00615 0.000329425 -594.697 4668.12 320.234 322.411 3495.0 2999.39 1553470000.0
561 -0.00605 0.000329109 -595.255 4668.74 319.97 322.298 3712.26 3144.83 1552400000.0
560 -0.00595 0.00032877 -595.864 4669.31 319.68 322.179 3936.9 3303.92 1551300000.0
559 -0.00585 0.000328395 -596.53 4669.81 319.349 322.049 4181.33 3497.55 1550100000.0
558 -0.00575 0.000327993 -597.255 4670.42 319.0 321.905 4448.01 3702.44 1548840000.0
557 -0.00565 0.00032757 -598.018 4671.12 318.635 321.757 4733.38 3914.4 1547510000.0
556 -0.00555 0.000327124 -598.82 4671.67 318.239 321.597 5020.47 4130.0 1546090000.0
555 -0.00545 0.00032664 -599.695 4672.32 317.813 321.423 5341.99 4361.8 1544540000.0
554 -0.00535 0.000326141 -600.606 4673.13 317.382 321.247 5674.76 4588.93 1542980000.0
553 -0.00525 0.000325604 -601.574 4673.84 316.908 321.051 6030.86 4842.3 1541270000.0
552 -0.00515 0.000325028 -602.633 4674.39 316.385 320.844 6396.55 5100.22 1539440000.0
551 -0.00505 0.00032441 -603.772 4675.14 315.834 320.619 6801.26 5393.99 1537510000.0
550 -0.00495 0.000323732 -605.01 4675.77 315.216 320.371 7233.83 5725.38 1535430000.0
549 -0.00485 0.000323017 -606.336 4676.6 314.576 320.114 7706.28 6087.51 1533280000.0
548 -0.00475 0.000322285 -607.697 4677.41 313.917 319.841 8185.34 6413.32 1530950000.0
547 -0.00465 0.000321476 -609.204 4678.33 313.191 319.548 8713.4 6796.64 1528550000.0
546 -0.00455 0.000320623 -610.8 4679.01 312.406 319.228 9268.2 7215.03 1525890000.0
545 -0.00445 0.000319736 -612.478 4679.75 311.59 318.899 9836.55 7607.53 1523160000.0
544 -0.00435 0.000318775 -614.296 4680.62 310.711 318.543 10461.9 8061.8 1520250000.0
543 -0.00425 0.000317744 -616.268 4681.44 309.76 318.154 11130.3 8564.37 1517110000.0
542 -0.00415 0.000316648 -618.367 4682.23 308.744 317.739 11842.4 9090.92 1513800000.0
541 -0.00405 0.000315505 -620.592 4683.15 307.69 317.301 12593.2 9626.71 1510280000.0
540 -0.00395 0.000314279 -622.963 4683.9 306.544 316.828 13388.0 10222.0 1506520000.0
539 -0.00385 0.000312959 -625.566 4684.88 305.32 316.323 14259.4 10885.7 1502620000.0
538 -0.00375 0.0003116 -628.261 4685.55 304.038 315.789 15146.1 11540.3 1498410000.0
537 -0.00365 0.000310158 -631.138 4686.22 302.674 315.223 16085.3 12242.1 1494000000.0
536 -0.00355 0.000308614 -634.261 4687.18 301.229 314.611 17113.4 13022.4 1489340000.0
535 -0.00345 0.000306989 -637.566 4687.93 299.692 313.959 18196.3 13856.8 1484410000.0
534 -0.00335 0.000305276 -641.107 4688.78 298.072 313.268 19345.7 14744.1 1479240000.0
533 -0.00325 0.000303461 -644.882 4689.59 296.351 312.52 20564.5 15698.0 1473720000.0
532 -0.00315 0.00030156 -648.902 4690.38 294.545 311.733 21855.7 16708.2 1467940000.0
531 -0.00305 0.000299554 -653.185 4690.89 292.617 310.892 23211.5 17807.7 1461840000.0
530 -0.00295 0.000297459 -657.727 4691.32 290.597 310.001 24636.7 18963.5 1455420000.0
529 -0.00285 0.000295239 -662.61 4691.81 288.459 309.047 26164.2 20240.9 1448680000.0
528 -0.00275 0.000292918 -667.784 4692.16 286.212 308.032 27772.9 21597.0 1441580000.0
527 -0.00265 0.0002905 -673.268 4692.32 283.86 306.956 29455.2 23020.6 1434140000.0
526 -0.00255 0.000287978 -679.09 4692.34 281.396 305.82 31225.0 24550.2 1426350000.0
525 -0.00245 0.000285314 -685.34 4692.39 278.796 304.601 33125.9 26258.0 1418230000.0
524 -0.00235 0.000282572 -691.903 4691.91 276.089 303.318 35078.6 28019.4 1409680000.0
523 -0.00225 0.000279716 -698.878 4691.5 273.274 301.96 37151.0 29922.6 1400840000.0
522 -0.00215 0.000276752 -706.241 4690.85 270.341 300.521 39320.5 31944.1 1391590000.0
521 -0.00205 0.000273672 -714.098 4689.9 267.278 298.995 41601.1 34136.9 1381980000.0
520 -0.00195 0.000270509 -722.33 4688.49 264.109 297.393 43961.8 36436.7 1371980000.0
519 -0.00185 0.000267249 -731.013 4686.65 260.824 295.706 46412.3 38880.4 1361650000.0
518 -0.00175 0.000263891 -740.192 4684.51 257.429 293.926 48977.5 41486.2 1350990000.0
517 -0.00165 0.000260439 -749.851 4681.87 253.919 292.049 51638.3 44253.6 1339960000.0
516 -0.00155 0.0002569 -760.046 4678.65 250.296 290.075 54396.4 47187.9 1328600000.0
515 -0.00145 0.000253295 -770.702 4674.95 246.588 288.013 57244.4 50268.8 1316960000.0
514 -0.00135 0.000249614 -781.897 4670.67 242.783 285.846 60185.1 53514.7 1305020000.0
513 -0.00125 0.000245857 -793.673 4665.36 238.857 283.575 63211.6 56968.0 1292790000.0
512 -0.00115 0.000242039 -806.007 4659.38 234.846 281.192 66323.3 60587.2 1280280000.0
511 -0.00105 0.000238178 -818.872 4652.75 230.771 278.711 69521.3 64366.5 1267610000.0
510 -0.00095 0.00023428 -832.287 4644.9 226.612 276.128 72757.9 68296.8 1254710000.0
509 -0.00085 0.00023034 -846.304 4636.31 222.388 273.427 76088.5 72413.3 1241650000.0
508 -0.00075 0.00022637 -860.912 4626.37 218.087 270.621 79462.9 76703.0 1228470000.0
507 -0.00065 0.000222377 -876.123 4615.21 213.723 267.698 82878.7 81143.8 1215180000.0
506 -0.00055 0.000218378 -891.913 4602.99 209.324 264.673 86347.4 85742.0 1201870000.0
505 -0.00045 0.000214376 -908.28 4589.15 204.87 261.533 89820.3 90474.4 1188490000.0
504 -0.00035 0.000210381 -925.24 4573.97 200.387 258.287 93319.2 95341.8 1175180000.0
503 -0.00025 0.000206397 -942.794 4557.0 195.863 254.926 96804.4 100321.0 1161820000.0
502 -0.00015 0.000202413 -961.04 4538.58 191.305 251.442 100323.0 105472.0 1148640000.0
501 -5e-05 0.000198436 -979.968 4518.35 186.711 247.825 103842.0 110768.0 1135570000.0
500 5e-05 0.000194472 -999.902 4495.2 182.044 243.961 107337.0 116257.0 1122360000.0
499 0.00015 0.00019067 -1020.12 4469.25 177.454 239.981 110633.0 121500.0 1108900000.0
498 0.00025 0.00018698 -1040.51 4441.36 172.934 235.967 113774.0 126585.0 1095600000.0
497 0.00035 0.000183376 -1061.24 4411.25 168.451 231.892 116772.0 131561.0 1082450000.0
496 0.00045 0.000179862 -1082.23 4379.19 164.022 227.762 119626.0 136394.0 1069470000.0
495 0.00055 0.000176438 -1103.5 4345.15 159.649 223.584 122340.0 141094.0 1056700000.0
494 0.00065 0.000173103 -1125.0 4308.72 155.318 219.352 124865.0 145620.0 1044030000.0
493 0.00075 0.000169848 -1146.81 4270.31 151.04 215.069 127248.0 150010.0 1031610000.0
492 0.00085 0.000166693 -1168.77 4229.91 146.831 210.758 129446.0 154178.0 1019340000.0
491 0.00095 0.000163626 -1190.9 4187.28 142.677 206.406 131454.0 158138.0 1007210000.0
490 0.00105 0.000160663 -1213.11 4142.67 138.601 202.044 133254.0 161836.0 995193000.0
489 0.00115 0.000157781 -1235.49 4096.09 134.584 197.651 134877.0 165326.0 983361000.0
488 0.00125 0.000154987 -1258.0 4047.46 130.631 193.229 136295.0 168558.0 971579000.0
487 0.00135 0.000152286 -1280.5 3996.94 126.753 188.811 137502.0 171522.0 959924000.0
486 0.00145 0.000149681 -1303.01 3944.71 122.957 184.39 138502.0 174184.0 948305000.0
485 0.00155 0.000147179 -1325.38 3890.92 119.253 180.001 139285.0 176528.0 936723000.0
484 0.00165 0.000144753 -1347.79 3835.43 115.614 175.601 139876.0 178612.0 925215000.0
483 0.00175 0.000142435 -1369.93 3778.64 112.078 171.257 140238.0 180348.0 913631000.0
482 0.00185 0.000140194 -1392.02 3719.91 108.601 166.919 140376.0 181791.0 901941000.0
481 0.00195 0.000138027 -1414.05 3659.96 105.199 162.593 140337.0 182960.0 890275000.0
480 0.00205 0.000135953 -1435.81 3599.01 101.892 158.323 140099.0 183812.0 878554000.0
479 0.00215 0.000133954 -1457.39 3536.82 98.6594 154.087 139662.0 184368.0 866693000.0
478 0.00225 0.000132042 -1478.69 3474.01 95.5242 149.906 139054.0 184617.0 854769000.0
477 0.00235 0.000130212 -1499.65 3410.56 92.4795 145.794 138272.0 184581.0 842737000.0
476 0.00245 0.000128448 -1520.4 3346.02 89.5008 141.722 137303.0 184273.0 830509000.0
475 0.00255 0.000126757 -1540.84 3281.06 86.6072 137.707 136178.0 183689.0 818137000.0
474 0.00265 0.000125133 -1560.99 3215.74 83.7956 133.752 134913.0 182858.0 805672000.0
473 0.00275 0.000123581 -1580.75 3150.17 81.0688 129.874 133505.0 181781.0 793050000.0
472 0.00285 0.000122093 -1600.14 3084.36 78.4201 126.068 131956.0 180470.0 780261000.0
471 0.00295 0.000120673 -1619.12 3018.73 75.8583 122.342 130296.0 178938.0 767350000.0
470 0.00305 0.000119304 -1637.83 2952.74 73.3582 118.67 128509.0 177209.0 754274000.0
469 0.00315 0.000117998 -1656.09 2887.23 70.9456 115.085 126632.0 175284.0 741098000.0
468 0.00325 0.000116755 -1673.84 2822.13 68.6157 111.599 124657.0 173179.0 727755000.0
467 0.00335 0.000115557 -1691.34 2757.07 66.3457 108.166 122595.0 170913.0 714313000.0
466 0.00345 0.000114411 -1708.4 2692.7 64.154 104.817 120469.0 168503.0 700813000.0
465 0.00355 0.000113318 -1724.97 2628.87 62.0352 101.561 118269.0 165953.0 687168000.0
464 0.00365 0.000112277 -1741.09 2565.91 59.9934 98.3985 116024.0 163294.0 673505000.0
463 0.00375 0.000111275 -1756.85 2503.6 58.014 95.3013 113732.0 160519.0 659788000.0
462 0.00385 0.000110322 -1772.15 2442.18 56.1061 92.2987 111404.0 157655.0 646032000.0
461 0.00395 0.000109405 -1787.1 2381.33 54.2533 89.3646 109035.0 154711.0 632244000.0
460 0.00405 0.000108532 -1801.6 2321.55 52.4692 86.5161 106650.0 151696.0 618466000.0
459 0.00415 0.000107694 -1815.67 2262.79 50.7465 83.7524 104244.0 148625.0 604688000.0
458 0.00425 0.000106899 -1829.31 2205.09 49.0873 81.0763 101834.0 145515.0 590959000.0
457 0.00435 0.000106133 -1842.57 2148.38 47.4822 78.4697 99416.7 142363.0 577288000.0
456 0.00445 0.0001054 -1855.48 2092.48 45.9275 75.9342 96987.7 139180.0 563626000.0
455 0.00455 0.000104696 -1868.03 2037.66 44.4254 73.4705 94565.0 135976.0 550061000.0
454 0.00465 0.000104028 -1880.11 1984.28 42.9855 71.0977 92169.1 132778.0 536646000.0
453 0.00475 0.000103389 -1891.83 1932.12 41.5984 68.7975 89791.2 129575.0 523356000.0
452 0.00485 0.000102774 -1903.19 1880.97 40.2565 66.5638 87423.5 126373.0 510140000.0
451 0.00495 0.000102189 -1914.16 1831.19 38.9679 64.41 85090.9 123193.0 497118000.0
450 0.00505 0.000101628 -1924.8 1782.43 37.722 62.3195 82775.7 120025.0 484211000.0
449 0.00515 0.00010109 -1935.09 1734.98 36.5237 60.2986 80498.6 116889.0 471517000.0
448 0.00525 0.000100574 -1945.1 1688.35 35.3606 58.3327 78233.1 113763.0 458893000.0
447 0.00535 0.000100086 -1954.64 1643.45 34.2531 56.4568 76029.0 110704.0 446576000.0
446 0.00545 9.96132e-05 -1963.96 1599.4 33.1775 54.6252 73845.0 107660.0 434376000.0
445 0.00555 9.91638e-05 -1972.94 1556.65 32.145 52.8637 71707.4 104671.0 422420000.0
444 0.00565 9.87337e-05 -1981.6 1515.1 31.1513 51.1619 69609.9 101725.0 410659000.0
443 0.00575 9.83202e-05 -1989.97 1474.71 30.1938 49.5185 67556.8 98833.9 399156000.0
442 0.00585 9.79256e-05 -1998.04 1435.41 29.2712 47.931 65539.1 95983.7 387811000.0
441 0.00595 9.75469e-05 -2005.86 1397.22 28.3824 46.395 63564.4 93181.1 376686000.0
440 0.00605 9.71868e-05 -2013.32 1360.44 27.5332 44.9283 61651.3 90460.1 365875000.0
439 0.00615 9.68422e-05 -2020.54 1324.63 26.7134 43.5106 59774.6 87789.6 355264000.0
438 0.00625 9.65072e-05 -2027.59 1289.59 25.9168 42.1262 57929.0 85153.1 344821000.0
437 0.00635 9.61889e-05 -2034.37 1255.71 25.1527 40.7921 56131.1 82573.2 334620000.0
436 0.00645 9.58823e-05 -2040.89 1222.9 24.4175 39.5116 54381.6 80066.9 324686000.0
435 0.00655 9.55875e-05 -2047.21 1190.94 23.7061 38.2682 52665.3 77599.5 314909000.0
434 0.00665 9.53087e-05 -2053.28 1160.15 23.0258 37.0772 51007.0 75209.2 305449000.0
433 0.00675 9.50381e-05 -2059.12 1130.41 22.3718 35.9289 49395.5 72878.6 296234000.0
432 0.00685 9.47832e-05 -2064.71 1101.77 21.7467 34.8295 47835.8 70613.1 287253000.0
431 0.00695 9.45354e-05 -2070.16 1073.71 21.1375 33.7587 46302.9 68395.5 278463000.0
430 0.00705 9.42977e-05 -2075.42 1046.59 20.5517 32.7264 44814.9 66235.8 269912000.0
429 0.00715 9.40687e-05 -2080.49 1020.3 19.9867 31.7294 43364.2 64128.3 261549000.0
428 0.00725 9.3853e-05 -2085.31 995.15 19.4494 30.782 41971.5 62101.9 253488000.0
427 0.00735 9.3643e-05 -2090.01 970.57 18.9266 29.8581 40607.6 60116.7 245605000.0
426 0.00745 9.34444e-05 -2094.5 947.047 18.4287 28.9757 39297.4 58199.5 237994000.0
425 0.00755 9.32496e-05 -2098.87 924.058 17.9439 28.1173 38009.9 56322.1 230520000.0
424 0.00765 9.30657e-05 -2103.08 901.855 17.4782 27.2887 36765.5 54497.0 223276000.0
423 0.00775 9.28876e-05 -2107.12 880.505 17.0318 26.4958 35565.0 52737.8 216281000.0
422 0.00785 9.27166e-05 -2111.04 859.582 16.5964 25.7243 34382.5 51011.8 209380000.0
421 0.00795 9.25549e-05 -2114.75 839.771 16.1857 24.9951 33262.1 49367.6 202818000.0
420 0.00805 9.23951e-05 -2118.41 820.258 15.7823 24.2748 32153.0 47736.7 196313000.0
419 0.00815 9.22449e-05 -2121.9 801.62 15.3986 23.5895 31094.2 46175.0 190097000.0
418 0.00825 9.2101e-05 -2125.24 783.707 15.031 22.9328 30072.5 44666.8 184073000.0
417 0.00835 9.19623e-05 -2128.46 766.291 14.6748 22.2995 29076.9 43204.0 178202000.0
416 0.00845 9.18281e-05 -2131.58 749.414 14.3307 21.6853 28110.0 41780.3 172502000.0
415 0.00855 9.16988e-05 -2134.61 733.039 13.9978 21.0907 27170.2 40396.9 166961000.0
414 0.00865 9.15768e-05 -2137.48 717.487 13.6826 20.5265 26275.4 39071.3 161644000.0
413 0.00875 9.14615e-05 -2140.19 702.664 13.3831 19.9928 25420.6 37806.8 156545000.0
412 0.00885 9.13459e-05 -2142.91 687.904 13.0854 19.4582 24568.8 36546.2 151502000.0
411 0.00895 9.12363e-05 -2145.5 673.696 12.7997 18.9493 23745.8 35334.8 146609000.0
410 0.00905 9.11314e-05 -2147.99 660.078 12.5266 18.4595 22956.9 34166.1 141912000.0
409 0.00915 9.10304e-05 -2150.39 646.888 12.2627 17.9872 22191.4 33033.0 137346000.0
408 0.00925 9.09328e-05 -2152.71 634.198 12.0092 17.5321 21453.3 31936.9 132935000.0
407 0.00935 9.0839e-05 -2154.96 621.754 11.7615 17.0903 20728.9 30871.3 128619000.0
406 0.00945 9.07494e-05 -2157.09 609.946 11.5267 16.67 20040.3 29850.5 124491000.0
405 0.00955 9.06628e-05 -2159.15 598.611 11.3017 16.2654 19378.6 28864.1 120512000.0
404 0.00965 9.05811e-05 -2161.13 587.558 11.083 15.8745 18732.0 27907.1 116626000.0
403 0.00975 9.0499e-05 -2163.07 576.811 10.8704 15.4934 18101.9 26973.7 112844000.0
402 0.00985 9.04225e-05 -2164.92 566.569 10.6684 15.1302 17502.7 26081.4 109236000.0
401 0.00995 9.03511e-05 -2166.69 556.674 10.4738 14.7817 16921.1 25218.7 105725000.0
400 0.01005 9.02772e-05 -2168.43 547.043 10.2842 14.4401 16355.5 24375.1 102315000.0
399 0.01015 9.02096e-05 -2170.08 537.845 10.1037 14.1161 15814.7 23570.1 99044700.0
398 0.01025 9.01431e-05 -2171.7 528.759 9.92567 13.7969 15279.6 22776.9 95817000.0
397 0.01035 9.00786e-05 -2173.24 520.188 9.7578 13.4951 14774.5 22024.0 92761200.0
396 0.01045 9.00175e-05 -2174.75 511.689 9.59187 13.1973 14272.6 21279.4 89726000.0
395 0.01055 8.99585e-05 -2176.18 503.63 9.43459 12.9159 13797.2 20575.5 86853900.0
394 0.01065 8.99017e-05 -2177.56 495.94 9.28467 12.6445 13341.7 19890.8 84072200.0
393 0.01075 8.98466e-05 -2178.9 488.385 9.13763 12.3816 12895.8 19230.9 81378600.0
392 0.01085 8.97953e-05 -2180.17 481.248 8.99897 12.1311 12472.8 18595.3 78789900.0
391 0.01095 8.97427e-05 -2181.43 474.122 8.86051 11.8821 12049.6 17966.0 76221300.0
390 0.01105 8.96945e-05 -2182.63 467.39 8.73002 11.6472 11652.5 17373.6 73812500.0
389 0.01115 8.96458e-05 -2183.79 460.803 8.6023 11.418 11260.0 16789.8 71417200.0
388 0.01125 8.96021e-05 -2184.9 454.503 8.48058 11.2004 10886.3 16235.5 69139400.0
387 0.01135 8.95581e-05 -2185.97 448.432 8.36318 10.9894 10525.4 15696.5 66930700.0
386 0.01145 8.95157e-05 -2187.0 442.53 8.24919 10.7867 10174.2 15178.3 64787600.0
385 0.01155 8.94747e-05 -2188.01 436.831 8.13923 10.5884 9834.92 14671.7 62716200.0
384 0.01165 8.94369e-05 -2188.97 431.393 8.03451 10.4003 9511.45 14188.7 60734800.0
383 0.01175 8.93973e-05 -2189.91 426.053 7.93154 10.2143 9192.72 13711.8 58783700.0
382 0.01185 8.93615e-05 -2190.8 421.022 7.83475 10.0403 8892.74 13262.8 56937300.0
381 0.01195 8.93278e-05 -2191.66 416.081 7.73987 9.87147 8598.46 12827.6 55134600.0
380 0.01205 8.9293e-05 -2192.5 411.267 7.64736 9.70532 8310.75 12399.0 53370300.0
379 0.01215 8.92597e-05 -2193.31 406.667 7.55899 9.54575 8036.27 11988.0 51686400.0
378 0.01225 8.92298e-05 -2194.08 402.302 7.47535 9.39549 7775.59 11597.2 50074000.0
377 0.01235 8.91989e-05 -2194.82 398.046 7.39372 9.24845 7520.78 11215.4 48500500.0
376 0.01245 8.91699e-05 -2195.55 393.831 7.31304 9.10522 7269.42 10844.6 46962400.0
375 0.01255 8.9142e-05 -2196.24 389.877 7.23735 8.9695 7032.5 10490.5 45493800.0
374 0.01265 8.91151e-05 -2196.91 386.034 7.16385 8.83838 6802.23 10148.3 44073800.0
373 0.01275 8.90881e-05 -2197.57 382.267 7.09179 8.70883 6576.75 9811.74 42683500.0
372 0.01285 8.90635e-05 -2198.2 378.642 7.02261 8.58392 6359.37 9485.99 41341600.0
371 0.01295 8.90403e-05 -2198.79 375.274 6.95833 8.4689 6158.58 9185.04 40095500.0
370 0.01305 8.90145e-05 -2199.38 371.835 6.89257 8.35113 5951.39 8877.69 38818500.0
369 0.01315 8.89937e-05 -2199.94 368.644 6.83183 8.24229 5760.58 8592.03 37632800.0
368 0.01325 8.89715e-05 -2200.48 365.495 6.77177 8.13456 5571.33 8309.32 36461400.0
367 0.01335 8.89496e-05 -2201.01 362.468 6.71402 8.03071 5389.7 8037.7 35338500.0
366 0.01345 8.89308e-05 -2201.52 359.562 6.6588 7.93159 5215.5 7776.84 34255500.0
365 0.01355 8.89092e-05 -2202.01 356.692 6.60405 7.83364 5042.82 7520.39 33187600.0
364 0.01365 8.88918e-05 -2202.49 353.965 6.55228 7.74019 4879.6 7275.57 32179100.0
363 0.01375 8.88732e-05 -2202.93 351.382 6.50309 7.65336 4723.67 7044.61 31203000.0
362 0.01385 8.88558e-05 -2203.38 348.794 6.45393 7.56562 4568.88 6814.45 30246100.0
361 0.01395 8.88378e-05 -2203.8 346.325 6.40696 7.48098 4419.79 6590.99 29317000.0
360 0.01405 8.88215e-05 -2204.21 343.987 6.36254 7.4009 4279.96 6380.43 28448700.0
359 0.01415 8.88063e-05 -2204.62 341.646 6.31815 7.32129 4138.47 6169.11 27565200.0
358 0.01425 8.87898e-05 -2205.0 339.45 6.27638 7.24677 4006.68 5972.86 26747500.0
357 0.01435 8.87766e-05 -2205.37 337.256 6.23487 7.17334 3874.72 5778.02 25929600.0
356 0.01445 8.87612e-05 -2205.73 335.179 6.19541 7.10237 3748.97 5589.08 25137000.0
355 0.01455 8.87476e-05 -2206.07 333.226 6.15835 7.03691 3632.17 5415.77 24411000.0
354 0.01465 8.87347e-05 -2206.4 331.288 6.12165 6.97088 3514.85 5239.55 23673300.0
353 0.01475 8.87222e-05 -2206.71 329.458 6.08699 6.90989 3405.25 5077.51 22988500.0
352 0.01485 8.87091e-05 -2207.03 327.611 6.05197 6.84631 3293.67 4909.1 22291800.0
351 0.01495 8.86965e-05 -2207.34 325.794 6.01754 6.78548 3184.54 4749.27 21619900.0
350 0.01505 8.86856e-05 -2207.63 324.12 5.98589 6.72968 3083.79 4600.39 20989900.0
349 0.01515 8.86752e-05 -2207.9 322.537 5.95596 6.67573 2988.12 4455.54 20382700.0
348 0.01525 8.8663e-05 -2208.18 320.943 5.92572 6.62158 2891.85 4311.59 19780100.0
347 0.01535 8.86531e-05 -2208.43 319.429 5.89709 6.5707 2800.9 4176.36 19211800.0
346 0.01545 8.86425e-05 -2208.69 317.912 5.86839 6.51889 2708.89 4038.63 18635900.0
345 0.01555 8.86338e-05 -2208.93 316.535 5.84239 6.47232 2626.31 3913.67 18113500.0
344 0.01565 8.86233e-05 -2209.18 315.102 5.81526 6.42396 2539.6 3785.1 17573400.0
343 0.01575 8.86145e-05 -2209.41 313.729 5.78935 6.37803 2457.0 3663.12 17061000.0
342 0.01585 8.86058e-05 -2209.62 312.511 5.7663 6.33715 2383.54 3552.36 16591000.0
341 0.01595 8.85975e-05 -2209.84 311.228 5.74208 6.29319 2306.11 3436.02 16107300.0
340 0.01605 8.85892e-05 -2210.05 310.015 5.71918 6.25227 2232.59 3326.14 15645000.0
339 0.01615 8.85808e-05 -2210.25 308.826 5.69669 6.21238 2161.15 3220.44 15201800.0
338 0.01625 8.85732e-05 -2210.44 307.713 5.67569 6.17493 2093.67 3119.21 14771300.0
337 0.01635 8.85658e-05 -2210.62 306.664 5.65585 6.13961 2030.09 3023.53 14366400.0
336 0.01645 8.85596e-05 -2210.8 305.621 5.63622 6.10492 1967.99 2931.11 13978200.0
335 0.01655 8.85518e-05 -2210.97 304.615 5.61718 6.07099 1906.32 2838.59 13582500.0
334 0.01665 8.85451e-05 -2211.14 303.589 5.59784 6.03671 1844.84 2747.97 13201300.0
333 0.01675 8.85393e-05 -2211.31 302.611 5.57945 6.00407 1786.0 2660.89 12834200.0
332 0.01685 8.85329e-05 -2211.46 301.727 5.56275 5.97481 1732.28 2580.77 12489700.0
331 0.01695 8.85259e-05 -2211.61 300.841 5.54598 5.9443 1678.7 2499.52 12150900.0
330 0.01705 8.85204e-05 -2211.77 299.94 5.52902 5.91375 1624.22 2417.95 11810600.0
329 0.01715 8.8515e-05 -2211.91 299.102 5.51323 5.88586 1573.92 2343.35 11494200.0
328 0.01725 8.85104e-05 -2212.04 298.33 5.49871 5.86039 1526.75 2272.97 11189100.0
327 0.01735 8.85042e-05 -2212.17 297.6 5.48487 5.83544 1482.44 2204.79 10901700.0
326 0.01745 8.84995e-05 -2212.31 296.788 5.46962 5.80828 1433.66 2132.93 10599700.0
325 0.01755 8.84948e-05 -2212.42 296.104 5.45672 5.78529 1392.29 2069.97 10331100.0
324 0.01765 8.84897e-05 -2212.54 295.381 5.44308 5.76112 1348.64 2005.08 10057500.0
323 0.01775 8.84852e-05 -2212.66 294.678 5.42986 5.73793 1306.31 1942.82 9791610.0
322 0.01785 8.84808e-05 -2212.77 294.01 5.41728 5.71552 1265.23 1881.48 9525830.0
321 0.01795 8.84761e-05 -2212.89 293.36 5.40501 5.69362 1226.6 1823.56 9286690.0
320 0.01805 8.84718e-05 -2213.0 292.716 5.39288 5.67215 1187.52 1765.45 9038390.0
319 0.01815 8.8468e-05 -2213.1 292.107 5.38143 5.65167 1150.73 1710.51 8805900.0
318 0.01825 8.84637e-05 -2213.19 291.569 5.37126 5.63344 1117.99 1660.26 8593300.0
317 0.01835 8.846e-05 -2213.29 290.979 5.36016 5.61465 1082.17 1609.0 8367500.0
316 0.01845 8.84564e-05 -2213.38 290.423 5.34971 5.59598 1048.83 1559.33 8157360.0
315 0.01855 8.84535e-05 -2213.47 289.88 5.33954 5.57783 1015.59 1509.53 7943720.0
314 0.01865 8.84496e-05 -2213.56 289.38 5.33008 5.56091 985.657 1464.05 7753790.0
313 0.01875 8.84461e-05 -2213.64 288.892 5.32089 5.54533 956.069 1421.3 7564730.0
312 0.01885 8.84427e-05 -2213.73 288.384 5.31133 5.5283 925.184 1375.52 7369300.0
311 0.01895 8.84401e-05 -2213.8 287.968 5.3035 5.51461 900.492 1338.11 7209110.0
310 0.01905 8.84365e-05 -2213.88 287.492 5.29451 5.49869 871.231 1294.77 7022860.0
309 0.01915 8.84352e-05 -2213.95 287.048 5.28627 5.48447 844.595 1256.1 6855420.0
308 0.01925 8.84303e-05 -2214.03 286.604 5.2778 5.46907 817.625 1215.4 6685390.0
307 0.01935 8.84283e-05 -2214.09 286.197 5.27019 5.45541 792.678 1177.42 6523920.0
306 0.01945 8.84249e-05 -2214.17 285.786 5.26241 5.44168 768.238 1141.47 6371560.0
305 0.01955 8.84229e-05 -2214.23 285.425 5.25565 5.42967 746.355 1108.18 6229430.0
304 0.01965 8.84201e-05 -2214.3 285.011 5.24786 5.41553 721.163 1070.61 6071430.0
303 0.01975 8.84183e-05 -2214.36 284.652 5.24114 5.40369 699.474 1038.32 5932940.0
302 0.01985 8.84154e-05 -2214.42 284.288 5.23427 5.39179 677.544 1006.11 5794260.0
301 0.01995 8.84132e-05 -2214.48 283.947 5.22786 5.38068 656.756 975.764 5662080.0
300 0.02005 8.84108e-05 -2214.53 283.624 5.22178 5.36991 637.16 946.398 5535290.0
299 0.02015 8.84083e-05 -2214.58 283.326 5.21615 5.3602 619.237 919.635 5419860.0
298 0.02025 8.84073e-05 -2214.63 283.006 5.2102 5.34961 599.789 890.587 5294650.0
297 0.02035 8.84051e-05 -2214.69 282.687 5.20418 5.33869 580.514 861.792 5175270.0
296 0.02045 8.84029e-05 -2214.74 282.403 5.19882 5.32924 563.321 836.085 5064870.0
295 0.02055 8.84004e-05 -2214.78 282.137 5.19378 5.32037 547.064 811.809 4959290.0
294 0.02065 8.83997e-05 -2214.83 281.848 5.18842 5.31141 529.667 787.131 4849730.0
293 0.02075 8.83981e-05 -2214.87 281.584 5.18347 5.30278 513.557 763.405 4745600.0
292 0.02085 8.83954e-05 -2214.92 281.324 5.17853 5.29387 498.15 739.707 4648300.0
291 0.02095 8.83944e-05 -2214.96 281.08 5.17398 5.28575 483.023 717.335 4550260.0
290 0.02105 8.83924e-05 -2215.0 280.838 5.1694 5.27779 468.566 696.092 4459620.0
289 0.02115 8.8391e-05 -2215.04 280.615 5.16523 5.27051 455.123 675.995 4371880.0
288 0.02125 8.83899e-05 -2215.08 280.393 5.16107 5.26322 441.632 656.045 4286300.0
287 0.02135 8.83884e-05 -2215.11 280.191 5.15726 5.25624 429.313 636.89 4203920.0
286 0.02145 8.83861e-05 -2215.14 279.988 5.15338 5.2497 416.92 618.829 4123830.0
285 0.02155 8.83865e-05 -2215.18 279.79 5.14977 5.24332 405.044 600.826 4046580.0
284 0.02165 8.83839e-05 -2215.21 279.58 5.14576 5.23627 392.326 582.1 3966630.0
283 0.02175 8.83835e-05 -2215.24 279.394 5.1423 5.23016 380.898 564.956 3890760.0
282 0.02185 8.83818e-05 -2215.28 279.179 5.13826 5.22342 368.187 547.321 3814280.0
281 0.02195 8.83804e-05 -2215.3 279.013 5.13512 5.21749 357.951 530.906 3745170.0
280 0.02205 8.83796e-05 -2215.34 278.814 5.13141 5.21112 345.843 513.877 3669530.0
279 0.02215 8.8378e-05 -2215.37 278.654 5.12837 5.20574 336.116 499.044 3606970.0
278 0.02225 8.83767e-05 -2215.39 278.491 5.12529 5.20025 326.301 484.478 3544500.0
277 0.02235 8.83768e-05 -2215.42 278.332 5.12237 5.19516 316.7 470.373 3482180.0
276 0.02245 8.83753e-05 -2215.44 278.175 5.11939 5.18988 306.872 455.548 3418020.0
275 0.02255 8.83738e-05 -2215.47 278.01 5.11628 5.18441 297.278 441.4 3357960.0
274 0.02265 8.83731e-05 -2215.5 277.861 5.1135 5.17962 288.164 427.986 3300250.0
273 0.02275 8.83714e-05 -2215.52 277.708 5.11057 5.1745 278.716 414.103 3239460.0
272 0.02285 8.83719e-05 -2215.54 277.584 5.10833 5.17042 271.329 402.825 3191500.0
271 0.02295 8.83704e-05 -2215.57 277.452 5.10582 5.16606 263.373 390.936 3140630.0
270 0.02305 8.83695e-05 -2215.59 277.328 5.10348 5.16192 255.891 379.45 3091150.0
269 0.02315 8.83688e-05 -2215.61 277.214 5.10134 5.15821 248.896 369.116 3045550.0
268 0.02325 8.83682e-05 -2215.63 277.095 5.09911 5.1544 241.74 358.755 2999280.0
267 0.02335 8.83674e-05 -2215.64 276.987 5.09707 5.15097 235.26 349.249 2956370.0
266 0.02345 8.83665e-05 -2215.66 276.873 5.09494 5.14702 228.25 338.395 2911300.0
265 0.02355 8.83664e-05 -2215.68 276.75 5.09266 5.14284 220.741 327.029 2863220.0
264 0.02365 8.83644e-05 -2215.7 276.658 5.09084 5.13975 215.264 318.804 2827080.0
263 0.02375 8.83644e-05 -2215.72 276.544 5.08876 5.13615 208.354 308.975 2783620.0
262 0.02385 8.83638e-05 -2215.74 276.436 5.08673 5.13259 201.866 299.442 2742670.0
261 0.02395 8.83632e-05 -2215.75 276.347 5.08505 5.12978 196.352 291.028 2705090.0
260 0.02405 8.83626e-05 -2215.77 276.255 5.08333 5.12647 190.798 282.347 2669180.0
259 0.02415 8.8362e-05 -2215.78 276.176 5.08185 5.12402 186.063 275.325 2637230.0
258 0.02425 8.83611e-05 -2215.8 276.074 5.07991 5.12057 179.866 266.081 2598680.0
257 0.02435 8.8361e-05 -2215.81 275.999 5.07852 5.11818 175.325 259.332 2568090.0
256 0.02445 8.83607e-05 -2215.83 275.903 5.07675 5.11512 169.544 250.923 2530910.0
255 0.02455 8.8359e-05 -2215.84 275.826 5.07523 5.11256 164.789 244.012 2499810.0
254 0.02465 8.83591e-05 -2215.85 275.724 5.07336 5.10943 158.777 235.678 2463830.0
253 0.02475 8.83589e-05 -2215.87 275.655 5.07208 5.10712 154.488 229.081 2434890.0
252 0.02485 8.83581e-05 -2215.88 275.581 5.07067 5.10448 149.965 222.042 2405780.0
251 0.02495 8.8357e-05 -2215.89 275.501 5.06914 5.10183 145.096 214.799 2374540.0
250 0.02505 8.83571e-05 -2215.9 275.425 5.06775 5.09943 140.661 208.362 2346530.0
249 0.02515 8.8356e-05 -2215.92 275.349 5.06629 5.09672 135.902 201.298 2316530.0
248 0.02525 8.83561e-05 -2215.93 275.291 5.06521 5.09496 132.42 196.333 2293750.0
247 0.02535 8.83559e-05 -2215.94 275.234 5.06415 5.09295 128.937 190.677 2269570.0
246 0.02545 8.83559e-05 -2215.95 275.168 5.06295 5.09092 124.982 185.165 2245550.0
245 0.02555 8.83543e-05 -2215.96 275.106 5.06171 5.08899 121.233 180.001 2221150.0
244 0.02565 8.83538e-05 -2215.97 275.047 5.0606 5.08696 117.662 174.553 2197600.0
243 0.02575 8.83552e-05 -2215.98 275.006 5.05993 5.0859 115.145 170.725 2180010.0
242 0.02585 8.83532e-05 -2215.99 274.95 5.05879 5.08377 111.964 165.804 2159960.0
241 0.02595 8.83539e-05 -2216.0 274.887 5.05765 5.08171 107.733 159.711 2132850.0
240 0.02605 8.83525e-05 -2216.01 274.833 5.05658 5.07979 104.636 155.016 2113790.0
239 0.02615 8.83523e-05 -2216.01 274.784 5.05568 5.07839 101.654 150.649 2093550.0
238 0.02625 8.83524e-05 -2216.02 274.74 5.05486 5.07701 99.0844 146.84 2076820.0
237 0.02635 8.83521e-05 -2216.03 274.698 5.05409 5.07579 96.5019 143.35 2060380.0
236 0.02645 8.83511e-05 -2216.03 274.653 5.0532 5.07419 93.6292 138.963 2040690.0
235 0.02655 8.8352e-05 -2216.04 274.61 5.05245 5.0729 91.1332 135.249 2024350.0
234 0.02665 8.83505e-05 -2216.05 274.561 5.05147 5.07127 88.3037 131.141 2007310.0
233 0.02675 8.83511e-05 -2216.06 274.505 5.05048 5.06931 84.7491 125.718 1984690.0
232 0.02685 8.83504e-05 -2216.07 274.47 5.04979 5.06806 82.5462 122.323 1970860.0
231 0.02695 8.83498e-05 -2216.07 274.435 5.04912 5.06688 80.458 119.04 1956480.0
230 0.02705 8.83502e-05 -2216.08 274.396 5.04842 5.0656 78.2249 115.758 1941920.0
229 0.02715 8.83488e-05 -2216.09 274.359 5.04765 5.06422 75.8529 111.787 1925790.0
228 0.02725 8.83493e-05 -2216.09 274.327 5.0471 5.06325 73.9734 109.402 1913810.0
227 0.02735 8.83494e-05 -2216.09 274.303 5.04666 5.06248 72.3796 106.626 1901260.0
226 0.02745 8.83493e-05 -2216.1 274.272 5.04608 5.06142 70.4932 103.719 1889270.0
225 0.02755 8.83489e-05 -2216.1 274.234 5.04536 5.06016 68.2072 100.566 1874500.0
224 0.02765 8.83478e-05 -2216.11 274.196 5.04461 5.05898 66.1236 97.264 1860720.0
223 0.02775 8.83486e-05 -2216.12 274.164 5.04406 5.05789 64.1126 94.344 1849150.0
222 0.02785 8.83481e-05 -2216.12 274.133 5.04346 5.05679 62.057 91.2044 1834940.0
221 0.02795 8.83477e-05 -2216.13 274.098 5.04278 5.05563 60.0388 88.4688 1822920.0
220 0.02805 8.83482e-05 -2216.13 274.066 5.04224 5.05464 58.0863 85.7165 1809950.0
219 0.02815 8.8348e-05 -2216.14 274.038 5.04171 5.05388 56.397 83.4449 1799960.0
218 0.02825 8.8347e-05 -2216.14 274.023 5.04137 5.05332 55.5396 81.9516 1793310.0
217 0.02835 8.83479e-05 -2216.15 273.995 5.04091 5.05239 53.9259 79.4257 1782750.0
216 0.02845 8.83462e-05 -2216.15 273.971 5.04037 5.05154 52.2988 77.0399 1772140.0
215 0.02855 8.83472e-05 -2216.15 273.95 5.04003 5.05091 51.0867 75.2904 1764120.0
214 0.02865 8.83466e-05 -2216.16 273.929 5.03961 5.05009 49.5843 72.8955 1753500.0
213 0.02875 8.83475e-05 -2216.16 273.913 5.03937 5.04971 48.895 71.7397 1748440.0
212 0.02885 8.83462e-05 -2216.16 273.887 5.03882 5.04879 47.171 69.3007 1737170.0
211 0.02895 8.83467e-05 -2216.17 273.865 5.03844 5.04808 45.8111 67.3084 1728550.0
210 0.02905 8.83462e-05 -2216.17 273.834 5.03785 5.04717 44.0598 64.8877 1717960.0
209 0.02915 8.83457e-05 -2216.18 273.811 5.03739 5.04629 42.5352 62.54 1708110.0
208 0.02925 8.83459e-05 -2216.18 273.789 5.03701 5.04566 41.2036 60.6565 1699950.0
207 0.02935 8.83463e-05 -2216.18 273.771 5.0367 5.04509 40.1646 59.3234 1693090.0
206 0.02945 8.83453e-05 -2216.19 273.747 5.0362 5.04433 38.7646 57.1004 1683710.0
205 0.02955 8.83464e-05 -2216.19 273.731 5.03596 5.04373 37.7163 55.5325 1677140.0
204 0.02965 8.83456e-05 -2216.19 273.719 5.03569 5.04337 37.0163 54.48 1672080.0
203 0.02975 8.83453e-05 -2216.19 273.694 5.03522 5.04259 35.5889 52.3513 1662630.0
202 0.02985 8.83445e-05 -2216.2 273.686 5.03502 5.04225 34.9768 51.3817 1658410.0
201 0.02995 8.83461e-05 -2216.2 273.669 5.03481 5.04182 34.0529 50.078 1652580.0
200 0.03005 8.83444e-05 -2216.2 273.661 5.03457 5.04148 33.4005 48.8956 1646900.0
199 0.03015 8.8345e-05 -2216.2 273.643 5.03426 5.04094 32.4081 47.5693 1640870.0
198 0.03025 8.83453e-05 -2216.2 273.622 5.0339 5.04047 31.3066 46.0395 1633950.0
197 0.03035 8.83449e-05 -2216.21 273.614 5.03373 5.04003 30.5867 44.8132 1628890.0
196 0.03045 8.83446e-05 -2216.21 273.599 5.03343 5.03954 29.6674 43.5019 1623040.0
195 0.03055 8.8345e-05 -2216.21 273.584 5.03318 5.0392 28.739 42.3003 1617000.0
194 0.03065 8.83448e-05 -2216.21 273.561 5.03275 5.03846 27.5747 40.6385 1610180.0
193 0.03075 8.83445e-05 -2216.22 273.548 5.0325 5.03797 26.6854 39.3433 1604670.0
192 0.03085 8.83437e-05 -2216.22 273.538 5.03226 5.03767 26.0913 38.3544 1600360.0
191 0.03095 8.83441e-05 -2216.22 273.531 5.03215 5.03749 25.6711 37.6478 1597140.0
190 0.03105 8.83447e-05 -2216.22 273.524 5.03205 5.03731 25.1977 36.8953 1593650.0
189 0.03115 8.83443e-05 -2216.22 273.509 5.03175 5.03682 24.2385 35.6594 1587810.0
188 0.03125 8.83444e-05 -2216.23 273.494 5.03149 5.03628 23.3714 34.409 1582270.0
187 0.03135 8.83444e-05 -2216.23 273.486 5.03134 5.03599 22.9115 33.6671 1578990.0
186 0.03145 8.8344e-05 -2216.23 273.475 5.03112 5.03567 22.2064 32.5515 1574510.0
185 0.03155 8.83437e-05 -2216.23 273.461 5.03085 5.03524 21.4891 31.5978 1570050.0
184 0.03165 8.83433e-05 -2216.23 273.454 5.03069 5.03492 20.896 30.7129 1565860.0
183 0.03175 8.83439e-05 -2216.24 273.443 5.03053 5.03469 20.2628 29.8331 1562200.0
182 0.03185 8.83437e-05 -2216.23 273.433 5.03033 5.03434 19.6639 29.0013 1558040.0
181 0.03195 8.8344e-05 -2216.24 273.429 5.03027 5.03421 19.4126 28.5445 1555760.0
180 0.03205 8.83436e-05 -2216.24 273.42 5.03008 5.03402 18.834 27.7501 1552120.0
179 0.03215 8.83436e-05 -2216.24 273.407 5.02984 5.03358 18.1268 26.7041 1547850.0
178 0.03225 8.83428e-05 -2216.24 273.402 5.0297 5.03328 17.7335 26.1092 1544850.0
177 0.03235 8.83436e-05 -2216.24 273.398 5.02967 5.03323 17.565 25.7301 1543430.0
176 0.03245 8.83427e-05 -2216.24 273.393 5.02953 5.03298 17.1169 25.011 1540020.0
175 0.03255 8.83437e-05 -2216.24 273.379 5.02932 5.03265 16.4585 24.1201 1536350.0
174 0.03265 8.83425e-05 -2216.25 273.372 5.02914 5.03229 15.855 23.2322 1532590.0
173 0.03275 8.83437e-05 -2216.25 273.365 5.02907 5.03212 15.5039 22.7528 1529970.0
172 0.03285 8.83431e-05 -2216.25 273.357 5.02889 5.03181 14.8376 21.8305 1525870.0
171 0.03295 8.83427e-05 -2216.25 273.346 5.02866 5.03149 14.4132 21.3135 1523530.0
170 0.03305 8.83438e-05 -2216.25 273.34 5.02862 5.03133 14.0744 20.9011 1521330.0
169 0.03315 8.83431e-05 -2216.25 273.339 5.02857 5.03124 13.8041 20.3139 1518970.0
168 0.03325 8.83432e-05 -2216.25 273.328 5.02837 5.03081 13.2945 19.6011 1515950.0
167 0.03335 8.83422e-05 -2216.26 273.325 5.02826 5.0306 13.0475 19.0643 1514240.0
166 0.03345 8.83433e-05 -2216.26 273.314 5.02811 5.03034 12.47 18.2432 1510450.0
165 0.03355 8.83425e-05 -2216.26 273.31 5.028 5.03017 12.0954 17.7846 1508200.0
164 0.03365 8.8342e-05 -2216.26 273.305 5.02788 5.03003 11.9648 17.4864 1506920.0
163 0.03375 8.83429e-05 -2216.26 273.302 5.02788 5.03002 11.6249 17.0709 1504780.0
162 0.03385 8.83428e-05 -2216.26 273.297 5.02779 5.02992 11.6482 17.1154 1504820.0
161 0.03395 8.83422e-05 -2216.26 273.297 5.02774 5.02971 11.2203 16.3444 1501320.0
160 0.03405 8.83427e-05 -2216.26 273.29 5.02764 5.02969 11.0589 16.2425 1500270.0
159 0.03415 8.83425e-05 -2216.26 273.286 5.02755 5.0294 10.6778 15.7078 1498150.0
158 0.03425 8.83426e-05 -2216.26 273.279 5.02743 5.02915 10.3412 15.1772 1495560.0
157 0.03435 8.83426e-05 -2216.26 273.28 5.02744 5.02917 10.1885 14.9 1494690.0
156 0.03445 8.83422e-05 -2216.26 273.265 5.02716 5.02873 9.6311 14.1807 1491310.0
155 0.03455 8.83421e-05 -2216.26 273.266 5.02716 5.02878 9.38102 13.6964 1489560.0
154 0.03465 8.83429e-05 -2216.26 273.263 5.02715 5.02864 9.3027 13.5265 1488920.0
153 0.03475 8.8342e-05 -2216.26 273.257 5.02698 5.02837 8.88647 12.9933 1486550.0
152 0.03485 8.83422e-05 -2216.27 273.252 5.02691 5.02825 8.56743 12.4998 1484250.0
151 0.03495 8.83426e-05 -2216.27 273.247 5.02684 5.02812 8.36039 12.2291 1483090.0
150 0.03505 8.83425e-05 -2216.27 273.246 5.02682 5.02799 8.22963 11.9154 1481830.0
149 0.03515 8.83426e-05 -2216.27 273.24 5.02671 5.02791 7.99283 11.6421 1480240.0
148 0.03525 8.83417e-05 -2216.27 273.24 5.02667 5.02774 7.91826 11.3064 1478960.0
147 0.03535 8.83429e-05 -2216.27 273.234 5.02663 5.02759 7.55757 10.9554 1477590.0
146 0.03545 8.83415e-05 -2216.27 273.227 5.02641 5.02738 7.17035 10.4763 1475110.0
145 0.03555 8.83431e-05 -2216.27 273.226 5.02649 5.02741 7.10624 10.3408 1474390.0
144 0.03565 8.83422e-05 -2216.27 273.221 5.02635 5.02725 6.78644 10.0047 1472780.0
143 0.03575 8.83419e-05 -2216.27 273.22 5.0263 5.02724 6.74145 9.90496 1472030.0
142 0.03585 8.83421e-05 -2216.27 273.217 5.02627 5.02715 6.47202 9.54154 1470590.0
141 0.03595 8.8343e-05 -2216.27 273.212 5.02622 5.02701 6.27481 9.27648 1469300.0
140 0.03605 8.83419e-05 -2216.27 273.21 5.02612 5.02691 6.14647 9.10082 1468530.0
139 0.03615 8.83421e-05 -2216.27 273.21 5.02613 5.02685 6.06775 8.91794 1467640.0
138 0.03625 8.83429e-05 -2216.28 273.206 5.02611 5.0269 5.89814 8.69786 1466490.0
137 0.03635 8.83421e-05 -2216.27 273.205 5.02603 5.02672 5.85044 8.58274 1466080.0
136 0.03645 8.83426e-05 -2216.27 273.203 5.02603 5.02675 5.65782 8.33232 1464830.0
135 0.03655 8.83422e-05 -2216.28 273.199 5.02595 5.02654 5.53967 8.0396 1464110.0
134 0.03665 8.83418e-05 -2216.27 273.197 5.02589 5.02649 5.39051 7.90116 1462780.0
133 0.03675 8.83422e-05 -2216.28 273.196 5.02587 5.0264 5.18213 7.5941 1461900.0
132 0.03685 8.83426e-05 -2216.28 273.19 5.02579 5.02624 5.00118 7.30758 1460680.0
131 0.03695 8.83418e-05 -2216.27 273.188 5.02571 5.02616 4.86553 7.13566 1459660.0
130 0.03705 8.83424e-05 -2216.28 273.187 5.02572 5.02609 4.76605 7.0046 1458790.0
129 0.03715 8.83419e-05 -2216.28 273.186 5.02568 5.02613 4.64534 6.86691 1458230.0
128 0.03725 8.83422e-05 -2216.28 273.182 5.02562 5.02597 4.39726 6.4989 1456690.0
127 0.03735 8.83419e-05 -2216.28 273.182 5.02561 5.02592 4.41937 6.4974 1456690.0
126 0.03745 8.83423e-05 -2216.28 273.176 5.02552 5.02582 4.21183 6.24579 1455580.0
125 0.03755 8.83421e-05 -2216.28 273.176 5.02551 5.02577 4.0745 6.02454 1454570.0
124 0.03765 8.83424e-05 -2216.28 273.174 5.0255 5.02572 4.01658 5.91453 1454230.0
123 0.03775 8.8342e-05 -2216.28 273.175 5.02549 5.02566 3.90063 5.6798 1453160.0
122 0.03785 8.83422e-05 -2216.28 273.17 5.02541 5.02569 3.7618 5.52032 1452600.0
121 0.03795 8.83414e-05 -2216.28 273.17 5.02535 5.02548 3.84503 5.61893 1452710.0
120 0.03805 8.83425e-05 -2216.28 273.171 5.02544 5.02561 3.74946 5.47807 1452060.0
119 0.03815 8.83423e-05 -2216.28 273.17 5.02542 5.02569 3.652 5.3519 1451420.0
118 0.03825 8.83421e-05 -2216.28 273.169 5.02539 5.02559 3.64829 5.2796 1451070.0
117 0.03835 8.83417e-05 -2216.28 273.166 5.0253 5.02555 3.51488 5.21224 1450500.0
116 0.03845 8.83424e-05 -2216.28 273.165 5.02532 5.02544 3.37442 4.96863 1449540.0
115 0.03855 8.83418e-05 -2216.28 273.162 5.02524 5.02548 3.26255 4.8219 1448970.0
114 0.03865 8.83424e-05 -2216.28 273.161 5.02524 5.02545 3.22445 4.72247 1448540.0
113 0.03875 8.83415e-05 -2216.28 273.162 5.02521 5.02547 3.21755 4.77968 1448390.0
112 0.03885 8.83421e-05 -2216.28 273.158 5.02518 5.0254 3.00711 4.48404 1447280.0
111 0.03895 8.83425e-05 -2216.28 273.16 5.02525 5.02557 3.11258 4.63173 1447770.0
110 0.03905 8.83419e-05 -2216.28 273.157 5.02515 5.02535 3.03365 4.49403 1447050.0
109 0.03915 8.83414e-05 -2216.28 273.156 5.02511 5.02536 2.92554 4.36893 1446290.0
108 0.03925 8.83423e-05 -2216.28 273.158 5.02518 5.02538 2.94598 4.31677 1446410.0
107 0.03935 8.83422e-05 -2216.28 273.157 5.02517 5.02539 2.89191 4.27252 1445900.0
106 0.03945 8.83422e-05 -2216.28 273.156 5.02515 5.02527 2.84851 4.13293 1445430.0
105 0.03955 8.83414e-05 -2216.28 273.151 5.02502 5.02513 2.63758 3.91191 1444510.0
104 0.03965 8.83424e-05 -2216.28 273.151 5.02506 5.02515 2.55473 3.75696 1443890.0
103 0.03975 8.83422e-05 -2216.28 273.149 5.02502 5.02503 2.46993 3.66328 1443230.0
102 0.03985 8.83419e-05 -2216.28 273.148 5.02498 5.02505 2.34678 3.50825 1442590.0
101 0.03995 8.83419e-05 -2216.28 273.148 5.02498 5.02495 2.25566 3.3629 1442070.0
100 0.04005 8.83421e-05 -2216.28 273.144 5.02493 5.02495 2.21791 3.31786 1441710.0
99 0.04015 8.83416e-05 -2216.28 273.144 5.02488 5.02481 2.11423 3.15491 1441040.0
98 0.04025 8.83417e-05 -2216.28 273.143 5.02488 5.02476 2.03435 3.05022 1440890.0
97 0.04035 8.83422e-05 -2216.28 273.141 5.02487 5.02471 1.96585 2.91634 1440150.0
96 0.04045 8.83413e-05 -2216.29 273.142 5.02484 5.02474 1.977 2.94223 1440430.0
95 0.04055 8.83426e-05 -2216.28 273.143 5.02492 5.02474 2.00631 2.96665 1440450.0
94 0.04065 8.83416e-05 -2216.29 273.144 5.02489 5.02477 2.05145 2.97394 1440540.0
93 0.04075 8.83421e-05 -2216.28 273.141 5.02486 5.02463 1.94109 2.81755 1439870.0
92 0.04085 8.83417e-05 -2216.29 273.139 5.0248 5.02452 1.88317 2.72057 1439590.0
91 0.04095 8.83412e-05 -2216.29 273.14 5.02479 5.0245 1.76227 2.56213 1438920.0
90 0.04105 8.83423e-05 -2216.29 273.137 5.02481 5.02449 1.7187 2.49886 1438640.0
89 0.04115 8.8342e-05 -2216.29 273.14 5.02484 5.02455 1.75534 2.53855 1438690.0
88 0.04125 8.83419e-05 -2216.29 273.137 5.02477 5.02446 1.78161 2.55566 1438540.0
87 0.04135 8.83419e-05 -2216.29 273.137 5.02477 5.02446 1.63804 2.38632 1438030.0
86 0.04145 8.83416e-05 -2216.29 273.136 5.02474 5.02445 1.66724 2.4254 1438040.0
85 0.04155 8.8342e-05 -2216.29 273.134 5.02473 5.02437 1.62052 2.36552 1437390.0
84 0.04165 8.83422e-05 -2216.29 273.136 5.02477 5.02439 1.58805 2.37284 1437380.0
83 0.04175 8.83413e-05 -2216.29 273.135 5.02471 5.02437 1.62451 2.33722 1437390.0
82 0.04185 8.83421e-05 -2216.29 273.135 5.02476 5.0244 1.52371 2.23312 1436930.0
81 0.04195 8.83418e-05 -2216.29 273.133 5.02471 5.02432 1.48819 2.21894 1436770.0
80 0.04205 8.83414e-05 -2216.29 273.132 5.02465 5.02426 1.48612 2.16504 1436450.0
79 0.04215 8.83418e-05 -2216.29 273.132 5.02468 5.02425 1.41891 2.11737 1436050.0
78 0.04225 8.83422e-05 -2216.29 273.133 5.02472 5.02428 1.4228 2.12748 1436110.0
77 0.04235 8.83414e-05 -2216.29 273.132 5.02466 5.02427 1.41155 2.09771 1435830.0
76 0.04245 8.83424e-05 -2216.29 273.131 5.0247 5.02421 1.37126 2.00053 1435500.0
75 0.04255 8.83414e-05 -2216.29 273.132 5.02466 5.02418 1.37238 1.97344 1435490.0
74 0.04265 8.83414e-05 -2216.29 273.13 5.02463 5.0241 1.36412 1.96366 1435270.0
73 0.04275 8.83428e-05 -2216.29 273.133 5.02475 5.02435 1.36698 1.96276 1435320.0
72 0.04285 8.8341e-05 -2216.29 273.13 5.0246 5.02415 1.27318 1.88213 1434680.0
71 0.04295 8.83416e-05 -2216.29 273.129 5.02461 5.0241 1.19194 1.7497 1434250.0
70 0.04305 8.83413e-05 -2216.29 273.13 5.02463 5.02407 1.17137 1.69657 1434020.0
69 0.04315 8.83414e-05 -2216.29 273.128 5.02459 5.02409 1.19216 1.7377 1434250.0
68 0.04325 8.8342e-05 -2216.29 273.13 5.02466 5.02408 1.19382 1.6938 1434020.0
67 0.04335 8.8342e-05 -2216.29 273.127 5.0246 5.02409 1.19121 1.7353 1433990.0
66 0.04345 8.83423e-05 -2216.29 273.129 5.02465 5.02417 1.13534 1.71519 1433840.0
65 0.04355 8.83408e-05 -2216.29 273.127 5.02453 5.02391 1.13582 1.69379 1433540.0
64 0.04365 8.83421e-05 -2216.29 273.127 5.02461 5.02408 1.1032 1.6292 1433530.0
63 0.04375 8.8341e-05 -2216.29 273.127 5.02455 5.02401 1.04426 1.55687 1433300.0
62 0.04385 8.83419e-05 -2216.29 273.126 5.02459 5.02405 1.08338 1.64672 1433380.0
61 0.04395 8.83419e-05 -2216.29 273.129 5.02463 5.02412 1.07538 1.59883 1433280.0
60 0.04405 8.8341e-05 -2216.29 273.125 5.0245 5.02386 1.00517 1.53115 1432850.0
59 0.04415 8.83425e-05 -2216.29 273.126 5.02461 5.02399 0.926697 1.44093 1432560.0
58 0.04425 8.83413e-05 -2216.29 273.125 5.02452 5.02389 0.91697 1.40962 1432460.0
57 0.04435 8.83424e-05 -2216.29 273.124 5.02457 5.02392 0.90595 1.38942 1432340.0
56 0.04445 8.83409e-05 -2216.29 273.127 5.02453 5.02388 1.02936 1.47313 1432730.0
55 0.04455 8.83417e-05 -2216.29 273.125 5.02455 5.02384 0.911692 1.41507 1432370.0
54 0.04465 8.83407e-05 -2216.29 273.123 5.02445 5.02382 0.861831 1.34279 1431930.0
53 0.04475 8.83429e-05 -2216.29 273.123 5.02459 5.02386 0.829797 1.27896 1431840.0
52 0.04485 8.83411e-05 -2216.29 273.121 5.02444 5.02371 0.872891 1.34038 1431830.0
51 0.04495 8.83416e-05 -2216.29 273.125 5.02454 5.0238 0.834922 1.26223 1431660.0
50 0.04505 8.83423e-05 -2216.29 273.124 5.02456 5.0238 0.807833 1.24014 1431580.0
49 0.04515 8.8341e-05 -2216.29 273.122 5.02444 5.02367 0.803296 1.21283 1431380.0
48 0.04525 8.83421e-05 -2216.29 273.122 5.02452 5.02375 0.846673 1.2832 1431560.0
47 0.04535 8.83413e-05 -2216.29 273.126 5.02454 5.02374 0.806695 1.23231 1431410.0
46 0.04545 8.83419e-05 -2216.29 273.12 5.02447 5.02367 0.775039 1.22294 1431160.0
45 0.04555 8.83415e-05 -2216.29 273.119 5.02443 5.02361 0.74307 1.16824 1431120.0
44 0.04565 8.83418e-05 -2216.29 273.123 5.02452 5.02361 0.762307 1.136 1431250.0
43 0.04575 8.8341e-05 -2216.29 273.121 5.02443 5.02351 0.776942 1.21444 1430980.0
42 0.04585 8.83421e-05 -2216.29 273.12 5.02449 5.02357 0.707184 1.10003 1431040.0
41 0.04595 8.83424e-05 -2216.29 273.122 5.02454 5.02365 0.699496 1.07765 1430900.0
40 0.04605 8.83415e-05 -2216.29 273.12 5.02444 5.02356 0.706857 1.11001 1430790.0
39 0.04615 8.8342e-05 -2216.29 273.12 5.02448 5.02352 0.661234 1.01375 1430650.0
38 0.04625 8.83409e-05 -2216.29 273.119 5.02439 5.02338 0.60269 0.954333 1430260.0
37 0.04635 8.83416e-05 -2216.29 273.117 5.02439 5.02342 0.553975 0.873402 1430160.0
36 0.04645 8.83409e-05 -2216.29 273.116 5.02434 5.02337 0.544651 0.861454 1430050.0
35 0.04655 8.8342e-05 -2216.29 273.12 5.02446 5.02351 0.552323 0.867052 1430140.0
34 0.04665 8.83421e-05 -2216.29 273.117 5.02442 5.02348 0.539282 0.879009 1430050.0
33 0.04675 8.83413e-05 -2216.29 273.118 5.02439 5.02337 0.542757 0.856845 1429860.0
32 0.04685 8.83411e-05 -2216.29 273.116 5.02435 5.02327 0.550291 0.898237 1429990.0
31 0.04695 8.8342e-05 -2216.29 273.117 5.02441 5.02331 0.575554 0.871718 1429980.0
30 0.04705 8.83417e-05 -2216.29 273.117 5.0244 5.02335 0.545168 0.840191 1429930.0
29 0.04715 8.83416e-05 -2216.29 273.117 5.02439 5.02325 0.480573 0.773068 1429630.0
28 0.04725 8.8341e-05 -2216.29 273.117 5.02436 5.02318 0.504821 0.764975 1429610.0
27 0.04735 8.83419e-05 -2216.29 273.116 5.02439 5.02319 0.565829 0.837946 1429860.0
26 0.04745 8.83409e-05 -2216.3 273.115 5.02432 5.02314 0.471681 0.72735 1429500.0
25 0.04755 8.83422e-05 -2216.29 273.115 5.0244 5.02317 0.463196 0.690597 1429510.0
24 0.04765 8.83409e-05 -2216.3 273.116 5.02433 5.02305 0.447753 0.685288 1429270.0
23 0.04775 8.83414e-05 -2216.29 273.115 5.02434 5.02315 0.483568 0.74828 1429470.0
22 0.04785 8.83412e-05 -2216.3 273.116 5.02436 5.02318 0.411455 0.659775 1429220.0
21 0.04795 8.83422e-05 -2216.3 273.115 5.02438 5.02305 0.444967 0.703513 1429160.0
20 0.04805 8.83412e-05 -2216.3 273.116 5.02435 5.02308 0.433921 0.715194 1429110.0
19 0.04815 8.83417e-05 -2216.29 273.114 5.02434 5.02302 0.410722 0.68148 1429030.0
18 0.04825 8.83416e-05 -2216.29 273.117 5.02439 5.02313 0.42744 0.67895 1429120.0
17 0.04835 8.83406e-05 -2216.29 273.113 5.02427 5.02293 0.372826 0.60973 1428850.0
16 0.04845 8.83421e-05 -2216.3 273.117 5.02442 5.02306 0.340213 0.544386 1428730.0
15 0.04855 8.8341e-05 -2216.3 273.112 5.02428 5.02296 0.337009 0.555918 1428630.0
14 0.04865 8.83416e-05 -2216.3 273.114 5.02434 5.02297 0.326363 0.510889 1428540.0
13 0.04875 8.83411e-05 -2216.3 273.112 5.02427 5.02297 0.300829 0.474675 1428510.0
12 0.04885 8.83415e-05 -2216.29 273.114 5.02433 5.02296 0.333131 0.510615 1428610.0
11 0.04895 8.83411e-05 -2216.3 273.114 5.0243 5.023 0.281847 0.432316 1428400.0
10 0.04905 8.83413e-05 -2216.3 273.115 5.02434 5.02298 0.313362 0.473353 1428530.0
9 0.04915 8.83426e-05 -2216.29 273.112 5.02436 5.02297 0.275056 0.411496 1428320.0
8 0.04925 8.83408e-05 -2216.3 273.112 5.02427 5.02283 0.256459 0.382916 1428070.0
7 0.04935 8.8342e-05 -2216.29 273.113 5.02434 5.02289 0.206362 0.301072 1428050.0
6 0.04945 8.83414e-05 -2216.3 273.113 5.0243 5.02287 0.240266 0.331984 1428170.0
5 0.04955 8.83406e-05 -2216.3 273.112 5.02424 5.02273 0.225524 0.317044 1427950.0
4 0.04965 8.83415e-05 -2216.3 273.11 5.02425 5.02275 0.184967 0.253934 1427930.0
3 0.04975 8.83416e-05 -2216.3 273.113 5.02432 5.02282 0.224793 0.311317 1428040.0
2 0.04985 8.83412e-05 -2216.29 273.111 5.02426 5.0228 0.204296 0.28636 1427930.0
1 0.04995 8.83416e-05 -2216.3 273.112 5.0243 5.02267 0.127089 0.166384 1427680.0
