TITLE = "DSMC"
VARIABLES = "ID" "X" "rho" "v1" "Ttrans" "p" "p1" "q1" "mv1v1v1" "mvvv1v1"
ZONE T="Ma=7.2_inv", I=800, J=1, K=1, F=POINT
800 -0.02995 0.000334034 -586.126 4660.74 324.202 324.194 3.2891 -1.25367 1573270000.0
799 -0.02985 0.000334041 -586.12 4660.8 324.213 324.196 5.05249 -9.78399 1573300000.0
798 -0.02975 0.00033404 -586.117 4660.85 324.215 324.194 9.64836 -12.4977 1573280000.0
797 -0.02965 0.000334043 -586.118 4660.81 324.215 324.197 5.22165 -18.6657 1573280000.0
796 -0.02955 0.000334032 -586.136 4660.62 324.192 324.195 -2.68336 -6.66189 1573260000.0
795 -0.02945 0.000334046 -586.106 4660.47 324.195 324.196 -17.2748 -28.9194 1573240000.0
794 -0.02935 0.00033404 -586.124 4660.74 324.208 324.196 0.231191 -9.72786 1573280000.0
793 -0.02925 0.000334048 -586.102 4660.69 324.212 324.199 -4.19187 -11.988 1573270000.0
792 -0.02915 0.000334028 -586.144 4660.73 324.195 324.191 6.96054 16.3981 1573230000.0
791 -0.02905 0.000334035 -586.128 4660.81 324.208 324.195 9.23862 12.0327 1573260000.0
790 -0.02895 0.000334042 -586.118 4660.73 324.209 324.194 -1.69013 -1.59265 1573240000.0
789 -0.02885 0.00033404 -586.12 4660.68 324.203 324.199 -2.48876 6.46345 1573260000.0
788 -0.02875 0.000334033 -586.136 4660.57 324.189 324.195 -4.20487 18.5445 1573220000.0
787 -0.02865 0.00033404 -586.118 4660.71 324.206 324.195 -0.847768 7.88444 1573210000.0
786 -0.02855 0.000334042 -586.118 4660.72 324.208 324.199 0.868721 15.3425 1573240000.0
785 -0.02845 0.000334042 -586.125 4660.77 324.212 324.2 1.94376 17.2118 1573250000.0
784 -0.02835 0.000334042 -586.115 4660.7 324.207 324.198 1.43887 19.8724 1573230000.0
783 -0.02825 0.000334052 -586.099 4660.86 324.227 324.201 4.9475 7.95459 1573250000.0
782 -0.02815 0.000334049 -586.108 4660.69 324.213 324.199 -6.89317 9.69948 1573210000.0
781 -0.02805 0.000334039 -586.121 4660.66 324.201 324.195 -1.32657 21.4246 1573210000.0
780 -0.02795 0.000334037 -586.13 4660.74 324.204 324.199 0.10493 17.3853 1573230000.0
779 -0.02785 0.000334031 -586.131 4660.85 324.207 324.195 16.3267 37.0022 1573220000.0
778 -0.02775 0.00033404 -586.127 4660.89 324.218 324.198 7.78115 23.7198 1573240000.0
777 -0.02765 0.00033404 -586.12 4660.77 324.21 324.197 9.00371 28.5523 1573240000.0
776 -0.02755 0.000334064 -586.078 4660.62 324.222 324.202 -15.7887 -9.96435 1573220000.0
775 -0.02745 0.000334073 -586.067 4660.63 324.232 324.21 -22.175 -33.0574 1573280000.0
774 -0.02735 0.000334076 -586.055 4660.56 324.23 324.209 -28.4797 -31.7613 1573260000.0
773 -0.02725 0.000334065 -586.078 4660.68 324.228 324.206 -14.5717 -21.2419 1573270000.0
772 -0.02715 0.000334071 -586.071 4660.7 324.235 324.208 -18.9288 -33.7296 1573290000.0
771 -0.02705 0.000334074 -586.06 4660.63 324.233 324.207 -20.5795 -34.7104 1573280000.0
770 -0.02695 0.000334065 -586.075 4660.65 324.226 324.209 -22.432 -32.7073 1573300000.0
769 -0.02685 0.000334049 -586.105 4660.67 324.211 324.202 -6.43964 -3.6068 1573250000.0
768 -0.02675 0.000334043 -586.115 4660.59 324.2 324.195 -8.54593 -5.60713 1573230000.0
767 -0.02665 0.000334031 -586.136 4660.68 324.195 324.193 4.24617 17.7796 1573230000.0
766 -0.02655 0.000334041 -586.12 4660.71 324.206 324.198 0.373675 -0.924523 1573270000.0
765 -0.02645 0.000334056 -586.092 4660.57 324.211 324.204 -21.0286 -29.5433 1573280000.0
764 -0.02635 0.000334049 -586.104 4660.86 324.224 324.203 2.84928 -14.6562 1573330000.0
763 -0.02625 0.000334061 -586.081 4660.71 324.226 324.205 -12.3829 -24.4647 1573280000.0
762 -0.02615 0.000334051 -586.099 4660.66 324.213 324.199 -9.96491 -4.85372 1573270000.0
761 -0.02605 0.000334038 -586.124 4660.72 324.204 324.2 -4.14204 10.1923 1573280000.0
760 -0.02595 0.000334036 -586.129 4660.88 324.213 324.194 11.1291 15.3378 1573240000.0
759 -0.02585 0.000334038 -586.124 4660.94 324.219 324.196 13.652 8.7874 1573260000.0
758 -0.02575 0.000334031 -586.135 4661.01 324.218 324.194 23.1373 20.1275 1573260000.0
757 -0.02565 0.000334052 -586.1 4660.74 324.22 324.201 -4.33221 -9.0385 1573250000.0
756 -0.02555 0.000334049 -586.102 4660.96 324.232 324.202 8.66484 1.14725 1573290000.0
755 -0.02545 0.000334059 -586.089 4660.75 324.226 324.206 -10.2532 -20.7729 1573300000.0
754 -0.02535 0.000334052 -586.095 4660.76 324.221 324.2 -4.48727 -5.9367 1573250000.0
753 -0.02525 0.000334055 -586.098 4660.81 324.227 324.204 -2.5806 -7.11553 1573280000.0
752 -0.02515 0.000334052 -586.095 4660.78 324.222 324.201 -6.85964 -8.87093 1573270000.0
751 -0.02505 0.000334034 -586.129 4660.93 324.215 324.194 17.8139 22.3265 1573220000.0
750 -0.02495 0.000334055 -586.096 4661.0 324.24 324.204 3.56978 -10.2049 1573270000.0
749 -0.02485 0.000334051 -586.098 4661.04 324.239 324.198 13.5296 5.12349 1573260000.0
748 -0.02475 0.00033406 -586.081 4660.96 324.242 324.206 -0.714418 -14.9602 1573300000.0
747 -0.02465 0.000334035 -586.132 4661.05 324.224 324.193 18.9411 18.0114 1573280000.0
746 -0.02455 0.000334047 -586.102 4660.92 324.227 324.198 8.08795 -1.83832 1573280000.0
745 -0.02445 0.000334056 -586.095 4660.88 324.233 324.206 -1.44642 -11.3979 1573310000.0
744 -0.02435 0.000334043 -586.113 4660.88 324.22 324.198 3.36815 -7.40838 1573280000.0
743 -0.02425 0.000334053 -586.09 4660.63 324.213 324.199 -12.9528 -14.3995 1573240000.0
742 -0.02415 0.000334043 -586.112 4660.87 324.22 324.2 2.27659 -6.77371 1573310000.0
741 -0.02405 0.000334048 -586.103 4660.75 324.217 324.2 -1.77681 -2.52319 1573290000.0
740 -0.02395 0.000334065 -586.075 4660.69 324.228 324.205 -18.9654 -34.1828 1573310000.0
739 -0.02385 0.000334047 -586.108 4660.82 324.22 324.201 -0.0733278 -3.78259 1573310000.0
738 -0.02375 0.000334047 -586.109 4660.78 324.216 324.2 -1.79028 7.1155 1573300000.0
737 -0.02365 0.000334029 -586.134 4660.8 324.2 324.194 5.57577 17.0219 1573270000.0
736 -0.02355 0.000334033 -586.128 4660.67 324.196 324.189 -3.20346 4.91883 1573210000.0
735 -0.02345 0.000334055 -586.091 4660.75 324.223 324.204 -8.55393 -20.3956 1573270000.0
734 -0.02335 0.000334055 -586.094 4660.74 324.223 324.203 -9.41873 -20.8947 1573260000.0
733 -0.02325 0.000334061 -586.082 4660.69 324.224 324.204 -18.1545 -24.2725 1573270000.0
732 -0.02315 0.000334061 -586.08 4660.62 324.22 324.204 -18.981 -19.9863 1573250000.0
731 -0.02305 0.000334045 -586.115 4660.72 324.211 324.198 -3.31037 -1.38491 1573230000.0
730 -0.02295 0.000334043 -586.115 4660.64 324.203 324.197 -6.00952 4.66391 1573250000.0
729 -0.02285 0.000334057 -586.087 4660.56 324.211 324.203 -25.7948 -27.2143 1573270000.0
728 -0.02275 0.000334064 -586.078 4660.55 324.218 324.201 -20.3254 -28.6074 1573240000.0
727 -0.02265 0.000334071 -586.066 4660.58 324.226 324.207 -27.968 -43.4492 1573280000.0
726 -0.02255 0.000334039 -586.122 4660.6 324.197 324.195 -11.4164 -0.23918 1573220000.0
725 -0.02245 0.000334021 -586.151 4660.55 324.176 324.187 1.6414 26.112 1573190000.0
724 -0.02235 0.00033402 -586.157 4660.67 324.183 324.188 6.83561 20.8611 1573210000.0
723 -0.02225 0.000334033 -586.137 4660.56 324.189 324.192 -6.67208 7.09723 1573210000.0
722 -0.02215 0.000334017 -586.159 4660.55 324.172 324.185 2.84545 29.3981 1573190000.0
721 -0.02205 0.000334026 -586.152 4660.61 324.185 324.19 -0.288887 19.0925 1573230000.0
720 -0.02195 0.000334041 -586.122 4660.61 324.199 324.197 -4.20668 2.93971 1573250000.0
719 -0.02185 0.000334038 -586.124 4660.59 324.195 324.194 -7.95776 3.86126 1573220000.0
718 -0.02175 0.000334035 -586.13 4660.74 324.203 324.192 1.12336 2.44112 1573220000.0
717 -0.02165 0.000334041 -586.126 4660.76 324.21 324.197 1.94891 1.98023 1573250000.0
716 -0.02155 0.000334053 -586.097 4660.64 324.214 324.196 -15.5145 -24.4855 1573220000.0
715 -0.02145 0.00033405 -586.109 4660.78 324.22 324.202 -4.00526 -13.7217 1573280000.0
714 -0.02135 0.000334057 -586.089 4660.94 324.238 324.2 2.15656 -23.749 1573240000.0
713 -0.02125 0.000334054 -586.103 4660.82 324.227 324.199 -1.82749 -24.9458 1573250000.0
712 -0.02115 0.000334057 -586.094 4660.92 324.236 324.2 2.51615 -21.8939 1573240000.0
711 -0.02105 0.000334054 -586.099 4660.82 324.226 324.201 -3.85195 -15.5508 1573230000.0
710 -0.02095 0.000334062 -586.086 4660.81 324.234 324.207 -7.98471 -22.8859 1573260000.0
709 -0.02085 0.000334064 -586.08 4660.88 324.241 324.204 -3.79936 -28.8323 1573250000.0
708 -0.02075 0.000334049 -586.106 4660.75 324.217 324.197 -4.95902 -6.82295 1573200000.0
707 -0.02065 0.000334046 -586.118 4660.91 324.225 324.202 7.95995 -1.80111 1573280000.0
706 -0.02055 0.000334047 -586.106 4660.76 324.216 324.198 -2.54633 4.88459 1573210000.0
705 -0.02045 0.000334045 -586.111 4660.8 324.217 324.2 2.09494 13.363 1573230000.0
704 -0.02035 0.000334047 -586.115 4660.76 324.215 324.199 -2.27022 0.978019 1573230000.0
703 -0.02025 0.000334033 -586.138 4660.87 324.21 324.194 14.1356 30.4387 1573200000.0
702 -0.02015 0.000334037 -586.13 4660.89 324.215 324.194 10.5152 26.2367 1573210000.0
701 -0.02005 0.000334066 -586.074 4660.82 324.238 324.203 -7.61474 -9.52231 1573220000.0
700 -0.01995 0.000334052 -586.107 4661.18 324.25 324.199 19.0674 9.58363 1573240000.0
699 -0.01985 0.000334049 -586.105 4661.08 324.24 324.199 16.5277 5.13866 1573260000.0
698 -0.01975 0.000334031 -586.137 4661.06 324.221 324.192 28.2807 34.2136 1573210000.0
697 -0.01965 0.000334028 -586.139 4661.16 324.226 324.191 36.627 43.1111 1573240000.0
696 -0.01955 0.00033403 -586.151 4661.02 324.217 324.194 24.7741 35.7786 1573240000.0
695 -0.01945 0.000334043 -586.114 4661.02 324.23 324.199 16.1692 30.4442 1573270000.0
694 -0.01935 0.000334055 -586.099 4660.98 324.239 324.199 7.37524 2.83688 1573230000.0
693 -0.01925 0.000334046 -586.115 4660.98 324.23 324.199 15.8345 20.0428 1573270000.0
692 -0.01915 0.000334031 -586.141 4660.99 324.216 324.188 25.6583 38.008 1573210000.0
691 -0.01905 0.000334023 -586.161 4660.96 324.206 324.191 25.7133 34.7474 1573240000.0
690 -0.01895 0.000334065 -586.082 4660.88 324.241 324.204 -5.2192 -26.118 1573270000.0
689 -0.01885 0.000334068 -586.074 4661.0 324.253 324.207 6.78314 -28.8569 1573300000.0
688 -0.01875 0.000334053 -586.102 4661.07 324.243 324.201 15.9412 -7.62105 1573290000.0
687 -0.01865 0.000334044 -586.126 4661.13 324.239 324.199 26.7239 12.4503 1573300000.0
686 -0.01855 0.000334059 -586.088 4660.96 324.241 324.202 6.18344 -12.8753 1573280000.0
685 -0.01845 0.000334056 -586.099 4660.8 324.227 324.203 -2.85638 -5.37173 1573290000.0
684 -0.01835 0.000334057 -586.098 4660.99 324.241 324.202 6.22755 -13.1913 1573290000.0
683 -0.01825 0.000334064 -586.085 4660.96 324.246 324.207 5.14078 -19.6869 1573310000.0
682 -0.01815 0.000334049 -586.108 4661.03 324.237 324.197 13.5861 -2.97085 1573290000.0
681 -0.01805 0.000334058 -586.098 4661.01 324.243 324.204 7.80002 -16.8997 1573320000.0
680 -0.01795 0.000334052 -586.106 4661.02 324.239 324.2 12.8186 -4.98454 1573260000.0
679 -0.01785 0.000334057 -586.098 4661.05 324.246 324.2 8.82215 -8.49431 1573260000.0
678 -0.01775 0.000334053 -586.107 4661.05 324.242 324.202 15.8888 2.64436 1573310000.0
677 -0.01765 0.000334059 -586.092 4661.02 324.246 324.203 9.31881 -2.11805 1573290000.0
676 -0.01755 0.000334053 -586.101 4661.05 324.241 324.199 12.6384 13.6058 1573260000.0
675 -0.01745 0.00033406 -586.096 4661.01 324.246 324.202 5.92001 2.73237 1573260000.0
674 -0.01735 0.000334064 -586.084 4661.03 324.251 324.206 5.10979 -9.45333 1573280000.0
673 -0.01725 0.000334037 -586.131 4661.1 324.229 324.193 25.7605 22.9811 1573240000.0
672 -0.01715 0.000334035 -586.136 4661.03 324.223 324.199 23.5927 28.5539 1573280000.0
671 -0.01705 0.000334046 -586.111 4660.97 324.229 324.199 11.0723 11.6679 1573270000.0
670 -0.01695 0.000334048 -586.112 4660.98 324.232 324.199 12.3019 21.6252 1573250000.0
669 -0.01685 0.000334054 -586.1 4661.03 324.241 324.203 10.9834 5.05899 1573280000.0
668 -0.01675 0.00033403 -586.141 4660.97 324.214 324.195 20.4929 37.902 1573240000.0
667 -0.01665 0.000334023 -586.155 4660.95 324.206 324.192 24.2352 46.6739 1573210000.0
666 -0.01655 0.000334018 -586.16 4660.99 324.204 324.188 30.8377 45.3952 1573190000.0
665 -0.01645 0.000334013 -586.173 4661.07 324.204 324.189 34.0403 44.9449 1573200000.0
664 -0.01635 0.000334003 -586.191 4660.99 324.189 324.187 38.5585 63.1713 1573220000.0
663 -0.01625 0.00033401 -586.174 4661.05 324.2 324.186 38.4112 45.53 1573200000.0
662 -0.01615 0.000334029 -586.141 4660.9 324.208 324.193 18.1809 17.6263 1573200000.0
661 -0.01605 0.000334021 -586.157 4661.14 324.217 324.192 34.7893 24.2407 1573230000.0
660 -0.01595 0.000334003 -586.186 4661.25 324.207 324.185 55.5706 52.1587 1573200000.0
659 -0.01585 0.000333998 -586.196 4661.31 324.206 324.184 59.1584 64.7548 1573200000.0
658 -0.01575 0.000334012 -586.172 4661.19 324.212 324.189 46.226 49.2875 1573200000.0
657 -0.01565 0.000334007 -586.181 4661.03 324.196 324.188 36.4602 51.3107 1573180000.0
656 -0.01555 0.000334009 -586.18 4661.14 324.205 324.186 42.1745 43.7905 1573150000.0
655 -0.01545 0.000334014 -586.165 4661.11 324.208 324.19 37.4584 40.4618 1573180000.0
654 -0.01535 0.000334007 -586.183 4661.1 324.2 324.187 44.1555 52.2978 1573150000.0
653 -0.01525 0.000334021 -586.155 4661.09 324.214 324.193 33.7711 35.9724 1573160000.0
652 -0.01515 0.000334018 -586.164 4661.05 324.208 324.191 34.2392 45.5121 1573140000.0
651 -0.01505 0.000334014 -586.171 4661.01 324.201 324.185 31.2615 44.5381 1573100000.0
650 -0.01495 0.000334008 -586.185 4661.21 324.209 324.188 49.2167 62.4196 1573120000.0
649 -0.01485 0.000334017 -586.165 4661.07 324.208 324.189 29.9046 38.6775 1573110000.0
648 -0.01475 0.000334024 -586.148 4661.04 324.213 324.192 33.0168 39.4663 1573090000.0
647 -0.01465 0.000333995 -586.207 4661.28 324.201 324.181 57.7745 78.6709 1573070000.0
646 -0.01455 0.000334003 -586.193 4661.26 324.207 324.189 53.9083 63.4166 1573090000.0
645 -0.01445 0.000333995 -586.205 4661.13 324.192 324.181 51.0669 69.4896 1573030000.0
644 -0.01435 0.000333995 -586.204 4661.16 324.193 324.184 52.194 69.5645 1573050000.0
643 -0.01425 0.000333983 -586.23 4661.28 324.19 324.177 64.4683 84.2866 1573000000.0
642 -0.01415 0.000333985 -586.223 4661.33 324.195 324.18 66.9594 82.9163 1573020000.0
641 -0.01405 0.000334002 -586.189 4661.39 324.216 324.182 64.6062 62.7728 1572990000.0
640 -0.01395 0.000334012 -586.178 4661.15 324.209 324.191 41.8511 46.2855 1573010000.0
639 -0.01385 0.000333997 -586.201 4661.13 324.193 324.183 51.5325 74.8853 1572960000.0
638 -0.01375 0.000334002 -586.192 4661.18 324.201 324.184 43.7901 51.8249 1572940000.0
637 -0.01365 0.000333988 -586.21 4661.36 324.2 324.179 66.1302 70.3938 1572920000.0
636 -0.01355 0.000333974 -586.243 4661.37 324.187 324.177 76.2136 79.1426 1572920000.0
635 -0.01345 0.000333987 -586.218 4661.21 324.189 324.184 62.6397 63.1212 1572890000.0
634 -0.01335 0.000333964 -586.255 4661.32 324.174 324.172 78.4897 94.2165 1572850000.0
633 -0.01325 0.000333955 -586.274 4661.19 324.157 324.172 77.0674 121.075 1572810000.0
632 -0.01315 0.000333943 -586.303 4661.23 324.148 324.163 86.2041 130.902 1572760000.0
631 -0.01305 0.000333967 -586.255 4661.29 324.175 324.171 73.3481 90.5258 1572750000.0
630 -0.01295 0.000333949 -586.282 4661.46 324.169 324.168 99.6352 120.385 1572740000.0
629 -0.01285 0.000333948 -586.293 4661.36 324.161 324.166 87.8571 114.024 1572690000.0
628 -0.01275 0.000333935 -586.311 4661.34 324.147 324.162 96.4897 134.362 1572660000.0
627 -0.01265 0.000333947 -586.293 4661.42 324.164 324.165 95.8416 114.253 1572630000.0
626 -0.01255 0.000333936 -586.31 4661.49 324.159 324.161 107.076 125.305 1572610000.0
625 -0.01245 0.000333916 -586.347 4661.42 324.134 324.157 115.29 153.921 1572570000.0
624 -0.01235 0.000333907 -586.362 4661.57 324.136 324.152 129.214 162.749 1572550000.0
623 -0.01225 0.000333907 -586.364 4661.52 324.132 324.153 124.365 161.171 1572530000.0
622 -0.01215 0.000333889 -586.391 4661.55 324.117 324.142 138.855 177.982 1572460000.0
621 -0.01205 0.000333891 -586.387 4661.64 324.125 324.145 143.798 173.562 1572470000.0
620 -0.01195 0.000333901 -586.374 4661.81 324.147 324.153 142.674 157.178 1572510000.0
619 -0.01185 0.000333881 -586.407 4661.92 324.136 324.14 163.262 176.859 1572410000.0
618 -0.01175 0.000333866 -586.435 4661.81 324.113 324.137 165.315 189.19 1572360000.0
617 -0.01165 0.000333868 -586.428 4661.72 324.109 324.139 154.826 176.824 1572290000.0
616 -0.01155 0.00033384 -586.483 4661.8 324.087 324.128 178.118 215.89 1572220000.0
615 -0.01145 0.000333837 -586.486 4661.96 324.095 324.126 187.92 213.311 1572160000.0
614 -0.01135 0.000333828 -586.503 4662.0 324.089 324.122 195.995 218.345 1572080000.0
613 -0.01125 0.000333795 -586.556 4662.16 324.069 324.115 223.749 261.168 1572060000.0
612 -0.01115 0.000333784 -586.576 4662.24 324.063 324.108 233.751 262.026 1571980000.0
611 -0.01105 0.000333771 -586.605 4662.28 324.054 324.102 247.014 274.874 1571920000.0
610 -0.01095 0.000333767 -586.607 4662.47 324.062 324.103 260.146 268.919 1571880000.0
609 -0.01085 0.000333747 -586.644 4662.67 324.058 324.096 281.004 285.031 1571790000.0
608 -0.01075 0.000333724 -586.681 4662.71 324.037 324.085 297.522 306.741 1571680000.0
607 -0.01065 0.000333711 -586.709 4662.8 324.032 324.085 312.196 321.934 1571630000.0
606 -0.01055 0.000333688 -586.746 4662.84 324.011 324.075 328.043 343.764 1571530000.0
605 -0.01045 0.000333655 -586.804 4662.92 323.986 324.064 346.668 373.638 1571440000.0
604 -0.01035 0.000333634 -586.835 4662.89 323.963 324.059 360.6 396.143 1571330000.0
603 -0.01025 0.000333618 -586.869 4663.01 323.956 324.049 374.999 404.902 1571190000.0
602 -0.01015 0.000333591 -586.915 4663.09 323.935 324.039 395.002 421.947 1571080000.0
601 -0.01005 0.000333554 -586.987 4663.19 323.907 324.029 421.547 464.33 1570990000.0
600 -0.00995 0.000333522 -587.037 4663.36 323.886 324.015 453.024 504.387 1570830000.0
599 -0.00985 0.000333491 -587.093 4663.5 323.866 324.007 477.023 528.52 1570750000.0
598 -0.00975 0.000333473 -587.127 4663.63 323.858 324.0 495.927 540.17 1570630000.0
597 -0.00965 0.00033344 -587.179 4663.72 323.832 323.986 519.027 553.157 1570470000.0
596 -0.00955 0.000333389 -587.276 4663.97 323.8 323.971 563.495 591.369 1570340000.0
595 -0.00945 0.000333342 -587.352 4664.11 323.764 323.95 596.511 629.505 1570130000.0
594 -0.00935 0.000333301 -587.429 4664.25 323.734 323.942 629.226 661.137 1570030000.0
593 -0.00925 0.000333253 -587.51 4664.5 323.705 323.921 670.99 695.602 1569820000.0
592 -0.00915 0.000333219 -587.572 4664.57 323.677 323.911 694.09 710.689 1569660000.0
591 -0.00905 0.000333176 -587.651 4664.68 323.642 323.895 727.02 743.263 1569470000.0
590 -0.00895 0.000333133 -587.722 4664.77 323.607 323.88 752.793 760.26 1569240000.0
589 -0.00885 0.000333065 -587.839 4664.91 323.551 323.857 803.143 819.702 1569030000.0
588 -0.00875 0.000333002 -587.951 4665.3 323.517 323.835 863.975 868.7 1568830000.0
587 -0.00865 0.000332943 -588.059 4665.57 323.477 323.813 906.719 890.405 1568590000.0
586 -0.00855 0.000332864 -588.194 4665.67 323.408 323.788 964.022 969.36 1568330000.0
585 -0.00845 0.000332813 -588.285 4665.7 323.361 323.767 995.585 987.904 1568040000.0
584 -0.00835 0.000332738 -588.416 4665.97 323.307 323.746 1048.02 1038.73 1567800000.0
583 -0.00825 0.000332658 -588.559 4666.15 323.241 323.714 1106.52 1091.17 1567470000.0
582 -0.00815 0.000332591 -588.68 4666.3 323.186 323.691 1156.41 1121.13 1567190000.0
581 -0.00805 0.000332494 -588.847 4666.65 323.116 323.657 1229.07 1177.33 1566850000.0
580 -0.00795 0.00033238 -589.048 4666.89 323.022 323.616 1308.44 1272.19 1566470000.0
579 -0.00785 0.000332275 -589.235 4667.19 322.941 323.579 1386.5 1338.33 1566080000.0
578 -0.00775 0.000332166 -589.437 4667.4 322.849 323.541 1463.23 1410.88 1565700000.0
577 -0.00765 0.000332059 -589.616 4667.77 322.771 323.502 1540.31 1459.48 1565280000.0
576 -0.00755 0.000331947 -589.819 4668.24 322.694 323.46 1635.46 1524.7 1564820000.0
575 -0.00745 0.000331814 -590.058 4668.45 322.58 323.417 1727.68 1606.96 1564390000.0
574 -0.00735 0.000331673 -590.306 4668.56 322.451 323.365 1810.01 1683.02 1563840000.0
573 -0.00725 0.000331516 -590.585 4668.85 322.317 323.306 1918.13 1781.56 1563270000.0
572 -0.00715 0.00033136 -590.866 4669.09 322.183 323.253 2018.22 1855.75 1562720000.0
571 -0.00705 0.000331186 -591.17 4669.59 322.048 323.188 2150.35 1960.84 1562100000.0
570 -0.00695 0.000330997 -591.507 4669.8 321.879 323.126 2275.42 2070.6 1561490000.0
569 -0.00685 0.000330799 -591.868 4670.16 321.711 323.052 2405.88 2175.95 1560810000.0
568 -0.00675 0.000330599 -592.226 4670.48 321.539 322.981 2544.46 2282.05 1560100000.0
567 -0.00665 0.000330358 -592.654 4671.11 321.348 322.893 2715.73 2428.48 1559320000.0
566 -0.00655 0.000330135 -593.059 4671.44 321.152 322.814 2864.12 2531.74 1558530000.0
565 -0.00645 0.000329867 -593.536 4671.9 320.924 322.717 3049.41 2678.83 1557640000.0
564 -0.00635 0.0003296 -594.02 4672.33 320.693 322.62 3225.25 2796.99 1556730000.0
563 -0.00625 0.000329306 -594.545 4672.87 320.445 322.515 3429.09 2968.93 1555790000.0
562 -0.00615 0.000328991 -595.124 4673.28 320.166 322.401 3635.57 3133.45 1554730000.0
561 -0.00605 0.000328655 -595.723 4673.89 319.881 322.278 3866.85 3308.64 1553640000.0
560 -0.00595 0.000328302 -596.368 4674.49 319.578 322.153 4105.86 3489.02 1552490000.0
559 -0.00585 0.000327929 -597.048 4674.83 319.239 322.017 4342.97 3675.11 1551240000.0
558 -0.00575 0.000327543 -597.755 4675.45 318.905 321.876 4605.5 3850.51 1549940000.0
557 -0.00565 0.000327115 -598.523 4676.01 318.527 321.718 4887.19 4058.82 1548560000.0
556 -0.00555 0.000326658 -599.368 4676.55 318.118 321.551 5187.79 4281.2 1547100000.0
555 -0.00545 0.000326157 -600.289 4677.17 317.673 321.369 5521.02 4543.49 1545530000.0
554 -0.00535 0.00032565 -601.228 4677.85 317.225 321.184 5856.02 4785.53 1543880000.0
553 -0.00525 0.00032511 -602.22 4678.41 316.737 320.978 6206.49 5024.6 1542080000.0
552 -0.00515 0.000324519 -603.317 4679.03 316.203 320.759 6593.29 5307.38 1540220000.0
551 -0.00505 0.000323894 -604.482 4679.45 315.622 320.529 6985.4 5602.39 1538230000.0
550 -0.00495 0.000323198 -605.782 4680.14 314.991 320.263 7443.03 5960.94 1536050000.0
549 -0.00485 0.000322491 -607.112 4680.93 314.354 320.0 7912.04 6293.57 1533840000.0
548 -0.00475 0.000321733 -608.54 4681.6 313.66 319.717 8407.58 6654.51 1531490000.0
547 -0.00465 0.000320932 -610.058 4682.23 312.921 319.412 8926.29 7024.15 1528940000.0
546 -0.00455 0.000320063 -611.72 4683.12 312.134 319.084 9503.51 7454.58 1526260000.0
545 -0.00445 0.000319141 -613.482 4683.78 311.278 318.727 10104.1 7906.23 1523380000.0
544 -0.00435 0.000318165 -615.368 4684.46 310.371 318.352 10735.5 8372.38 1520350000.0
543 -0.00425 0.000317141 -617.35 4685.2 309.421 317.955 11413.7 8863.86 1517160000.0
542 -0.00415 0.000316029 -619.524 4686.0 308.389 317.521 12143.0 9420.17 1513740000.0
541 -0.00405 0.000314854 -621.836 4686.73 307.29 317.058 12914.2 10003.9 1510100000.0
540 -0.00395 0.00031363 -624.265 4687.41 306.139 316.577 13716.7 10591.5 1506320000.0
539 -0.00385 0.000312341 -626.841 4687.99 304.92 316.064 14563.3 11209.8 1502280000.0
538 -0.00375 0.000310937 -629.67 4688.68 303.594 315.497 15489.8 11932.2 1497970000.0
537 -0.00365 0.000309462 -632.67 4689.41 302.2 314.897 16468.7 12689.0 1493430000.0
536 -0.00355 0.000307915 -635.848 4690.15 300.737 314.265 17509.6 13489.3 1488680000.0
535 -0.00345 0.000306268 -639.271 4690.62 299.159 313.585 18601.1 14355.2 1483570000.0
534 -0.00335 0.000304551 -642.864 4691.22 297.52 312.867 19757.3 15250.6 1478250000.0
533 -0.00325 0.000302725 -646.752 4691.76 295.77 312.094 20994.3 16246.4 1472600000.0
532 -0.00315 0.00030081 -650.868 4692.07 293.919 311.275 22285.3 17297.8 1466660000.0
531 -0.00305 0.000298811 -655.22 4692.44 291.988 310.412 23653.8 18408.0 1460460000.0
530 -0.00295 0.000296699 -659.885 4692.68 289.94 309.48 25103.2 19607.5 1453850000.0
529 -0.00285 0.000294488 -664.839 4692.67 287.778 308.5 26621.4 20891.4 1446970000.0
528 -0.00275 0.000292155 -670.152 4692.75 285.503 307.442 28250.6 22302.9 1439710000.0
527 -0.00265 0.000289726 -675.768 4692.74 283.128 306.329 29962.9 23797.1 1432140000.0
526 -0.00255 0.000287203 -681.704 4692.26 280.635 305.152 31741.1 25384.2 1424170000.0
525 -0.00245 0.000284572 -688.011 4691.69 278.03 303.904 33612.1 27066.4 1415840000.0
524 -0.00235 0.00028181 -694.75 4690.95 275.287 302.569 35601.1 28921.9 1407140000.0
523 -0.00225 0.000278982 -701.801 4689.92 272.466 301.176 37654.1 30830.9 1398120000.0
522 -0.00215 0.000276026 -709.31 4688.59 269.502 299.689 39813.3 32905.9 1388670000.0
521 -0.00205 0.000272969 -717.251 4687.05 266.43 298.118 42081.4 35115.6 1378850000.0
520 -0.00195 0.000269825 -725.614 4685.15 263.255 296.47 44439.0 37454.5 1368720000.0
519 -0.00185 0.000266593 -734.404 4682.85 259.973 294.73 46886.2 39915.0 1358190000.0
518 -0.00175 0.000263266 -743.688 4679.94 256.569 292.898 49422.8 42537.1 1347310000.0
517 -0.00165 0.00025984 -753.499 4676.63 253.051 290.967 52075.6 45346.9 1336100000.0
516 -0.00155 0.00025633 -763.807 4672.55 249.415 288.931 54804.4 48307.5 1324510000.0
515 -0.00145 0.000252761 -774.599 4668.03 245.705 286.809 57620.8 51405.2 1312680000.0
514 -0.00135 0.000249102 -785.968 4662.77 241.875 284.57 60538.8 54708.4 1300470000.0
513 -0.00125 0.000245409 -797.802 4656.79 237.983 282.246 63516.2 58117.9 1288080000.0
512 -0.00115 0.000241655 -810.19 4649.84 233.993 279.806 66565.6 61702.4 1275350000.0
511 -0.00105 0.000237835 -823.2 4642.12 229.912 277.252 69706.2 65491.6 1262420000.0
510 -0.00095 0.000233998 -836.706 4633.43 225.78 274.6 72896.5 69387.0 1249300000.0
509 -0.00085 0.000230126 -850.78 4623.48 221.567 271.84 76125.2 73448.9 1236020000.0
508 -0.00075 0.000226231 -865.423 4612.51 217.3 268.966 79407.6 77659.2 1222570000.0
507 -0.00065 0.000222333 -880.602 4600.25 212.989 265.992 82716.1 81995.3 1209040000.0
506 -0.00055 0.000218442 -896.277 4586.65 208.642 262.914 86024.5 86405.6 1195380000.0
505 -0.00045 0.00021455 -912.544 4571.83 204.262 259.733 89368.3 90965.8 1181760000.0
504 -0.00035 0.000210669 -929.357 4555.3 199.842 256.438 92692.9 95613.4 1168020000.0
503 -0.00025 0.000206818 -946.664 4537.43 195.419 253.051 96007.0 100322.0 1154360000.0
502 -0.00015 0.000202987 -964.524 4517.71 190.966 249.554 99289.7 105109.0 1140720000.0
501 -5e-05 0.000199203 -982.842 4496.13 186.511 245.97 102512.0 109922.0 1127140000.0
500 5e-05 0.000195469 -1001.63 4472.88 182.069 242.298 105681.0 114744.0 1113690000.0
499 0.00015 0.000191786 -1020.86 4447.6 177.628 238.534 108759.0 119550.0 1100280000.0
498 0.00025 0.000188163 -1040.5 4420.55 173.213 234.691 111760.0 124332.0 1087060000.0
497 0.00035 0.00018461 -1060.54 4391.45 168.823 230.777 114650.0 129053.0 1074000000.0
496 0.00045 0.00018112 -1080.98 4360.53 164.466 226.785 117445.0 133711.0 1061130000.0
495 0.00055 0.000177715 -1101.68 4327.6 160.155 222.736 120091.0 138226.0 1048370000.0
494 0.00065 0.000174371 -1122.82 4292.28 155.859 218.607 122601.0 142673.0 1035780000.0
493 0.00075 0.00017113 -1144.08 4255.16 151.639 214.455 124947.0 146920.0 1023400000.0
492 0.00085 0.000167968 -1165.62 4215.69 147.457 210.245 127121.0 151002.0 1011090000.0
491 0.00095 0.000164896 -1187.33 4174.58 143.348 206.004 129135.0 154885.0 999025000.0
490 0.00105 0.000161905 -1209.27 4131.12 139.283 201.72 130963.0 158589.0 987068000.0
489 0.00115 0.00015901 -1231.28 4085.91 135.295 197.421 132607.0 162045.0 975275000.0
488 0.00125 0.000156195 -1253.47 4038.57 131.36 193.086 134058.0 165274.0 963550000.0
487 0.00135 0.000153482 -1275.63 3989.6 127.514 188.759 135309.0 168221.0 951937000.0
486 0.00145 0.000150846 -1297.92 3938.48 123.718 184.406 136357.0 170930.0 940382000.0
485 0.00155 0.000148298 -1320.21 3885.76 120.0 180.053 137210.0 173364.0 928905000.0
484 0.00165 0.000145855 -1342.34 3831.41 116.372 175.733 137840.0 175476.0 917395000.0
483 0.00175 0.000143497 -1364.4 3775.72 112.827 171.425 138280.0 177304.0 905950000.0
482 0.00185 0.000141222 -1386.39 3718.46 109.354 167.134 138517.0 178847.0 894476000.0
481 0.00195 0.000139025 -1408.28 3659.56 105.948 162.855 138543.0 180097.0 882907000.0
480 0.00205 0.000136932 -1429.82 3600.13 102.658 158.651 138389.0 181023.0 871341000.0
479 0.00215 0.000134904 -1451.29 3539.31 99.4291 154.455 138046.0 181674.0 859662000.0
478 0.00225 0.000132961 -1472.53 3477.27 96.2792 150.312 137508.0 182037.0 847879000.0
477 0.00235 0.000131089 -1493.54 3414.57 93.2119 146.21 136806.0 182130.0 836034000.0
476 0.00245 0.000129298 -1514.24 3351.07 90.2288 142.164 135922.0 181919.0 823965000.0
475 0.00255 0.000127586 -1534.55 3287.42 87.3434 138.202 134898.0 181463.0 811904000.0
474 0.00265 0.000125935 -1554.67 3222.85 84.5194 134.27 133704.0 180742.0 799590000.0
473 0.00275 0.000124355 -1574.43 3158.01 81.7796 130.412 132373.0 179790.0 787208000.0
472 0.00285 0.000122846 -1593.77 3093.34 79.1329 126.636 130921.0 178595.0 774698000.0
471 0.00295 0.000121396 -1612.81 3028.19 76.5519 122.917 129325.0 177171.0 761943000.0
470 0.00305 0.000120011 -1631.43 2963.32 74.0575 119.282 127635.0 175559.0 749181000.0
469 0.00315 0.000118682 -1649.69 2898.41 71.633 115.715 125824.0 173744.0 736191000.0
468 0.00325 0.000117409 -1667.57 2833.87 69.2869 112.222 123930.0 171752.0 723143000.0
467 0.00335 0.000116196 -1684.99 2769.69 67.0179 108.82 121947.0 169596.0 709960000.0
466 0.00345 0.000115029 -1702.1 2705.76 64.8134 105.48 119885.0 167290.0 696669000.0
465 0.00355 0.000113909 -1718.83 2642.23 62.6754 102.213 117752.0 164847.0 683298000.0
464 0.00365 0.000112842 -1735.07 2579.55 60.6155 99.0405 115572.0 162287.0 669912000.0
463 0.00375 0.000111821 -1750.91 2517.45 58.6213 95.9471 113329.0 159607.0 656387000.0
462 0.00385 0.000110847 -1766.28 2456.37 56.7007 92.9418 111058.0 156832.0 642872000.0
461 0.00395 0.000109916 -1781.25 2395.9 54.8405 90.0199 108745.0 153982.0 629319000.0
460 0.00405 0.000109028 -1795.77 2336.54 53.0493 87.1831 106414.0 151060.0 615787000.0
459 0.00415 0.000108174 -1809.94 2277.98 51.3148 84.415 104061.0 148070.0 602245000.0
458 0.00425 0.000107358 -1823.71 2220.39 49.64 81.7253 101693.0 145027.0 588727000.0
457 0.00435 0.000106574 -1837.1 2163.72 48.0201 79.1105 99320.1 141954.0 575292000.0
456 0.00445 0.000105827 -1850.1 2108.14 46.4587 76.5714 96943.0 138838.0 561871000.0
455 0.00455 0.000105115 -1862.61 2053.96 44.9602 74.1291 94584.7 135726.0 548604000.0
454 0.00465 0.000104431 -1874.84 2000.42 43.5031 71.7399 92211.6 132576.0 535317000.0
453 0.00475 0.000103775 -1886.66 1948.12 42.0998 69.4305 89862.4 129439.0 522222000.0
452 0.00485 0.000103145 -1898.18 1896.72 40.7401 67.1775 87512.4 126274.0 509123000.0
451 0.00495 0.000102547 -1909.26 1846.99 39.4419 65.0149 85216.8 123150.0 496316000.0
450 0.00505 0.000101974 -1920.0 1798.1 38.1834 62.9175 82921.4 120028.0 483536000.0
449 0.00515 0.000101426 -1930.36 1750.55 36.9738 60.8914 80664.8 116935.0 470960000.0
448 0.00525 0.000100902 -1940.4 1704.19 35.8085 58.9327 78439.0 113873.0 458570000.0
447 0.00535 0.0001004 -1950.11 1659.01 34.6859 57.0362 76250.3 110842.0 446377000.0
446 0.00545 9.99153e-05 -1959.54 1614.73 33.597 55.1925 74079.1 107830.0 434282000.0
445 0.00555 9.94562e-05 -1968.62 1571.79 32.5533 53.4188 71954.2 104866.0 422421000.0
444 0.00565 9.90147e-05 -1977.38 1530.1 31.5493 51.7069 69873.6 101949.0 410789000.0
443 0.00575 9.85919e-05 -1985.87 1489.45 30.5799 50.0488 67826.3 99073.7 399336000.0
442 0.00585 9.81926e-05 -1993.95 1450.41 29.6578 48.4704 65845.0 96274.0 388190000.0
441 0.00595 9.78033e-05 -2001.87 1411.99 28.7578 46.9218 63879.7 93492.0 377159000.0
440 0.00605 9.74325e-05 -2009.5 1374.71 27.8923 45.4314 61958.8 90769.2 366353000.0
439 0.00615 9.70786e-05 -2016.83 1338.66 27.0623 43.9987 60089.3 88110.6 355819000.0
438 0.00625 9.67369e-05 -2023.94 1303.39 26.2564 42.6096 58248.7 85500.5 345456000.0
437 0.00635 9.64117e-05 -2030.77 1269.53 25.4884 41.2749 56468.8 82946.1 335362000.0
436 0.00645 9.60992e-05 -2037.38 1236.53 24.7453 39.9838 54724.8 80449.4 325484000.0
435 0.00655 9.58013e-05 -2043.71 1204.79 24.0355 38.7478 53039.8 78026.0 315900000.0
434 0.00665 9.55147e-05 -2049.85 1173.75 23.3463 37.5469 51380.6 75641.7 306455000.0
433 0.00675 9.52365e-05 -2055.83 1143.43 22.6769 36.3791 49754.3 73306.5 297221000.0
432 0.00685 9.49724e-05 -2061.54 1114.41 22.0399 35.2634 48187.9 71041.6 288261000.0
431 0.00695 9.47199e-05 -2067.07 1086.23 21.4255 34.1833 46661.7 68827.0 279523000.0
430 0.00705 9.44741e-05 -2072.41 1058.79 20.8302 33.1395 45167.4 66668.4 270973000.0
429 0.00715 9.42389e-05 -2077.6 1032.14 20.2554 32.1254 43712.9 64554.7 262635000.0
428 0.00725 9.40143e-05 -2082.55 1006.5 19.705 31.1568 42304.4 62509.9 254537000.0
427 0.00735 9.38006e-05 -2087.31 981.751 19.1768 30.2272 40943.9 60533.2 246702000.0
426 0.00745 9.35954e-05 -2091.87 957.992 18.6718 29.3368 39629.3 58615.8 239088000.0
425 0.00755 9.33997e-05 -2096.28 934.849 18.1826 28.4749 38346.3 56748.2 231662000.0
424 0.00765 9.32071e-05 -2100.59 912.233 17.7062 27.6338 37087.9 54918.2 224393000.0
423 0.00775 9.3025e-05 -2104.7 890.538 17.2513 26.8281 35876.8 53148.1 217364000.0
422 0.00785 9.28508e-05 -2108.66 869.749 16.817 26.0563 34715.0 51441.5 210604000.0
421 0.00795 9.26839e-05 -2112.45 849.701 16.3999 25.3152 33587.2 49781.4 203993000.0
420 0.00805 9.25226e-05 -2116.14 830.117 15.994 24.5944 32487.0 48169.1 197590000.0
419 0.00815 9.2368e-05 -2119.68 811.268 15.6047 23.9033 31423.0 46607.6 191362000.0
418 0.00825 9.2219e-05 -2123.1 792.968 15.2281 23.2338 30387.1 45086.1 185289000.0
417 0.00835 9.20761e-05 -2126.4 775.23 14.8644 22.5892 29381.4 43613.9 179401000.0
416 0.00845 9.19396e-05 -2129.55 758.368 14.5195 21.9739 28423.5 42197.7 173757000.0
415 0.00855 9.18084e-05 -2132.59 741.913 14.1842 21.3793 27485.3 40819.5 168225000.0
414 0.00865 9.16842e-05 -2135.5 726.176 13.8646 20.8103 26587.4 39493.9 162912000.0
413 0.00875 9.15606e-05 -2138.34 710.91 13.5548 20.2558 25714.9 38200.3 157754000.0
412 0.00885 9.14465e-05 -2141.07 696.071 13.2553 19.7231 24865.0 36948.9 152725000.0
411 0.00895 9.13317e-05 -2143.71 681.723 12.9658 19.2064 24040.9 35731.6 147843000.0
410 0.00905 9.12252e-05 -2146.23 668.014 12.6903 18.7151 23253.1 34566.6 143167000.0
409 0.00915 9.11197e-05 -2148.71 654.446 12.4181 18.2296 22470.4 33414.2 138530000.0
408 0.00925 9.10214e-05 -2151.06 641.604 12.1613 17.7703 21730.5 32317.6 134127000.0
407 0.00935 9.09228e-05 -2153.35 629.1 11.9114 17.3232 21007.9 31247.1 129828000.0
406 0.00945 9.08308e-05 -2155.56 616.938 11.6693 16.8912 20304.1 30210.5 125645000.0
405 0.00955 9.07421e-05 -2157.65 605.467 11.4411 16.4834 19639.3 29223.5 121664000.0
404 0.00965 9.06566e-05 -2159.7 594.247 11.2185 16.0824 18988.5 28252.9 117773000.0
403 0.00975 9.0574e-05 -2161.66 583.399 11.0037 15.6992 18358.0 27320.7 113997000.0
402 0.00985 9.04958e-05 -2163.55 572.982 10.7979 15.3305 17751.0 26418.7 110350000.0
401 0.00995 9.04191e-05 -2165.37 562.861 10.5982 14.9739 17162.2 25547.4 106827000.0
400 0.01005 9.03455e-05 -2167.13 553.106 10.406 14.6302 16593.4 24702.9 103403000.0
399 0.01015 9.02757e-05 -2168.81 543.765 10.2224 14.3022 16049.0 23895.8 100133000.0
398 0.01025 9.02066e-05 -2170.45 534.604 10.0425 13.9812 15512.4 23103.0 96907600.0
397 0.01035 9.01429e-05 -2172.03 525.895 9.8719 13.6741 15003.3 22342.0 93832700.0
396 0.01045 9.00793e-05 -2173.54 517.442 9.70636 13.3776 14508.0 21605.0 90840300.0
395 0.01055 9.00178e-05 -2175.01 509.209 9.54541 13.0906 14025.5 20891.3 87930600.0
394 0.01065 8.996e-05 -2176.44 501.247 9.39013 12.812 13557.3 20195.7 85102200.0
393 0.01075 8.99043e-05 -2177.79 493.654 9.24214 12.5468 13113.1 19533.7 82414200.0
392 0.01085 8.98491e-05 -2179.11 486.304 9.09895 12.2895 12680.7 18888.6 79794000.0
391 0.01095 8.97964e-05 -2180.38 479.188 8.96055 12.0412 12261.9 18264.2 77254500.0
390 0.01105 8.97458e-05 -2181.61 472.254 8.82591 11.8005 11853.4 17658.4 74778700.0
389 0.01115 8.96988e-05 -2182.78 465.674 8.69839 11.5734 11465.8 17082.3 72415600.0
388 0.01125 8.96525e-05 -2183.91 459.28 8.57451 11.3516 11089.4 16522.0 70127100.0
387 0.01135 8.96059e-05 -2185.01 453.078 8.45433 11.1361 10722.7 15974.8 67889400.0
386 0.01145 8.95625e-05 -2186.09 446.985 8.3366 10.9248 10362.9 15439.5 65705100.0
385 0.01155 8.95193e-05 -2187.14 441.072 8.22235 10.7205 10014.7 14924.4 63604200.0
384 0.01165 8.9479e-05 -2188.12 435.529 8.11537 10.5283 9686.29 14432.8 61589800.0
383 0.01175 8.94403e-05 -2189.07 430.162 8.01189 10.3429 9369.06 13959.2 59649700.0
382 0.01185 8.94022e-05 -2189.99 424.917 7.91083 10.1628 9057.99 13498.5 57749700.0
381 0.01195 8.93675e-05 -2190.87 420.004 7.81633 9.99242 8767.96 13061.8 55968700.0
380 0.01205 8.9332e-05 -2191.72 415.074 7.72153 9.82457 8476.09 12632.2 54191900.0
379 0.01215 8.92974e-05 -2192.58 410.241 7.62865 9.65776 8188.5 12205.0 52438400.0
378 0.01225 8.92657e-05 -2193.35 405.833 7.54401 9.50652 7928.2 11815.2 50836300.0
377 0.01235 8.92345e-05 -2194.12 401.434 7.45963 9.35553 7666.75 11426.0 49235200.0
376 0.01245 8.92043e-05 -2194.86 397.225 7.37891 9.21081 7416.59 11052.4 47695000.0
375 0.01255 8.91764e-05 -2195.56 393.245 7.30269 9.07439 7180.32 10699.0 46237500.0
374 0.01265 8.91469e-05 -2196.26 389.256 7.22623 8.93716 6943.12 10344.5 44779600.0
373 0.01275 8.91209e-05 -2196.92 385.502 7.15443 8.80865 6720.49 10011.9 43410300.0
372 0.01285 8.90954e-05 -2197.55 381.895 7.08548 8.6849 6505.93 9690.08 42080700.0
371 0.01295 8.90696e-05 -2198.19 378.253 7.01587 8.56093 6289.05 9369.13 40755400.0
370 0.01305 8.90445e-05 -2198.79 374.808 6.95001 8.44404 6084.46 9065.54 39495000.0
369 0.01315 8.9021e-05 -2199.38 371.387 6.88476 8.32776 5880.47 8764.18 38246500.0
368 0.01325 8.89984e-05 -2199.95 368.157 6.82316 8.21733 5688.44 8477.48 37065500.0
367 0.01335 8.89759e-05 -2200.49 365.079 6.7644 8.11104 5504.79 8200.45 35927300.0
366 0.01345 8.89562e-05 -2200.99 362.182 6.70924 8.01308 5332.09 7942.04 34847800.0
365 0.01355 8.89345e-05 -2201.5 359.296 6.65414 7.91456 5160.48 7686.03 33792300.0
364 0.01365 8.89174e-05 -2201.97 356.531 6.60167 7.82158 4994.87 7440.66 32761500.0
363 0.01375 8.88966e-05 -2202.44 353.85 6.5505 7.73064 4835.63 7203.84 31778200.0
362 0.01385 8.88785e-05 -2202.91 351.15 6.4992 7.63934 4674.36 6965.28 30786200.0
361 0.01395 8.8861e-05 -2203.35 348.605 6.45081 7.5528 4522.76 6739.02 29851000.0
360 0.01405 8.88445e-05 -2203.77 346.189 6.40491 7.47124 4378.75 6524.69 28955800.0
359 0.01415 8.88277e-05 -2204.17 343.874 6.36089 7.39174 4239.9 6314.66 28085400.0
358 0.01425 8.88113e-05 -2204.57 341.588 6.31742 7.31392 4104.04 6111.66 27248300.0
357 0.01435 8.87968e-05 -2204.94 339.419 6.2763 7.24127 3973.78 5918.53 26431300.0
356 0.01445 8.87812e-05 -2205.32 337.259 6.23525 7.16785 3845.18 5727.03 25640600.0
355 0.01455 8.87672e-05 -2205.68 335.144 6.19517 7.09654 3718.95 5539.52 24858700.0
354 0.01465 8.87537e-05 -2206.03 333.139 6.15719 7.0289 3598.47 5360.69 24108700.0
353 0.01475 8.87399e-05 -2206.36 331.23 6.12095 6.96409 3484.64 5189.87 23399000.0
352 0.01485 8.87271e-05 -2206.67 329.464 6.08744 6.90401 3379.49 5030.37 22737600.0
351 0.01495 8.87139e-05 -2206.98 327.623 6.05251 6.84169 3268.64 4865.46 22045400.0
350 0.01505 8.87029e-05 -2207.27 325.95 6.02085 6.78529 3169.07 4715.87 21422600.0
349 0.01515 8.86914e-05 -2207.57 324.212 5.98798 6.72674 3064.81 4561.49 20776300.0
348 0.01525 8.86788e-05 -2207.87 322.515 5.95578 6.6696 2963.35 4411.45 20149600.0
347 0.01535 8.86691e-05 -2208.13 321.002 5.9272 6.61845 2872.6 4274.09 19574200.0
346 0.01545 8.86573e-05 -2208.39 319.467 5.89807 6.56706 2781.44 4139.53 19011800.0
345 0.01555 8.86472e-05 -2208.66 317.965 5.86967 6.51564 2691.34 4003.99 18451900.0
344 0.01565 8.86373e-05 -2208.9 316.513 5.84222 6.46771 2604.44 3876.66 17910500.0
343 0.01575 8.86285e-05 -2209.13 315.174 5.81693 6.42245 2523.83 3755.41 17400000.0
342 0.01585 8.86188e-05 -2209.37 313.79 5.79075 6.37613 2441.3 3633.92 16893500.0
341 0.01595 8.86105e-05 -2209.58 312.567 5.76763 6.33498 2368.02 3523.76 16429200.0
340 0.01605 8.86024e-05 -2209.79 311.343 5.74453 6.29373 2294.71 3413.62 15968000.0
339 0.01615 8.85927e-05 -2210.0 310.089 5.72076 6.25187 2219.46 3303.18 15501900.0
338 0.01625 8.85852e-05 -2210.19 308.982 5.69986 6.21486 2153.09 3203.55 15080900.0
337 0.01635 8.85786e-05 -2210.39 307.879 5.67908 6.17796 2086.87 3104.28 14661900.0
336 0.01645 8.85701e-05 -2210.57 306.769 5.65807 6.14075 2020.48 3005.93 14248600.0
335 0.01655 8.85636e-05 -2210.76 305.677 5.63751 6.10414 1955.37 2909.21 13844300.0
334 0.01665 8.85568e-05 -2210.93 304.702 5.6191 6.07143 1896.46 2820.53 13468500.0
333 0.01675 8.85492e-05 -2211.1 303.707 5.60028 6.03806 1836.92 2731.88 13094000.0
332 0.01685 8.85437e-05 -2211.27 302.708 5.58151 6.00508 1777.11 2644.18 12723700.0
331 0.01695 8.8536e-05 -2211.42 301.809 5.56445 5.97447 1722.99 2561.94 12379100.0
330 0.01705 8.85302e-05 -2211.58 300.928 5.54784 5.94459 1670.33 2482.16 12045600.0
329 0.01715 8.85253e-05 -2211.73 300.065 5.53163 5.91601 1618.58 2405.62 11720400.0
328 0.01725 8.85185e-05 -2211.86 299.244 5.51607 5.88875 1569.36 2332.18 11408800.0
327 0.01735 8.85132e-05 -2212.01 298.415 5.50045 5.86098 1519.74 2258.46 11098200.0
326 0.01745 8.85076e-05 -2212.15 297.585 5.4848 5.83347 1469.73 2185.36 10788200.0
325 0.01755 8.85023e-05 -2212.27 296.815 5.47029 5.80812 1423.66 2117.64 10497700.0
324 0.01765 8.84977e-05 -2212.4 296.118 5.45716 5.78421 1381.67 2053.1 10230100.0
323 0.01775 8.84922e-05 -2212.52 295.409 5.44375 5.76063 1339.28 1989.94 9961850.0
322 0.01785 8.8488e-05 -2212.64 294.725 5.4309 5.73748 1298.51 1928.24 9703880.0
321 0.01795 8.84832e-05 -2212.74 294.116 5.41938 5.71742 1261.76 1872.47 9463330.0
320 0.01805 8.84795e-05 -2212.86 293.442 5.40673 5.69522 1221.24 1813.09 9210990.0
319 0.01815 8.84752e-05 -2212.96 292.823 5.39506 5.67498 1183.92 1758.43 8974400.0
318 0.01825 8.84708e-05 -2213.06 292.228 5.38383 5.65495 1148.38 1704.77 8748720.0
317 0.01835 8.84668e-05 -2213.16 291.637 5.3727 5.63502 1113.18 1651.87 8527950.0
316 0.01845 8.8463e-05 -2213.27 291.02 5.36111 5.61437 1075.85 1596.91 8295660.0
315 0.01855 8.84591e-05 -2213.35 290.509 5.35145 5.59788 1045.1 1551.33 8095860.0
314 0.01865 8.84555e-05 -2213.45 289.936 5.34068 5.57824 1010.68 1499.55 7882110.0
313 0.01875 8.84515e-05 -2213.54 289.426 5.33105 5.56159 980.446 1455.21 7692690.0
312 0.01885 8.84488e-05 -2213.62 288.915 5.32146 5.54453 949.28 1409.0 7495070.0
311 0.01895 8.84451e-05 -2213.71 288.404 5.31184 5.52726 918.533 1362.8 7300580.0
310 0.01905 8.8442e-05 -2213.79 287.96 5.30347 5.51285 892.495 1324.7 7137950.0
309 0.01915 8.8439e-05 -2213.87 287.503 5.29488 5.49778 864.549 1283.04 6958190.0
308 0.01925 8.8436e-05 -2213.93 287.08 5.28691 5.48403 839.179 1245.88 6796600.0
307 0.01935 8.84341e-05 -2214.01 286.662 5.27909 5.47012 813.983 1208.03 6635980.0
306 0.01945 8.84298e-05 -2214.08 286.234 5.27096 5.456 788.379 1170.5 6475730.0
305 0.01955 8.84276e-05 -2214.14 285.876 5.26423 5.44456 767.204 1139.29 6338750.0
304 0.01965 8.8425e-05 -2214.21 285.465 5.25652 5.43071 742.286 1102.26 6183150.0
303 0.01975 8.84226e-05 -2214.27 285.089 5.24945 5.41815 719.584 1068.19 6037430.0
302 0.01985 8.84202e-05 -2214.34 284.727 5.24264 5.40589 697.979 1035.58 5901760.0
301 0.01995 8.84182e-05 -2214.39 284.386 5.23623 5.39452 677.407 1004.42 5768250.0
300 0.02005 8.84159e-05 -2214.45 284.052 5.22996 5.38352 657.304 975.014 5641310.0
299 0.02015 8.84128e-05 -2214.51 283.697 5.22323 5.37207 636.248 944.645 5510510.0
298 0.02025 8.84101e-05 -2214.56 283.405 5.21769 5.36182 618.312 916.619 5392930.0
297 0.02035 8.84092e-05 -2214.61 283.102 5.21208 5.35217 600.324 889.996 5278210.0
296 0.02045 8.84078e-05 -2214.66 282.787 5.20619 5.34195 581.405 862.356 5158000.0
295 0.02055 8.84048e-05 -2214.71 282.474 5.20024 5.33135 562.44 834.328 5040250.0
294 0.02065 8.84023e-05 -2214.76 282.221 5.19545 5.32331 547.36 812.245 4942380.0
293 0.02075 8.84012e-05 -2214.81 281.918 5.1898 5.31332 529.25 785.519 4828600.0
292 0.02085 8.83991e-05 -2214.85 281.669 5.18509 5.30475 514.148 762.478 4731130.0
291 0.02095 8.8397e-05 -2214.9 281.417 5.18033 5.29667 498.884 740.345 4633800.0
290 0.02105 8.83956e-05 -2214.94 281.141 5.17518 5.28724 482.526 715.679 4532320.0
289 0.02115 8.83939e-05 -2214.98 280.909 5.1708 5.2794 468.394 694.012 4439710.0
288 0.02125 8.83926e-05 -2215.02 280.664 5.16622 5.27144 453.656 672.643 4347990.0
287 0.02135 8.8391e-05 -2215.06 280.414 5.16152 5.26329 438.741 651.096 4256050.0
286 0.02145 8.83884e-05 -2215.1 280.171 5.1569 5.25528 424.161 630.123 4165560.0
285 0.02155 8.83877e-05 -2215.14 279.992 5.15355 5.24933 413.54 613.355 4094360.0
284 0.02165 8.83866e-05 -2215.17 279.805 5.15005 5.24292 402.096 595.54 4018340.0
283 0.02175 8.83853e-05 -2215.2 279.616 5.1465 5.23672 390.894 578.772 3946460.0
282 0.02185 8.83838e-05 -2215.24 279.411 5.14263 5.22974 378.33 559.962 3867830.0
281 0.02195 8.83826e-05 -2215.27 279.217 5.139 5.22365 366.95 543.583 3794820.0
280 0.02205 8.8381e-05 -2215.3 279.043 5.1357 5.218 356.318 527.781 3726700.0
279 0.02215 8.83799e-05 -2215.33 278.851 5.13211 5.21166 344.839 511.044 3654360.0
278 0.02225 8.8379e-05 -2215.36 278.697 5.12921 5.20652 335.727 496.999 3594380.0
277 0.02235 8.83783e-05 -2215.38 278.528 5.12607 5.20093 325.53 481.877 3528980.0
276 0.02245 8.83759e-05 -2215.42 278.349 5.12264 5.19501 314.745 466.338 3462900.0
275 0.02255 8.83751e-05 -2215.44 278.197 5.11979 5.18985 305.448 452.196 3401610.0
274 0.02265 8.83744e-05 -2215.47 278.047 5.11699 5.185 296.584 439.295 3346570.0
273 0.02275 8.83737e-05 -2215.49 277.892 5.1141 5.17974 287.319 425.287 3287570.0
272 0.02285 8.83729e-05 -2215.52 277.756 5.11154 5.17533 278.985 413.174 3233840.0
271 0.02295 8.8371e-05 -2215.54 277.634 5.10919 5.17141 271.79 402.452 3186110.0
270 0.02305 8.83708e-05 -2215.56 277.514 5.10697 5.16736 264.45 391.05 3137830.0
269 0.02315 8.83702e-05 -2215.58 277.363 5.10415 5.16274 255.289 378.804 3081760.0
268 0.02325 8.83695e-05 -2215.6 277.265 5.10232 5.15937 249.596 369.299 3042470.0
267 0.02335 8.83671e-05 -2215.62 277.12 5.09951 5.15447 240.734 356.381 2987030.0
266 0.02345 8.83678e-05 -2215.64 276.992 5.0972 5.15042 233.113 345.423 2939330.0
265 0.02355 8.83662e-05 -2215.66 276.886 5.09516 5.14691 226.722 335.952 2898640.0
264 0.02365 8.83654e-05 -2215.68 276.776 5.09309 5.1435 220.189 326.432 2855960.0
263 0.02375 8.83654e-05 -2215.7 276.642 5.09061 5.13912 212.008 314.819 2805600.0
262 0.02385 8.83643e-05 -2215.72 276.557 5.08899 5.13617 206.919 306.846 2771930.0
261 0.02395 8.83635e-05 -2215.73 276.46 5.08716 5.13302 201.125 297.847 2733080.0
260 0.02405 8.83623e-05 -2215.75 276.374 5.08551 5.1299 195.931 289.669 2699420.0
259 0.02415 8.8362e-05 -2215.76 276.274 5.08365 5.12687 189.938 281.071 2659610.0
258 0.02425 8.83627e-05 -2215.78 276.181 5.08197 5.12387 184.518 273.251 2626510.0
257 0.02435 8.83602e-05 -2215.8 276.092 5.08019 5.12088 178.709 264.873 2588780.0
256 0.02445 8.83612e-05 -2215.81 276.008 5.0787 5.11835 173.819 257.732 2557560.0
255 0.02455 8.83604e-05 -2215.82 275.936 5.07733 5.11587 169.615 251.154 2528960.0
254 0.02465 8.83593e-05 -2215.84 275.846 5.07561 5.11258 164.225 242.512 2494840.0
253 0.02475 8.83587e-05 -2215.85 275.762 5.07404 5.10993 159.058 235.183 2461770.0
252 0.02485 8.8359e-05 -2215.86 275.692 5.07276 5.10774 154.861 228.932 2434710.0
251 0.02495 8.83572e-05 -2215.87 275.629 5.0715 5.10565 150.965 223.204 2408480.0
250 0.02505 8.83583e-05 -2215.88 275.57 5.07048 5.10393 147.521 217.886 2384160.0
249 0.02515 8.83571e-05 -2215.89 275.487 5.06889 5.10118 142.703 211.019 2354500.0
248 0.02525 8.83567e-05 -2215.91 275.433 5.06786 5.09915 139.309 205.234 2331020.0
247 0.02535 8.83561e-05 -2215.92 275.346 5.06624 5.09635 133.945 197.79 2298420.0
246 0.02545 8.83559e-05 -2215.93 275.281 5.06502 5.09437 130.233 192.345 2274150.0
245 0.02555 8.83551e-05 -2215.94 275.227 5.06398 5.09255 127.117 187.67 2253950.0
244 0.02565 8.83548e-05 -2215.95 275.175 5.06301 5.09076 123.686 182.018 2229930.0
243 0.02575 8.8355e-05 -2215.96 275.115 5.06192 5.08909 120.225 177.48 2208190.0
242 0.02585 8.83545e-05 -2215.97 275.054 5.06076 5.08685 116.528 171.53 2184530.0
241 0.02595 8.83535e-05 -2215.98 274.993 5.05958 5.08487 112.804 166.238 2160650.0
240 0.02605 8.83538e-05 -2215.99 274.942 5.05866 5.0832 109.798 161.605 2141660.0
239 0.02615 8.83537e-05 -2216.0 274.882 5.05756 5.08136 106.132 156.495 2118530.0
238 0.02625 8.83525e-05 -2216.0 274.825 5.05643 5.07932 102.846 151.556 2097730.0
237 0.02635 8.8352e-05 -2216.01 274.78 5.05558 5.07775 100.013 147.156 2079360.0
236 0.02645 8.83524e-05 -2216.02 274.735 5.05478 5.07643 97.3868 143.317 2061960.0
235 0.02655 8.83521e-05 -2216.03 274.684 5.05382 5.07477 94.1579 138.614 2041260.0
234 0.02665 8.83513e-05 -2216.04 274.632 5.05282 5.07303 91.0689 134.147 2021730.0
233 0.02675 8.83513e-05 -2216.05 274.591 5.05207 5.07191 88.8031 130.982 2007990.0
232 0.02685 8.8351e-05 -2216.05 274.559 5.05145 5.0708 86.6116 127.431 1991190.0
231 0.02695 8.83517e-05 -2216.06 274.524 5.05086 5.06976 84.6673 124.564 1978990.0
230 0.02705 8.83505e-05 -2216.06 274.474 5.04988 5.06792 81.9209 120.212 1961560.0
229 0.02715 8.83497e-05 -2216.07 274.449 5.04936 5.0671 80.1578 117.574 1949470.0
228 0.02725 8.83501e-05 -2216.08 274.407 5.0486 5.06575 77.5813 113.9 1933130.0
227 0.02735 8.83499e-05 -2216.08 274.359 5.04771 5.06431 74.6139 109.738 1914730.0
226 0.02745 8.83496e-05 -2216.09 274.32 5.04698 5.06303 72.4321 106.592 1900910.0
225 0.02755 8.83498e-05 -2216.09 274.284 5.04633 5.06197 70.2764 103.539 1887640.0
224 0.02765 8.83493e-05 -2216.1 274.252 5.04571 5.06103 68.2736 100.695 1873710.0
223 0.02775 8.83483e-05 -2216.11 274.222 5.04511 5.06002 66.4882 97.8865 1861910.0
222 0.02785 8.83489e-05 -2216.11 274.197 5.04468 5.05915 65.0305 95.6396 1852100.0
221 0.02795 8.83493e-05 -2216.11 274.169 5.04418 5.05842 63.3294 93.3795 1841100.0
220 0.02805 8.83489e-05 -2216.12 274.146 5.04373 5.05758 61.8628 90.8574 1830460.0
219 0.02815 8.83483e-05 -2216.13 274.1 5.04286 5.05605 59.1791 87.0138 1814450.0
218 0.02825 8.83476e-05 -2216.13 274.072 5.04231 5.0552 57.5617 84.7401 1804380.0
217 0.02835 8.8348e-05 -2216.13 274.053 5.04197 5.05451 56.2502 82.7494 1795210.0
216 0.02845 8.83478e-05 -2216.14 274.023 5.04143 5.05348 54.6089 80.2562 1784710.0
215 0.02855 8.83479e-05 -2216.14 273.998 5.04096 5.05277 53.021 78.0733 1774440.0
214 0.02865 8.83477e-05 -2216.14 273.971 5.04046 5.05191 51.475 75.7693 1764080.0
213 0.02875 8.83473e-05 -2216.15 273.955 5.04014 5.05141 50.4177 73.9543 1756640.0
212 0.02885 8.8347e-05 -2216.15 273.926 5.03959 5.05045 48.8482 71.8858 1747520.0
211 0.02895 8.83467e-05 -2216.16 273.904 5.03915 5.04964 47.4468 69.6869 1737710.0
210 0.02905 8.83464e-05 -2216.16 273.882 5.03873 5.049 45.9739 67.629 1728490.0
209 0.02915 8.8347e-05 -2216.16 273.865 5.03846 5.04851 45.0223 66.3318 1722010.0
208 0.02925 8.83465e-05 -2216.17 273.839 5.03796 5.04774 43.5826 64.2633 1713270.0
207 0.02935 8.83467e-05 -2216.17 273.814 5.0375 5.04672 41.932 61.6451 1702110.0
206 0.02945 8.83451e-05 -2216.18 273.801 5.03717 5.04629 41.2166 60.5602 1697230.0
205 0.02955 8.83462e-05 -2216.18 273.79 5.03705 5.04593 40.4782 59.3064 1691600.0
204 0.02965 8.83464e-05 -2216.18 273.759 5.03649 5.04496 38.7892 57.0808 1681740.0
203 0.02975 8.83457e-05 -2216.18 273.744 5.03616 5.04444 37.6113 55.3467 1673810.0
202 0.02985 8.83456e-05 -2216.19 273.721 5.03573 5.04371 36.3812 53.5864 1666790.0
201 0.02995 8.83449e-05 -2216.19 273.704 5.03538 5.04309 35.4355 52.1495 1659860.0
200 0.03005 8.83455e-05 -2216.19 273.687 5.0351 5.04269 34.4086 50.712 1653520.0
199 0.03015 8.83461e-05 -2216.2 273.675 5.03492 5.04221 33.4926 49.2707 1647550.0
198 0.03025 8.83446e-05 -2216.2 273.654 5.03445 5.04144 32.3787 47.5733 1640090.0
197 0.03035 8.83457e-05 -2216.2 273.64 5.03425 5.04108 31.4915 46.231 1634690.0
196 0.03045 8.83442e-05 -2216.21 273.62 5.0338 5.04037 30.3157 44.6439 1627280.0
195 0.03055 8.83445e-05 -2216.21 273.611 5.03364 5.04009 29.7082 43.678 1622910.0
194 0.03065 8.83449e-05 -2216.21 273.595 5.03338 5.03959 28.9334 42.5316 1617800.0
193 0.03075 8.83453e-05 -2216.21 273.584 5.0332 5.03933 28.1354 41.4941 1612400.0
192 0.03085 8.83443e-05 -2216.21 273.57 5.03289 5.03883 27.264 40.0728 1606440.0
191 0.03095 8.83439e-05 -2216.22 273.56 5.03267 5.03832 26.6635 39.1513 1602630.0
190 0.03105 8.8345e-05 -2216.22 273.546 5.03248 5.03795 25.95 37.9768 1598070.0
189 0.03115 8.83436e-05 -2216.22 273.531 5.03213 5.03734 24.8819 36.5431 1591910.0
188 0.03125 8.83454e-05 -2216.22 273.517 5.03197 5.03714 24.1348 35.6402 1586520.0
187 0.03135 8.83445e-05 -2216.22 273.516 5.0319 5.03708 23.9706 35.2918 1584740.0
186 0.03145 8.83441e-05 -2216.22 273.504 5.03166 5.03657 23.3522 34.2011 1580660.0
185 0.03155 8.83441e-05 -2216.23 273.488 5.03135 5.03611 22.4223 32.9609 1575050.0
184 0.03165 8.8345e-05 -2216.23 273.475 5.03118 5.03579 21.5765 31.8309 1569930.0
183 0.03175 8.83437e-05 -2216.23 273.469 5.03099 5.03551 21.2775 31.2083 1567450.0
182 0.03185 8.83442e-05 -2216.23 273.461 5.03088 5.03519 20.738 30.3209 1563300.0
181 0.03195 8.83442e-05 -2216.23 273.452 5.03071 5.0351 20.4401 29.9396 1561640.0
180 0.03205 8.83443e-05 -2216.24 273.443 5.03054 5.0347 19.5698 28.8092 1556030.0
179 0.03215 8.83442e-05 -2216.24 273.429 5.03028 5.0343 18.8088 27.7391 1551420.0
178 0.03225 8.8344e-05 -2216.24 273.42 5.03011 5.03402 18.3237 27.007 1548400.0
177 0.03235 8.83445e-05 -2216.24 273.413 5.03 5.03385 17.838 26.2886 1544800.0
176 0.03245 8.83428e-05 -2216.24 273.407 5.0298 5.03351 17.6808 25.8942 1543210.0
175 0.03255 8.83443e-05 -2216.24 273.4 5.02976 5.03335 17.0614 25.0173 1539680.0
174 0.03265 8.83436e-05 -2216.24 273.385 5.02944 5.03288 16.2289 23.9306 1534580.0
173 0.03275 8.83441e-05 -2216.24 273.374 5.02927 5.03258 15.7021 23.1284 1530860.0
172 0.03285 8.83429e-05 -2216.25 273.371 5.02914 5.03235 15.1059 22.2086 1527440.0
171 0.03295 8.83438e-05 -2216.25 273.357 5.02893 5.03199 14.6455 21.5744 1524650.0
170 0.03305 8.83442e-05 -2216.25 273.355 5.02891 5.03196 14.4376 21.1502 1522720.0
169 0.03315 8.83435e-05 -2216.25 273.348 5.02875 5.0317 14.0441 20.6188 1520000.0
168 0.03325 8.83431e-05 -2216.25 273.339 5.02856 5.03135 13.4993 19.8446 1517180.0
167 0.03335 8.83434e-05 -2216.25 273.341 5.02862 5.03138 13.4541 19.5293 1515980.0
166 0.03345 8.83441e-05 -2216.25 273.33 5.02847 5.03125 13.0136 19.1438 1513450.0
165 0.03355 8.83435e-05 -2216.25 273.327 5.02837 5.03112 12.6788 18.463 1510760.0
164 0.03365 8.8343e-05 -2216.25 273.321 5.02823 5.03087 12.4206 18.0951 1508980.0
163 0.03375 8.83432e-05 -2216.26 273.313 5.0281 5.03066 11.9157 17.3174 1505970.0
162 0.03385 8.83438e-05 -2216.26 273.305 5.02798 5.03035 11.4273 16.6409 1502910.0
161 0.03395 8.83429e-05 -2216.26 273.303 5.02789 5.0302 11.3368 16.4897 1502060.0
160 0.03405 8.83437e-05 -2216.26 273.295 5.02779 5.03008 10.7718 15.7721 1498780.0
159 0.03415 8.8343e-05 -2216.26 273.294 5.02773 5.0299 10.745 15.5957 1497830.0
158 0.03425 8.83431e-05 -2216.26 273.289 5.02765 5.02985 10.4856 15.2196 1496360.0
157 0.03435 8.83434e-05 -2216.26 273.283 5.02755 5.02959 10.0862 14.6388 1493440.0
156 0.03445 8.83428e-05 -2216.26 273.279 5.02744 5.02955 9.95129 14.5157 1492580.0
155 0.03455 8.83429e-05 -2216.26 273.273 5.02734 5.02926 9.41121 13.6785 1489380.0
154 0.03465 8.83425e-05 -2216.27 273.269 5.02725 5.02918 9.30202 13.4886 1488700.0
153 0.03475 8.83437e-05 -2216.26 273.267 5.02727 5.0291 9.06911 13.1535 1486930.0
152 0.03485 8.83424e-05 -2216.27 273.263 5.02712 5.02894 8.97504 12.9988 1486200.0
151 0.03495 8.83429e-05 -2216.27 273.258 5.02706 5.02879 8.53647 12.3928 1483440.0
150 0.03505 8.83426e-05 -2216.26 273.253 5.02695 5.02865 8.34266 12.0937 1481940.0
149 0.03515 8.83425e-05 -2216.27 273.249 5.02688 5.02864 8.07161 11.7171 1480480.0
148 0.03525 8.83425e-05 -2216.27 273.246 5.02681 5.02847 7.85256 11.4352 1478820.0
147 0.03535 8.83434e-05 -2216.27 273.24 5.02676 5.02837 7.59429 11.1475 1477180.0
146 0.03545 8.83427e-05 -2216.27 273.236 5.02665 5.02817 7.24293 10.5639 1475270.0
145 0.03555 8.83427e-05 -2216.27 273.229 5.02652 5.02796 6.9141 10.2262 1473340.0
144 0.03565 8.83413e-05 -2216.27 273.225 5.02637 5.0278 6.77574 9.98765 1472220.0
143 0.03575 8.83429e-05 -2216.27 273.221 5.02638 5.02769 6.38707 9.53811 1469820.0
142 0.03585 8.83421e-05 -2216.27 273.22 5.02632 5.02766 6.40117 9.47857 1469660.0
141 0.03595 8.83426e-05 -2216.27 273.216 5.02627 5.02753 6.10743 9.11282 1468080.0
140 0.03605 8.83422e-05 -2216.27 273.215 5.02623 5.02755 6.02688 8.92692 1467150.0
139 0.03615 8.83422e-05 -2216.27 273.214 5.02622 5.02743 5.80477 8.62464 1465860.0
138 0.03625 8.83427e-05 -2216.27 273.208 5.02613 5.02736 5.784 8.57685 1465730.0
137 0.03635 8.83413e-05 -2216.27 273.207 5.02603 5.02722 5.5019 8.17105 1463530.0
136 0.03645 8.83428e-05 -2216.27 273.204 5.02606 5.02724 5.42843 8.07559 1463300.0
135 0.03655 8.83423e-05 -2216.28 273.205 5.02606 5.02721 5.36746 7.92038 1462510.0
134 0.03665 8.83424e-05 -2216.27 273.203 5.02601 5.02719 5.23305 7.69404 1461990.0
133 0.03675 8.83419e-05 -2216.28 273.2 5.02593 5.02708 5.05072 7.47338 1460720.0
132 0.03685 8.83424e-05 -2216.28 273.199 5.02594 5.02705 4.97352 7.33449 1460030.0
131 0.03695 8.83422e-05 -2216.28 273.197 5.0259 5.02696 4.93937 7.21897 1459530.0
130 0.03705 8.83419e-05 -2216.28 273.194 5.02583 5.02684 4.86096 7.09485 1458960.0
129 0.03715 8.83415e-05 -2216.27 273.197 5.02586 5.02699 4.84602 7.06501 1458860.0
128 0.03725 8.83425e-05 -2216.28 273.191 5.0258 5.02676 4.46723 6.61361 1456660.0
127 0.03735 8.83421e-05 -2216.28 273.184 5.02566 5.02647 4.32888 6.40099 1455790.0
126 0.03745 8.8342e-05 -2216.28 273.184 5.02564 5.02656 4.09292 6.07618 1454470.0
125 0.03755 8.8342e-05 -2216.28 273.183 5.02563 5.02648 4.00373 5.94483 1454020.0
124 0.03765 8.8341e-05 -2216.28 273.179 5.0255 5.02631 3.94977 5.89971 1453600.0
123 0.03775 8.83428e-05 -2216.28 273.179 5.02561 5.02637 3.86841 5.72468 1452910.0
122 0.03785 8.83416e-05 -2216.28 273.178 5.02552 5.02629 3.89391 5.7302 1452960.0
121 0.03795 8.83414e-05 -2216.28 273.179 5.02552 5.02629 3.89611 5.68629 1452720.0
120 0.03805 8.83422e-05 -2216.28 273.176 5.02552 5.02617 3.73013 5.43302 1451490.0
119 0.03815 8.83427e-05 -2216.28 273.174 5.0255 5.02612 3.45844 5.11266 1450150.0
118 0.03825 8.8342e-05 -2216.28 273.173 5.02546 5.02605 3.48025 5.10958 1449980.0
117 0.03835 8.83417e-05 -2216.28 273.168 5.02535 5.02592 3.3251 4.99386 1449220.0
116 0.03845 8.83415e-05 -2216.28 273.167 5.0253 5.02586 3.17921 4.78681 1448190.0
115 0.03855 8.83427e-05 -2216.28 273.166 5.02536 5.02588 3.08736 4.61527 1447780.0
114 0.03865 8.83417e-05 -2216.28 273.166 5.02531 5.02579 3.11163 4.60924 1447640.0
113 0.03875 8.83422e-05 -2216.28 273.166 5.02533 5.02581 3.11199 4.56772 1447440.0
112 0.03885 8.8342e-05 -2216.28 273.161 5.02524 5.02569 2.92703 4.44195 1446420.0
111 0.03895 8.83422e-05 -2216.28 273.163 5.02528 5.02578 2.80454 4.23027 1445600.0
110 0.03905 8.83419e-05 -2216.28 273.16 5.02519 5.02567 2.72604 4.09855 1445340.0
109 0.03915 8.83422e-05 -2216.28 273.158 5.02518 5.02567 2.68323 4.02954 1444830.0
108 0.03925 8.8342e-05 -2216.28 273.16 5.0252 5.02569 2.68369 4.03898 1444600.0
107 0.03935 8.83421e-05 -2216.28 273.159 5.02519 5.02567 2.63186 3.98337 1444380.0
106 0.03945 8.83432e-05 -2216.28 273.157 5.02522 5.02567 2.53885 3.76798 1443490.0
105 0.03955 8.83414e-05 -2216.28 273.156 5.02511 5.02556 2.55398 3.75395 1443440.0
104 0.03965 8.83418e-05 -2216.28 273.156 5.02513 5.0255 2.54715 3.72835 1443350.0
103 0.03975 8.83421e-05 -2216.28 273.158 5.02517 5.02565 2.57582 3.75226 1443400.0
102 0.03985 8.83417e-05 -2216.28 273.155 5.0251 5.02541 2.44645 3.59556 1442460.0
101 0.03995 8.83425e-05 -2216.28 273.152 5.02509 5.02535 2.25817 3.35629 1441530.0
100 0.04005 8.83419e-05 -2216.29 273.149 5.02501 5.02535 2.15044 3.20919 1440900.0
99 0.04015 8.83423e-05 -2216.28 273.149 5.02502 5.02527 2.1794 3.24975 1440910.0
98 0.04025 8.83421e-05 -2216.28 273.151 5.02505 5.02536 2.07754 3.10308 1440230.0
97 0.04035 8.83425e-05 -2216.28 273.146 5.02498 5.02533 2.00488 3.02406 1440050.0
96 0.04045 8.83415e-05 -2216.29 273.144 5.02488 5.02515 1.86479 2.83266 1439160.0
95 0.04055 8.83419e-05 -2216.28 273.147 5.02497 5.02521 1.88013 2.86488 1439150.0
94 0.04065 8.83414e-05 -2216.29 273.143 5.02487 5.02502 1.79333 2.77294 1438610.0
93 0.04075 8.83424e-05 -2216.29 273.144 5.02493 5.02511 1.78376 2.73547 1438630.0
92 0.04085 8.8342e-05 -2216.29 273.142 5.02488 5.02512 1.67069 2.54632 1438070.0
91 0.04095 8.83424e-05 -2216.29 273.142 5.0249 5.02502 1.64123 2.45991 1437550.0
90 0.04105 8.83423e-05 -2216.29 273.14 5.02486 5.02503 1.64723 2.42936 1437780.0
89 0.04115 8.8341e-05 -2216.29 273.141 5.0248 5.02502 1.58317 2.38039 1437410.0
88 0.04125 8.83421e-05 -2216.29 273.141 5.02486 5.02506 1.54626 2.35375 1437120.0
87 0.04135 8.8342e-05 -2216.29 273.14 5.02484 5.02505 1.585 2.33916 1437220.0
86 0.04145 8.83418e-05 -2216.29 273.142 5.02486 5.02503 1.70349 2.49282 1437490.0
85 0.04155 8.8342e-05 -2216.29 273.141 5.02487 5.02503 1.56628 2.30677 1437080.0
84 0.04165 8.83416e-05 -2216.29 273.14 5.02482 5.02503 1.52668 2.25754 1436700.0
83 0.04175 8.83419e-05 -2216.29 273.136 5.02476 5.02492 1.41515 2.15628 1436130.0
82 0.04185 8.83412e-05 -2216.29 273.138 5.02476 5.02494 1.42858 2.16937 1436190.0
81 0.04195 8.83415e-05 -2216.29 273.14 5.02481 5.02487 1.45872 2.14895 1436100.0
80 0.04205 8.83417e-05 -2216.29 273.137 5.02477 5.02485 1.38786 2.10003 1435740.0
79 0.04215 8.83418e-05 -2216.29 273.136 5.02476 5.02475 1.28268 1.96879 1435190.0
78 0.04225 8.83415e-05 -2216.29 273.135 5.02473 5.0248 1.23453 1.90579 1434980.0
77 0.04235 8.83424e-05 -2216.29 273.136 5.02479 5.02488 1.25375 1.96224 1434990.0
76 0.04245 8.83415e-05 -2216.29 273.134 5.0247 5.02477 1.25953 1.92192 1434940.0
75 0.04255 8.83419e-05 -2216.29 273.134 5.02472 5.02461 1.22568 1.855 1434590.0
74 0.04265 8.83418e-05 -2216.29 273.134 5.02472 5.0247 1.15836 1.76405 1434320.0
73 0.04275 8.83422e-05 -2216.29 273.132 5.02471 5.02465 1.078 1.70832 1433950.0
72 0.04285 8.83409e-05 -2216.29 273.13 5.02459 5.02449 1.05652 1.71074 1433800.0
71 0.04295 8.83424e-05 -2216.29 273.131 5.0247 5.02462 1.00934 1.62296 1433730.0
70 0.04305 8.83406e-05 -2216.29 273.13 5.02457 5.02445 0.993137 1.58523 1433320.0
69 0.04315 8.83419e-05 -2216.29 273.131 5.02467 5.02452 1.01633 1.59927 1433540.0
68 0.04325 8.8342e-05 -2216.29 273.129 5.02464 5.02447 1.02039 1.5839 1433410.0
67 0.04335 8.83416e-05 -2216.29 273.129 5.02462 5.02451 0.939535 1.51628 1432990.0
66 0.04345 8.83417e-05 -2216.29 273.129 5.02463 5.02449 0.990052 1.59474 1433290.0
65 0.04355 8.83417e-05 -2216.29 273.13 5.02464 5.02443 0.937376 1.49632 1432880.0
64 0.04365 8.83423e-05 -2216.29 273.127 5.02462 5.02446 0.897106 1.44396 1432660.0
63 0.04375 8.83416e-05 -2216.29 273.131 5.02465 5.0245 0.97978 1.56036 1433130.0
62 0.04385 8.83418e-05 -2216.29 273.13 5.02463 5.02441 0.912849 1.44301 1432530.0
61 0.04395 8.83417e-05 -2216.29 273.128 5.02461 5.02451 0.881832 1.3745 1432460.0
60 0.04405 8.83423e-05 -2216.29 273.127 5.02461 5.02446 0.830253 1.31452 1432010.0
59 0.04415 8.83415e-05 -2216.29 273.128 5.02459 5.02434 0.838827 1.33261 1432040.0
58 0.04425 8.83421e-05 -2216.29 273.124 5.02456 5.02434 0.761885 1.25419 1431700.0
57 0.04435 8.83411e-05 -2216.29 273.126 5.02454 5.02432 0.790195 1.28501 1431750.0
56 0.04445 8.83421e-05 -2216.29 273.126 5.02459 5.02429 0.750055 1.20042 1431570.0
55 0.04455 8.83414e-05 -2216.29 273.124 5.02451 5.02418 0.764391 1.21154 1431380.0
54 0.04465 8.83421e-05 -2216.29 273.125 5.02456 5.02428 0.69957 1.15411 1431340.0
53 0.04475 8.83407e-05 -2216.29 273.128 5.02454 5.02419 0.728291 1.16583 1431260.0
52 0.04485 8.83418e-05 -2216.29 273.124 5.02453 5.02421 0.716394 1.12115 1431180.0
51 0.04495 8.8342e-05 -2216.29 273.126 5.02458 5.02421 0.727702 1.14249 1431250.0
50 0.04505 8.8341e-05 -2216.29 273.124 5.02449 5.02407 0.694623 1.1257 1430910.0
49 0.04515 8.83416e-05 -2216.29 273.125 5.02455 5.02412 0.613075 1.01779 1430720.0
48 0.04525 8.83417e-05 -2216.29 273.123 5.02451 5.0241 0.626686 1.05864 1430590.0
47 0.04535 8.83415e-05 -2216.29 273.125 5.02454 5.02411 0.629017 1.08069 1430660.0
46 0.04545 8.8341e-05 -2216.29 273.126 5.02453 5.02409 0.642844 1.03485 1430680.0
45 0.04555 8.8342e-05 -2216.29 273.122 5.0245 5.02406 0.593738 1.02673 1430510.0
44 0.04565 8.83414e-05 -2216.29 273.124 5.02451 5.02401 0.59237 0.99089 1430310.0
43 0.04575 8.83416e-05 -2216.29 273.122 5.02449 5.02403 0.553889 0.968234 1430230.0
42 0.04585 8.83416e-05 -2216.29 273.123 5.0245 5.02404 0.623082 1.04218 1430490.0
41 0.04595 8.83415e-05 -2216.29 273.124 5.02452 5.02401 0.582954 1.01873 1430260.0
40 0.04605 8.83408e-05 -2216.29 273.122 5.02445 5.02387 0.555443 0.949722 1430070.0
39 0.04615 8.8342e-05 -2216.29 273.123 5.02453 5.024 0.523326 0.900782 1430030.0
38 0.04625 8.83412e-05 -2216.29 273.119 5.02441 5.02392 0.486046 0.863313 1429770.0
37 0.04635 8.83418e-05 -2216.29 273.122 5.02449 5.02393 0.460125 0.819622 1429490.0
36 0.04645 8.8341e-05 -2216.29 273.12 5.02442 5.02391 0.442987 0.813563 1429530.0
35 0.04655 8.83425e-05 -2216.29 273.122 5.02454 5.02399 0.456801 0.813249 1429520.0
34 0.04665 8.83418e-05 -2216.29 273.121 5.02447 5.02392 0.447503 0.80179 1429450.0
33 0.04675 8.83411e-05 -2216.29 273.121 5.02444 5.02381 0.449649 0.769036 1429290.0
32 0.04685 8.83422e-05 -2216.29 273.123 5.02453 5.02394 0.427227 0.730467 1429300.0
31 0.04695 8.83411e-05 -2216.29 273.12 5.02442 5.02381 0.45544 0.797446 1429230.0
30 0.04705 8.83425e-05 -2216.29 273.12 5.02451 5.0239 0.437791 0.747883 1429320.0
29 0.04715 8.83409e-05 -2216.29 273.121 5.02443 5.02376 0.401397 0.702505 1429170.0
28 0.04725 8.83418e-05 -2216.29 273.119 5.02444 5.02382 0.417569 0.70416 1429110.0
27 0.04735 8.83423e-05 -2216.29 273.12 5.02449 5.02393 0.397567 0.675655 1429070.0
26 0.04745 8.83418e-05 -2216.29 273.123 5.02452 5.02396 0.477131 0.740367 1429570.0
25 0.04755 8.83404e-05 -2216.29 273.122 5.02442 5.02389 0.436257 0.721679 1429190.0
24 0.04765 8.83419e-05 -2216.29 273.119 5.02445 5.0238 0.371568 0.655343 1428900.0
23 0.04775 8.8342e-05 -2216.29 273.12 5.02447 5.02383 0.329258 0.583897 1428700.0
22 0.04785 8.83417e-05 -2216.29 273.116 5.02439 5.02372 0.342961 0.595337 1428670.0
21 0.04795 8.83409e-05 -2216.29 273.119 5.02439 5.02368 0.288403 0.537664 1428470.0
20 0.04805 8.83414e-05 -2216.29 273.119 5.02442 5.02371 0.306367 0.537302 1428500.0
19 0.04815 8.8342e-05 -2216.29 273.116 5.02441 5.02361 0.235994 0.421534 1428130.0
18 0.04825 8.83413e-05 -2216.29 273.116 5.02436 5.02351 0.260566 0.496049 1428210.0
17 0.04835 8.8342e-05 -2216.29 273.119 5.02445 5.02364 0.239611 0.46308 1428140.0
16 0.04845 8.83411e-05 -2216.29 273.117 5.02436 5.02355 0.24635 0.47873 1428110.0
15 0.04855 8.83415e-05 -2216.29 273.116 5.02438 5.0235 0.250447 0.446559 1428080.0
14 0.04865 8.83409e-05 -2216.29 273.117 5.02436 5.02347 0.280516 0.487516 1428070.0
13 0.04875 8.83416e-05 -2216.29 273.117 5.0244 5.0234 0.241756 0.441949 1427920.0
12 0.04885 8.83418e-05 -2216.29 273.116 5.02439 5.02344 0.211805 0.392313 1427800.0
11 0.04895 8.83417e-05 -2216.29 273.117 5.02441 5.02348 0.218665 0.370332 1427810.0
10 0.04905 8.83408e-05 -2216.29 273.117 5.02435 5.02333 0.224663 0.401865 1427740.0
9 0.04915 8.83419e-05 -2216.29 273.115 5.02437 5.02337 0.220042 0.388755 1427830.0
8 0.04925 8.83419e-05 -2216.3 273.118 5.02443 5.02341 0.247691 0.4186 1427780.0
7 0.04935 8.83414e-05 -2216.29 273.116 5.02436 5.02335 0.198614 0.359588 1427680.0
6 0.04945 8.83411e-05 -2216.29 273.118 5.02438 5.02337 0.185898 0.304237 1427530.0
5 0.04955 8.83418e-05 -2216.3 273.113 5.02434 5.02319 0.187327 0.296272 1427450.0
4 0.04965 8.83407e-05 -2216.3 273.118 5.02435 5.02333 0.160815 0.227035 1427410.0
3 0.04975 8.8342e-05 -2216.3 273.117 5.02442 5.02334 0.157307 0.239814 1427450.0
2 0.04985 8.83413e-05 -2216.3 273.115 5.02434 5.02319 0.175737 0.236519 1427390.0
1 0.04995 8.83411e-05 -2216.29 273.114 5.02432 5.02317 0.159135 0.208398 1427300.0
