TITLE = "DSMC"
VARIABLES = "ID" "X" "rho" "v1" "Ttrans" "p" "p1" "q1" "mv1v1v1" "mvvv1v1"
ZONE T="Ma=4.0", I=900, J=1, K=1, F=POINT
1 -0.05995 8.83408e-05 1231.28 273.118 5.02437 5.02314 -0.0932662 -0.201927 1426790.0
2 -0.05985 8.83416e-05 1231.28 273.119 5.02444 5.02325 -0.161179 -0.339158 1426990.0
3 -0.05975 8.83408e-05 1231.28 273.12 5.02441 5.02338 -0.196586 -0.438652 1427140.0
4 -0.05965 8.8342e-05 1231.28 273.124 5.02454 5.02362 -0.232849 -0.516839 1427350.0
5 -0.05955 8.8341e-05 1231.27 273.123 5.02447 5.0236 -0.270906 -0.557744 1427400.0
6 -0.05945 8.83416e-05 1231.27 273.124 5.02452 5.02372 -0.294537 -0.571631 1427510.0
7 -0.05935 8.8341e-05 1231.28 273.123 5.02447 5.02373 -0.324421 -0.62359 1427600.0
8 -0.05925 8.83416e-05 1231.27 273.126 5.02457 5.02395 -0.339974 -0.686173 1427690.0
9 -0.05915 8.83415e-05 1231.27 273.125 5.02454 5.02406 -0.354574 -0.736504 1427780.0
10 -0.05905 8.83417e-05 1231.27 273.126 5.02458 5.02406 -0.358743 -0.74483 1427760.0
11 -0.05895 8.83413e-05 1231.27 273.126 5.02454 5.02399 -0.363103 -0.758059 1427790.0
12 -0.05885 8.83424e-05 1231.27 273.127 5.02463 5.02421 -0.413399 -0.848872 1427960.0
13 -0.05875 8.8342e-05 1231.27 273.126 5.02459 5.0241 -0.431053 -0.869624 1427910.0
14 -0.05865 8.83414e-05 1231.27 273.128 5.02458 5.02411 -0.428589 -0.807907 1427950.0
15 -0.05855 8.83416e-05 1231.27 273.13 5.02463 5.02424 -0.457079 -0.896951 1427990.0
16 -0.05845 8.8342e-05 1231.27 273.128 5.02461 5.0241 -0.443762 -0.859844 1427990.0
17 -0.05835 8.83418e-05 1231.27 273.128 5.02461 5.02404 -0.418761 -0.815922 1427900.0
18 -0.05825 8.83416e-05 1231.27 273.127 5.02458 5.024 -0.420422 -0.830157 1427930.0
19 -0.05815 8.83419e-05 1231.27 273.127 5.02459 5.02388 -0.390313 -0.74797 1427850.0
20 -0.05805 8.8341e-05 1231.27 273.125 5.02452 5.02386 -0.385729 -0.757338 1427860.0
21 -0.05795 8.83418e-05 1231.27 273.125 5.02456 5.02385 -0.346662 -0.662133 1427820.0
22 -0.05785 8.8341e-05 1231.27 273.124 5.02448 5.02377 -0.35304 -0.645694 1427750.0
23 -0.05775 8.83406e-05 1231.27 273.126 5.0245 5.02374 -0.342293 -0.629675 1427770.0
24 -0.05765 8.83421e-05 1231.27 273.125 5.02458 5.02396 -0.361891 -0.655321 1427910.0
25 -0.05755 8.83409e-05 1231.27 273.125 5.02451 5.02391 -0.365407 -0.667966 1427920.0
26 -0.05745 8.83418e-05 1231.27 273.124 5.02453 5.02388 -0.328229 -0.608008 1427890.0
27 -0.05735 8.83414e-05 1231.27 273.124 5.02451 5.02378 -0.345825 -0.613402 1427880.0
28 -0.05725 8.83417e-05 1231.27 273.127 5.02458 5.02394 -0.386908 -0.670109 1427990.0
29 -0.05715 8.83415e-05 1231.27 273.127 5.02457 5.02413 -0.427032 -0.757493 1428080.0
30 -0.05705 8.83425e-05 1231.27 273.125 5.02459 5.02405 -0.428144 -0.752275 1428040.0
31 -0.05695 8.83418e-05 1231.27 273.127 5.0246 5.02415 -0.445986 -0.798156 1428160.0
32 -0.05685 8.83416e-05 1231.27 273.128 5.02459 5.02428 -0.428258 -0.787055 1428220.0
33 -0.05675 8.83422e-05 1231.27 273.128 5.02463 5.02434 -0.428495 -0.793624 1428220.0
34 -0.05665 8.83416e-05 1231.27 273.125 5.02455 5.02422 -0.398011 -0.742079 1428170.0
35 -0.05655 8.83417e-05 1231.27 273.126 5.02456 5.02425 -0.432375 -0.801398 1428220.0
36 -0.05645 8.83422e-05 1231.27 273.126 5.02459 5.02421 -0.369637 -0.699638 1428190.0
37 -0.05635 8.83417e-05 1231.27 273.125 5.02455 5.02417 -0.397728 -0.720361 1428170.0
38 -0.05625 8.83419e-05 1231.27 273.128 5.02461 5.02433 -0.402278 -0.734415 1428350.0
39 -0.05615 8.83412e-05 1231.27 273.125 5.02452 5.02406 -0.379382 -0.687042 1428170.0
40 -0.05605 8.83421e-05 1231.27 273.126 5.02459 5.02419 -0.416152 -0.733169 1428270.0
41 -0.05595 8.83416e-05 1231.27 273.125 5.02455 5.0241 -0.390196 -0.67038 1428240.0
42 -0.05585 8.83423e-05 1231.27 273.126 5.02459 5.02416 -0.406995 -0.716128 1428290.0
43 -0.05575 8.8342e-05 1231.27 273.128 5.02461 5.02428 -0.43406 -0.796841 1428380.0
44 -0.05565 8.83421e-05 1231.27 273.128 5.02463 5.02425 -0.421058 -0.772774 1428380.0
45 -0.05555 8.83412e-05 1231.27 273.126 5.02453 5.024 -0.389672 -0.678346 1428230.0
46 -0.05545 8.83412e-05 1231.27 273.125 5.02451 5.02393 -0.370927 -0.632805 1428220.0
47 -0.05535 8.8342e-05 1231.27 273.124 5.02455 5.02395 -0.384779 -0.61967 1428240.0
48 -0.05525 8.83409e-05 1231.27 273.123 5.02447 5.02386 -0.378404 -0.593831 1428150.0
49 -0.05515 8.83411e-05 1231.28 273.123 5.02448 5.02383 -0.321534 -0.480477 1428120.0
50 -0.05505 8.83415e-05 1231.27 273.124 5.02451 5.02389 -0.342845 -0.537041 1428120.0
51 -0.05495 8.83409e-05 1231.27 273.121 5.02443 5.02385 -0.326917 -0.540913 1428190.0
52 -0.05485 8.83418e-05 1231.28 273.124 5.02453 5.02385 -0.315861 -0.518109 1428150.0
53 -0.05475 8.83408e-05 1231.28 273.12 5.02441 5.0237 -0.28179 -0.455327 1428020.0
54 -0.05465 8.83413e-05 1231.28 273.121 5.02445 5.02381 -0.29526 -0.468526 1428120.0
55 -0.05455 8.83407e-05 1231.27 273.121 5.02443 5.02383 -0.336755 -0.564207 1428200.0
56 -0.05445 8.83413e-05 1231.27 273.121 5.02445 5.02399 -0.263064 -0.42999 1428230.0
57 -0.05435 8.83413e-05 1231.28 273.12 5.02443 5.02391 -0.290787 -0.501965 1428190.0
58 -0.05425 8.83409e-05 1231.28 273.121 5.02442 5.02396 -0.261191 -0.478005 1428240.0
59 -0.05415 8.83405e-05 1231.27 273.122 5.02442 5.02396 -0.297209 -0.551074 1428260.0
60 -0.05405 8.8341e-05 1231.27 273.12 5.02443 5.02396 -0.279707 -0.508424 1428290.0
61 -0.05395 8.83409e-05 1231.28 273.12 5.02441 5.02393 -0.310033 -0.54189 1428310.0
62 -0.05385 8.83407e-05 1231.27 273.123 5.02446 5.024 -0.266455 -0.456872 1428330.0
63 -0.05375 8.83412e-05 1231.27 273.12 5.02442 5.02394 -0.295874 -0.533195 1428310.0
64 -0.05365 8.83408e-05 1231.27 273.121 5.02442 5.02398 -0.307767 -0.529037 1428380.0
65 -0.05355 8.83404e-05 1231.27 273.122 5.02441 5.02396 -0.317724 -0.539062 1428360.0
66 -0.05345 8.83409e-05 1231.27 273.121 5.02443 5.02394 -0.318804 -0.54684 1428320.0
67 -0.05335 8.83411e-05 1231.27 273.122 5.02446 5.02412 -0.327498 -0.592682 1428450.0
68 -0.05325 8.83414e-05 1231.27 273.122 5.02448 5.02411 -0.322146 -0.560537 1428440.0
69 -0.05315 8.8341e-05 1231.27 273.12 5.02442 5.02398 -0.284147 -0.514107 1428350.0
70 -0.05305 8.83404e-05 1231.28 273.121 5.0244 5.02391 -0.285991 -0.493801 1428330.0
71 -0.05295 8.83407e-05 1231.28 273.119 5.02439 5.02386 -0.279207 -0.478121 1428310.0
72 -0.05285 8.83409e-05 1231.27 273.121 5.02443 5.02396 -0.284242 -0.494911 1428410.0
73 -0.05275 8.83404e-05 1231.28 273.119 5.02436 5.02377 -0.267171 -0.409551 1428310.0
74 -0.05265 8.83409e-05 1231.27 273.121 5.02443 5.0239 -0.275769 -0.445036 1428350.0
75 -0.05255 8.83409e-05 1231.28 273.12 5.02442 5.02389 -0.246664 -0.404013 1428360.0
76 -0.05245 8.83411e-05 1231.28 273.119 5.0244 5.02382 -0.246646 -0.426592 1428370.0
77 -0.05235 8.83412e-05 1231.28 273.12 5.02442 5.02385 -0.23053 -0.376443 1428370.0
78 -0.05225 8.83406e-05 1231.28 273.116 5.02432 5.02381 -0.226286 -0.370094 1428360.0
79 -0.05215 8.83414e-05 1231.28 273.119 5.02442 5.02386 -0.269552 -0.424371 1428390.0
80 -0.05205 8.83407e-05 1231.28 273.119 5.02439 5.02389 -0.216971 -0.324307 1428380.0
81 -0.05195 8.83409e-05 1231.27 273.12 5.02441 5.02393 -0.209986 -0.349406 1428380.0
82 -0.05185 8.83411e-05 1231.28 273.118 5.02438 5.02383 -0.185725 -0.32094 1428270.0
83 -0.05175 8.83418e-05 1231.28 273.115 5.02437 5.02385 -0.170466 -0.284359 1428320.0
84 -0.05165 8.83408e-05 1231.27 273.118 5.02437 5.02386 -0.202851 -0.31369 1428340.0
85 -0.05155 8.83408e-05 1231.28 273.117 5.02436 5.02379 -0.187864 -0.258834 1428280.0
86 -0.05145 8.83416e-05 1231.28 273.12 5.02445 5.02388 -0.20609 -0.255541 1428340.0
87 -0.05135 8.83414e-05 1231.27 273.119 5.02442 5.02385 -0.252576 -0.295401 1428350.0
88 -0.05125 8.83417e-05 1231.28 273.119 5.02443 5.02396 -0.244336 -0.301442 1428370.0
89 -0.05115 8.83413e-05 1231.28 273.12 5.02444 5.02402 -0.245222 -0.278289 1428380.0
90 -0.05105 8.83418e-05 1231.28 273.12 5.02446 5.024 -0.248276 -0.295826 1428350.0
91 -0.05095 8.8341e-05 1231.27 273.121 5.02444 5.02408 -0.26066 -0.355574 1428430.0
92 -0.05085 8.83419e-05 1231.27 273.119 5.02445 5.02406 -0.24579 -0.283934 1428350.0
93 -0.05075 8.83413e-05 1231.27 273.119 5.02442 5.02398 -0.261539 -0.260446 1428350.0
94 -0.05065 8.83419e-05 1231.28 273.12 5.02447 5.02399 -0.283609 -0.290637 1428400.0
95 -0.05055 8.83422e-05 1231.28 273.12 5.02449 5.02405 -0.276667 -0.258705 1428450.0
96 -0.05045 8.83412e-05 1231.27 273.12 5.02443 5.02388 -0.256185 -0.252181 1428360.0
97 -0.05035 8.83416e-05 1231.27 273.118 5.02441 5.02391 -0.254969 -0.271351 1428350.0
98 -0.05025 8.83424e-05 1231.28 273.118 5.02446 5.02396 -0.233339 -0.263761 1428380.0
99 -0.05015 8.83416e-05 1231.27 273.119 5.02444 5.02408 -0.271654 -0.338853 1428510.0
100 -0.05005 8.83421e-05 1231.27 273.119 5.02447 5.02395 -0.228905 -0.285932 1428400.0
101 -0.04995 8.83417e-05 1231.28 273.117 5.0244 5.02387 -0.194325 -0.23557 1428340.0
102 -0.04985 8.83414e-05 1231.28 273.117 5.02438 5.02391 -0.172458 -0.187251 1428330.0
103 -0.04975 8.83415e-05 1231.27 273.117 5.02439 5.02391 -0.161967 -0.136362 1428310.0
104 -0.04965 8.83413e-05 1231.28 273.118 5.02439 5.0239 -0.17566 -0.189749 1428260.0
105 -0.04955 8.83416e-05 1231.28 273.117 5.0244 5.02397 -0.135117 -0.123318 1428290.0
106 -0.04945 8.83414e-05 1231.27 273.116 5.02437 5.02393 -0.149681 -0.207948 1428350.0
107 -0.04935 8.83419e-05 1231.27 273.119 5.02444 5.02405 -0.134091 -0.174471 1428390.0
108 -0.04925 8.83411e-05 1231.27 273.114 5.02431 5.0239 -0.122476 -0.164523 1428290.0
109 -0.04915 8.83415e-05 1231.27 273.117 5.02439 5.02402 -0.105108 -0.164971 1428310.0
110 -0.04905 8.83414e-05 1231.28 273.116 5.02436 5.02391 -0.105539 -0.165472 1428290.0
111 -0.04895 8.83413e-05 1231.27 273.116 5.02435 5.02389 -0.107717 -0.182027 1428280.0
112 -0.04885 8.83418e-05 1231.28 273.115 5.02437 5.0239 -0.124435 -0.178553 1428310.0
113 -0.04875 8.8342e-05 1231.28 273.118 5.02444 5.02405 -0.136993 -0.207591 1428380.0
114 -0.04865 8.83418e-05 1231.27 273.118 5.02442 5.0241 -0.151287 -0.265945 1428450.0
115 -0.04855 8.83419e-05 1231.27 273.119 5.02446 5.02423 -0.119935 -0.220599 1428500.0
116 -0.04845 8.83422e-05 1231.27 273.118 5.02444 5.0241 -0.131131 -0.254242 1428470.0
117 -0.04835 8.83417e-05 1231.28 273.116 5.02439 5.02402 -0.128334 -0.244844 1428430.0
118 -0.04825 8.83418e-05 1231.28 273.115 5.02436 5.02393 -0.104525 -0.185512 1428390.0
119 -0.04815 8.83417e-05 1231.28 273.119 5.02444 5.02397 -0.126773 -0.22522 1428420.0
120 -0.04805 8.83415e-05 1231.27 273.117 5.02438 5.02406 -0.148156 -0.320922 1428520.0
121 -0.04795 8.83426e-05 1231.27 273.118 5.02447 5.02418 -0.160266 -0.36963 1428590.0
122 -0.04785 8.83416e-05 1231.27 273.12 5.02444 5.02416 -0.13241 -0.294847 1428530.0
123 -0.04775 8.83409e-05 1231.28 273.116 5.02434 5.02394 -0.127375 -0.330454 1428450.0
124 -0.04765 8.83422e-05 1231.28 273.119 5.02446 5.02414 -0.123084 -0.311859 1428540.0
125 -0.04755 8.83414e-05 1231.28 273.116 5.02436 5.02393 -0.112056 -0.300326 1428420.0
126 -0.04745 8.83416e-05 1231.28 273.118 5.02441 5.02403 -0.123828 -0.344003 1428480.0
127 -0.04735 8.83414e-05 1231.27 273.119 5.02442 5.02415 -0.157463 -0.463967 1428580.0
128 -0.04725 8.83417e-05 1231.28 273.116 5.02438 5.02403 -0.120492 -0.382179 1428490.0
129 -0.04715 8.83416e-05 1231.28 273.116 5.02438 5.02404 -0.123734 -0.363737 1428460.0
130 -0.04705 8.83409e-05 1231.28 273.116 5.02433 5.02389 -0.0753346 -0.234771 1428340.0
131 -0.04695 8.83411e-05 1231.28 273.114 5.02432 5.02389 -0.113276 -0.292943 1428350.0
132 -0.04685 8.83418e-05 1231.28 273.116 5.02439 5.02398 -0.0712487 -0.252141 1428410.0
133 -0.04675 8.83417e-05 1231.28 273.114 5.02435 5.0239 -0.0462025 -0.19275 1428350.0
134 -0.04665 8.83416e-05 1231.28 273.115 5.02435 5.02399 -0.0459863 -0.224953 1428440.0
135 -0.04655 8.83414e-05 1231.27 273.115 5.02435 5.02402 -0.0843107 -0.311066 1428480.0
136 -0.04645 8.83412e-05 1231.27 273.115 5.02433 5.02411 -0.084632 -0.314695 1428510.0
137 -0.04635 8.83422e-05 1231.27 273.115 5.02439 5.02408 -0.058434 -0.305096 1428450.0
138 -0.04625 8.83425e-05 1231.27 273.115 5.02441 5.02413 -0.039357 -0.277999 1428450.0
139 -0.04615 8.83413e-05 1231.28 273.114 5.02431 5.02404 -0.0712163 -0.352998 1428450.0
140 -0.04605 8.83424e-05 1231.27 273.115 5.02441 5.02416 -0.107456 -0.401363 1428520.0
141 -0.04595 8.83423e-05 1231.27 273.116 5.02442 5.02421 -0.121681 -0.465618 1428570.0
142 -0.04585 8.83421e-05 1231.27 273.115 5.02439 5.0242 -0.104352 -0.35457 1428480.0
143 -0.04575 8.83418e-05 1231.27 273.114 5.02434 5.02413 -0.0804627 -0.326386 1428440.0
144 -0.04565 8.83429e-05 1231.27 273.114 5.02442 5.02419 -0.1183 -0.354192 1428520.0
145 -0.04555 8.83419e-05 1231.27 273.119 5.02445 5.02436 -0.13356 -0.369549 1428620.0
146 -0.04545 8.83423e-05 1231.27 273.116 5.02441 5.02426 -0.188097 -0.42332 1428630.0
147 -0.04535 8.83425e-05 1231.27 273.119 5.02448 5.0244 -0.178651 -0.396929 1428710.0
148 -0.04525 8.83423e-05 1231.27 273.117 5.02443 5.02422 -0.144443 -0.335297 1428600.0
149 -0.04515 8.83419e-05 1231.28 273.115 5.02437 5.02419 -0.133167 -0.349835 1428550.0
150 -0.04505 8.83425e-05 1231.27 273.117 5.02444 5.02428 -0.122447 -0.305013 1428590.0
151 -0.04495 8.83424e-05 1231.27 273.115 5.02441 5.02425 -0.159082 -0.343152 1428560.0
152 -0.04485 8.83427e-05 1231.27 273.116 5.02443 5.0243 -0.100727 -0.266846 1428550.0
153 -0.04475 8.83422e-05 1231.27 273.116 5.02441 5.02423 -0.125212 -0.29044 1428540.0
154 -0.04465 8.83423e-05 1231.27 273.115 5.02439 5.02426 -0.100847 -0.258082 1428520.0
155 -0.04455 8.83426e-05 1231.27 273.115 5.02441 5.02415 -0.0684911 -0.178395 1428450.0
156 -0.04445 8.83417e-05 1231.27 273.111 5.02428 5.02405 -0.0473102 -0.164222 1428380.0
157 -0.04435 8.83425e-05 1231.27 273.115 5.02442 5.02424 -0.063299 -0.196412 1428500.0
158 -0.04425 8.83415e-05 1231.27 273.114 5.02434 5.02416 -0.0576751 -0.154662 1428480.0
159 -0.04415 8.8342e-05 1231.27 273.112 5.02432 5.02417 -0.0832573 -0.239621 1428490.0
160 -0.04405 8.83424e-05 1231.27 273.115 5.02441 5.02429 -0.117698 -0.282217 1428590.0
161 -0.04395 8.83422e-05 1231.27 273.116 5.02441 5.0243 -0.136977 -0.302346 1428610.0
162 -0.04385 8.8342e-05 1231.27 273.117 5.02441 5.02433 -0.13613 -0.323372 1428620.0
163 -0.04375 8.83417e-05 1231.27 273.117 5.02439 5.02434 -0.144993 -0.36952 1428660.0
164 -0.04365 8.8342e-05 1231.27 273.115 5.02438 5.02431 -0.135262 -0.358644 1428610.0
165 -0.04355 8.8342e-05 1231.27 273.117 5.02442 5.02445 -0.149048 -0.380987 1428700.0
166 -0.04345 8.8342e-05 1231.27 273.118 5.02443 5.0245 -0.170348 -0.438504 1428750.0
167 -0.04335 8.83417e-05 1231.27 273.118 5.02442 5.02445 -0.171713 -0.450839 1428760.0
168 -0.04325 8.83421e-05 1231.27 273.115 5.02438 5.02435 -0.113475 -0.325169 1428620.0
169 -0.04315 8.83422e-05 1231.27 273.115 5.02438 5.02432 -0.144374 -0.330922 1428620.0
170 -0.04305 8.83423e-05 1231.27 273.118 5.02445 5.0244 -0.130857 -0.34248 1428660.0
171 -0.04295 8.83411e-05 1231.27 273.115 5.02432 5.02431 -0.132068 -0.309831 1428600.0
172 -0.04285 8.83425e-05 1231.27 273.115 5.0244 5.02426 -0.118503 -0.262401 1428560.0
173 -0.04275 8.83413e-05 1231.27 273.115 5.02435 5.02422 -0.0756559 -0.219827 1428570.0
174 -0.04265 8.8342e-05 1231.27 273.115 5.02438 5.02422 -0.115977 -0.30306 1428630.0
175 -0.04255 8.83419e-05 1231.27 273.115 5.02437 5.0243 -0.135272 -0.357405 1428710.0
176 -0.04245 8.83415e-05 1231.27 273.116 5.02438 5.02431 -0.147934 -0.370356 1428720.0
177 -0.04235 8.83418e-05 1231.27 273.118 5.02443 5.02419 -0.143314 -0.364945 1428690.0
178 -0.04225 8.83421e-05 1231.27 273.117 5.02442 5.0242 -0.139559 -0.360052 1428650.0
179 -0.04215 8.83414e-05 1231.27 273.117 5.02438 5.02413 -0.180729 -0.46213 1428650.0
180 -0.04205 8.83421e-05 1231.27 273.116 5.0244 5.02422 -0.137083 -0.378402 1428650.0
181 -0.04195 8.83414e-05 1231.27 273.118 5.02441 5.02425 -0.156456 -0.392815 1428660.0
182 -0.04185 8.83417e-05 1231.27 273.116 5.02438 5.02426 -0.158446 -0.399703 1428650.0
183 -0.04175 8.83414e-05 1231.27 273.118 5.02441 5.02436 -0.129407 -0.349566 1428730.0
184 -0.04165 8.83419e-05 1231.27 273.116 5.0244 5.02425 -0.121312 -0.325784 1428630.0
185 -0.04155 8.83411e-05 1231.27 273.115 5.02433 5.02415 -0.127992 -0.319225 1428610.0
186 -0.04145 8.83409e-05 1231.27 273.114 5.02429 5.0241 -0.0673999 -0.1854 1428550.0
187 -0.04135 8.83415e-05 1231.27 273.112 5.0243 5.02413 -0.0403143 -0.220534 1428490.0
188 -0.04125 8.83416e-05 1231.27 273.116 5.02438 5.02433 -0.0712458 -0.26746 1428660.0
189 -0.04115 8.83404e-05 1231.27 273.111 5.02422 5.024 -0.0482049 -0.221543 1428480.0
190 -0.04105 8.83412e-05 1231.27 273.112 5.02428 5.02413 -0.0532225 -0.211894 1428550.0
191 -0.04095 8.83412e-05 1231.27 273.113 5.0243 5.02404 -0.0490909 -0.181484 1428500.0
192 -0.04085 8.83412e-05 1231.27 273.112 5.02427 5.02392 -0.0560045 -0.162623 1428510.0
193 -0.04075 8.83405e-05 1231.27 273.115 5.0243 5.02398 -0.0649363 -0.153122 1428540.0
194 -0.04065 8.83411e-05 1231.28 273.112 5.02427 5.0239 -0.0860965 -0.184189 1428530.0
195 -0.04055 8.83412e-05 1231.27 273.115 5.02434 5.02405 -0.0934241 -0.192882 1428640.0
196 -0.04045 8.83409e-05 1231.27 273.112 5.02427 5.02397 -0.0710301 -0.150522 1428600.0
197 -0.04035 8.83405e-05 1231.27 273.113 5.02426 5.02391 -0.0933469 -0.143098 1428580.0
198 -0.04025 8.83407e-05 1231.27 273.113 5.02427 5.02394 -0.100603 -0.172346 1428570.0
199 -0.04015 8.83413e-05 1231.27 273.113 5.02431 5.02408 -0.109458 -0.178878 1428690.0
200 -0.04005 8.83415e-05 1231.27 273.115 5.02436 5.02412 -0.110228 -0.177824 1428660.0
201 -0.03995 8.83404e-05 1231.27 273.114 5.02427 5.02416 -0.0835159 -0.196895 1428680.0
202 -0.03985 8.83416e-05 1231.27 273.113 5.02431 5.02412 -0.0366541 -0.141527 1428600.0
203 -0.03975 8.83414e-05 1231.27 273.113 5.0243 5.02415 -0.026827 -0.0850716 1428610.0
204 -0.03965 8.83411e-05 1231.27 273.112 5.02427 5.02407 0.00190623 -0.0325525 1428520.0
205 -0.03955 8.83415e-05 1231.27 273.11 5.02426 5.024 0.000177485 -0.0440389 1428500.0
206 -0.03945 8.83413e-05 1231.27 273.114 5.02431 5.02412 0.00837985 -0.0638954 1428550.0
207 -0.03935 8.83417e-05 1231.27 273.112 5.0243 5.02405 -0.0140982 -0.0977001 1428540.0
208 -0.03925 8.83413e-05 1231.27 273.113 5.0243 5.02402 0.0131326 -0.0531585 1428530.0
209 -0.03915 8.83413e-05 1231.27 273.111 5.02427 5.024 0.00120385 -0.0345986 1428510.0
210 -0.03905 8.83415e-05 1231.27 273.113 5.02431 5.024 -0.0181338 -0.0748185 1428520.0
211 -0.03895 8.83415e-05 1231.27 273.111 5.02428 5.02397 -0.0115865 -0.0667584 1428520.0
212 -0.03885 8.8341e-05 1231.27 273.114 5.02431 5.02399 -0.0461171 -0.107052 1428600.0
213 -0.03875 8.83414e-05 1231.27 273.115 5.02435 5.02413 -0.0822617 -0.195497 1428680.0
214 -0.03865 8.83415e-05 1231.27 273.114 5.02433 5.02414 -0.0902128 -0.228082 1428670.0
215 -0.03855 8.83414e-05 1231.27 273.115 5.02434 5.02409 -0.0887376 -0.203708 1428670.0
216 -0.03845 8.83412e-05 1231.27 273.116 5.02435 5.02414 -0.0709379 -0.221298 1428710.0
217 -0.03835 8.83415e-05 1231.27 273.113 5.02432 5.02414 -0.0432088 -0.174281 1428660.0
218 -0.03825 8.83419e-05 1231.27 273.114 5.02435 5.02414 -0.0638627 -0.205922 1428640.0
219 -0.03815 8.83413e-05 1231.27 273.113 5.0243 5.02398 -0.055403 -0.179957 1428570.0
220 -0.03805 8.83412e-05 1231.27 273.114 5.02431 5.02412 -0.0785354 -0.201304 1428650.0
221 -0.03795 8.83421e-05 1231.27 273.114 5.02436 5.02412 -0.0401711 -0.160591 1428570.0
222 -0.03785 8.83418e-05 1231.27 273.113 5.02433 5.02406 -0.031442 -0.149675 1428560.0
223 -0.03775 8.8341e-05 1231.27 273.112 5.02426 5.02399 -0.0336619 -0.18028 1428510.0
224 -0.03765 8.83421e-05 1231.27 273.111 5.0243 5.02402 -0.0281414 -0.182973 1428510.0
225 -0.03755 8.83415e-05 1231.27 273.114 5.02434 5.02402 -0.0210154 -0.154986 1428510.0
226 -0.03745 8.83424e-05 1231.27 273.11 5.02431 5.0241 -0.0298693 -0.160274 1428540.0
227 -0.03735 8.83417e-05 1231.27 273.115 5.02436 5.02415 -0.0371682 -0.16065 1428560.0
228 -0.03725 8.83419e-05 1231.27 273.112 5.02432 5.02412 -0.0536669 -0.213856 1428560.0
229 -0.03715 8.83418e-05 1231.27 273.114 5.02435 5.02415 -0.0504896 -0.213555 1428530.0
230 -0.03705 8.83422e-05 1231.27 273.114 5.02437 5.02403 -0.0150331 -0.16558 1428490.0
231 -0.03695 8.83418e-05 1231.27 273.113 5.02432 5.02403 -0.0173329 -0.15591 1428490.0
232 -0.03685 8.83415e-05 1231.27 273.111 5.02428 5.02394 -0.0657741 -0.227594 1428490.0
233 -0.03675 8.83421e-05 1231.27 273.112 5.02434 5.02414 -0.0515907 -0.142038 1428530.0
234 -0.03665 8.83423e-05 1231.27 273.114 5.02438 5.02402 -0.0383345 -0.109868 1428440.0
235 -0.03655 8.83423e-05 1231.27 273.111 5.02433 5.02399 -0.0338323 -0.0754955 1428420.0
236 -0.03645 8.83423e-05 1231.27 273.113 5.02435 5.02405 -0.0130805 -0.0556928 1428440.0
237 -0.03635 8.83418e-05 1231.27 273.111 5.02429 5.02401 0.000757293 -0.0467877 1428400.0
238 -0.03625 8.83425e-05 1231.27 273.112 5.02436 5.02402 -0.0394855 -0.10034 1428410.0
239 -0.03615 8.83417e-05 1231.27 273.113 5.02433 5.02406 -0.0564031 -0.140923 1428520.0
240 -0.03605 8.83421e-05 1231.27 273.114 5.02438 5.02415 -0.0745443 -0.137421 1428570.0
241 -0.03595 8.83426e-05 1231.27 273.113 5.02438 5.02413 -0.0821554 -0.121366 1428540.0
242 -0.03585 8.83421e-05 1231.27 273.114 5.02437 5.02418 -0.091441 -0.133994 1428570.0
243 -0.03575 8.83425e-05 1231.27 273.112 5.02435 5.02422 -0.0761914 -0.108052 1428550.0
244 -0.03565 8.83417e-05 1231.27 273.114 5.02435 5.02437 -0.0987408 -0.18036 1428730.0
245 -0.03555 8.83425e-05 1231.27 273.116 5.02442 5.02439 -0.147494 -0.215884 1428780.0
246 -0.03545 8.83421e-05 1231.27 273.114 5.02436 5.02423 -0.115378 -0.137634 1428660.0
247 -0.03535 8.83428e-05 1231.27 273.115 5.02443 5.02429 -0.10065 -0.10724 1428680.0
248 -0.03525 8.83422e-05 1231.27 273.113 5.02436 5.02433 -0.102518 -0.0945739 1428670.0
249 -0.03515 8.83416e-05 1231.27 273.113 5.02431 5.02415 -0.0982635 -0.108386 1428580.0
250 -0.03505 8.83426e-05 1231.27 273.113 5.02438 5.02422 -0.0842156 -0.0467585 1428610.0
251 -0.03495 8.83421e-05 1231.27 273.112 5.02433 5.02411 -0.0821658 -0.0176561 1428500.0
252 -0.03485 8.83423e-05 1231.27 273.114 5.02439 5.02422 -0.0796732 -0.0189352 1428590.0
253 -0.03475 8.83422e-05 1231.27 273.114 5.02438 5.02427 -0.14273 -0.119004 1428640.0
254 -0.03465 8.83423e-05 1231.27 273.115 5.0244 5.0242 -0.143596 -0.145157 1428690.0
255 -0.03455 8.83426e-05 1231.27 273.112 5.02436 5.02413 -0.116429 -0.0861186 1428590.0
256 -0.03445 8.83421e-05 1231.27 273.116 5.02441 5.02421 -0.12754 -0.117621 1428670.0
257 -0.03435 8.83426e-05 1231.27 273.114 5.0244 5.02413 -0.136243 -0.108038 1428620.0
258 -0.03425 8.8342e-05 1231.27 273.113 5.02435 5.0241 -0.140132 -0.0992136 1428620.0
259 -0.03415 8.83424e-05 1231.27 273.116 5.02441 5.02422 -0.16071 -0.15997 1428690.0
260 -0.03405 8.83422e-05 1231.27 273.118 5.02444 5.02423 -0.153389 -0.164823 1428690.0
261 -0.03395 8.83415e-05 1231.27 273.116 5.02437 5.02419 -0.182472 -0.220709 1428730.0
262 -0.03385 8.83423e-05 1231.27 273.119 5.02448 5.0244 -0.20718 -0.283526 1428910.0
263 -0.03375 8.83418e-05 1231.27 273.116 5.02439 5.02443 -0.218334 -0.301249 1428860.0
264 -0.03365 8.83418e-05 1231.27 273.116 5.02439 5.02436 -0.197061 -0.301797 1428850.0
265 -0.03355 8.83421e-05 1231.27 273.118 5.02445 5.02447 -0.221104 -0.363429 1428920.0
266 -0.03345 8.83419e-05 1231.27 273.12 5.02447 5.02448 -0.232137 -0.352818 1428930.0
267 -0.03335 8.83416e-05 1231.27 273.12 5.02444 5.02451 -0.225708 -0.341454 1428910.0
268 -0.03325 8.8342e-05 1231.27 273.119 5.02445 5.02458 -0.230271 -0.369099 1428960.0
269 -0.03315 8.83414e-05 1231.27 273.12 5.02444 5.02455 -0.191328 -0.284245 1428960.0
270 -0.03305 8.83423e-05 1231.27 273.119 5.02448 5.02462 -0.250305 -0.392478 1429030.0
271 -0.03295 8.83419e-05 1231.27 273.12 5.02446 5.02469 -0.233648 -0.388178 1429070.0
272 -0.03285 8.83422e-05 1231.26 273.119 5.02447 5.02476 -0.242305 -0.389517 1429110.0
273 -0.03275 8.83424e-05 1231.26 273.122 5.02454 5.02482 -0.283009 -0.440546 1429190.0
274 -0.03265 8.83423e-05 1231.26 273.121 5.02451 5.02485 -0.299961 -0.466729 1429230.0
275 -0.03255 8.83429e-05 1231.27 273.123 5.02457 5.02491 -0.286918 -0.47252 1429210.0
276 -0.03245 8.83416e-05 1231.26 273.12 5.02445 5.02473 -0.257705 -0.42299 1429170.0
277 -0.03235 8.83425e-05 1231.26 273.12 5.0245 5.02471 -0.250541 -0.394183 1429150.0
278 -0.03225 8.83424e-05 1231.27 273.119 5.02449 5.02462 -0.250204 -0.375657 1429100.0
279 -0.03215 8.83422e-05 1231.27 273.12 5.02448 5.02465 -0.28136 -0.425998 1429170.0
280 -0.03205 8.83424e-05 1231.27 273.121 5.02452 5.02464 -0.291191 -0.412954 1429170.0
281 -0.03195 8.83419e-05 1231.27 273.12 5.02447 5.02457 -0.250263 -0.344617 1429120.0
282 -0.03185 8.83427e-05 1231.26 273.12 5.02451 5.02465 -0.223931 -0.269716 1429130.0
283 -0.03175 8.83425e-05 1231.27 273.12 5.0245 5.02452 -0.274845 -0.339901 1429090.0
284 -0.03165 8.83422e-05 1231.27 273.12 5.02448 5.02452 -0.242806 -0.291427 1429170.0
285 -0.03155 8.83423e-05 1231.27 273.122 5.02453 5.02456 -0.275758 -0.376919 1429210.0
286 -0.03145 8.83418e-05 1231.27 273.12 5.02445 5.02446 -0.281113 -0.37752 1429190.0
287 -0.03135 8.83424e-05 1231.27 273.122 5.02453 5.0245 -0.284573 -0.423731 1429220.0
288 -0.03125 8.83419e-05 1231.27 273.121 5.02448 5.02449 -0.297717 -0.409714 1429270.0
289 -0.03115 8.83416e-05 1231.27 273.123 5.02451 5.0245 -0.301435 -0.387225 1429300.0
290 -0.03105 8.83419e-05 1231.27 273.121 5.02449 5.02448 -0.299257 -0.417987 1429300.0
291 -0.03095 8.8342e-05 1231.27 273.121 5.0245 5.02453 -0.280627 -0.391427 1429250.0
292 -0.03085 8.83419e-05 1231.27 273.121 5.02449 5.02463 -0.249595 -0.370725 1429300.0
293 -0.03075 8.83421e-05 1231.27 273.119 5.02446 5.02457 -0.232387 -0.331571 1429260.0
294 -0.03065 8.83414e-05 1231.27 273.12 5.02445 5.02451 -0.258781 -0.333732 1429320.0
295 -0.03055 8.83415e-05 1231.27 273.122 5.02448 5.02458 -0.303885 -0.375404 1429400.0
296 -0.03045 8.83424e-05 1231.27 273.12 5.0245 5.02465 -0.301432 -0.387968 1429370.0
297 -0.03035 8.83417e-05 1231.27 273.122 5.0245 5.02467 -0.280861 -0.370305 1429420.0
298 -0.03025 8.83422e-05 1231.27 273.123 5.02454 5.02468 -0.305517 -0.401345 1429470.0
299 -0.03015 8.8342e-05 1231.27 273.123 5.02453 5.02469 -0.316529 -0.407566 1429500.0
300 -0.03005 8.83421e-05 1231.27 273.121 5.0245 5.02464 -0.35666 -0.469336 1429580.0
301 -0.02995 8.83415e-05 1231.27 273.123 5.0245 5.02459 -0.365717 -0.498426 1429610.0
302 -0.02985 8.83426e-05 1231.27 273.125 5.02459 5.0247 -0.425999 -0.603646 1429810.0
303 -0.02975 8.83419e-05 1231.27 273.127 5.02459 5.02475 -0.438325 -0.619487 1429860.0
304 -0.02965 8.83424e-05 1231.27 273.123 5.02455 5.02473 -0.393964 -0.57949 1429750.0
305 -0.02955 8.83415e-05 1231.27 273.124 5.02452 5.0247 -0.405104 -0.584815 1429850.0
306 -0.02945 8.83421e-05 1231.27 273.127 5.0246 5.02482 -0.424006 -0.605321 1429920.0
307 -0.02935 8.83417e-05 1231.26 273.125 5.02455 5.02482 -0.445436 -0.636028 1429940.0
308 -0.02925 8.83424e-05 1231.26 273.126 5.0246 5.02489 -0.463199 -0.706377 1430040.0
309 -0.02915 8.83417e-05 1231.26 273.128 5.0246 5.02494 -0.453604 -0.665542 1430110.0
310 -0.02905 8.83417e-05 1231.26 273.126 5.02456 5.02481 -0.485279 -0.655885 1430100.0
311 -0.02895 8.83421e-05 1231.27 273.128 5.02462 5.02491 -0.531616 -0.664416 1430220.0
312 -0.02885 8.83417e-05 1231.27 273.13 5.02463 5.02498 -0.51362 -0.650656 1430240.0
313 -0.02875 8.83419e-05 1231.26 273.128 5.02461 5.02482 -0.50078 -0.662072 1430190.0
314 -0.02865 8.8342e-05 1231.26 273.13 5.02465 5.02507 -0.555409 -0.781965 1430420.0
315 -0.02855 8.83412e-05 1231.26 273.13 5.02461 5.02495 -0.587255 -0.823618 1430440.0
316 -0.02845 8.83415e-05 1231.27 273.132 5.02467 5.02508 -0.615755 -0.869241 1430610.0
317 -0.02835 8.83414e-05 1231.26 273.132 5.02466 5.02499 -0.61671 -0.882395 1430600.0
318 -0.02825 8.83415e-05 1231.26 273.13 5.02463 5.02499 -0.583368 -0.810707 1430620.0
319 -0.02815 8.83427e-05 1231.26 273.132 5.02473 5.0251 -0.610021 -0.849503 1430770.0
320 -0.02805 8.83418e-05 1231.26 273.129 5.02463 5.025 -0.593613 -0.834892 1430750.0
321 -0.02795 8.8341e-05 1231.26 273.132 5.02463 5.02493 -0.595914 -0.844589 1430750.0
322 -0.02785 8.83422e-05 1231.26 273.131 5.02469 5.02503 -0.627236 -0.888179 1430920.0
323 -0.02775 8.83413e-05 1231.26 273.132 5.02466 5.02514 -0.631189 -0.89848 1431030.0
324 -0.02765 8.83419e-05 1231.26 273.133 5.0247 5.02512 -0.671138 -0.974073 1431090.0
325 -0.02755 8.83416e-05 1231.26 273.135 5.02473 5.02512 -0.710358 -1.00109 1431170.0
326 -0.02745 8.83421e-05 1231.26 273.137 5.02478 5.02515 -0.734704 -1.03573 1431330.0
327 -0.02735 8.83421e-05 1231.26 273.134 5.02474 5.02509 -0.706493 -0.956906 1431300.0
328 -0.02725 8.8342e-05 1231.26 273.137 5.02479 5.02517 -0.767066 -1.02814 1431500.0
329 -0.02715 8.83419e-05 1231.26 273.137 5.02478 5.02508 -0.727557 -0.992461 1431430.0
330 -0.02705 8.8342e-05 1231.26 273.136 5.02477 5.02502 -0.711396 -0.965445 1431430.0
331 -0.02695 8.83421e-05 1231.26 273.137 5.02478 5.02506 -0.7843 -1.07445 1431630.0
332 -0.02685 8.8342e-05 1231.26 273.139 5.02482 5.02513 -0.782418 -1.04086 1431740.0
333 -0.02675 8.83419e-05 1231.26 273.136 5.02476 5.02507 -0.810571 -1.08419 1431760.0
334 -0.02665 8.83425e-05 1231.26 273.142 5.0249 5.02531 -0.805393 -1.08726 1431990.0
335 -0.02655 8.83418e-05 1231.26 273.139 5.02481 5.0253 -0.88374 -1.17587 1432080.0
336 -0.02645 8.83418e-05 1231.26 273.144 5.0249 5.0254 -0.913824 -1.22852 1432310.0
337 -0.02635 8.83424e-05 1231.26 273.144 5.02493 5.0255 -0.971224 -1.31811 1432520.0
338 -0.02625 8.83429e-05 1231.26 273.146 5.02499 5.02563 -1.05221 -1.46146 1432760.0
339 -0.02615 8.83421e-05 1231.25 273.148 5.025 5.02557 -1.1261 -1.49855 1432960.0
340 -0.02605 8.83421e-05 1231.26 273.15 5.02502 5.02554 -1.11654 -1.53776 1433000.0
341 -0.02595 8.83424e-05 1231.26 273.151 5.02506 5.02572 -1.17053 -1.62334 1433210.0
342 -0.02585 8.83426e-05 1231.25 273.151 5.02508 5.02573 -1.20498 -1.68452 1433340.0
343 -0.02575 8.83423e-05 1231.26 273.151 5.02507 5.02563 -1.22016 -1.69477 1433410.0
344 -0.02565 8.83425e-05 1231.26 273.153 5.02511 5.02568 -1.28733 -1.8248 1433600.0
345 -0.02555 8.83421e-05 1231.26 273.158 5.02517 5.02575 -1.35508 -1.91143 1433940.0
346 -0.02545 8.83424e-05 1231.26 273.157 5.02518 5.02569 -1.37617 -1.98834 1433980.0
347 -0.02535 8.83423e-05 1231.26 273.157 5.02517 5.02573 -1.39318 -2.06943 1434160.0
348 -0.02525 8.83418e-05 1231.25 273.159 5.02517 5.02568 -1.43323 -2.05495 1434340.0
349 -0.02515 8.83423e-05 1231.26 273.159 5.0252 5.02569 -1.47115 -2.12432 1434470.0
350 -0.02505 8.83424e-05 1231.26 273.161 5.02525 5.02574 -1.59467 -2.30063 1434840.0
351 -0.02495 8.83421e-05 1231.25 273.165 5.0253 5.02581 -1.65275 -2.39252 1435170.0
352 -0.02485 8.83418e-05 1231.26 273.165 5.02529 5.02582 -1.7094 -2.47149 1435410.0
353 -0.02475 8.83423e-05 1231.25 273.165 5.02532 5.02586 -1.69376 -2.46718 1435420.0
354 -0.02465 8.83425e-05 1231.25 273.17 5.02542 5.02611 -1.81592 -2.62028 1435900.0
355 -0.02455 8.83425e-05 1231.25 273.167 5.02536 5.02604 -1.76899 -2.61003 1435890.0
356 -0.02445 8.83422e-05 1231.25 273.17 5.0254 5.02609 -1.86862 -2.72561 1436170.0
357 -0.02435 8.8342e-05 1231.25 273.174 5.02547 5.0261 -1.95939 -2.82515 1436490.0
358 -0.02425 8.83428e-05 1231.25 273.175 5.02552 5.02621 -2.06472 -2.99849 1436920.0
359 -0.02415 8.83426e-05 1231.25 273.18 5.02561 5.02635 -2.17354 -3.15684 1437350.0
360 -0.02405 8.83424e-05 1231.25 273.179 5.02557 5.02629 -2.2111 -3.21526 1437460.0
361 -0.02395 8.83426e-05 1231.25 273.184 5.02569 5.02649 -2.27216 -3.32928 1437850.0
362 -0.02385 8.83423e-05 1231.25 273.187 5.02572 5.02655 -2.35683 -3.42153 1438230.0
363 -0.02375 8.8343e-05 1231.25 273.188 5.02577 5.02668 -2.45436 -3.56145 1438610.0
364 -0.02365 8.83423e-05 1231.25 273.191 5.02579 5.02669 -2.57 -3.72103 1439080.0
365 -0.02355 8.83429e-05 1231.25 273.197 5.02594 5.02691 -2.68055 -3.8899 1439530.0
366 -0.02345 8.83429e-05 1231.24 273.198 5.02596 5.02696 -2.78473 -4.08563 1439940.0
367 -0.02335 8.83422e-05 1231.24 273.203 5.02601 5.02697 -2.93628 -4.24266 1440420.0
368 -0.02325 8.83424e-05 1231.24 273.208 5.0261 5.02694 -3.06138 -4.36359 1440800.0
369 -0.02315 8.83435e-05 1231.24 273.21 5.02621 5.027 -3.12675 -4.50977 1441180.0
370 -0.02305 8.83432e-05 1231.24 273.216 5.02631 5.02723 -3.36258 -4.82719 1441900.0
371 -0.02295 8.83431e-05 1231.24 273.22 5.02637 5.02732 -3.43194 -4.92703 1442230.0
372 -0.02285 8.83433e-05 1231.24 273.225 5.02648 5.0276 -3.63928 -5.24188 1442960.0
373 -0.02275 8.83436e-05 1231.24 273.233 5.02664 5.0277 -3.81656 -5.41075 1443580.0
374 -0.02265 8.83438e-05 1231.24 273.236 5.02671 5.02789 -4.01148 -5.73373 1444270.0
375 -0.02255 8.83442e-05 1231.24 273.241 5.02682 5.02809 -4.08499 -5.89677 1444740.0
376 -0.02245 8.83436e-05 1231.23 273.245 5.02686 5.02823 -4.27284 -6.18932 1445420.0
377 -0.02235 8.83434e-05 1231.23 273.251 5.02697 5.02849 -4.47865 -6.54142 1446250.0
378 -0.02225 8.83443e-05 1231.23 273.258 5.02714 5.02879 -4.70269 -6.88495 1447030.0
379 -0.02215 8.83443e-05 1231.22 273.267 5.0273 5.0291 -4.91984 -7.20135 1447940.0
380 -0.02205 8.83444e-05 1231.22 273.274 5.02744 5.02944 -5.19811 -7.63454 1448890.0
381 -0.02195 8.8345e-05 1231.22 273.274 5.02748 5.02938 -5.22447 -7.66443 1449280.0
382 -0.02185 8.83446e-05 1231.22 273.281 5.02758 5.02961 -5.40325 -7.87698 1450040.0
383 -0.02175 8.8345e-05 1231.22 273.286 5.0277 5.02981 -5.62017 -8.2226 1450900.0
384 -0.02165 8.83459e-05 1231.22 273.299 5.02799 5.03028 -5.9373 -8.59475 1452200.0
385 -0.02155 8.83458e-05 1231.21 273.303 5.02806 5.03039 -6.12543 -8.88703 1452870.0
386 -0.02145 8.83461e-05 1231.21 273.31 5.02821 5.03067 -6.36388 -9.26715 1453940.0
387 -0.02135 8.83452e-05 1231.21 273.319 5.02833 5.03086 -6.65728 -9.69581 1454910.0
388 -0.02125 8.83463e-05 1231.21 273.328 5.02855 5.0313 -6.98155 -10.1477 1456250.0
389 -0.02115 8.83463e-05 1231.2 273.339 5.02876 5.03153 -7.30737 -10.6719 1457450.0
390 -0.02105 8.83465e-05 1231.2 273.346 5.02889 5.03189 -7.51446 -10.9784 1458370.0
391 -0.02095 8.83461e-05 1231.2 273.356 5.02905 5.0322 -7.85212 -11.5031 1459550.0
392 -0.02085 8.83477e-05 1231.2 273.364 5.02928 5.03241 -8.10584 -11.8301 1460610.0
393 -0.02075 8.83475e-05 1231.19 273.377 5.02951 5.03283 -8.452 -12.354 1462060.0
394 -0.02065 8.83476e-05 1231.19 273.383 5.02963 5.03296 -8.73124 -12.8251 1463020.0
395 -0.02055 8.83474e-05 1231.19 273.393 5.02981 5.03331 -9.01193 -13.2494 1464270.0
396 -0.02045 8.83478e-05 1231.19 273.404 5.03003 5.03371 -9.42024 -13.8594 1465860.0
397 -0.02035 8.8349e-05 1231.18 273.417 5.03033 5.03406 -9.837 -14.4134 1467390.0
398 -0.02025 8.83481e-05 1231.18 273.436 5.03063 5.0346 -10.4041 -15.2598 1469320.0
399 -0.02015 8.83493e-05 1231.17 273.44 5.03078 5.03495 -10.6602 -15.6843 1470540.0
400 -0.02005 8.83485e-05 1231.17 273.456 5.03103 5.03534 -11.1487 -16.4131 1472250.0
401 -0.01995 8.83499e-05 1231.17 273.471 5.03138 5.03583 -11.6009 -17.0236 1474010.0
402 -0.01985 8.835e-05 1231.16 273.485 5.03165 5.03636 -12.151 -17.7435 1476050.0
403 -0.01975 8.83503e-05 1231.16 273.504 5.032 5.03689 -12.6153 -18.4943 1477870.0
404 -0.01965 8.83501e-05 1231.15 273.52 5.03229 5.03748 -13.2092 -19.2966 1480020.0
405 -0.01955 8.83508e-05 1231.15 273.533 5.03256 5.03792 -13.6451 -19.962 1481850.0
406 -0.01945 8.83516e-05 1231.14 273.552 5.03297 5.03862 -14.2221 -20.8697 1484060.0
407 -0.01935 8.83515e-05 1231.13 273.572 5.03334 5.03945 -14.912 -21.8803 1486710.0
408 -0.01925 8.83531e-05 1231.13 273.587 5.03369 5.04017 -15.3628 -22.6936 1488680.0
409 -0.01915 8.83527e-05 1231.12 273.61 5.0341 5.04099 -16.1072 -23.8316 1491470.0
410 -0.01905 8.83535e-05 1231.11 273.627 5.03447 5.04155 -16.6403 -24.6452 1493670.0
411 -0.01895 8.83537e-05 1231.11 273.648 5.03485 5.04232 -17.3243 -25.6727 1496300.0
412 -0.01885 8.83545e-05 1231.1 273.673 5.03535 5.04311 -18.2023 -26.854 1499410.0
413 -0.01875 8.83552e-05 1231.09 273.707 5.03603 5.04435 -19.1886 -28.3078 1503250.0
414 -0.01865 8.83555e-05 1231.08 273.723 5.03633 5.045 -19.8393 -29.3643 1505850.0
415 -0.01855 8.83565e-05 1231.07 273.744 5.03679 5.04563 -20.5381 -30.3921 1508500.0
416 -0.01845 8.83569e-05 1231.06 273.776 5.03739 5.04664 -21.4614 -31.7523 1512280.0
417 -0.01835 8.83582e-05 1231.05 273.808 5.03806 5.04759 -22.5191 -33.1855 1515880.0
418 -0.01825 8.8358e-05 1231.05 273.831 5.03847 5.04839 -23.3203 -34.483 1519250.0
419 -0.01815 8.83591e-05 1231.04 273.859 5.03904 5.04922 -24.1637 -35.7543 1522460.0
420 -0.01805 8.83588e-05 1231.03 273.89 5.03959 5.05012 -25.1962 -37.2469 1526490.0
421 -0.01795 8.836e-05 1231.02 273.919 5.0402 5.05106 -26.1736 -38.6901 1530210.0
422 -0.01785 8.83611e-05 1231.01 273.956 5.04094 5.05227 -27.2463 -40.2812 1534410.0
423 -0.01775 8.83615e-05 1231.0 273.986 5.04151 5.05327 -28.307 -41.8876 1538620.0
424 -0.01765 8.83622e-05 1230.99 274.022 5.04221 5.05451 -29.4082 -43.6356 1543010.0
425 -0.01755 8.83635e-05 1230.98 274.067 5.04311 5.05605 -30.9149 -45.746 1548510.0
426 -0.01745 8.83644e-05 1230.96 274.112 5.044 5.05763 -32.3627 -47.83 1553920.0
427 -0.01735 8.83657e-05 1230.95 274.155 5.04487 5.05904 -33.7311 -49.7724 1559200.0
428 -0.01725 8.83669e-05 1230.94 274.189 5.04555 5.06029 -34.9089 -51.7519 1563870.0
429 -0.01715 8.83677e-05 1230.92 274.241 5.04657 5.06202 -36.4898 -53.951 1569890.0
430 -0.01705 8.83694e-05 1230.91 274.29 5.04757 5.06366 -38.1674 -56.3663 1576110.0
431 -0.01695 8.83699e-05 1230.89 274.346 5.04862 5.06561 -39.928 -59.0324 1582790.0
432 -0.01685 8.83712e-05 1230.87 274.396 5.04962 5.06721 -41.5173 -61.2866 1589000.0
433 -0.01675 8.83731e-05 1230.86 274.449 5.0507 5.06899 -43.2508 -63.7935 1595710.0
434 -0.01665 8.83736e-05 1230.84 274.501 5.05168 5.07088 -44.8673 -66.3584 1602140.0
435 -0.01655 8.83749e-05 1230.82 274.551 5.05269 5.07255 -46.5747 -68.9906 1608860.0
436 -0.01645 8.83763e-05 1230.81 274.608 5.05381 5.07459 -48.3366 -71.6578 1615840.0
437 -0.01635 8.83773e-05 1230.79 274.673 5.05506 5.07676 -50.5168 -74.9453 1624090.0
438 -0.01625 8.83798e-05 1230.76 274.751 5.05664 5.07935 -53.0345 -78.4475 1633330.0
439 -0.01615 8.83804e-05 1230.74 274.827 5.05807 5.08185 -55.4541 -81.9621 1642430.0
440 -0.01605 8.83817e-05 1230.72 274.89 5.0593 5.0839 -57.4469 -85.0188 1650440.0
441 -0.01595 8.8384e-05 1230.7 274.956 5.06065 5.08611 -59.6813 -88.3057 1659000.0
442 -0.01585 8.8386e-05 1230.67 275.046 5.06242 5.0892 -62.5722 -92.5405 1669940.0
443 -0.01575 8.83875e-05 1230.65 275.123 5.06393 5.09194 -65.0382 -96.3829 1679430.0
444 -0.01565 8.83887e-05 1230.62 275.204 5.06549 5.09467 -67.6271 -100.21 1689560.0
445 -0.01555 8.83917e-05 1230.6 275.291 5.06725 5.09756 -70.5209 -104.323 1700710.0
446 -0.01545 8.83931e-05 1230.57 275.377 5.06893 5.10037 -73.3203 -108.404 1711500.0
447 -0.01535 8.83955e-05 1230.54 275.475 5.07087 5.10377 -76.4576 -113.2 1723430.0
448 -0.01525 8.83976e-05 1230.5 275.581 5.07294 5.10751 -79.8249 -118.248 1736170.0
449 -0.01515 8.84002e-05 1230.47 275.678 5.07487 5.11075 -82.9512 -122.942 1748300.0
450 -0.01505 8.84024e-05 1230.44 275.786 5.07699 5.1145 -86.5006 -128.328 1762060.0
451 -0.01495 8.84047e-05 1230.4 275.904 5.07929 5.11832 -90.2581 -133.822 1776210.0
452 -0.01485 8.84074e-05 1230.36 276.033 5.08181 5.12274 -94.4579 -139.948 1791980.0
453 -0.01475 8.84101e-05 1230.32 276.159 5.0843 5.12691 -98.4643 -145.846 1807340.0
454 -0.01465 8.84137e-05 1230.29 276.284 5.0868 5.13119 -102.623 -152.058 1823100.0
455 -0.01455 8.84162e-05 1230.24 276.427 5.08958 5.136 -107.151 -158.786 1840380.0
456 -0.01445 8.842e-05 1230.19 276.576 5.09254 5.14101 -111.976 -165.85 1858290.0
457 -0.01435 8.84231e-05 1230.15 276.729 5.09554 5.14629 -116.869 -173.208 1877170.0
458 -0.01425 8.84273e-05 1230.1 276.889 5.09872 5.15184 -122.069 -180.969 1896620.0
459 -0.01415 8.84311e-05 1230.04 277.055 5.102 5.15755 -127.466 -189.05 1917100.0
460 -0.01405 8.84349e-05 1229.98 277.232 5.10548 5.16362 -133.114 -197.47 1938540.0
461 -0.01395 8.84403e-05 1229.93 277.422 5.10929 5.17024 -139.27 -206.667 1961530.0
462 -0.01385 8.84424e-05 1229.87 277.6 5.11269 5.17621 -145.086 -215.279 1983710.0
463 -0.01375 8.84476e-05 1229.81 277.794 5.11658 5.18271 -151.287 -224.377 2007400.0
464 -0.01365 8.84518e-05 1229.75 277.995 5.1205 5.18959 -157.814 -234.151 2032350.0
465 -0.01355 8.84565e-05 1229.68 278.198 5.12453 5.19666 -164.357 -244.053 2057410.0
466 -0.01345 8.84623e-05 1229.61 278.437 5.12927 5.20491 -172.091 -255.441 2086420.0
467 -0.01335 8.84677e-05 1229.53 278.678 5.13402 5.21288 -179.938 -266.836 2115700.0
468 -0.01325 8.8473e-05 1229.45 278.933 5.13903 5.2216 -188.074 -278.909 2146230.0
469 -0.01315 8.84791e-05 1229.38 279.172 5.14378 5.22965 -195.792 -290.453 2175910.0
470 -0.01305 8.84852e-05 1229.29 279.452 5.14929 5.23924 -204.945 -303.945 2210140.0
471 -0.01295 8.84918e-05 1229.2 279.744 5.15505 5.24901 -214.234 -317.586 2245150.0
472 -0.01285 8.84986e-05 1229.11 280.051 5.16111 5.25948 -224.208 -332.296 2282660.0
473 -0.01275 8.8506e-05 1229.01 280.359 5.16722 5.27014 -234.11 -347.028 2319830.0
474 -0.01265 8.85126e-05 1228.91 280.676 5.17345 5.28082 -244.267 -362.168 2358480.0
475 -0.01255 8.85204e-05 1228.8 281.022 5.18029 5.29281 -255.506 -378.896 2400770.0
476 -0.01245 8.85284e-05 1228.69 281.352 5.18684 5.30435 -266.071 -395.095 2441330.0
477 -0.01235 8.85367e-05 1228.57 281.728 5.19425 5.31727 -278.171 -413.142 2486690.0
478 -0.01225 8.85459e-05 1228.45 282.111 5.20185 5.33028 -290.528 -431.44 2533250.0
479 -0.01215 8.85544e-05 1228.32 282.524 5.20996 5.34456 -303.823 -451.336 2583100.0
480 -0.01205 8.85641e-05 1228.2 282.928 5.21799 5.35829 -316.889 -470.779 2632960.0
481 -0.01195 8.85738e-05 1228.05 283.37 5.22672 5.37372 -331.041 -491.994 2685950.0
482 -0.01185 8.8585e-05 1227.91 283.84 5.23605 5.38957 -346.275 -514.284 2742910.0
483 -0.01175 8.85966e-05 1227.75 284.327 5.24572 5.40649 -361.958 -537.674 2801970.0
484 -0.01165 8.86072e-05 1227.59 284.839 5.25579 5.42369 -378.398 -561.579 2863020.0
485 -0.01155 8.86198e-05 1227.42 285.37 5.26634 5.44213 -395.485 -587.16 2927170.0
486 -0.01145 8.86324e-05 1227.25 285.918 5.27719 5.46121 -413.117 -613.788 2993690.0
487 -0.01135 8.86456e-05 1227.06 286.492 5.28858 5.48115 -431.579 -641.568 3063210.0
488 -0.01125 8.86589e-05 1226.88 287.078 5.30019 5.50138 -450.428 -669.741 3134350.0
489 -0.01115 8.86747e-05 1226.67 287.743 5.31342 5.52425 -471.781 -701.068 3213610.0
490 -0.01105 8.86897e-05 1226.46 288.4 5.32645 5.54705 -492.973 -732.816 3293040.0
491 -0.01095 8.87052e-05 1226.24 289.087 5.34009 5.57059 -514.924 -765.361 3375440.0
492 -0.01085 8.87228e-05 1226.0 289.83 5.35485 5.59648 -538.974 -801.267 3464810.0
493 -0.01075 8.87405e-05 1225.76 290.578 5.36976 5.62244 -562.87 -836.862 3554800.0
494 -0.01065 8.87588e-05 1225.5 291.398 5.38601 5.65125 -589.21 -876.43 3652540.0
495 -0.01055 8.87795e-05 1225.23 292.232 5.40269 5.68017 -615.995 -916.234 3752770.0
496 -0.01045 8.8799e-05 1224.95 293.123 5.42036 5.71092 -644.499 -958.539 3858790.0
497 -0.01035 8.88207e-05 1224.65 294.043 5.43869 5.74297 -674.108 -1002.71 3969270.0
498 -0.01025 8.88435e-05 1224.34 295.029 5.45834 5.77706 -705.585 -1049.26 4085820.0
499 -0.01015 8.88663e-05 1224.01 296.05 5.47862 5.81225 -738.361 -1097.77 4208010.0
500 -0.01005 8.88919e-05 1223.68 297.089 5.49943 5.84916 -771.672 -1148.05 4331940.0
501 -0.00995 8.89188e-05 1223.3 298.24 5.52243 5.88956 -808.385 -1202.77 4467710.0
502 -0.00985 8.89448e-05 1222.94 299.39 5.54534 5.92943 -845.345 -1257.91 4605970.0
503 -0.00975 8.89737e-05 1222.55 300.588 5.56933 5.97137 -883.572 -1315.16 4748550.0
504 -0.00965 8.90032e-05 1222.14 301.855 5.59466 6.01557 -923.923 -1375.48 4899220.0
505 -0.00955 8.90357e-05 1221.69 303.229 5.62218 6.0642 -968.149 -1441.43 5062430.0
506 -0.00945 8.90698e-05 1221.23 304.678 5.6512 6.11495 -1014.17 -1509.61 5231660.0
507 -0.00935 8.91045e-05 1220.76 306.158 5.68087 6.16609 -1061.5 -1579.13 5406410.0
508 -0.00925 8.91409e-05 1220.25 307.728 5.71234 6.22125 -1111.55 -1653.63 5591270.0
509 -0.00915 8.91787e-05 1219.74 309.309 5.74413 6.27693 -1162.08 -1729.3 5780040.0
510 -0.00905 8.92188e-05 1219.19 310.98 5.77775 6.33611 -1215.15 -1809.18 5976830.0
511 -0.00895 8.92611e-05 1218.6 312.789 5.81412 6.40019 -1272.88 -1895.26 6190070.0
512 -0.00885 8.93053e-05 1218.01 314.639 5.8514 6.46463 -1331.77 -1982.31 6407900.0
513 -0.00875 8.93523e-05 1217.37 316.609 5.89112 6.53429 -1394.3 -2075.32 6637860.0
514 -0.00865 8.94013e-05 1216.7 318.638 5.93213 6.60635 -1458.85 -2172.0 6877150.0
515 -0.00855 8.94526e-05 1216.0 320.804 5.97589 6.68257 -1527.48 -2273.7 7129110.0
516 -0.00845 8.95062e-05 1215.26 323.05 6.02134 6.7625 -1598.77 -2380.0 7391770.0
517 -0.00835 8.95652e-05 1214.48 325.445 6.06997 6.84761 -1674.63 -2492.62 7669570.0
518 -0.00825 8.96236e-05 1213.67 327.919 6.1201 6.93513 -1752.97 -2608.75 7957680.0
519 -0.00815 8.96877e-05 1212.81 330.543 6.17349 7.02903 -1835.95 -2732.42 8261910.0
520 -0.00805 8.9754e-05 1211.92 333.256 6.22876 7.12645 -1921.48 -2860.37 8576320.0
521 -0.00795 8.98263e-05 1210.94 336.211 6.28905 7.23196 -2014.74 -2998.15 8915750.0
522 -0.00785 8.98982e-05 1209.96 339.202 6.35008 7.33861 -2108.81 -3137.81 9260320.0
523 -0.00775 8.99771e-05 1208.91 342.372 6.41505 7.45266 -2208.84 -3286.55 9626660.0
524 -0.00765 9.00588e-05 1207.81 345.718 6.48363 7.57242 -2313.67 -3441.42 10008200.0
525 -0.00755 9.01456e-05 1206.65 349.202 6.55527 7.69822 -2423.0 -3604.2 10407100.0
526 -0.00745 9.02366e-05 1205.44 352.87 6.63081 7.82999 -2537.98 -3774.16 10826700.0
527 -0.00735 9.03292e-05 1204.19 356.606 6.70789 7.9654 -2654.68 -3948.79 11254100.0
528 -0.00725 9.04318e-05 1202.82 360.691 6.79245 8.11446 -2782.13 -4138.54 11717100.0
529 -0.00715 9.0538e-05 1201.42 364.893 6.87965 8.26674 -2913.22 -4332.73 12194000.0
530 -0.00705 9.06508e-05 1199.93 369.346 6.97228 8.42819 -3051.68 -4536.95 12695600.0
531 -0.00695 9.07691e-05 1198.36 373.996 7.06927 8.59857 -3195.84 -4751.28 13218900.0
532 -0.00685 9.08919e-05 1196.74 378.801 7.16979 8.77403 -3344.83 -4972.02 13760600.0
533 -0.00675 9.10225e-05 1195.02 383.933 7.27736 8.96129 -3503.4 -5205.16 14332900.0
534 -0.00665 9.11612e-05 1193.2 389.296 7.39026 9.15898 -3668.96 -5450.54 14932600.0
535 -0.00655 9.13075e-05 1191.3 394.884 7.50837 9.36538 -3840.59 -5704.51 15552500.0
536 -0.00645 9.14616e-05 1189.28 400.841 7.63451 9.58432 -4023.59 -5972.48 16210900.0
537 -0.00635 9.16227e-05 1187.19 407.009 7.76563 9.8119 -4212.44 -6249.82 16891800.0
538 -0.00625 9.17974e-05 1184.94 413.552 7.90551 10.0564 -4411.71 -6543.52 17607000.0
539 -0.00615 9.19763e-05 1182.62 420.313 8.05042 10.3076 -4617.55 -6845.44 18348300.0
540 -0.00605 9.21666e-05 1180.19 427.389 8.20289 10.5714 -4831.83 -7159.43 19117900.0
541 -0.00595 9.23664e-05 1177.63 434.811 8.36342 10.8503 -5056.02 -7488.7 19923500.0
542 -0.00585 9.25814e-05 1174.9 442.644 8.53391 11.1462 -5291.75 -7834.39 20768400.0
543 -0.00575 9.28072e-05 1172.05 450.823 8.71279 11.4564 -5536.52 -8193.11 21644700.0
544 -0.00565 9.30436e-05 1169.05 459.376 8.90072 11.7814 -5791.77 -8565.96 22558000.0
545 -0.00555 9.3297e-05 1165.9 468.319 9.0987 12.1243 -6057.15 -8954.61 23507000.0
546 -0.00545 9.35616e-05 1162.59 477.632 9.30597 12.4832 -6332.31 -9357.76 24491000.0
547 -0.00535 9.3843e-05 1159.1 487.497 9.52672 12.862 -6622.2 -9777.22 25522300.0
548 -0.00525 9.41429e-05 1155.41 497.792 9.75899 13.2629 -6923.24 -10215.4 26594100.0
549 -0.00515 9.44607e-05 1151.53 508.622 10.005 13.6847 -7237.88 -10669.8 27710300.0
550 -0.00505 9.47946e-05 1147.47 519.816 10.2613 14.1255 -7561.03 -11138.9 28861000.0
551 -0.00495 9.51452e-05 1143.23 531.521 10.5312 14.5858 -7896.88 -11622.0 30054000.0
552 -0.00485 9.55193e-05 1138.76 543.752 10.8159 15.0705 -8245.34 -12122.1 31290400.0
553 -0.00475 9.59131e-05 1134.09 556.497 11.115 15.5784 -8605.73 -12638.3 32570700.0
554 -0.00465 9.63298e-05 1129.18 569.751 11.4292 16.1114 -8976.87 -13169.6 33889900.0
555 -0.00455 9.6773e-05 1124.01 583.597 11.7608 16.6727 -9361.58 -13718.3 35256100.0
556 -0.00445 9.72431e-05 1118.57 598.04 12.1104 17.2633 -9759.03 -14284.1 36668800.0
557 -0.00435 9.77452e-05 1112.83 613.212 12.4818 17.8868 -10172.1 -14865.9 38131600.0
558 -0.00425 9.82706e-05 1106.88 628.79 12.8676 18.5328 -10592.0 -15457.9 39627200.0
559 -0.00415 9.88289e-05 1100.62 645.021 13.2748 19.2119 -11023.7 -16062.9 41165500.0
560 -0.00405 9.94218e-05 1094.06 661.896 13.7038 19.925 -11467.2 -16681.7 42748600.0
561 -0.00395 0.000100048 1087.22 679.303 14.1528 20.6674 -11918.3 -17308.3 44366200.0
562 -0.00385 0.000100712 1080.04 697.419 14.6267 21.4469 -12381.6 -17946.4 46031100.0
563 -0.00375 0.000101426 1072.44 716.389 15.1311 22.2721 -12857.6 -18594.5 47739800.0
564 -0.00365 0.000102176 1064.58 735.778 15.6554 23.1258 -13336.4 -19245.4 49478500.0
565 -0.00355 0.000102971 1056.36 755.792 16.2064 24.018 -13820.7 -19898.0 51246200.0
566 -0.00345 0.000103811 1047.81 776.382 16.7838 24.9465 -14309.2 -20550.6 53046200.0
567 -0.00335 0.000104707 1038.84 797.673 17.3928 25.9198 -14802.8 -21201.9 54878900.0
568 -0.00325 0.000105652 1029.55 819.397 18.0278 26.9293 -15293.1 -21845.2 56726700.0
569 -0.00315 0.000106657 1019.85 841.795 18.6968 27.9827 -15785.7 -22480.0 58604800.0
570 -0.00305 0.000107717 1009.82 864.558 19.3931 29.0714 -16271.1 -23100.0 60492600.0
571 -0.00295 0.000108844 999.354 887.962 20.1265 30.2075 -16753.9 -23703.0 62402600.0
572 -0.00285 0.00011003 988.589 911.662 20.8888 31.3766 -17225.4 -24282.8 64319200.0
573 -0.00275 0.000111287 977.417 935.762 21.6861 32.5888 -17684.4 -24835.7 66239300.0
574 -0.00265 0.000112623 965.817 960.338 22.5227 33.8478 -18131.3 -25358.9 68171000.0
575 -0.00255 0.000114045 953.785 985.34 23.401 35.1548 -18563.2 -25846.7 70110500.0
576 -0.00245 0.00011555 941.353 1010.65 24.3188 36.5035 -18975.4 -26292.5 72050100.0
577 -0.00235 0.000117139 928.59 1036.0 25.2714 37.8895 -19359.2 -26692.4 73979400.0
578 -0.00225 0.000118812 915.51 1061.44 26.2619 39.3092 -19716.1 -27040.9 75901400.0
579 -0.00215 0.000120584 902.061 1087.0 27.2954 40.7697 -20043.4 -27334.3 77819100.0
580 -0.00205 0.000122453 888.287 1112.44 28.3671 42.2644 -20332.9 -27565.0 79720600.0
581 -0.00195 0.000124426 874.205 1137.87 29.4832 43.7932 -20588.1 -27731.7 81618600.0
582 -0.00185 0.000126494 859.91 1162.99 30.6349 45.3445 -20802.2 -27832.2 83502600.0
583 -0.00175 0.000128681 845.3 1187.96 31.8335 46.9309 -20973.6 -27858.8 85380500.0
584 -0.00165 0.000130984 830.434 1212.55 33.0742 48.5443 -21096.4 -27807.6 87244400.0
585 -0.00155 0.0001334 815.391 1236.6 34.3522 50.1771 -21168.2 -27679.9 89093800.0
586 -0.00145 0.000135936 800.188 1260.23 35.6743 51.8281 -21193.4 -27474.9 90944800.0
587 -0.00135 0.000138601 784.803 1283.19 37.0362 53.4977 -21160.5 -27186.0 92782500.0
588 -0.00125 0.000141385 769.351 1305.48 38.4364 55.1752 -21075.5 -26820.3 94619400.0
589 -0.00115 0.000144288 753.866 1327.03 39.8733 56.856 -20937.7 -26378.5 96457300.0
590 -0.00105 0.00014732 738.354 1347.73 41.346 58.5404 -20743.6 -25860.9 98296900.0
591 -0.00095 0.000150464 722.925 1367.57 42.8502 60.2147 -20499.0 -25276.0 100139000.0
592 -0.00085 0.000153734 707.543 1386.68 44.3933 61.8854 -20207.2 -24623.3 102002000.0
593 -0.00075 0.000157133 692.241 1404.75 45.966 63.5468 -19859.6 -23903.3 103865000.0
594 -0.00065 0.000160648 677.095 1421.9 47.5677 65.1906 -19465.2 -23126.4 105740000.0
595 -0.00055 0.000164254 662.234 1437.99 49.186 66.8053 -19030.0 -22311.5 107627000.0
596 -0.00045 0.000167977 647.55 1453.11 50.83 68.3998 -18549.2 -21446.7 109526000.0
597 -0.00035 0.000171789 633.182 1467.29 52.4906 69.9609 -18036.0 -20552.2 111436000.0
598 -0.00025 0.000175677 619.166 1480.4 54.1583 71.4836 -17489.3 -19637.3 113352000.0
599 -0.00015 0.000179637 605.516 1492.66 55.8376 72.967 -16919.1 -18707.3 115279000.0
600 -5e-05 0.00018367 592.221 1503.88 57.5202 74.4126 -16320.0 -17762.2 117204000.0
601 5e-05 0.000187744 579.37 1514.28 59.2028 75.8096 -15707.6 -16820.4 119128000.0
602 0.00015 0.000191871 566.91 1523.63 60.8775 77.1648 -15071.8 -15876.9 121041000.0
603 0.00025 0.000196027 554.892 1532.32 62.5511 78.4723 -14432.2 -14946.6 122951000.0
604 0.00035 0.000200189 543.345 1540.18 64.207 79.7279 -13786.5 -14035.9 124843000.0
605 0.00045 0.000204332 532.336 1547.46 65.8453 80.9269 -13149.6 -13157.4 126716000.0
606 0.00055 0.000208492 521.715 1553.8 67.4614 82.0837 -12500.0 -12289.9 128558000.0
607 0.00065 0.000212604 511.621 1559.55 69.0463 83.1822 -11862.1 -11460.9 130364000.0
608 0.00075 0.000216657 502.054 1564.83 70.6005 84.225 -11241.7 -10673.1 132137000.0
609 0.00085 0.000220647 492.972 1569.51 72.1161 85.2165 -10632.1 -9924.32 133868000.0
610 0.00095 0.000224578 484.341 1573.73 73.5979 86.1562 -10038.2 -9209.6 135549000.0
611 0.00105 0.000228419 476.203 1577.53 75.0375 87.046 -9463.07 -8537.75 137184000.0
612 0.00115 0.000232173 468.498 1580.9 76.434 87.8873 -8906.01 -7901.68 138766000.0
613 0.00125 0.000235823 461.25 1583.86 77.7807 88.6783 -8368.45 -7304.2 140286000.0
614 0.00135 0.000239335 454.481 1586.52 79.0719 89.4189 -7857.53 -6756.78 141751000.0
615 0.00145 0.000242733 448.121 1588.8 80.31 90.1137 -7365.95 -6243.77 143150000.0
616 0.00155 0.000246003 442.159 1590.83 81.4955 90.7658 -6897.9 -5769.28 144487000.0
617 0.00165 0.000249142 436.595 1592.64 82.6293 91.3764 -6454.42 -5330.79 145765000.0
618 0.00175 0.000252159 431.366 1594.25 83.7146 91.948 -6031.82 -4919.1 146982000.0
619 0.00185 0.000255027 426.516 1595.7 84.744 92.4809 -5635.12 -4543.08 148140000.0
620 0.00195 0.000257772 421.977 1597.03 85.7271 92.9785 -5261.21 -4192.32 149238000.0
621 0.00205 0.000260388 417.734 1598.08 86.6541 93.4439 -4903.15 -3865.73 150275000.0
622 0.00215 0.000262864 413.799 1598.98 87.5272 93.8756 -4566.79 -3567.11 151253000.0
623 0.00225 0.000265181 410.182 1599.8 88.3446 94.2731 -4256.94 -3303.43 152175000.0
624 0.00235 0.000267386 406.798 1600.55 89.1205 94.645 -3962.89 -3052.75 153043000.0
625 0.00245 0.000269456 403.673 1601.07 89.84 94.9891 -3686.32 -2825.56 153857000.0
626 0.00255 0.000271398 400.788 1601.55 90.5144 95.3065 -3429.45 -2617.43 154618000.0
627 0.00265 0.000273221 398.108 1602.09 91.1532 95.601 -3193.26 -2426.96 155339000.0
628 0.00275 0.000274917 395.657 1602.55 91.7452 95.8718 -2974.73 -2256.48 156012000.0
629 0.00285 0.000276512 393.373 1602.88 92.2966 96.1212 -2768.59 -2096.68 156638000.0
630 0.00295 0.000278028 391.23 1603.14 92.8172 96.3602 -2572.53 -1943.44 157236000.0
631 0.00305 0.000279442 389.25 1603.38 93.3036 96.5773 -2391.15 -1800.63 157781000.0
632 0.00315 0.000280742 387.445 1603.63 93.7525 96.7753 -2225.8 -1677.14 158290000.0
633 0.00325 0.00028196 385.773 1603.72 94.1641 96.9599 -2067.29 -1563.64 158769000.0
634 0.00335 0.000283106 384.215 1603.89 94.5567 97.1317 -1923.16 -1454.39 159218000.0
635 0.00345 0.000284163 382.781 1603.87 94.9088 97.2892 -1783.8 -1353.11 159631000.0
636 0.00355 0.000285125 381.49 1604.02 95.2393 97.432 -1665.14 -1268.71 160019000.0
637 0.00365 0.000286047 380.26 1603.93 95.5415 97.5679 -1542.4 -1179.14 160377000.0
638 0.00375 0.000286886 379.15 1603.94 95.8228 97.689 -1435.42 -1103.45 160707000.0
639 0.00385 0.000287669 378.116 1604.04 96.0904 97.804 -1338.01 -1033.9 161026000.0
640 0.00395 0.000288401 377.156 1603.98 96.3311 97.9097 -1242.83 -965.744 161316000.0
641 0.00405 0.000289058 376.301 1604.0 96.5515 98.0046 -1159.53 -908.544 161585000.0
642 0.00415 0.000289659 375.519 1604.01 96.7528 98.0904 -1084.34 -858.917 161835000.0
643 0.00425 0.000290236 374.771 1603.98 96.9439 98.1741 -1010.45 -807.066 162075000.0
644 0.00435 0.000290773 374.081 1604.0 97.1241 98.2503 -944.105 -754.363 162295000.0
645 0.00445 0.000291277 373.432 1603.92 97.2881 98.3218 -878.571 -702.94 162501000.0
646 0.00455 0.000291735 372.846 1603.88 97.4385 98.3862 -819.95 -659.218 162692000.0
647 0.00465 0.000292141 372.324 1603.81 97.57 98.4433 -766.423 -625.564 162866000.0
648 0.00475 0.000292543 371.816 1603.7 97.6977 98.5 -713.217 -585.504 163032000.0
649 0.00485 0.000292912 371.347 1603.55 97.8118 98.5523 -662.02 -548.128 163183000.0
650 0.00495 0.000293231 370.942 1603.54 97.9175 98.5958 -621.739 -520.6 163322000.0
651 0.00505 0.000293549 370.546 1603.45 98.0176 98.6408 -579.639 -489.046 163456000.0
652 0.00515 0.000293818 370.201 1603.41 98.1052 98.6773 -544.799 -464.798 163575000.0
653 0.00525 0.00029408 369.873 1603.32 98.1875 98.7142 -509.993 -440.315 163689000.0
654 0.00535 0.000294311 369.584 1603.26 98.2609 98.7466 -478.971 -419.622 163795000.0
655 0.00545 0.000294566 369.262 1603.23 98.3438 98.782 -447.001 -391.502 163899000.0
656 0.00555 0.000294788 368.986 1603.12 98.4118 98.8128 -416.137 -365.718 163993000.0
657 0.00565 0.000295004 368.715 1602.98 98.4751 98.842 -384.984 -338.899 164079000.0
658 0.00575 0.000295181 368.495 1602.91 98.5299 98.8671 -361.129 -321.608 164158000.0
659 0.00585 0.000295344 368.292 1602.83 98.5793 98.8893 -338.075 -305.055 164235000.0
660 0.00595 0.000295508 368.088 1602.76 98.6298 98.9121 -315.926 -285.828 164307000.0
661 0.00605 0.000295652 367.909 1602.65 98.6708 98.9315 -294.572 -269.118 164371000.0
662 0.00615 0.000295784 367.747 1602.56 98.7094 98.9498 -275.256 -256.074 164430000.0
663 0.00625 0.000295908 367.59 1602.44 98.7435 98.9658 -256.201 -242.062 164483000.0
664 0.00635 0.000296044 367.423 1602.36 98.7837 98.9839 -237.868 -222.26 164538000.0
665 0.00645 0.000296139 367.304 1602.34 98.8141 98.9981 -224.332 -212.918 164591000.0
666 0.00655 0.000296223 367.204 1602.35 98.8426 99.009 -214.913 -206.407 164636000.0
667 0.00665 0.00029628 367.128 1602.34 98.8618 99.0173 -208.244 -207.514 164678000.0
668 0.00675 0.000296398 366.984 1602.22 98.8933 99.0342 -189.178 -185.802 164724000.0
669 0.00685 0.000296486 366.877 1602.15 98.9184 99.0447 -176.903 -173.683 164762000.0
670 0.00695 0.000296571 366.77 1602.12 98.945 99.0573 -164.379 -160.111 164800000.0
671 0.00705 0.000296628 366.698 1602.02 98.9577 99.0652 -155.605 -157.273 164829000.0
672 0.00715 0.000296685 366.63 1601.89 98.9684 99.0724 -143.257 -148.255 164858000.0
673 0.00725 0.000296747 366.551 1601.86 98.9876 99.08 -135.105 -140.384 164887000.0
674 0.00735 0.000296815 366.467 1601.83 99.0083 99.0901 -125.546 -127.421 164915000.0
675 0.00745 0.000296866 366.407 1601.71 99.0182 99.0971 -115.045 -120.64 164939000.0
676 0.00755 0.000296908 366.351 1601.73 99.0332 99.1014 -110.423 -113.822 164961000.0
677 0.00765 0.000296946 366.303 1601.71 99.0446 99.1078 -105.347 -108.368 164986000.0
678 0.00775 0.000296974 366.271 1601.65 99.0501 99.1097 -98.8889 -105.793 165000000.0
679 0.00785 0.000297014 366.22 1601.63 99.0625 99.1166 -93.8252 -100.786 165024000.0
680 0.00795 0.000297051 366.176 1601.64 99.0752 99.122 -90.2702 -96.8184 165045000.0
681 0.00805 0.000297089 366.126 1601.66 99.0893 99.1269 -86.6358 -89.8 165063000.0
682 0.00815 0.000297125 366.08 1601.58 99.096 99.1322 -78.3683 -82.612 165078000.0
683 0.00825 0.00029718 366.018 1601.48 99.1084 99.1386 -68.8498 -70.6139 165094000.0
684 0.00835 0.000297194 365.996 1601.36 99.1059 99.1402 -63.3893 -70.0625 165101000.0
685 0.00845 0.000297208 365.981 1601.36 99.1106 99.1426 -61.405 -69.9257 165115000.0
686 0.00855 0.000297228 365.955 1601.36 99.1169 99.145 -59.1213 -67.4839 165123000.0
687 0.00865 0.000297226 365.959 1601.42 99.1199 99.1443 -61.3447 -71.6208 165138000.0
688 0.00875 0.000297271 365.903 1601.26 99.1253 99.1514 -50.3565 -60.909 165150000.0
689 0.00885 0.000297314 365.852 1601.24 99.1381 99.1566 -44.2354 -49.7582 165163000.0
690 0.00895 0.000297327 365.831 1601.21 99.1407 99.1582 -41.9879 -48.6899 165168000.0
691 0.00905 0.000297368 365.788 1601.18 99.1522 99.1647 -35.8935 -37.7256 165183000.0
692 0.00915 0.000297374 365.772 1601.13 99.1515 99.1638 -33.337 -35.3645 165184000.0
693 0.00925 0.000297385 365.762 1601.17 99.1577 99.1647 -33.3004 -32.838 165190000.0
694 0.00935 0.000297388 365.762 1601.18 99.159 99.1674 -33.8009 -34.8921 165202000.0
695 0.00945 0.000297406 365.735 1601.19 99.1658 99.1685 -31.5532 -29.705 165211000.0
696 0.00955 0.000297407 365.735 1601.16 99.1647 99.1696 -30.8433 -31.4917 165219000.0
697 0.00965 0.000297403 365.74 1601.12 99.1607 99.1691 -29.9411 -33.9809 165224000.0
698 0.00975 0.000297419 365.721 1601.14 99.1671 99.1706 -28.6055 -29.812 165230000.0
699 0.00985 0.000297419 365.722 1601.1 99.1651 99.1709 -27.9707 -30.8021 165235000.0
700 0.00995 0.000297425 365.714 1601.01 99.161 99.171 -23.0214 -29.6751 165238000.0
701 0.01005 0.000297423 365.715 1601.03 99.1618 99.1715 -24.2235 -32.2129 165244000.0
702 0.01015 0.000297448 365.683 1601.04 99.1705 99.1748 -21.877 -26.9721 165253000.0
703 0.01025 0.000297468 365.664 1601.05 99.1778 99.1776 -19.8034 -21.5666 165257000.0
704 0.01035 0.000297479 365.647 1600.95 99.1753 99.1787 -15.7532 -18.9518 165259000.0
705 0.01045 0.000297478 365.651 1600.9 99.1718 99.179 -13.7168 -19.8645 165259000.0
706 0.01055 0.000297498 365.625 1600.88 99.1773 99.1823 -10.286 -14.4241 165266000.0
707 0.01065 0.000297476 365.654 1600.86 99.1688 99.1794 -12.6039 -21.1296 165261000.0
708 0.01075 0.000297485 365.639 1600.89 99.174 99.1798 -12.0933 -19.2361 165267000.0
709 0.01085 0.000297479 365.646 1600.98 99.1774 99.1793 -16.0015 -21.4175 165273000.0
710 0.01095 0.000297509 365.612 1600.95 99.1855 99.1836 -11.7129 -12.0587 165278000.0
711 0.01105 0.000297505 365.616 1600.87 99.1791 99.1834 -8.828 -11.6959 165275000.0
712 0.01115 0.000297514 365.606 1600.86 99.1814 99.1845 -7.94228 -10.6999 165277000.0
713 0.01125 0.00029752 365.596 1600.88 99.1851 99.1848 -7.78885 -7.81825 165281000.0
714 0.01135 0.000297507 365.612 1600.87 99.1796 99.1824 -8.68948 -11.4885 165279000.0
715 0.01145 0.000297536 365.578 1600.92 99.1924 99.1875 -7.04367 -3.39631 165288000.0
716 0.01155 0.000297534 365.577 1600.9 99.1909 99.1876 -6.968 -3.82752 165291000.0
717 0.01165 0.000297522 365.597 1600.88 99.1857 99.1858 -7.51193 -7.97079 165289000.0
718 0.01175 0.000297521 365.595 1600.87 99.1841 99.1859 -6.104 -8.84304 165290000.0
719 0.01185 0.000297544 365.565 1600.84 99.1904 99.189 -2.41844 -1.57304 165293000.0
720 0.01195 0.000297556 365.552 1600.89 99.1973 99.19 -2.46443 1.51935 165297000.0
721 0.01205 0.000297552 365.554 1600.86 99.1943 99.1894 -2.82244 -1.48684 165297000.0
722 0.01215 0.000297539 365.574 1600.84 99.1885 99.1889 -3.67019 -5.19846 165302000.0
723 0.01225 0.000297539 365.571 1600.87 99.1902 99.1892 -4.45341 -7.13019 165302000.0
724 0.01235 0.000297529 365.587 1600.89 99.1884 99.1878 -6.34604 -9.55556 165302000.0
725 0.01245 0.000297543 365.565 1600.9 99.194 99.1898 -5.56378 -6.19828 165306000.0
726 0.01255 0.00029755 365.562 1600.93 99.198 99.1898 -4.91192 -3.65908 165307000.0
727 0.01265 0.000297545 365.563 1600.97 99.199 99.1889 -7.38683 -4.08806 165309000.0
728 0.01275 0.00029754 365.575 1600.91 99.1933 99.1882 -6.03096 -6.8217 165310000.0
729 0.01285 0.000297558 365.551 1600.91 99.1993 99.1904 -3.72685 -1.6839 165313000.0
730 0.01295 0.000297545 365.563 1600.96 99.1979 99.1901 -6.8134 -6.45141 165314000.0
731 0.01305 0.000297548 365.561 1600.97 99.1995 99.1898 -6.8235 -5.59044 165313000.0
732 0.01315 0.000297547 365.565 1600.89 99.1942 99.1903 -3.64382 -5.68306 165313000.0
733 0.01325 0.000297552 365.554 1600.89 99.196 99.1901 -3.25732 -4.67698 165313000.0
734 0.01335 0.000297548 365.562 1600.94 99.1975 99.1912 -4.86322 -7.63536 165321000.0
735 0.01345 0.000297545 365.563 1600.87 99.1926 99.1888 -3.82823 -8.10509 165316000.0
736 0.01355 0.000297535 365.575 1600.89 99.1906 99.1894 -5.08361 -9.33793 165319000.0
737 0.01365 0.000297557 365.55 1600.85 99.1948 99.191 -1.55756 -2.5096 165319000.0
738 0.01375 0.000297554 365.555 1600.8 99.191 99.191 -0.687964 -3.34144 165319000.0
739 0.01385 0.000297548 365.557 1600.83 99.1908 99.19 -1.96246 -3.91789 165318000.0
740 0.01395 0.000297542 365.572 1600.9 99.1933 99.1901 -4.84819 -5.78742 165323000.0
741 0.01405 0.000297552 365.556 1600.85 99.1936 99.1905 -1.99027 -2.69981 165321000.0
742 0.01415 0.000297573 365.527 1600.78 99.1958 99.1931 3.24754 4.02123 165320000.0
743 0.01425 0.000297586 365.513 1600.74 99.1981 99.1962 6.68387 8.29064 165323000.0
744 0.01435 0.000297584 365.512 1600.82 99.2025 99.1955 3.73767 7.87797 165321000.0
745 0.01445 0.000297573 365.53 1600.85 99.2003 99.1945 1.23171 4.48403 165322000.0
746 0.01455 0.000297549 365.556 1600.79 99.1887 99.1914 -0.433156 -2.04709 165318000.0
747 0.01465 0.000297566 365.535 1600.78 99.1938 99.1925 3.00926 3.81116 165321000.0
748 0.01475 0.000297588 365.508 1600.74 99.1989 99.1963 6.42662 10.4304 165328000.0
749 0.01485 0.00029757 365.527 1600.79 99.1957 99.1945 3.55231 6.31353 165329000.0
750 0.01495 0.000297577 365.521 1600.78 99.1972 99.194 3.9012 9.23136 165323000.0
751 0.01505 0.000297565 365.536 1600.83 99.1969 99.1928 0.496628 5.77206 165327000.0
752 0.01515 0.000297547 365.561 1600.83 99.1906 99.1902 -1.66653 -0.341388 165326000.0
753 0.01525 0.000297553 365.552 1600.84 99.1928 99.1907 -1.24339 0.426196 165326000.0
754 0.01535 0.000297547 365.561 1600.87 99.1932 99.1904 -4.11834 -4.22672 165329000.0
755 0.01545 0.000297551 365.554 1600.89 99.196 99.189 -3.66624 -0.125039 165325000.0
756 0.01555 0.000297551 365.558 1600.91 99.1967 99.1899 -3.88461 -0.888947 165330000.0
757 0.01565 0.000297549 365.556 1600.93 99.1973 99.1896 -4.67291 0.278941 165331000.0
758 0.01575 0.000297543 365.565 1600.92 99.1951 99.1893 -5.52085 -2.77131 165330000.0
759 0.01585 0.000297534 365.574 1600.93 99.1923 99.1873 -6.39422 -6.0186 165329000.0
760 0.01595 0.000297545 365.563 1600.87 99.1925 99.1885 -4.50811 -4.64562 165328000.0
761 0.01605 0.000297566 365.536 1600.89 99.2009 99.1923 -1.69943 4.36622 165331000.0
762 0.01615 0.000297572 365.531 1600.84 99.1993 99.1934 0.892665 6.67042 165330000.0
763 0.01625 0.000297549 365.557 1600.79 99.1888 99.1899 -0.648746 -0.472177 165324000.0
764 0.01635 0.000297543 365.565 1600.81 99.188 99.1895 -2.35304 -3.44593 165325000.0
765 0.01645 0.00029754 365.569 1600.83 99.1881 99.1884 -2.16487 -4.4268 165321000.0
766 0.01655 0.000297548 365.559 1600.79 99.1883 99.1915 -0.168126 -3.14677 165327000.0
767 0.01665 0.000297551 365.556 1600.85 99.1927 99.1899 -1.8337 -1.27751 165327000.0
768 0.01675 0.000297573 365.526 1600.82 99.1987 99.1945 1.53104 5.77115 165333000.0
769 0.01685 0.000297566 365.538 1600.89 99.2003 99.1928 -1.90218 1.94102 165333000.0
770 0.01695 0.000297544 365.563 1600.92 99.1951 99.1894 -4.77673 -3.46693 165330000.0
771 0.01705 0.000297556 365.547 1600.9 99.1979 99.1919 -2.69963 -1.50609 165334000.0
772 0.01715 0.000297556 365.55 1600.89 99.197 99.1916 -3.62981 -1.91125 165333000.0
773 0.01725 0.000297574 365.525 1600.84 99.2004 99.1938 1.08081 3.69426 165331000.0
774 0.01735 0.000297573 365.528 1600.82 99.1986 99.1941 1.95814 3.70308 165330000.0
775 0.01745 0.000297587 365.506 1600.77 99.1998 99.1952 5.71693 8.09351 165331000.0
776 0.01755 0.000297588 365.508 1600.81 99.2028 99.1956 4.90717 8.48647 165335000.0
777 0.01765 0.000297581 365.515 1600.85 99.2033 99.1948 1.95515 5.15183 165336000.0
778 0.01775 0.000297567 365.532 1600.92 99.2029 99.1937 -1.77984 1.64216 165336000.0
779 0.01785 0.000297575 365.519 1600.84 99.2009 99.194 0.75367 3.82495 165334000.0
780 0.01795 0.000297573 365.525 1600.9 99.2037 99.1935 -0.465577 3.75833 165333000.0
781 0.01805 0.000297599 365.493 1600.82 99.207 99.1972 4.39355 10.7212 165336000.0
782 0.01815 0.000297598 365.496 1600.8 99.206 99.1975 6.08502 11.316 165335000.0
783 0.01825 0.000297574 365.523 1600.82 99.1987 99.1942 1.91229 2.4456 165333000.0
784 0.01835 0.000297568 365.533 1600.85 99.1986 99.1932 -0.395854 -0.871183 165329000.0
785 0.01845 0.000297571 365.528 1600.73 99.1924 99.1938 4.38908 1.31518 165326000.0
786 0.01855 0.000297552 365.552 1600.83 99.1924 99.1905 -0.974483 -2.81344 165325000.0
787 0.01865 0.000297579 365.517 1600.89 99.2051 99.1938 0.551738 5.85564 165330000.0
788 0.01875 0.000297576 365.52 1600.92 99.2057 99.1941 -0.646459 4.33043 165332000.0
789 0.01885 0.000297563 365.535 1600.88 99.1994 99.1933 -1.11586 1.4799 165334000.0
790 0.01895 0.000297542 365.564 1600.85 99.1903 99.1898 -2.92799 -4.39467 165330000.0
791 0.01905 0.000297548 365.555 1600.84 99.1919 99.1903 -2.19498 -2.81423 165329000.0
792 0.01915 0.000297544 365.56 1600.88 99.1926 99.1912 -3.46119 -4.36101 165334000.0
793 0.01925 0.000297532 365.573 1600.9 99.1898 99.1884 -5.4993 -6.12636 165330000.0
794 0.01935 0.000297538 365.568 1600.91 99.1923 99.1882 -5.51741 -3.43863 165330000.0
795 0.01945 0.000297547 365.558 1600.93 99.1964 99.1894 -4.43225 -0.072167 165332000.0
796 0.01955 0.000297541 365.564 1600.85 99.1898 99.1894 -1.98643 -1.61035 165327000.0
797 0.01965 0.000297554 365.547 1600.87 99.1955 99.1919 -0.827639 2.58423 165331000.0
798 0.01975 0.000297551 365.554 1600.86 99.1937 99.1915 -2.43603 -0.0327489 165332000.0
799 0.01985 0.000297537 365.57 1600.92 99.1925 99.1888 -6.05729 -4.86175 165328000.0
800 0.01995 0.000297554 365.551 1600.83 99.1929 99.1916 -0.760889 0.0103303 165330000.0
801 0.02005 0.000297561 365.54 1600.85 99.1965 99.1921 -1.49337 1.88651 165332000.0
802 0.02015 0.00029756 365.543 1600.78 99.1922 99.1919 0.951254 1.72371 165329000.0
803 0.02025 0.00029756 365.54 1600.78 99.192 99.1921 1.92242 3.75068 165330000.0
804 0.02035 0.000297562 365.539 1600.85 99.197 99.1925 -0.565264 4.06096 165334000.0
805 0.02045 0.00029757 365.53 1600.83 99.1983 99.1931 0.846848 5.95322 165334000.0
806 0.02055 0.000297577 365.523 1600.83 99.2005 99.1934 1.58824 7.67105 165335000.0
807 0.02065 0.000297573 365.526 1600.86 99.201 99.1923 0.163416 5.70987 165331000.0
808 0.02075 0.000297574 365.523 1600.88 99.203 99.1931 -1.12076 4.78842 165333000.0
809 0.02085 0.000297584 365.514 1600.8 99.2012 99.195 3.93629 6.79278 165331000.0
810 0.02095 0.000297596 365.498 1600.72 99.2 99.1978 7.89719 8.69187 165332000.0
811 0.02105 0.000297608 365.481 1600.68 99.2016 99.1981 11.326 14.059 165331000.0
812 0.02115 0.000297597 365.497 1600.73 99.2013 99.1977 7.76512 10.3031 165335000.0
813 0.02125 0.000297599 365.493 1600.75 99.203 99.1961 7.28792 11.523 165334000.0
814 0.02135 0.000297618 365.472 1600.77 99.2108 99.1996 8.61778 14.8191 165339000.0
815 0.02145 0.000297595 365.498 1600.86 99.2082 99.1956 2.60946 7.12849 165332000.0
816 0.02155 0.000297596 365.498 1600.8 99.2052 99.1972 5.09401 10.1038 165335000.0
817 0.02165 0.000297588 365.506 1600.73 99.1979 99.1953 6.27031 8.25355 165328000.0
818 0.02175 0.00029761 365.481 1600.77 99.2079 99.199 7.62068 14.0593 165331000.0
819 0.02185 0.000297622 365.466 1600.73 99.2091 99.2001 10.757 18.2242 165332000.0
820 0.02195 0.000297608 365.482 1600.78 99.2079 99.1986 7.4252 14.6424 165335000.0
821 0.02205 0.000297614 365.475 1600.71 99.2054 99.199 10.5365 16.8478 165335000.0
822 0.02215 0.0002976 365.491 1600.78 99.2048 99.1972 6.13273 11.4134 165336000.0
823 0.02225 0.000297585 365.509 1600.79 99.2009 99.1955 4.10286 10.4744 165336000.0
824 0.02235 0.000297564 365.535 1600.85 99.1976 99.1929 -0.24719 2.52994 165335000.0
825 0.02245 0.000297582 365.512 1600.83 99.2024 99.1952 2.64974 5.27751 165336000.0
826 0.02255 0.000297592 365.498 1600.81 99.2046 99.1961 4.17606 9.139 165336000.0
827 0.02265 0.0002976 365.491 1600.92 99.2137 99.1983 1.97281 11.2384 165344000.0
828 0.02275 0.000297605 365.485 1600.88 99.2129 99.1984 3.54759 13.3173 165344000.0
829 0.02285 0.000297585 365.51 1600.86 99.2047 99.195 1.35292 8.18693 165339000.0
830 0.02295 0.000297557 365.543 1600.94 99.2009 99.1904 -4.8391 -1.33797 165339000.0
831 0.02305 0.000297556 365.548 1600.92 99.1991 99.191 -3.72776 -0.587189 165341000.0
832 0.02315 0.000297559 365.539 1600.89 99.1981 99.1919 -2.68136 0.413812 165343000.0
833 0.02325 0.000297549 365.554 1600.88 99.1948 99.1895 -3.6538 -1.51124 165339000.0
834 0.02335 0.000297566 365.535 1600.73 99.1908 99.1912 3.84872 3.7619 165336000.0
835 0.02345 0.000297547 365.557 1600.83 99.1904 99.1901 -2.58906 -4.69623 165338000.0
836 0.02355 0.000297548 365.558 1600.8 99.1891 99.19 -1.0771 -5.86198 165339000.0
837 0.02365 0.000297574 365.525 1600.78 99.1965 99.194 2.98136 2.06012 165342000.0
838 0.02375 0.000297577 365.521 1600.79 99.1984 99.1939 2.76131 2.50504 165341000.0
839 0.02385 0.000297569 365.529 1600.85 99.1989 99.1923 -0.465793 -0.719354 165341000.0
840 0.02395 0.000297584 365.514 1600.8 99.201 99.1946 3.24285 2.82931 165341000.0
841 0.02405 0.000297565 365.532 1600.83 99.1965 99.192 -0.242032 -4.62947 165338000.0
842 0.02415 0.000297566 365.534 1600.89 99.2008 99.1929 -2.08564 -4.46246 165342000.0
843 0.02425 0.000297576 365.522 1600.79 99.1981 99.1939 2.83282 0.207711 165339000.0
844 0.02435 0.000297565 365.535 1600.85 99.1977 99.1919 -0.342246 -4.11305 165339000.0
845 0.02445 0.000297578 365.519 1600.84 99.2017 99.193 0.60873 0.872133 165338000.0
846 0.02455 0.000297579 365.517 1600.84 99.2019 99.1948 1.20356 2.80254 165344000.0
847 0.02465 0.0002976 365.492 1600.78 99.2054 99.1967 5.58134 10.3369 165342000.0
848 0.02475 0.000297578 365.518 1600.85 99.2021 99.1952 0.444469 5.14502 165344000.0
849 0.02485 0.000297564 365.537 1600.81 99.1948 99.1927 0.637432 0.296996 165339000.0
850 0.02495 0.000297568 365.529 1600.78 99.1947 99.1921 2.07734 2.16995 165334000.0
851 0.02505 0.000297578 365.52 1600.79 99.1987 99.1947 2.72279 4.02081 165337000.0
852 0.02515 0.000297576 365.522 1600.82 99.1994 99.1942 1.78908 4.0918 165335000.0
853 0.02525 0.000297571 365.526 1600.85 99.1997 99.1937 0.491998 3.60898 165339000.0
854 0.02535 0.000297567 365.534 1600.94 99.2041 99.1935 -2.86804 4.42278 165342000.0
855 0.02545 0.000297563 365.536 1600.89 99.2 99.1926 -3.13944 0.359273 165341000.0
856 0.02555 0.000297541 365.566 1600.89 99.1924 99.1894 -5.23449 -4.7251 165338000.0
857 0.02565 0.00029758 365.52 1600.89 99.205 99.1945 0.25616 5.97789 165341000.0
858 0.02575 0.000297564 365.537 1600.85 99.1973 99.1929 -1.18294 0.376626 165338000.0
859 0.02585 0.000297561 365.544 1600.82 99.195 99.1919 -0.534452 -0.193426 165337000.0
860 0.02595 0.000297568 365.534 1600.82 99.1971 99.1924 0.596617 1.30097 165334000.0
861 0.02605 0.000297551 365.556 1600.91 99.1969 99.1908 -5.48923 -5.48513 165337000.0
862 0.02615 0.000297535 365.574 1600.92 99.1924 99.1889 -6.65515 -9.06649 165337000.0
863 0.02625 0.000297549 365.557 1600.87 99.194 99.1901 -3.54159 -3.9512 165335000.0
864 0.02635 0.000297554 365.552 1600.95 99.2004 99.1916 -5.89962 -2.70553 165340000.0
865 0.02645 0.000297536 365.576 1600.9 99.191 99.1878 -5.77981 -10.0114 165335000.0
866 0.02655 0.000297587 365.51 1600.84 99.2044 99.1966 2.21605 6.06493 165343000.0
867 0.02665 0.000297586 365.511 1600.77 99.2002 99.1953 3.31775 6.03133 165339000.0
868 0.02675 0.000297585 365.514 1600.79 99.2008 99.1953 2.98096 6.45204 165340000.0
869 0.02685 0.000297571 365.532 1600.79 99.1965 99.1942 1.73911 4.23366 165337000.0
870 0.02695 0.000297553 365.548 1600.79 99.1905 99.1908 -0.759473 -0.00617874 165333000.0
871 0.02705 0.000297564 365.538 1600.81 99.1954 99.1926 -0.0232353 1.34096 165336000.0
872 0.02715 0.00029757 365.53 1600.83 99.1985 99.1942 -0.151658 -0.602485 165337000.0
873 0.02725 0.000297578 365.519 1600.84 99.2015 99.1952 0.553887 1.87216 165338000.0
874 0.02735 0.000297576 365.519 1600.86 99.2023 99.1951 -0.0813479 3.22502 165339000.0
875 0.02745 0.00029758 365.516 1600.87 99.2037 99.1949 0.41761 2.39576 165337000.0
876 0.02755 0.000297588 365.506 1600.86 99.2062 99.1966 1.85418 5.0353 165334000.0
877 0.02765 0.000297591 365.501 1600.8 99.2032 99.1977 3.43399 5.64279 165336000.0
878 0.02775 0.000297592 365.502 1600.84 99.2063 99.1969 2.87154 6.60801 165333000.0
879 0.02785 0.000297581 365.512 1600.79 99.1997 99.1946 2.55858 3.58257 165328000.0
880 0.02795 0.00029758 365.516 1600.86 99.2036 99.1966 0.827904 2.43607 165334000.0
881 0.02805 0.000297565 365.534 1600.91 99.2015 99.1931 -3.02991 -1.03077 165333000.0
882 0.02815 0.000297587 365.507 1600.85 99.2049 99.1962 1.85827 4.88058 165334000.0
883 0.02825 0.0002976 365.492 1600.75 99.2033 99.1978 6.47575 8.61153 165332000.0
884 0.02835 0.000297586 365.509 1600.82 99.203 99.1956 2.57119 6.52901 165331000.0
885 0.02845 0.00029756 365.539 1600.79 99.1924 99.1925 1.0408 0.88769 165329000.0
886 0.02855 0.000297569 365.53 1600.74 99.1928 99.1944 2.80133 4.04471 165329000.0
887 0.02865 0.000297555 365.546 1600.8 99.1915 99.1915 -0.320522 -0.510744 165328000.0
888 0.02875 0.000297569 365.527 1600.8 99.1962 99.194 1.64749 3.79357 165334000.0
889 0.02885 0.000297541 365.565 1600.83 99.1888 99.1893 -3.55743 -4.62271 165328000.0
890 0.02895 0.000297563 365.537 1600.83 99.1959 99.193 -0.242763 1.25668 165332000.0
891 0.02905 0.000297569 365.528 1600.78 99.1946 99.1927 1.7984 0.628389 165330000.0
892 0.02915 0.000297562 365.536 1600.77 99.1919 99.1937 1.78113 -0.319141 165333000.0
893 0.02925 0.000297567 365.53 1600.74 99.192 99.1939 3.05692 0.342311 165331000.0
894 0.02935 0.000297565 365.531 1600.77 99.1929 99.1934 1.9426 2.05515 165330000.0
895 0.02945 0.000297548 365.554 1600.85 99.1922 99.1916 -2.38504 -2.72241 165333000.0
896 0.02955 0.000297553 365.543 1600.77 99.1892 99.1929 0.254174 -1.55476 165335000.0
897 0.02965 0.000297551 365.551 1600.75 99.1866 99.1923 2.33178 -2.15461 165334000.0
898 0.02975 0.000297559 365.535 1600.81 99.1935 99.1935 -0.0551433 -0.0329545 165337000.0
899 0.02985 0.000297561 365.534 1600.77 99.1917 99.1939 1.6388 3.00477 165339000.0
900 0.02995 0.000297566 365.527 1600.76 99.1924 99.1934 3.31642 4.08795 165337000.0
