TITLE = "DSMC"
VARIABLES = "ID" "X" "rho" "v1" "Ttrans" "p" "p1" "q1" "mv1v1v1" "mvvv1v1"
ZONE T="Ma=4.0_inv", I=900, J=1, K=1, F=POINT
900 -0.02995 0.000297554 -365.551 1600.72 99.1862 99.1904 1.5851 6.40481 165319000.0
899 -0.02985 0.000297603 -365.496 1600.7 99.2013 99.1978 -5.34258 -6.73759 165327000.0
898 -0.02975 0.000297605 -365.49 1600.66 99.1994 99.1973 -7.23755 -6.66007 165325000.0
897 -0.02965 0.000297601 -365.496 1600.75 99.2036 99.1972 -4.12527 -5.78993 165329000.0
896 -0.02955 0.000297627 -365.464 1600.72 99.2107 99.2001 -7.48206 -13.0431 165333000.0
895 -0.02945 0.0002976 -365.499 1600.77 99.2047 99.1967 -2.60165 -5.76188 165329000.0
894 -0.02935 0.00029759 -365.51 1600.74 99.1994 99.1953 -2.06533 -4.79712 165327000.0
893 -0.02925 0.000297563 -365.54 1600.75 99.1909 99.1913 0.721168 2.74339 165321000.0
892 -0.02915 0.000297594 -365.505 1600.72 99.1998 99.1977 -4.24421 -6.16912 165331000.0
891 -0.02905 0.000297593 -365.506 1600.72 99.1992 99.1966 -3.51162 -4.80756 165330000.0
890 -0.02895 0.000297606 -365.486 1600.65 99.1994 99.1967 -8.18219 -9.86522 165326000.0
889 -0.02885 0.000297614 -365.48 1600.68 99.2036 99.1994 -7.74618 -11.2542 165332000.0
888 -0.02875 0.000297618 -365.474 1600.69 99.2058 99.1995 -7.49616 -11.3094 165332000.0
887 -0.02865 0.000297609 -365.485 1600.71 99.2037 99.199 -6.22719 -9.27372 165333000.0
886 -0.02855 0.000297589 -365.507 1600.68 99.1956 99.1954 -4.73508 -2.81037 165329000.0
885 -0.02845 0.000297578 -365.522 1600.73 99.1945 99.1948 -1.98706 1.06327 165329000.0
884 -0.02835 0.000297588 -365.511 1600.76 99.1998 99.195 -2.24787 -3.72836 165327000.0
883 -0.02825 0.000297569 -365.532 1600.76 99.1937 99.1924 -0.15558 0.433887 165327000.0
882 -0.02815 0.00029757 -365.535 1600.8 99.1963 99.1933 1.1397 0.314211 165329000.0
881 -0.02805 0.000297564 -365.541 1600.72 99.1897 99.1919 0.950293 4.99135 165325000.0
880 -0.02795 0.000297593 -365.505 1600.74 99.2006 99.1954 -2.21677 -3.24675 165331000.0
879 -0.02785 0.000297579 -365.522 1600.8 99.1998 99.1937 1.1051 -0.369852 165334000.0
878 -0.02775 0.000297581 -365.523 1600.84 99.2025 99.1925 2.07047 -1.09281 165333000.0
877 -0.02765 0.000297574 -365.526 1600.8 99.1979 99.1929 0.655215 0.845239 165333000.0
876 -0.02755 0.000297567 -365.537 1600.86 99.199 99.1921 3.8707 2.97709 165332000.0
875 -0.02745 0.000297553 -365.556 1600.92 99.198 99.1894 7.92073 8.32382 165332000.0
874 -0.02735 0.000297587 -365.511 1600.88 99.2073 99.1952 2.96496 0.481875 165341000.0
873 -0.02725 0.000297597 -365.503 1600.88 99.2106 99.1976 1.20855 -1.49238 165345000.0
872 -0.02715 0.000297585 -365.512 1600.89 99.2072 99.194 2.66554 0.0165273 165340000.0
871 -0.02705 0.000297587 -365.508 1600.78 99.2011 99.1951 -1.1093 0.0925107 165337000.0
870 -0.02695 0.000297592 -365.504 1600.76 99.2014 99.1966 -1.96156 -0.718829 165342000.0
869 -0.02685 0.000297591 -365.503 1600.8 99.203 99.1957 -1.21392 -0.898349 165340000.0
868 -0.02675 0.000297618 -365.468 1600.89 99.2179 99.2007 -1.33328 -8.31245 165350000.0
867 -0.02665 0.000297599 -365.493 1600.84 99.2083 99.1969 -1.11485 -2.35555 165342000.0
866 -0.02655 0.000297605 -365.485 1600.8 99.2083 99.1983 -3.09107 -4.78927 165341000.0
865 -0.02645 0.000297594 -365.495 1600.87 99.2089 99.1966 1.13818 -1.37408 165339000.0
864 -0.02635 0.000297598 -365.491 1600.82 99.2069 99.1973 -2.11138 -5.07896 165338000.0
863 -0.02625 0.000297573 -365.523 1600.74 99.1935 99.1948 -1.98017 2.09247 165335000.0
862 -0.02615 0.000297562 -365.533 1600.78 99.1924 99.1928 1.34507 5.79935 165329000.0
861 -0.02605 0.00029757 -365.524 1600.76 99.1938 99.1944 -0.390414 3.23121 165330000.0
860 -0.02595 0.000297585 -365.502 1600.73 99.197 99.1964 -3.74168 -1.4326 165331000.0
859 -0.02585 0.000297592 -365.495 1600.75 99.2006 99.1971 -3.59582 -2.48982 165332000.0
858 -0.02575 0.000297586 -365.504 1600.63 99.191 99.1964 -7.20841 -0.882497 165328000.0
857 -0.02565 0.000297588 -365.503 1600.74 99.1988 99.1979 -2.83291 -0.128624 165335000.0
856 -0.02555 0.000297613 -365.469 1600.69 99.204 99.2005 -8.4748 -8.12752 165337000.0
855 -0.02545 0.000297611 -365.473 1600.7 99.2037 99.2003 -7.68356 -6.34651 165338000.0
854 -0.02535 0.000297605 -365.48 1600.69 99.2013 99.1989 -7.54051 -5.63548 165336000.0
853 -0.02525 0.000297613 -365.473 1600.74 99.2066 99.2004 -6.01241 -6.05186 165340000.0
852 -0.02515 0.000297595 -365.491 1600.69 99.1976 99.1964 -5.96346 -2.00079 165334000.0
851 -0.02505 0.000297601 -365.484 1600.74 99.2028 99.1988 -5.94035 -4.62024 165340000.0
850 -0.02495 0.000297602 -365.487 1600.77 99.2049 99.1988 -4.52574 -7.22288 165341000.0
849 -0.02485 0.000297601 -365.487 1600.76 99.2043 99.1979 -5.13636 -8.85933 165339000.0
848 -0.02475 0.000297596 -365.493 1600.76 99.2023 99.1985 -4.26348 -5.38263 165341000.0
847 -0.02465 0.000297585 -365.507 1600.73 99.1969 99.1964 -3.62276 -2.49819 165339000.0
846 -0.02455 0.000297582 -365.51 1600.8 99.2005 99.196 -0.238304 -1.39758 165338000.0
845 -0.02445 0.000297583 -365.509 1600.83 99.2025 99.1968 0.244984 -3.51099 165341000.0
844 -0.02435 0.00029755 -365.549 1600.85 99.1929 99.1912 5.00137 6.23446 165334000.0
843 -0.02425 0.000297544 -365.557 1600.82 99.1891 99.1908 5.12914 7.27662 165332000.0
842 -0.02415 0.000297553 -365.549 1600.83 99.1927 99.1921 3.9035 3.10973 165334000.0
841 -0.02405 0.000297555 -365.542 1600.83 99.1931 99.1921 3.48889 1.57321 165333000.0
840 -0.02395 0.000297553 -365.546 1600.76 99.1882 99.1929 1.1484 2.9298 165330000.0
839 -0.02385 0.000297567 -365.529 1600.76 99.1929 99.1948 -0.806301 -1.77243 165334000.0
838 -0.02375 0.000297581 -365.509 1600.74 99.1965 99.1952 -1.68165 -5.93012 165335000.0
837 -0.02365 0.000297593 -365.498 1600.78 99.203 99.1976 -2.13603 -8.60762 165339000.0
836 -0.02355 0.000297582 -365.511 1600.79 99.1996 99.1967 -1.62758 -5.01492 165339000.0
835 -0.02345 0.000297584 -365.507 1600.78 99.1999 99.1963 -1.80947 -5.51338 165336000.0
834 -0.02335 0.000297574 -365.519 1600.83 99.1999 99.1943 0.654855 -4.19234 165332000.0
833 -0.02325 0.000297579 -365.515 1600.84 99.2016 99.1962 0.876787 -4.86515 165333000.0
832 -0.02315 0.00029757 -365.525 1600.85 99.1994 99.1938 1.50172 -3.53702 165328000.0
831 -0.02305 0.000297575 -365.52 1600.82 99.1994 99.1957 0.881685 -2.52962 165331000.0
830 -0.02295 0.000297568 -365.529 1600.76 99.1935 99.1941 -0.0368323 0.709031 165328000.0
829 -0.02285 0.000297568 -365.528 1600.85 99.1986 99.1939 2.04438 0.242045 165327000.0
828 -0.02275 0.000297568 -365.53 1600.83 99.1974 99.1931 2.2011 2.12591 165324000.0
827 -0.02265 0.000297569 -365.528 1600.74 99.1922 99.1939 -0.350525 0.46299 165323000.0
826 -0.02255 0.00029757 -365.526 1600.74 99.1923 99.1946 -0.91144 -0.0495921 165326000.0
825 -0.02245 0.000297601 -365.488 1600.66 99.1982 99.199 -7.39915 -9.76772 165327000.0
824 -0.02235 0.000297582 -365.512 1600.73 99.1961 99.1967 -2.3682 -2.86185 165328000.0
823 -0.02225 0.00029757 -365.528 1600.73 99.1918 99.1946 -1.2432 2.09579 165328000.0
822 -0.02215 0.000297562 -365.535 1600.81 99.194 99.194 2.14348 5.54471 165333000.0
821 -0.02205 0.000297574 -365.523 1600.77 99.1957 99.1945 -0.870438 2.11877 165329000.0
820 -0.02195 0.000297599 -365.488 1600.72 99.2013 99.1982 -5.28542 -6.08505 165333000.0
819 -0.02185 0.000297603 -365.484 1600.77 99.2055 99.1992 -4.05663 -6.84852 165336000.0
818 -0.02175 0.000297591 -365.498 1600.78 99.2023 99.1966 -1.97301 -3.38956 165332000.0
817 -0.02165 0.000297596 -365.493 1600.73 99.2009 99.198 -4.33556 -3.8089 165334000.0
816 -0.02155 0.000297611 -365.473 1600.72 99.2048 99.2003 -6.9025 -7.46412 165336000.0
815 -0.02145 0.000297601 -365.482 1600.8 99.2067 99.199 -2.9029 -4.13859 165336000.0
814 -0.02135 0.000297617 -365.465 1600.76 99.2097 99.2009 -6.26805 -10.5551 165339000.0
813 -0.02125 0.000297594 -365.491 1600.79 99.2041 99.1989 -3.44871 -3.08193 165338000.0
812 -0.02115 0.000297595 -365.49 1600.76 99.2024 99.1974 -4.22162 -2.32735 165334000.0
811 -0.02105 0.000297587 -365.503 1600.87 99.2063 99.1977 0.585546 1.05517 165341000.0
810 -0.02095 0.000297594 -365.492 1600.78 99.2035 99.1982 -2.49042 -2.66026 165340000.0
809 -0.02085 0.000297588 -365.498 1600.83 99.2045 99.196 -0.336948 -2.76686 165335000.0
808 -0.02075 0.000297596 -365.49 1600.78 99.2039 99.1991 -3.40164 -6.22303 165340000.0
807 -0.02065 0.000297592 -365.494 1600.85 99.2065 99.1973 -0.59103 -3.31274 165338000.0
806 -0.02055 0.000297576 -365.513 1600.81 99.1989 99.1964 0.798071 1.80677 165339000.0
805 -0.02045 0.000297586 -365.501 1600.82 99.2033 99.1973 -1.12656 -4.43114 165340000.0
804 -0.02035 0.000297573 -365.516 1600.81 99.1983 99.1958 -0.0859212 1.39825 165337000.0
803 -0.02025 0.000297559 -365.534 1600.84 99.1948 99.194 3.16031 5.87343 165336000.0
802 -0.02015 0.00029756 -365.531 1600.81 99.1938 99.1949 1.31087 6.03936 165337000.0
801 -0.02005 0.000297566 -365.523 1600.87 99.1995 99.1943 3.68134 5.16417 165337000.0
800 -0.01995 0.000297559 -365.531 1600.88 99.1976 99.1948 4.51484 6.44423 165342000.0
799 -0.01985 0.000297584 -365.502 1600.85 99.2042 99.1981 0.250628 -0.110043 165345000.0
798 -0.01975 0.000297574 -365.516 1600.91 99.2044 99.1964 3.41669 3.48168 165344000.0
797 -0.01965 0.000297579 -365.509 1600.93 99.2076 99.1973 3.23503 0.779448 165347000.0
796 -0.01955 0.000297596 -365.486 1600.84 99.2078 99.1985 -0.943245 -4.91712 165344000.0
795 -0.01945 0.000297601 -365.482 1600.81 99.2075 99.1991 -1.7377 -7.68116 165346000.0
794 -0.01935 0.000297581 -365.507 1600.86 99.204 99.1977 1.13882 -2.4365 165346000.0
793 -0.01925 0.000297577 -365.511 1600.86 99.2024 99.1957 2.86085 -0.274636 165344000.0
792 -0.01915 0.000297585 -365.501 1600.88 99.2065 99.1978 1.77282 -2.6515 165348000.0
791 -0.01905 0.000297574 -365.512 1600.86 99.2015 99.1958 2.24132 0.251985 165344000.0
790 -0.01895 0.000297564 -365.526 1600.83 99.1965 99.1953 2.15402 3.084 165345000.0
789 -0.01885 0.000297574 -365.515 1600.87 99.202 99.1975 1.77915 1.16901 165347000.0
788 -0.01875 0.000297598 -365.486 1600.93 99.2139 99.1996 1.00448 -5.6724 165349000.0
787 -0.01865 0.000297606 -365.472 1600.85 99.212 99.2001 -2.07373 -6.51622 165347000.0
786 -0.01855 0.000297597 -365.49 1600.84 99.2078 99.1999 -1.4875 -2.93227 165343000.0
785 -0.01845 0.000297584 -365.5 1600.82 99.2023 99.1983 -0.323935 0.0996909 165340000.0
784 -0.01835 0.00029758 -365.508 1600.83 99.2016 99.1972 0.139046 0.168518 165339000.0
783 -0.01825 0.000297596 -365.489 1600.8 99.2048 99.1994 -2.69449 -3.33705 165339000.0
782 -0.01815 0.000297583 -365.505 1600.86 99.2043 99.1969 0.897958 1.6765 165337000.0
781 -0.01805 0.000297584 -365.505 1600.84 99.2036 99.1986 0.0170877 2.01162 165338000.0
780 -0.01795 0.000297583 -365.508 1600.77 99.1987 99.1975 -1.50835 2.17824 165336000.0
779 -0.01785 0.000297605 -365.478 1600.8 99.2083 99.1999 -4.13725 -5.64242 165337000.0
778 -0.01775 0.000297598 -365.487 1600.82 99.2068 99.1996 -3.33705 -3.89916 165338000.0
777 -0.01765 0.000297574 -365.516 1600.9 99.2041 99.1962 3.55492 3.34599 165340000.0
776 -0.01755 0.000297579 -365.511 1600.85 99.2023 99.1976 0.903285 0.799164 165341000.0
775 -0.01745 0.000297559 -365.533 1600.88 99.1977 99.1947 3.76441 5.4799 165338000.0
774 -0.01735 0.000297558 -365.535 1600.83 99.1943 99.1945 2.08372 6.13442 165338000.0
773 -0.01725 0.000297578 -365.509 1600.84 99.2014 99.1974 0.35887 1.8685 165342000.0
772 -0.01715 0.00029758 -365.505 1600.89 99.2051 99.1972 1.43799 2.38331 165344000.0
771 -0.01705 0.000297571 -365.519 1600.82 99.1977 99.1966 0.3647 3.37006 165340000.0
770 -0.01695 0.000297573 -365.515 1600.9 99.2034 99.1964 3.17025 4.52353 165342000.0
769 -0.01685 0.000297573 -365.517 1600.88 99.2027 99.1949 2.1104 1.9463 165339000.0
768 -0.01675 0.000297568 -365.522 1600.89 99.2016 99.1948 3.80178 3.04109 165339000.0
767 -0.01665 0.000297575 -365.514 1600.93 99.2066 99.1972 3.896 1.7157 165344000.0
766 -0.01655 0.000297582 -365.505 1600.89 99.2057 99.1976 2.32778 1.34176 165341000.0
765 -0.01645 0.000297561 -365.531 1600.97 99.2036 99.194 6.93657 5.26532 165340000.0
764 -0.01635 0.000297568 -365.523 1600.88 99.2006 99.1959 2.77519 3.7521 165342000.0
763 -0.01625 0.000297587 -365.5 1600.89 99.2076 99.1971 0.522625 -2.66103 165341000.0
762 -0.01615 0.000297591 -365.493 1600.81 99.2043 99.1977 -2.35999 -3.65517 165339000.0
761 -0.01605 0.000297578 -365.511 1600.87 99.203 99.196 0.8578 0.333353 165340000.0
760 -0.01595 0.00029759 -365.495 1600.91 99.2098 99.1994 1.02765 -1.37656 165346000.0
759 -0.01585 0.000297575 -365.516 1600.85 99.2012 99.1955 1.06653 2.8322 165339000.0
758 -0.01575 0.00029758 -365.508 1600.89 99.2051 99.1969 1.53478 1.48734 165342000.0
757 -0.01565 0.000297586 -365.501 1600.86 99.2051 99.1971 -0.358876 -0.687541 165338000.0
756 -0.01555 0.000297558 -365.537 1600.9 99.1985 99.193 4.75343 8.56547 165337000.0
755 -0.01545 0.000297569 -365.521 1600.97 99.2066 99.1946 5.59324 4.20108 165341000.0
754 -0.01535 0.000297556 -365.537 1600.91 99.1986 99.1916 5.38107 8.74542 165335000.0
753 -0.01525 0.000297588 -365.498 1600.93 99.2108 99.199 2.14894 -0.207581 165346000.0
752 -0.01515 0.000297569 -365.521 1600.89 99.2017 99.1948 3.55448 6.26965 165339000.0
751 -0.01505 0.000297589 -365.499 1600.85 99.2056 99.1967 -1.50374 -1.51276 165336000.0
750 -0.01495 0.000297579 -365.511 1600.81 99.2005 99.1961 -0.286718 2.07093 165334000.0
749 -0.01485 0.000297567 -365.527 1600.81 99.1961 99.1946 -0.109139 3.41343 165333000.0
748 -0.01475 0.000297574 -365.513 1600.79 99.1975 99.1953 -0.459347 2.61288 165333000.0
747 -0.01465 0.000297583 -365.508 1600.74 99.1968 99.1955 -3.94479 -1.17134 165330000.0
746 -0.01455 0.000297575 -365.515 1600.79 99.1976 99.194 -1.16881 1.40467 165331000.0
745 -0.01445 0.000297565 -365.526 1600.83 99.1965 99.1939 1.38274 4.29678 165334000.0
744 -0.01435 0.000297552 -365.544 1600.86 99.1944 99.1913 3.94125 8.05841 165330000.0
743 -0.01425 0.000297531 -365.57 1600.96 99.1935 99.1878 10.3099 12.6478 165330000.0
742 -0.01415 0.000297555 -365.542 1600.99 99.2029 99.1921 8.25405 5.56202 165332000.0
741 -0.01405 0.000297569 -365.526 1600.99 99.208 99.1936 7.223 1.41847 165333000.0
740 -0.01395 0.000297543 -365.556 1600.96 99.1971 99.1896 8.66113 8.4725 165324000.0
739 -0.01385 0.000297555 -365.541 1600.91 99.1983 99.1913 5.38978 5.19258 165323000.0
738 -0.01375 0.000297572 -365.521 1600.95 99.2061 99.1938 5.16878 1.16578 165327000.0
737 -0.01365 0.000297558 -365.538 1600.95 99.2016 99.1916 5.5736 4.45077 165322000.0
736 -0.01355 0.000297551 -365.549 1600.93 99.1983 99.1908 7.73784 8.93744 165321000.0
735 -0.01345 0.000297564 -365.531 1600.87 99.1985 99.1923 3.37296 4.81377 165319000.0
734 -0.01335 0.000297557 -365.539 1600.9 99.1979 99.1906 5.38757 6.96809 165319000.0
733 -0.01325 0.000297563 -365.537 1600.92 99.2019 99.1921 4.7846 3.20653 165322000.0
732 -0.01315 0.000297563 -365.533 1600.9 99.2004 99.1915 5.30176 5.57128 165320000.0
731 -0.01305 0.000297577 -365.513 1600.93 99.2066 99.1947 2.84156 -0.0747365 165322000.0
730 -0.01295 0.000297565 -365.527 1600.91 99.2017 99.1926 4.99263 6.80199 165319000.0
729 -0.01285 0.000297553 -365.543 1600.92 99.1978 99.1926 5.49063 8.37756 165322000.0
728 -0.01275 0.000297554 -365.541 1600.91 99.1979 99.191 5.54521 7.90904 165317000.0
727 -0.01265 0.00029758 -365.505 1600.88 99.2048 99.1961 0.0990838 -0.829514 165322000.0
726 -0.01255 0.000297568 -365.522 1600.9 99.2018 99.1938 2.91587 1.92894 165319000.0
725 -0.01245 0.000297564 -365.524 1600.92 99.2015 99.193 3.87295 2.30452 165317000.0
724 -0.01235 0.000297565 -365.526 1600.91 99.2014 99.1935 3.46913 0.977016 165318000.0
723 -0.01225 0.000297555 -365.536 1600.93 99.1993 99.1924 5.51163 3.09447 165313000.0
722 -0.01215 0.000297527 -365.572 1600.9 99.1883 99.1886 8.63536 12.0361 165308000.0
721 -0.01205 0.000297526 -365.574 1600.91 99.1884 99.188 7.77078 9.79066 165305000.0
720 -0.01195 0.000297543 -365.552 1600.91 99.1942 99.191 6.67582 5.75896 165311000.0
719 -0.01185 0.000297514 -365.584 1600.92 99.1853 99.1868 10.52 14.3913 165305000.0
718 -0.01175 0.000297522 -365.578 1600.87 99.1848 99.1871 7.56 9.82472 165299000.0
717 -0.01165 0.000297532 -365.565 1600.84 99.1863 99.1894 5.64941 8.34972 165301000.0
716 -0.01155 0.000297515 -365.585 1600.87 99.1821 99.1875 7.78834 12.6978 165295000.0
715 -0.01145 0.000297516 -365.584 1600.83 99.1804 99.188 6.97713 12.6712 165292000.0
714 -0.01135 0.000297507 -365.595 1600.85 99.1788 99.1867 9.04755 15.5781 165292000.0
713 -0.01125 0.000297508 -365.593 1600.97 99.1861 99.1865 12.4922 14.5673 165292000.0
712 -0.01115 0.000297513 -365.587 1600.98 99.1889 99.1879 12.1916 14.0209 165295000.0
711 -0.01105 0.000297525 -365.568 1601.0 99.1939 99.1868 11.0147 8.75896 165290000.0
710 -0.01095 0.000297524 -365.574 1601.04 99.1961 99.1883 12.8551 10.1513 165292000.0
709 -0.01085 0.0002975 -365.602 1600.98 99.1841 99.1853 13.5491 17.1099 165285000.0
708 -0.01075 0.000297507 -365.592 1601.02 99.189 99.1863 14.3551 15.5832 165289000.0
707 -0.01065 0.000297493 -365.611 1601.05 99.1861 99.185 16.5752 19.7531 165286000.0
706 -0.01055 0.000297499 -365.603 1601.08 99.1904 99.186 17.7347 16.4294 165285000.0
705 -0.01045 0.000297492 -365.611 1601.1 99.189 99.1849 18.6091 16.9285 165281000.0
704 -0.01035 0.000297487 -365.616 1601.11 99.1881 99.1839 18.916 18.4933 165275000.0
703 -0.01025 0.000297463 -365.649 1601.16 99.1832 99.1823 23.6802 25.9683 165274000.0
702 -0.01015 0.000297442 -365.675 1601.2 99.1786 99.1782 27.7982 31.39 165264000.0
701 -0.01005 0.000297433 -365.687 1601.15 99.1722 99.1767 27.1434 32.9334 165259000.0
700 -0.00995 0.000297434 -365.687 1601.21 99.1766 99.1772 29.992 34.9005 165256000.0
699 -0.00985 0.000297412 -365.712 1601.23 99.1704 99.1737 32.8539 38.8068 165248000.0
698 -0.00975 0.00029742 -365.706 1601.2 99.1708 99.1763 30.6615 37.6572 165249000.0
697 -0.00965 0.00029742 -365.705 1601.22 99.1726 99.1748 31.5557 35.8355 165239000.0
696 -0.00955 0.000297405 -365.721 1601.25 99.1691 99.173 34.1472 39.8328 165234000.0
695 -0.00945 0.000297395 -365.734 1601.32 99.17 99.1715 38.2929 42.7904 165231000.0
694 -0.00935 0.000297363 -365.772 1601.25 99.1551 99.1662 38.8258 47.305 165216000.0
693 -0.00925 0.000297357 -365.78 1601.27 99.1546 99.1668 40.0995 46.7885 165210000.0
692 -0.00915 0.000297336 -365.805 1601.26 99.1468 99.1641 42.4688 50.3058 165199000.0
691 -0.00905 0.000297296 -365.854 1601.34 99.1386 99.1586 50.8121 59.4222 165188000.0
690 -0.00895 0.000297296 -365.856 1601.39 99.1417 99.1587 52.6092 57.8591 165183000.0
689 -0.00885 0.000297272 -365.886 1601.4 99.1341 99.1546 55.3894 61.8134 165168000.0
688 -0.00875 0.000297278 -365.879 1601.39 99.1356 99.1558 53.9649 57.5536 165159000.0
687 -0.00865 0.000297263 -365.896 1601.46 99.1351 99.1536 58.813 60.1643 165149000.0
686 -0.00855 0.000297219 -365.951 1601.45 99.1196 99.1478 63.3684 69.662 165136000.0
685 -0.00845 0.000297187 -365.99 1601.5 99.1119 99.1424 68.2215 74.0032 165123000.0
684 -0.00835 0.000297164 -366.018 1601.46 99.1018 99.1386 70.7395 76.7459 165104000.0
683 -0.00825 0.000297144 -366.042 1601.46 99.0955 99.137 72.8789 78.4208 165092000.0
682 -0.00815 0.000297107 -366.087 1601.49 99.0849 99.1314 77.9477 86.6414 165075000.0
681 -0.00805 0.000297089 -366.109 1601.47 99.0778 99.1289 80.112 86.8161 165057000.0
680 -0.00795 0.000297062 -366.141 1601.56 99.0743 99.1272 86.0827 89.939 165044000.0
679 -0.00785 0.000297023 -366.191 1601.61 99.0643 99.1215 92.1874 96.1485 165024000.0
678 -0.00775 0.000296988 -366.229 1601.64 99.0542 99.1161 97.0826 100.17 165001000.0
677 -0.00765 0.000296948 -366.284 1601.69 99.0443 99.1115 104.25 108.186 164984000.0
676 -0.00755 0.000296898 -366.343 1601.75 99.0313 99.1038 112.562 117.796 164958000.0
675 -0.00745 0.00029685 -366.401 1601.79 99.0175 99.0968 118.753 123.652 164935000.0
674 -0.00735 0.000296805 -366.458 1601.86 99.0069 99.0915 127.146 129.192 164916000.0
673 -0.00725 0.000296754 -366.519 1601.82 98.9873 99.0833 132.668 134.363 164887000.0
672 -0.00715 0.000296672 -366.625 1601.89 98.9644 99.0721 144.233 148.753 164855000.0
671 -0.00705 0.000296626 -366.679 1601.89 98.9491 99.0664 149.705 150.721 164825000.0
670 -0.00695 0.000296541 -366.784 1602.03 98.9296 99.0549 164.682 164.618 164793000.0
669 -0.00685 0.000296476 -366.866 1602.07 98.9101 99.0465 173.68 171.674 164758000.0
668 -0.00675 0.000296383 -366.98 1602.12 98.8825 99.0332 187.451 184.784 164717000.0
667 -0.00665 0.000296304 -367.081 1602.19 98.8601 99.023 199.813 193.578 164678000.0
666 -0.00655 0.000296201 -367.205 1602.26 98.8303 99.0082 214.261 208.033 164632000.0
665 -0.00645 0.000296138 -367.287 1602.3 98.8115 99.0009 222.74 208.264 164594000.0
664 -0.00635 0.000296013 -367.44 1602.37 98.7744 98.9823 240.657 224.705 164536000.0
663 -0.00625 0.000295886 -367.597 1602.47 98.7383 98.9659 259.991 240.999 164485000.0
662 -0.00615 0.000295771 -367.741 1602.5 98.7013 98.9502 275.041 254.096 164428000.0
661 -0.00605 0.000295628 -367.922 1602.61 98.6604 98.9299 295.842 270.608 164364000.0
660 -0.00595 0.000295493 -368.088 1602.67 98.6187 98.911 313.833 284.312 164297000.0
659 -0.00585 0.000295341 -368.277 1602.73 98.5723 98.8896 335.351 298.934 164228000.0
658 -0.00575 0.000295168 -368.492 1602.78 98.5174 98.8663 358.081 319.647 164151000.0
657 -0.00565 0.000295004 -368.696 1602.89 98.4693 98.8448 381.714 335.174 164075000.0
656 -0.00555 0.000294809 -368.944 1602.97 98.4095 98.8166 408.392 355.05 163989000.0
655 -0.00545 0.000294574 -369.239 1603.01 98.3328 98.7846 438.444 384.527 163894000.0
654 -0.00535 0.000294369 -369.493 1602.99 98.2635 98.7566 463.24 401.407 163798000.0
653 -0.00525 0.000294125 -369.798 1603.11 98.1894 98.7229 496.558 425.726 163691000.0
652 -0.00515 0.000293841 -370.161 1603.23 98.1018 98.6831 536.318 458.912 163570000.0
651 -0.00505 0.000293558 -370.514 1603.32 98.0129 98.643 574.604 488.159 163449000.0
650 -0.00495 0.000293236 -370.922 1603.33 97.9064 98.5969 615.135 522.18 163311000.0
649 -0.00485 0.000292915 -371.329 1603.5 97.8092 98.5541 659.705 549.189 163177000.0
648 -0.00475 0.000292554 -371.79 1603.62 97.696 98.5013 708.839 582.98 163023000.0
647 -0.00465 0.000292156 -372.294 1603.64 97.5644 98.4458 759.198 621.491 162859000.0
646 -0.00455 0.000291717 -372.856 1603.69 97.4212 98.3845 815.5 665.398 162684000.0
645 -0.00445 0.000291268 -373.428 1603.77 97.2755 98.3206 874.372 703.72 162495000.0
644 -0.00435 0.000290764 -374.075 1603.83 97.1111 98.25 939.221 751.466 162290000.0
643 -0.00425 0.00029022 -374.78 1603.88 96.9323 98.1718 1009.8 803.432 162068000.0
642 -0.00415 0.000289646 -375.521 1603.99 96.747 98.09 1085.28 854.865 161835000.0
641 -0.00405 0.000289029 -376.32 1603.96 96.5392 98.002 1162.03 908.795 161582000.0
640 -0.00395 0.000288337 -377.223 1603.94 96.3072 97.9015 1249.4 974.905 161305000.0
639 -0.00385 0.000287596 -378.198 1603.92 96.0586 97.7932 1343.52 1043.38 161006000.0
638 -0.00375 0.00028681 -379.231 1603.96 95.7984 97.681 1445.14 1117.04 160698000.0
637 -0.00365 0.000285967 -380.35 1603.94 95.5153 97.557 1553.01 1194.8 160356000.0
636 -0.00355 0.000285061 -381.557 1603.86 95.2081 97.4237 1667.51 1276.87 159993000.0
635 -0.00345 0.000284097 -382.853 1603.75 94.88 97.282 1789.21 1364.22 159607000.0
634 -0.00335 0.000283043 -384.28 1603.7 94.5245 97.1236 1924.6 1462.43 159188000.0
633 -0.00325 0.000281904 -385.833 1603.62 94.1392 96.9522 2071.91 1571.53 158743000.0
632 -0.00315 0.000280683 -387.506 1603.42 93.7201 96.7666 2226.06 1686.89 158259000.0
631 -0.00305 0.000279391 -389.298 1603.27 93.2799 96.5697 2393.11 1807.37 157750000.0
630 -0.00295 0.000277976 -391.279 1603.1 92.7978 96.3511 2578.1 1949.11 157200000.0
629 -0.00285 0.000276476 -393.402 1602.83 92.2813 96.1179 2771.05 2095.84 156612000.0
628 -0.00275 0.000274843 -395.741 1602.56 91.7211 95.8621 2985.39 2268.91 155985000.0
627 -0.00265 0.000273122 -398.232 1602.13 91.1225 95.5859 3208.22 2446.1 155305000.0
626 -0.00255 0.000271293 -400.919 1601.63 90.4838 95.2914 3446.12 2636.55 154587000.0
625 -0.00245 0.000269362 -403.791 1601.09 89.8092 94.9742 3699.6 2838.92 153819000.0
624 -0.00235 0.000267302 -406.906 1600.53 89.0912 94.6327 3974.13 3062.26 153005000.0
623 -0.00225 0.0002651 -410.285 1599.82 88.3181 94.2612 4267.46 3311.71 152135000.0
622 -0.00215 0.000262761 -413.935 1598.97 87.4926 93.8588 4580.72 3584.35 151208000.0
621 -0.00205 0.000260306 -417.842 1597.96 86.6205 93.4319 4909.7 3873.64 150232000.0
620 -0.00195 0.000257712 -422.046 1596.82 85.6958 92.9695 5261.53 4190.55 149191000.0
619 -0.00185 0.000254961 -426.603 1595.66 84.7196 92.4702 5643.04 4540.99 148097000.0
618 -0.00175 0.000252086 -431.468 1594.3 83.6925 91.9367 6043.54 4918.08 146944000.0
617 -0.00165 0.000249063 -436.704 1592.64 82.6029 91.3628 6464.57 5329.0 145721000.0
616 -0.00155 0.000245885 -442.346 1590.8 81.455 90.7464 6914.88 5785.46 144442000.0
615 -0.00145 0.000242612 -448.318 1588.69 80.2642 90.0923 7381.34 6261.42 143097000.0
614 -0.00135 0.000239206 -454.7 1586.31 79.0189 89.3938 7872.09 6776.95 141692000.0
613 -0.00125 0.000235685 -461.493 1583.7 77.7277 88.6518 8385.72 7326.67 140232000.0
612 -0.00115 0.000232057 -468.711 1580.76 76.3889 87.8641 8922.25 7915.77 138716000.0
611 -0.00105 0.000228295 -476.43 1577.38 74.9897 87.0197 9480.06 8552.92 137131000.0
610 -0.00095 0.000224452 -484.595 1573.6 73.5505 86.1289 10056.6 9228.89 135494000.0
609 -0.00085 0.000220517 -493.234 1569.36 72.0668 85.1873 10652.1 9945.66 133810000.0
608 -0.00075 0.000216519 -502.347 1564.63 70.5471 84.1927 11262.0 10697.0 132073000.0
607 -0.00065 0.000212464 -511.934 1559.34 68.9915 83.1486 11882.9 11484.3 130298000.0
606 -0.00055 0.000208336 -522.078 1553.54 67.3997 82.0427 12522.9 12318.6 128485000.0
605 -0.00045 0.0002042 -532.657 1547.09 65.7874 80.8911 13165.6 13175.9 126645000.0
604 -0.00035 0.000200037 -543.737 1539.92 64.1474 79.6843 13811.0 14065.3 124773000.0
603 -0.00025 0.000195881 -555.283 1531.95 62.4895 78.4286 14451.6 14973.1 122874000.0
602 -0.00015 0.00019173 -567.3 1523.31 60.8204 77.121 15092.7 15905.2 120968000.0
601 -5e-05 0.000187636 -579.684 1513.86 59.1522 75.7751 15717.9 16831.7 119052000.0
600 5e-05 0.000183541 -592.613 1503.48 57.4645 74.3691 16336.8 17786.2 117128000.0
599 0.00015 0.000179507 -605.932 1492.16 55.7782 72.9215 16933.7 18732.0 115202000.0
598 0.00025 0.000175531 -619.655 1479.96 54.0968 71.4295 17510.2 19670.1 113278000.0
597 0.00035 0.000171633 -633.728 1466.79 52.4249 69.9007 18058.5 20591.9 111365000.0
596 0.00045 0.00016783 -648.093 1452.61 50.7678 68.3403 18571.6 21482.5 109455000.0
595 0.00055 0.000164129 -662.703 1437.52 49.1327 66.754 19046.6 22335.8 107562000.0
594 0.00065 0.000160504 -677.672 1421.34 47.5064 65.1274 19484.8 23160.6 105670000.0
593 0.00075 0.00015701 -692.755 1404.14 45.9101 63.4908 19873.0 23927.9 103795000.0
592 0.00085 0.000153623 -708.03 1386.09 44.3421 61.8314 20218.4 24640.7 101931000.0
591 0.00095 0.000150346 -723.463 1367.04 42.7998 60.156 20515.1 25298.0 100080000.0
590 0.00105 0.000147202 -738.912 1347.18 41.2961 58.4783 20758.5 25880.7 98232000.0
589 0.00115 0.000144178 -754.411 1326.4 39.824 56.796 20948.1 26395.3 96392300.0
588 0.00125 0.000141278 -769.899 1304.67 38.3833 55.1142 21079.0 26833.2 94544100.0
587 0.00135 0.000138497 -785.362 1282.36 36.9844 53.4355 21163.1 27196.5 92708400.0
586 0.00145 0.000135844 -800.697 1259.32 35.6242 51.7713 21189.5 27479.2 90865100.0
585 0.00155 0.000133316 -815.882 1235.76 34.3075 50.1231 21165.2 27681.0 89018100.0
584 0.00165 0.000130905 -830.913 1211.66 33.0297 48.4911 21090.2 27805.4 87165000.0
583 0.00175 0.000128596 -845.832 1187.02 31.7874 46.8717 20967.5 27856.3 85301500.0
582 0.00185 0.00012641 -860.464 1162.02 30.589 45.2838 20795.0 27828.2 83425000.0
581 0.00195 0.000124343 -874.763 1136.85 29.437 43.731 20578.7 27725.2 81538200.0
580 0.00205 0.000122368 -888.882 1111.37 28.3201 42.1987 20322.4 27557.0 79641200.0
579 0.00215 0.000120504 -902.627 1085.91 27.2501 40.7067 20030.4 27322.5 77737900.0
578 0.00225 0.00011874 -916.042 1060.46 26.2217 39.2503 19704.3 27026.0 75823500.0
577 0.00235 0.000117063 -929.157 1034.91 25.2286 37.8266 19344.3 26676.3 73897600.0
576 0.00245 0.00011548 -941.908 1009.55 24.2773 36.4424 18958.7 26274.1 71966600.0
575 0.00255 0.000113989 -954.222 984.44 23.368 35.1059 18549.0 25826.5 70034700.0
574 0.00265 0.000112576 -966.193 959.507 22.4939 33.8059 18116.9 25337.3 68095900.0
573 0.00275 0.000111239 -977.798 934.866 21.656 32.5459 17666.8 24812.1 66158700.0
572 0.00285 0.000109974 -989.063 910.55 20.8528 31.3231 17202.9 24254.4 64225300.0
571 0.00295 0.000108785 -999.865 886.783 20.0889 30.1502 16729.6 23672.9 62307700.0
570 0.00305 0.000107659 -1010.32 863.423 19.3573 29.0155 16247.3 23069.0 60399800.0
569 0.00315 0.0001066 -1020.36 840.538 18.6588 27.9251 15758.1 22448.4 58507000.0
568 0.00325 0.000105599 -1030.03 818.278 17.9942 26.8748 15268.8 21813.8 56638300.0
567 0.00335 0.000104654 -1039.33 796.536 17.3593 25.8655 14777.5 21169.8 54791000.0
566 0.00345 0.00010377 -1048.19 775.428 16.7564 24.9038 14287.0 20521.8 52967200.0
565 0.00355 0.000102928 -1056.76 754.801 16.1784 23.9736 13797.1 19868.5 51166400.0
564 0.00365 0.000102133 -1064.99 734.779 15.6276 23.0796 13312.6 19213.7 49397300.0
563 0.00375 0.000101388 -1072.81 715.465 15.1059 22.23 12835.5 18565.8 47667100.0
562 0.00385 0.000100686 -1080.29 696.831 14.6106 21.4185 12366.8 17922.9 45973000.0
561 0.00395 0.000100023 -1087.46 678.723 14.1372 20.6394 11904.0 17284.7 44310800.0
560 0.00405 9.93999e-05 -1094.27 661.37 13.6899 19.9 11454.1 16659.8 42697100.0
559 0.00415 9.88112e-05 -1100.79 644.575 13.2632 19.192 11012.3 16043.8 41118700.0
558 0.00425 9.82537e-05 -1107.04 628.385 12.8572 18.5135 10581.1 15437.8 39580700.0
557 0.00435 9.77263e-05 -1113.01 612.737 12.4697 17.8649 10159.9 14845.3 38083300.0
556 0.00445 9.72275e-05 -1118.72 597.572 12.099 17.245 9745.89 14264.6 36616600.0
555 0.00455 9.67619e-05 -1124.11 583.211 11.7517 16.6601 9350.58 13702.9 35210100.0
554 0.00465 9.63135e-05 -1129.34 569.259 11.4174 16.092 8962.99 13148.9 33836100.0
553 0.00475 9.5894e-05 -1134.28 555.92 11.1013 15.5555 8589.51 12615.5 32512900.0
552 0.00485 9.55031e-05 -1138.93 543.253 10.8041 15.0506 8231.18 12101.3 31238300.0
551 0.00495 9.5131e-05 -1143.38 531.087 10.521 14.5679 7884.91 11603.0 30007700.0
550 0.00505 9.47775e-05 -1147.64 519.354 10.2503 14.1044 7548.1 11116.8 28811300.0
549 0.00515 9.4448e-05 -1151.66 508.201 9.99534 13.6686 7225.94 10651.6 27664700.0
548 0.00525 9.41345e-05 -1155.48 497.544 9.75327 13.2534 6916.33 10202.8 26562000.0
547 0.00535 9.3835e-05 -1159.17 487.199 9.52009 12.8529 6613.62 9764.85 25486400.0
546 0.00545 9.35535e-05 -1162.66 477.384 9.30031 12.4738 6325.26 9344.86 24458200.0
545 0.00555 9.32893e-05 -1165.94 468.085 9.09341 12.1174 6050.5 8944.44 23476200.0
544 0.00565 9.30382e-05 -1169.1 459.104 8.89493 11.7746 5783.69 8555.67 22523700.0
543 0.00575 9.28001e-05 -1172.09 450.556 8.70698 11.4494 5528.67 8182.75 21610800.0
542 0.00585 9.25729e-05 -1174.97 442.354 8.52753 11.1374 5283.23 7822.91 20734100.0
541 0.00595 9.23609e-05 -1177.67 434.575 8.35839 10.8443 5049.09 7479.84 19894000.0
540 0.00605 9.21603e-05 -1180.24 427.151 8.19776 10.565 4824.96 7150.28 19089300.0
539 0.00615 9.19673e-05 -1182.71 419.993 8.0435 10.297 4608.25 6832.32 18312700.0
538 0.00625 9.17834e-05 -1185.07 413.086 7.8954 10.0398 4397.97 6525.11 17560400.0
537 0.00635 9.16136e-05 -1187.27 406.655 7.75812 9.80103 4201.79 6236.26 16853700.0
536 0.00645 9.14521e-05 -1189.37 400.496 7.62713 9.57293 4013.28 5958.53 16174000.0
535 0.00655 9.12966e-05 -1191.4 394.551 7.50113 9.35334 3830.9 5690.39 15518100.0
534 0.00665 9.1153e-05 -1193.28 389.008 7.38413 9.14905 3660.33 5438.05 14899800.0
533 0.00675 9.10141e-05 -1195.09 383.653 7.27138 8.95197 3495.33 5194.44 14304300.0
532 0.00685 9.08817e-05 -1196.84 378.496 7.1632 8.76194 3336.17 4958.3 13728700.0
531 0.00695 9.07552e-05 -1198.51 373.541 7.05959 8.58082 3182.41 4732.08 13174600.0
530 0.00705 9.06392e-05 -1200.04 368.967 6.96423 8.41462 3040.32 4521.63 12657200.0
529 0.00715 9.05297e-05 -1201.5 364.603 6.87355 8.25599 2904.7 4320.41 12164100.0
528 0.00725 9.04227e-05 -1202.91 360.359 6.78552 8.10223 2772.28 4124.65 11682800.0
527 0.00735 9.03213e-05 -1204.26 356.342 6.70234 7.95615 2646.91 3938.39 11227300.0
526 0.00745 9.02269e-05 -1205.53 352.543 6.62397 7.81846 2527.92 3761.0 10792400.0
525 0.00755 9.01378e-05 -1206.71 348.965 6.55026 7.68983 2416.02 3594.85 10383200.0
524 0.00765 9.00526e-05 -1207.86 345.517 6.47941 7.56492 2307.75 3432.88 9986320.0
523 0.00775 8.9969e-05 -1208.97 342.168 6.41066 7.4443 2202.61 3276.87 9603800.0
522 0.00785 8.98941e-05 -1210.0 339.051 6.34696 7.33323 2104.56 3131.37 9244320.0
521 0.00795 8.98181e-05 -1211.01 335.991 6.28436 7.22317 2008.05 2987.79 8891530.0
520 0.00805 8.97476e-05 -1211.97 333.072 6.22489 7.11932 1915.92 2851.83 8555960.0
519 0.00815 8.96805e-05 -1212.87 330.324 6.1689 7.02088 1829.24 2722.73 8238560.0
518 0.00825 8.96165e-05 -1213.73 327.703 6.11559 6.92747 1746.35 2599.59 7934860.0
517 0.00835 8.95571e-05 -1214.54 325.248 6.06574 6.83998 1668.65 2483.37 7648330.0
516 0.00845 8.94994e-05 -1215.32 322.861 6.01735 6.75506 1592.99 2370.83 7370800.0
515 0.00855 8.94449e-05 -1216.06 320.584 5.97127 6.67402 1520.86 2263.38 7105990.0
514 0.00865 8.93936e-05 -1216.75 318.466 5.92843 6.59939 1453.51 2163.33 6857260.0
513 0.00875 8.93469e-05 -1217.4 316.472 5.88822 6.52942 1390.16 2068.81 6621820.0
512 0.00885 8.92995e-05 -1218.05 314.474 5.84794 6.45904 1326.64 1975.12 6389280.0
511 0.00895 8.92543e-05 -1218.65 312.572 5.80965 6.39265 1266.25 1886.33 6167590.0
510 0.00905 8.92129e-05 -1219.23 310.808 5.77417 6.33002 1210.02 1802.02 5959520.0
509 0.00915 8.91713e-05 -1219.79 309.09 5.73958 6.26976 1155.39 1721.11 5758420.0
508 0.00925 8.91323e-05 -1220.33 307.433 5.70631 6.21128 1102.44 1642.55 5563840.0
507 0.00935 8.90964e-05 -1220.82 305.91 5.67575 6.15771 1053.88 1569.8 5383150.0
506 0.00945 8.90614e-05 -1221.3 304.433 5.64613 6.10582 1006.82 1499.98 5209860.0
505 0.00955 8.90288e-05 -1221.75 303.031 5.61808 6.05672 962.024 1433.2 5043200.0
504 0.00965 8.89978e-05 -1222.17 301.731 5.59202 6.01097 920.547 1370.79 4888470.0
503 0.00975 8.89678e-05 -1222.58 300.457 5.56654 5.9665 879.848 1310.24 4737360.0
502 0.00985 8.89406e-05 -1222.95 299.278 5.543 5.92577 842.016 1254.03 4595670.0
501 0.00995 8.89136e-05 -1223.33 298.117 5.51981 5.88486 804.848 1198.38 4457970.0
500 0.01005 8.88872e-05 -1223.69 296.994 5.49738 5.84555 768.909 1144.78 4324340.0
499 0.01015 8.88619e-05 -1224.04 295.917 5.4759 5.80792 734.4 1093.49 4196430.0
498 0.01025 8.88392e-05 -1224.35 294.937 5.45637 5.77395 702.944 1046.55 4078450.0
497 0.01035 8.88159e-05 -1224.67 293.939 5.43648 5.7392 671.103 999.404 3961180.0
496 0.01045 8.87949e-05 -1224.96 293.032 5.41842 5.70758 641.934 955.715 3851890.0
495 0.01055 8.87739e-05 -1225.24 292.155 5.40092 5.6767 613.771 913.417 3746920.0
494 0.01065 8.87559e-05 -1225.5 291.35 5.38495 5.64863 588.004 874.66 3649920.0
493 0.01075 8.87368e-05 -1225.76 290.554 5.36908 5.62118 562.384 836.594 3553960.0
492 0.01085 8.87203e-05 -1225.99 289.81 5.35434 5.5955 538.535 800.81 3463940.0
491 0.01095 8.8703e-05 -1226.24 289.041 5.33909 5.56899 513.898 764.693 3373320.0
490 0.01105 8.86855e-05 -1226.46 288.352 5.32531 5.54471 491.614 730.994 3289200.0
489 0.01115 8.86714e-05 -1226.68 287.662 5.31172 5.52123 469.506 698.678 3207390.0
488 0.01125 8.86572e-05 -1226.87 287.035 5.2993 5.49994 449.316 668.784 3131450.0
487 0.01135 8.86426e-05 -1227.06 286.454 5.2877 5.47955 430.703 640.551 3060860.0
486 0.01145 8.86299e-05 -1227.25 285.86 5.27599 5.45888 411.538 611.969 2989730.0
485 0.01155 8.86169e-05 -1227.42 285.32 5.26525 5.44014 394.253 585.967 2923920.0
484 0.01165 8.8605e-05 -1227.58 284.803 5.25501 5.42259 377.626 561.3 2861390.0
483 0.01175 8.85934e-05 -1227.75 284.291 5.24486 5.40476 361.024 536.384 2798730.0
482 0.01185 8.85831e-05 -1227.89 283.826 5.23568 5.38909 346.123 514.314 2742500.0
481 0.01195 8.85719e-05 -1228.04 283.338 5.22602 5.37247 330.401 491.255 2684150.0
480 0.01205 8.85616e-05 -1228.19 282.886 5.21707 5.35707 315.88 469.891 2630110.0
479 0.01215 8.85523e-05 -1228.32 282.465 5.20876 5.34279 302.234 449.648 2578650.0
478 0.01225 8.85433e-05 -1228.45 282.066 5.20088 5.32893 289.458 430.5 2530620.0
477 0.01235 8.85349e-05 -1228.57 281.691 5.19346 5.31582 277.273 412.056 2484610.0
476 0.01245 8.85257e-05 -1228.68 281.334 5.18635 5.30339 265.803 394.68 2440590.0
475 0.01255 8.85188e-05 -1228.79 280.967 5.17917 5.29108 254.01 377.436 2396890.0
474 0.01265 8.85107e-05 -1228.9 280.645 5.17276 5.28009 243.627 361.953 2357380.0
473 0.01275 8.8504e-05 -1229.0 280.336 5.16669 5.26941 233.629 346.92 2319120.0
472 0.01285 8.84962e-05 -1229.1 279.996 5.15996 5.25764 222.597 330.67 2278700.0
471 0.01295 8.84895e-05 -1229.19 279.714 5.15437 5.24794 213.647 317.116 2244360.0
470 0.01305 8.84839e-05 -1229.28 279.453 5.14924 5.23894 205.175 304.303 2211850.0
469 0.01315 8.84777e-05 -1229.36 279.197 5.14416 5.23021 196.967 292.046 2180330.0
468 0.01325 8.84711e-05 -1229.44 278.936 5.13897 5.2213 188.495 279.432 2148310.0
467 0.01335 8.84666e-05 -1229.52 278.682 5.13402 5.21259 180.343 267.364 2117710.0
466 0.01345 8.84616e-05 -1229.6 278.438 5.12924 5.20441 172.404 255.864 2088170.0
465 0.01355 8.84562e-05 -1229.66 278.221 5.12493 5.19712 165.464 245.581 2061670.0
464 0.01365 8.84515e-05 -1229.73 278.007 5.12071 5.18986 158.467 235.125 2034910.0
463 0.01375 8.84466e-05 -1229.79 277.81 5.1168 5.18311 152.192 225.756 2011020.0
462 0.01385 8.84432e-05 -1229.85 277.62 5.11312 5.17667 146.033 216.43 1987010.0
461 0.01395 8.84378e-05 -1229.91 277.422 5.10915 5.16969 139.685 206.989 1963260.0
460 0.01405 8.84343e-05 -1229.96 277.249 5.10576 5.16407 134.032 198.805 1941890.0
459 0.01415 8.84305e-05 -1230.02 277.062 5.1021 5.15793 127.988 190.132 1919490.0
458 0.01425 8.84269e-05 -1230.07 276.906 5.09901 5.15271 123.022 182.664 1900420.0
457 0.01435 8.8423e-05 -1230.12 276.746 5.09585 5.14719 117.736 174.819 1880330.0
456 0.01445 8.84193e-05 -1230.17 276.577 5.09252 5.14155 112.37 167.116 1860470.0
455 0.01455 8.84168e-05 -1230.21 276.446 5.08998 5.13718 108.116 160.789 1844040.0
454 0.01465 8.84138e-05 -1230.26 276.307 5.08723 5.1323 103.652 154.024 1826720.0
453 0.01475 8.84105e-05 -1230.3 276.182 5.08475 5.12815 99.4848 147.729 1810960.0
452 0.01485 8.84082e-05 -1230.34 276.058 5.08233 5.12374 95.5657 141.711 1795690.0
451 0.01495 8.84054e-05 -1230.38 275.931 5.07982 5.11929 91.447 135.385 1780170.0
450 0.01505 8.84027e-05 -1230.41 275.819 5.07761 5.11545 87.8239 130.027 1766450.0
449 0.01515 8.84e-05 -1230.45 275.709 5.07544 5.11171 84.3314 124.761 1752910.0
448 0.01525 8.83971e-05 -1230.48 275.6 5.07327 5.1079 80.7971 119.465 1739540.0
447 0.01535 8.83955e-05 -1230.51 275.505 5.07142 5.10465 77.6811 114.715 1727340.0
446 0.01545 8.83932e-05 -1230.54 275.402 5.06939 5.10139 74.3888 110.045 1715070.0
445 0.01555 8.83917e-05 -1230.57 275.307 5.06755 5.09812 71.2603 105.451 1703200.0
444 0.01565 8.83887e-05 -1230.6 275.219 5.06576 5.09535 68.4478 101.408 1692510.0
443 0.01575 8.83874e-05 -1230.63 275.128 5.06402 5.0921 65.4547 96.8352 1681140.0
442 0.01585 8.83857e-05 -1230.65 275.049 5.06247 5.08946 63.0045 93.1167 1671730.0
441 0.01595 8.8383e-05 -1230.67 274.971 5.06087 5.08684 60.428 89.4015 1661680.0
440 0.01605 8.8383e-05 -1230.7 274.903 5.05962 5.08475 58.2106 86.0868 1652980.0
439 0.01615 8.83806e-05 -1230.72 274.824 5.05803 5.08195 55.6867 82.2078 1643490.0
438 0.01625 8.83789e-05 -1230.75 274.747 5.05651 5.07933 53.1402 78.592 1633970.0
437 0.01635 8.83774e-05 -1230.76 274.681 5.05522 5.07719 51.0893 75.5918 1626020.0
436 0.01645 8.83758e-05 -1230.79 274.617 5.05394 5.07495 49.0031 72.5625 1618290.0
435 0.01655 8.83737e-05 -1230.81 274.547 5.05255 5.07253 46.7303 69.1308 1609650.0
434 0.01665 8.83734e-05 -1230.83 274.484 5.05136 5.07037 44.7172 66.1364 1602120.0
433 0.01675 8.83719e-05 -1230.84 274.433 5.05034 5.06865 43.0656 63.7167 1595460.0
432 0.01685 8.8371e-05 -1230.86 274.375 5.04922 5.06676 41.1643 61.009 1588600.0
431 0.01695 8.83693e-05 -1230.88 274.325 5.0482 5.06497 39.5819 58.6106 1582150.0
430 0.01705 8.83681e-05 -1230.89 274.269 5.0471 5.06311 37.763 55.9668 1575530.0
429 0.01715 8.8368e-05 -1230.91 274.226 5.04631 5.06169 36.376 53.8392 1570170.0
428 0.01725 8.83664e-05 -1230.92 274.184 5.04543 5.0602 35.0126 51.7304 1564780.0
427 0.01735 8.83652e-05 -1230.94 274.136 5.0445 5.05861 33.506 49.5548 1559060.0
426 0.01745 8.83657e-05 -1230.95 274.098 5.04382 5.05742 32.2476 47.7122 1554200.0
425 0.01755 8.83634e-05 -1230.96 274.055 5.0429 5.05585 30.8666 45.7714 1548960.0
424 0.01765 8.83628e-05 -1230.97 274.014 5.04211 5.05445 29.4978 43.709 1543880.0
423 0.01775 8.8362e-05 -1230.98 273.981 5.04145 5.05334 28.4399 42.0708 1539610.0
422 0.01785 8.83621e-05 -1231.0 273.949 5.04087 5.05226 27.3543 40.4438 1535510.0
421 0.01795 8.83601e-05 -1231.01 273.916 5.04014 5.05094 26.307 38.7815 1531310.0
420 0.01805 8.83604e-05 -1231.01 273.886 5.03962 5.05001 25.3363 37.3881 1527550.0
419 0.01815 8.83593e-05 -1231.02 273.855 5.03898 5.04902 24.3676 36.0481 1523740.0
418 0.01825 8.83591e-05 -1231.03 273.826 5.03843 5.048 23.3144 34.5009 1519810.0
417 0.01835 8.83584e-05 -1231.04 273.8 5.03793 5.04715 22.5385 33.2635 1516650.0
416 0.01845 8.83573e-05 -1231.05 273.769 5.03729 5.04616 21.545 31.898 1512950.0
415 0.01855 8.83568e-05 -1231.06 273.741 5.03674 5.04529 20.6253 30.5832 1509470.0
414 0.01865 8.83562e-05 -1231.07 273.718 5.03628 5.04447 19.8222 29.3345 1506330.0
413 0.01875 8.83567e-05 -1231.07 273.698 5.03594 5.04389 19.1873 28.4138 1503680.0
412 0.01885 8.83556e-05 -1231.08 273.67 5.03537 5.04306 18.4075 27.2705 1500750.0
411 0.01895 8.83549e-05 -1231.09 273.654 5.03502 5.04247 17.7007 26.2566 1498130.0
410 0.01905 8.83549e-05 -1231.09 273.63 5.0346 5.0418 17.0618 25.3207 1495380.0
409 0.01915 8.83549e-05 -1231.1 273.608 5.03419 5.04102 16.3186 24.2294 1492640.0
408 0.01925 8.8354e-05 -1231.1 273.589 5.03378 5.04031 15.6627 23.2939 1490210.0
407 0.01935 8.83537e-05 -1231.11 273.577 5.03355 5.03985 15.3088 22.5879 1488450.0
406 0.01945 8.83534e-05 -1231.11 273.557 5.03316 5.03926 14.7253 21.7271 1486140.0
405 0.01955 8.83531e-05 -1231.12 273.54 5.03283 5.03854 14.0239 20.6487 1483690.0
404 0.01965 8.83521e-05 -1231.13 273.515 5.03232 5.03783 13.34 19.7841 1481170.0
403 0.01975 8.83515e-05 -1231.13 273.499 5.03199 5.0371 12.764 18.8169 1478990.0
402 0.01985 8.83522e-05 -1231.14 273.48 5.03168 5.03654 12.2155 18.0175 1477020.0
401 0.01995 8.83512e-05 -1231.14 273.468 5.03141 5.03622 11.7841 17.4574 1475340.0
400 0.02005 8.8351e-05 -1231.15 273.456 5.03116 5.03581 11.4017 16.849 1473790.0
399 0.02015 8.83501e-05 -1231.15 273.442 5.03085 5.03524 10.9562 16.1826 1471960.0
398 0.02025 8.83505e-05 -1231.15 273.428 5.03062 5.03487 10.4868 15.5195 1470200.0
397 0.02035 8.83506e-05 -1231.16 273.419 5.03045 5.03456 10.1846 14.9912 1468940.0
396 0.02045 8.83494e-05 -1231.16 273.401 5.03006 5.03395 9.6673 14.2308 1466930.0
395 0.02055 8.83495e-05 -1231.17 273.392 5.0299 5.03374 9.35581 13.842 1465810.0
394 0.02065 8.83495e-05 -1231.16 273.386 5.02979 5.03351 9.15557 13.4835 1464700.0
393 0.02075 8.83487e-05 -1231.17 273.378 5.0296 5.03327 8.85875 13.0239 1463520.0
392 0.02085 8.83492e-05 -1231.17 273.365 5.02939 5.03279 8.54412 12.5678 1462230.0
391 0.02095 8.83484e-05 -1231.18 273.351 5.02908 5.03224 8.05499 11.8573 1460530.0
390 0.02105 8.83481e-05 -1231.18 273.345 5.02896 5.03192 7.8345 11.491 1459540.0
389 0.02115 8.83483e-05 -1231.18 273.333 5.02875 5.03153 7.49064 10.9671 1458210.0
388 0.02125 8.8348e-05 -1231.19 273.323 5.02854 5.03122 7.14497 10.4165 1456960.0
387 0.02135 8.83474e-05 -1231.19 273.315 5.02837 5.031 6.90212 10.1356 1455990.0
386 0.02145 8.83483e-05 -1231.19 273.31 5.02833 5.03107 6.72625 9.94469 1455260.0
385 0.02155 8.83469e-05 -1231.19 273.3 5.02807 5.03073 6.38608 9.4626 1454030.0
384 0.02165 8.83474e-05 -1231.19 273.295 5.02799 5.03066 6.26048 9.27697 1453380.0
383 0.02175 8.8347e-05 -1231.2 273.289 5.02787 5.03044 6.03676 8.92346 1452400.0
382 0.02185 8.83479e-05 -1231.2 273.285 5.02784 5.03026 5.82816 8.59683 1451730.0
381 0.02195 8.83473e-05 -1231.2 273.276 5.02765 5.0299 5.64597 8.31787 1450810.0
380 0.02205 8.83473e-05 -1231.2 273.269 5.02751 5.02974 5.37968 7.95771 1449870.0
379 0.02215 8.83463e-05 -1231.2 273.263 5.02735 5.02944 5.19561 7.62818 1449170.0
378 0.02225 8.83468e-05 -1231.21 273.254 5.02721 5.02923 4.88747 7.21509 1448050.0
377 0.02235 8.83469e-05 -1231.21 273.248 5.02711 5.02893 4.68891 6.82364 1447260.0
376 0.02245 8.83459e-05 -1231.21 273.24 5.0269 5.02864 4.48799 6.5606 1446500.0
375 0.02255 8.83462e-05 -1231.21 273.235 5.02682 5.02852 4.26643 6.25533 1445720.0
374 0.02265 8.83469e-05 -1231.22 273.233 5.02682 5.02849 4.17693 6.10271 1445260.0
373 0.02275 8.83458e-05 -1231.21 273.23 5.02671 5.02849 4.05869 5.99385 1444770.0
372 0.02285 8.83462e-05 -1231.22 273.221 5.02657 5.02819 3.85448 5.74348 1443980.0
371 0.02295 8.83458e-05 -1231.22 273.219 5.02651 5.02812 3.70286 5.51473 1443410.0
370 0.02305 8.83462e-05 -1231.22 273.214 5.02644 5.02798 3.58746 5.31206 1442940.0
369 0.02315 8.83463e-05 -1231.22 273.213 5.02642 5.02791 3.43962 5.07098 1442410.0
368 0.02325 8.83458e-05 -1231.22 273.205 5.02625 5.02766 3.33146 4.87136 1441860.0
367 0.02335 8.83459e-05 -1231.22 273.203 5.02622 5.02755 3.20219 4.67565 1441340.0
366 0.02345 8.83463e-05 -1231.23 273.199 5.02618 5.02735 3.07657 4.42216 1440870.0
365 0.02355 8.83458e-05 -1231.23 273.195 5.02607 5.02719 2.99017 4.31546 1440370.0
364 0.02365 8.83447e-05 -1231.23 273.189 5.0259 5.02684 2.791 4.07352 1439760.0
363 0.02375 8.83462e-05 -1231.23 273.185 5.02591 5.02686 2.63123 3.91276 1439160.0
362 0.02385 8.83458e-05 -1231.23 273.185 5.02588 5.02687 2.59898 3.86511 1439020.0
361 0.02395 8.83448e-05 -1231.23 273.18 5.02573 5.02657 2.48255 3.66685 1438420.0
360 0.02405 8.83456e-05 -1231.23 273.178 5.02575 5.02661 2.39629 3.58662 1438220.0
359 0.02415 8.83456e-05 -1231.23 273.175 5.02568 5.02651 2.28463 3.37713 1437760.0
358 0.02425 8.83451e-05 -1231.24 273.173 5.02562 5.02634 2.23586 3.23306 1437470.0
357 0.02435 8.83454e-05 -1231.23 273.172 5.02562 5.02635 2.10515 3.04863 1437100.0
356 0.02445 8.83448e-05 -1231.23 273.169 5.02554 5.02623 2.08162 2.95401 1436860.0
355 0.02455 8.83456e-05 -1231.23 273.164 5.0255 5.02626 1.94946 2.76321 1436440.0
354 0.02465 8.83455e-05 -1231.23 273.163 5.02547 5.02622 1.88214 2.68723 1436210.0
353 0.02475 8.83453e-05 -1231.24 273.161 5.02541 5.02607 1.86332 2.66729 1435920.0
352 0.02485 8.83448e-05 -1231.23 273.161 5.02538 5.02604 1.80622 2.59101 1435790.0
351 0.02495 8.83453e-05 -1231.24 273.159 5.02537 5.02601 1.74357 2.44971 1435470.0
350 0.02505 8.83446e-05 -1231.24 273.156 5.02527 5.02595 1.67014 2.39507 1435150.0
349 0.02515 8.8346e-05 -1231.24 273.153 5.0253 5.02588 1.62806 2.27056 1434920.0
348 0.02525 8.83454e-05 -1231.24 273.152 5.02526 5.02587 1.57556 2.21207 1434750.0
347 0.02535 8.83448e-05 -1231.24 273.148 5.02516 5.02569 1.46737 2.10632 1434360.0
346 0.02545 8.83447e-05 -1231.24 273.146 5.0251 5.02566 1.43056 2.02749 1434210.0
345 0.02555 8.83452e-05 -1231.24 273.145 5.02511 5.02564 1.40272 1.99531 1434080.0
344 0.02565 8.83453e-05 -1231.24 273.143 5.02508 5.02555 1.34287 1.91449 1433880.0
343 0.02575 8.83442e-05 -1231.24 273.143 5.02502 5.02544 1.3035 1.86444 1433690.0
342 0.02585 8.8345e-05 -1231.24 273.14 5.02501 5.02537 1.20297 1.72367 1433380.0
341 0.02595 8.83444e-05 -1231.24 273.138 5.02493 5.02532 1.14773 1.62722 1433230.0
340 0.02605 8.83444e-05 -1231.24 273.134 5.02487 5.0252 1.0778 1.54301 1432940.0
339 0.02615 8.83445e-05 -1231.24 273.136 5.0249 5.02521 1.07338 1.50658 1432860.0
338 0.02625 8.83447e-05 -1231.24 273.133 5.02486 5.02521 1.02017 1.44996 1432660.0
337 0.02635 8.83442e-05 -1231.24 273.133 5.02485 5.02517 1.00218 1.4288 1432580.0
336 0.02645 8.83442e-05 -1231.24 273.133 5.02483 5.02508 0.988601 1.41298 1432450.0
335 0.02655 8.83455e-05 -1231.24 273.132 5.0249 5.02531 0.978141 1.40203 1432490.0
334 0.02665 8.83444e-05 -1231.25 273.132 5.02484 5.02503 0.962682 1.3521 1432250.0
333 0.02675 8.83438e-05 -1231.25 273.129 5.02475 5.02495 0.894686 1.27428 1432060.0
332 0.02685 8.83442e-05 -1231.25 273.128 5.02474 5.02488 0.883323 1.24679 1431940.0
331 0.02695 8.83439e-05 -1231.25 273.127 5.02471 5.02483 0.799605 1.12404 1431710.0
330 0.02705 8.83438e-05 -1231.25 273.125 5.02467 5.02471 0.772092 1.10305 1431570.0
329 0.02715 8.83442e-05 -1231.25 273.124 5.02467 5.02483 0.751059 1.05069 1431560.0
328 0.02725 8.83444e-05 -1231.25 273.125 5.02469 5.02494 0.744898 1.11646 1431500.0
327 0.02735 8.8344e-05 -1231.25 273.125 5.02469 5.02491 0.749137 1.12756 1431460.0
326 0.02745 8.83441e-05 -1231.25 273.125 5.02468 5.02491 0.716033 1.05675 1431360.0
325 0.02755 8.8344e-05 -1231.25 273.124 5.02467 5.02483 0.742772 1.09781 1431340.0
324 0.02765 8.83443e-05 -1231.25 273.124 5.02468 5.02481 0.73287 1.06149 1431270.0
323 0.02775 8.8344e-05 -1231.25 273.125 5.02468 5.02491 0.709801 1.04756 1431220.0
322 0.02785 8.83437e-05 -1231.24 273.124 5.02463 5.02497 0.725111 1.07966 1431200.0
321 0.02795 8.8344e-05 -1231.25 273.122 5.02463 5.02499 0.663629 0.968238 1431080.0
320 0.02805 8.83439e-05 -1231.25 273.122 5.02461 5.02493 0.634841 0.929762 1430990.0
319 0.02815 8.83445e-05 -1231.24 273.121 5.02463 5.02507 0.626567 0.925334 1431000.0
318 0.02825 8.83438e-05 -1231.25 273.119 5.02456 5.02495 0.569307 0.858405 1430800.0
317 0.02835 8.83442e-05 -1231.25 273.12 5.0246 5.02497 0.550728 0.832129 1430720.0
316 0.02845 8.83439e-05 -1231.24 273.121 5.02459 5.02496 0.550345 0.809402 1430680.0
315 0.02855 8.83444e-05 -1231.24 273.12 5.02462 5.02498 0.579143 0.809785 1430690.0
314 0.02865 8.83442e-05 -1231.25 273.121 5.02462 5.02504 0.620765 0.856674 1430730.0
313 0.02875 8.83441e-05 -1231.24 273.123 5.02464 5.02499 0.61683 0.828948 1430680.0
312 0.02885 8.83435e-05 -1231.25 273.12 5.02455 5.02489 0.552064 0.710583 1430520.0
311 0.02895 8.83442e-05 -1231.25 273.118 5.02457 5.02484 0.508865 0.622722 1430410.0
310 0.02905 8.83439e-05 -1231.25 273.12 5.02457 5.0248 0.486174 0.592303 1430290.0
309 0.02915 8.83438e-05 -1231.25 273.119 5.02456 5.02486 0.522805 0.675359 1430290.0
308 0.02925 8.83437e-05 -1231.25 273.118 5.02453 5.02488 0.51243 0.688384 1430320.0
307 0.02935 8.8344e-05 -1231.25 273.119 5.02456 5.02494 0.505966 0.705596 1430330.0
306 0.02945 8.8344e-05 -1231.25 273.117 5.02452 5.02479 0.451352 0.617301 1430140.0
305 0.02955 8.8344e-05 -1231.25 273.115 5.02449 5.02472 0.42473 0.616954 1430050.0
304 0.02965 8.83439e-05 -1231.25 273.117 5.02452 5.02472 0.400002 0.592812 1430050.0
303 0.02975 8.83436e-05 -1231.25 273.115 5.02446 5.02464 0.383011 0.551679 1429920.0
302 0.02985 8.8344e-05 -1231.25 273.114 5.02448 5.02462 0.376788 0.552741 1429830.0
301 0.02995 8.83433e-05 -1231.25 273.116 5.02447 5.02456 0.369812 0.53667 1429810.0
300 0.03005 8.83445e-05 -1231.25 273.114 5.02451 5.02466 0.384457 0.604574 1429820.0
299 0.03015 8.83436e-05 -1231.25 273.118 5.02452 5.02477 0.393922 0.632346 1429910.0
298 0.03025 8.83438e-05 -1231.25 273.114 5.02446 5.02474 0.42237 0.718951 1429880.0
297 0.03035 8.83434e-05 -1231.25 273.116 5.02449 5.02471 0.425228 0.744513 1429890.0
296 0.03045 8.83443e-05 -1231.25 273.116 5.02453 5.02472 0.412104 0.709155 1429830.0
295 0.03055 8.83436e-05 -1231.25 273.116 5.0245 5.02471 0.364528 0.650546 1429800.0
294 0.03065 8.83429e-05 -1231.25 273.114 5.02442 5.02471 0.40645 0.699054 1429820.0
293 0.03075 8.83447e-05 -1231.25 273.118 5.02458 5.02485 0.400048 0.671131 1429860.0
292 0.03085 8.83435e-05 -1231.25 273.116 5.02448 5.02485 0.442667 0.798544 1429880.0
291 0.03095 8.83436e-05 -1231.25 273.118 5.02452 5.02493 0.399685 0.719505 1429880.0
290 0.03105 8.8344e-05 -1231.25 273.115 5.02448 5.02474 0.366027 0.652574 1429750.0
289 0.03115 8.83434e-05 -1231.25 273.113 5.02442 5.02461 0.356156 0.627296 1429660.0
288 0.03125 8.83436e-05 -1231.25 273.113 5.02443 5.02456 0.313247 0.52452 1429580.0
287 0.03135 8.83436e-05 -1231.25 273.11 5.02438 5.02453 0.35108 0.558658 1429540.0
286 0.03145 8.83441e-05 -1231.25 273.114 5.02449 5.02477 0.371281 0.607695 1429720.0
285 0.03155 8.83435e-05 -1231.25 273.113 5.02442 5.02465 0.335471 0.559021 1429590.0
284 0.03165 8.83437e-05 -1231.25 273.113 5.02444 5.02471 0.263278 0.457416 1429520.0
283 0.03175 8.8344e-05 -1231.25 273.11 5.02441 5.02453 0.260966 0.462476 1429400.0
282 0.03185 8.8343e-05 -1231.25 273.109 5.02432 5.02447 0.220373 0.354365 1429330.0
281 0.03195 8.83442e-05 -1231.25 273.11 5.02442 5.0245 0.246646 0.360349 1429360.0
280 0.03205 8.83433e-05 -1231.25 273.112 5.02439 5.02443 0.310029 0.41677 1429400.0
279 0.03215 8.83434e-05 -1231.25 273.112 5.0244 5.02447 0.298169 0.458313 1429390.0
278 0.03225 8.83436e-05 -1231.25 273.109 5.02437 5.02448 0.270867 0.449109 1429350.0
277 0.03235 8.8344e-05 -1231.25 273.111 5.02442 5.02449 0.249827 0.436203 1429290.0
276 0.03245 8.83433e-05 -1231.25 273.108 5.02432 5.02439 0.235859 0.369587 1429170.0
275 0.03255 8.83433e-05 -1231.25 273.108 5.02433 5.02433 0.219962 0.352185 1429150.0
274 0.03265 8.83439e-05 -1231.25 273.109 5.02438 5.0244 0.229822 0.360593 1429170.0
273 0.03275 8.8343e-05 -1231.26 273.108 5.02431 5.02433 0.216036 0.337243 1429090.0
272 0.03285 8.83435e-05 -1231.25 273.109 5.02436 5.02438 0.186968 0.287045 1429130.0
271 0.03295 8.83432e-05 -1231.25 273.108 5.02432 5.02442 0.219076 0.337902 1429150.0
270 0.03305 8.83422e-05 -1231.25 273.108 5.02426 5.02432 0.163028 0.241818 1429050.0
269 0.03315 8.83431e-05 -1231.25 273.107 5.02429 5.02442 0.17735 0.285274 1429080.0
268 0.03325 8.83428e-05 -1231.25 273.107 5.02428 5.02445 0.201814 0.334409 1429110.0
267 0.03335 8.83433e-05 -1231.25 273.107 5.02431 5.02442 0.15577 0.244353 1429010.0
266 0.03345 8.83425e-05 -1231.25 273.107 5.02426 5.0245 0.19615 0.31341 1429110.0
265 0.03355 8.83431e-05 -1231.25 273.107 5.02429 5.02448 0.183101 0.282277 1429070.0
264 0.03365 8.83428e-05 -1231.25 273.107 5.02428 5.02457 0.148981 0.227193 1429090.0
263 0.03375 8.83436e-05 -1231.25 273.107 5.02432 5.0246 0.170808 0.248425 1429090.0
262 0.03385 8.83428e-05 -1231.25 273.106 5.02426 5.02458 0.158666 0.253571 1429080.0
261 0.03395 8.83432e-05 -1231.25 273.108 5.02432 5.0248 0.215353 0.349909 1429250.0
260 0.03405 8.83435e-05 -1231.25 273.107 5.02432 5.02488 0.186717 0.305713 1429200.0
259 0.03415 8.83432e-05 -1231.25 273.105 5.02427 5.02478 0.155117 0.248606 1429110.0
258 0.03425 8.83433e-05 -1231.25 273.109 5.02434 5.0248 0.147146 0.277301 1429120.0
257 0.03435 8.83432e-05 -1231.25 273.105 5.02427 5.02476 0.136082 0.289418 1429090.0
256 0.03445 8.83438e-05 -1231.25 273.106 5.02432 5.02485 0.156853 0.310592 1429150.0
255 0.03455 8.83427e-05 -1231.25 273.107 5.02427 5.02479 0.126597 0.254349 1429110.0
254 0.03465 8.83438e-05 -1231.25 273.105 5.02431 5.02482 0.15404 0.298047 1429100.0
253 0.03475 8.83425e-05 -1231.25 273.109 5.02429 5.02479 0.151477 0.273992 1429150.0
252 0.03485 8.83431e-05 -1231.25 273.107 5.0243 5.0248 0.157115 0.25546 1429120.0
251 0.03495 8.83435e-05 -1231.25 273.107 5.02432 5.02479 0.128474 0.19804 1429110.0
250 0.03505 8.83434e-05 -1231.25 273.107 5.02431 5.02478 0.153378 0.228319 1429090.0
249 0.03515 8.83434e-05 -1231.25 273.109 5.02434 5.02477 0.160254 0.250581 1429150.0
248 0.03525 8.83432e-05 -1231.25 273.108 5.02432 5.02467 0.133118 0.173912 1429070.0
247 0.03535 8.83426e-05 -1231.25 273.105 5.02424 5.02456 0.101953 0.134887 1428980.0
246 0.03545 8.83433e-05 -1231.25 273.109 5.02435 5.02465 0.154546 0.21334 1429070.0
245 0.03555 8.83428e-05 -1231.25 273.107 5.02428 5.02468 0.16694 0.264376 1429160.0
244 0.03565 8.83428e-05 -1231.25 273.107 5.02427 5.02456 0.122358 0.210337 1429070.0
243 0.03575 8.83428e-05 -1231.25 273.105 5.02425 5.02457 0.113721 0.190601 1429020.0
242 0.03585 8.83431e-05 -1231.25 273.105 5.02426 5.02457 0.0840118 0.144571 1428980.0
241 0.03595 8.83432e-05 -1231.25 273.105 5.02427 5.02452 0.0816138 0.173642 1428930.0
240 0.03605 8.83423e-05 -1231.25 273.107 5.02424 5.0246 0.126827 0.243807 1429020.0
239 0.03615 8.83427e-05 -1231.25 273.105 5.02424 5.0246 0.106214 0.210664 1428990.0
238 0.03625 8.83434e-05 -1231.25 273.108 5.02434 5.02467 0.116198 0.232496 1428990.0
237 0.03635 8.83424e-05 -1231.25 273.103 5.02419 5.02456 0.0918646 0.190094 1428910.0
236 0.03645 8.83422e-05 -1231.25 273.106 5.02422 5.02451 0.0977344 0.202903 1428910.0
235 0.03655 8.83432e-05 -1231.25 273.103 5.02424 5.02457 0.0787068 0.166406 1428900.0
234 0.03665 8.83423e-05 -1231.25 273.103 5.02418 5.02445 0.102043 0.182321 1428850.0
233 0.03675 8.83427e-05 -1231.25 273.106 5.02426 5.0246 0.0789651 0.188117 1428920.0
232 0.03685 8.83426e-05 -1231.25 273.104 5.02421 5.02457 0.0974249 0.178968 1428890.0
231 0.03695 8.83438e-05 -1231.25 273.103 5.02427 5.02456 0.078911 0.171552 1428880.0
230 0.03705 8.83424e-05 -1231.25 273.104 5.0242 5.02452 0.0599287 0.182041 1428880.0
229 0.03715 8.83432e-05 -1231.25 273.101 5.02418 5.02449 0.0258418 0.105892 1428790.0
228 0.03725 8.83427e-05 -1231.25 273.101 5.02416 5.02448 0.0349833 0.103218 1428740.0
227 0.03735 8.83432e-05 -1231.25 273.103 5.02423 5.02442 -0.00823167 0.0333233 1428690.0
226 0.03745 8.83422e-05 -1231.26 273.101 5.02413 5.02436 0.0328368 0.0946587 1428660.0
225 0.03755 8.83432e-05 -1231.25 273.101 5.02419 5.02438 0.0246478 0.0685954 1428690.0
224 0.03765 8.83429e-05 -1231.25 273.101 5.02417 5.02433 -0.00540774 0.0355488 1428600.0
223 0.03775 8.83428e-05 -1231.25 273.102 5.02418 5.0244 -0.00162363 0.0316277 1428690.0
222 0.03785 8.83433e-05 -1231.26 273.101 5.0242 5.02427 0.0421851 0.115371 1428680.0
221 0.03795 8.83428e-05 -1231.25 273.102 5.02418 5.02426 0.0156797 0.0735954 1428710.0
220 0.03805 8.83432e-05 -1231.25 273.097 5.02411 5.02422 0.0397898 0.11137 1428660.0
219 0.03815 8.83431e-05 -1231.25 273.103 5.02421 5.02439 0.0393898 0.114316 1428760.0
218 0.03825 8.83425e-05 -1231.25 273.1 5.02413 5.02434 0.0205082 0.079336 1428750.0
217 0.03835 8.83432e-05 -1231.25 273.101 5.02418 5.02435 -0.0181422 0.0707044 1428710.0
216 0.03845 8.83432e-05 -1231.25 273.103 5.02423 5.02447 0.0299504 0.174741 1428790.0
215 0.03855 8.83428e-05 -1231.25 273.101 5.02416 5.0244 0.022372 0.142267 1428770.0
214 0.03865 8.8343e-05 -1231.25 273.1 5.02417 5.02436 -0.0227559 0.042717 1428730.0
213 0.03875 8.83433e-05 -1231.25 273.1 5.02418 5.02435 0.0279922 0.141586 1428730.0
212 0.03885 8.83429e-05 -1231.25 273.104 5.02424 5.02442 0.0505569 0.218269 1428820.0
211 0.03895 8.83423e-05 -1231.25 273.103 5.02418 5.02435 0.0574572 0.219797 1428790.0
210 0.03905 8.83431e-05 -1231.25 273.102 5.02421 5.02426 0.047411 0.206163 1428720.0
209 0.03915 8.83432e-05 -1231.25 273.102 5.02422 5.0243 0.0344722 0.170837 1428730.0
208 0.03925 8.83429e-05 -1231.26 273.101 5.02417 5.02416 0.0326737 0.14007 1428660.0
207 0.03935 8.83425e-05 -1231.26 273.102 5.02418 5.02405 0.0347158 0.135963 1428660.0
206 0.03945 8.83431e-05 -1231.26 273.104 5.02423 5.02411 0.0212582 0.126194 1428730.0
205 0.03955 8.83429e-05 -1231.26 273.1 5.02415 5.02397 0.0373479 0.110713 1428620.0
204 0.03965 8.83425e-05 -1231.26 273.103 5.02418 5.02406 0.0629211 0.168259 1428750.0
203 0.03975 8.83437e-05 -1231.26 273.102 5.02424 5.024 0.0438253 0.132186 1428700.0
202 0.03985 8.83428e-05 -1231.26 273.102 5.02419 5.02403 0.0627263 0.182525 1428720.0
201 0.03995 8.83431e-05 -1231.26 273.101 5.02419 5.02389 0.0164453 0.0852599 1428620.0
200 0.04005 8.83432e-05 -1231.26 273.101 5.02419 5.02389 -0.014289 0.0109405 1428560.0
199 0.04015 8.83431e-05 -1231.26 273.101 5.02419 5.02384 -0.0133065 0.0287612 1428480.0
198 0.04025 8.83432e-05 -1231.26 273.1 5.02418 5.02385 -0.0441704 -0.0280384 1428460.0
197 0.04035 8.83429e-05 -1231.26 273.099 5.02414 5.02379 -0.0351448 0.0126308 1428420.0
196 0.04045 8.83435e-05 -1231.26 273.1 5.02419 5.02387 -0.0525785 -0.0252082 1428430.0
195 0.04055 8.8343e-05 -1231.26 273.098 5.02412 5.02378 -0.0613026 -0.0333454 1428390.0
194 0.04065 8.83431e-05 -1231.26 273.099 5.02414 5.02373 -0.05199 -0.0469701 1428360.0
193 0.04075 8.83423e-05 -1231.26 273.098 5.02409 5.02359 -0.073688 -0.0642144 1428330.0
192 0.04085 8.8343e-05 -1231.26 273.099 5.02414 5.02375 -0.0484908 -0.0150764 1428430.0
191 0.04095 8.83428e-05 -1231.26 273.097 5.02409 5.02378 -0.0804485 -0.0741483 1428400.0
190 0.04105 8.83432e-05 -1231.26 273.099 5.02415 5.02375 -0.0783849 -0.0905709 1428330.0
189 0.04115 8.83436e-05 -1231.26 273.097 5.02415 5.02381 -0.0559926 -0.0352471 1428380.0
188 0.04125 8.83433e-05 -1231.26 273.1 5.02418 5.02379 -0.0471478 -0.0286117 1428400.0
187 0.04135 8.83434e-05 -1231.26 273.1 5.02418 5.0238 -0.0235349 0.0195018 1428450.0
186 0.04145 8.83433e-05 -1231.26 273.101 5.02419 5.02386 0.0087932 0.0767242 1428510.0
185 0.04155 8.83436e-05 -1231.26 273.099 5.02417 5.02384 -0.0150134 0.0328357 1428420.0
184 0.04165 8.83435e-05 -1231.26 273.098 5.02416 5.02384 -0.0328192 0.0130629 1428390.0
183 0.04175 8.83437e-05 -1231.26 273.1 5.02421 5.02401 -0.00650638 0.0730637 1428550.0
182 0.04185 8.83438e-05 -1231.26 273.099 5.0242 5.02397 -0.0144616 0.0538291 1428490.0
181 0.04195 8.83435e-05 -1231.26 273.098 5.02415 5.02391 -0.0291294 0.0226165 1428450.0
180 0.04205 8.83434e-05 -1231.26 273.096 5.02412 5.02391 -0.0761711 -0.0626642 1428360.0
179 0.04215 8.83433e-05 -1231.26 273.098 5.02413 5.02381 -0.0933389 -0.127314 1428310.0
178 0.04225 8.83438e-05 -1231.26 273.096 5.02413 5.0238 -0.0548466 -0.0872112 1428350.0
177 0.04235 8.83436e-05 -1231.25 273.098 5.02416 5.02394 -0.0419245 -0.0656968 1428450.0
176 0.04245 8.83437e-05 -1231.26 273.099 5.02418 5.02391 -0.0306847 -0.0545709 1428390.0
175 0.04255 8.83442e-05 -1231.26 273.098 5.0242 5.02399 -0.0232693 -0.0629189 1428430.0
174 0.04265 8.8344e-05 -1231.26 273.099 5.02421 5.02398 -0.0178829 -0.0695753 1428440.0
173 0.04275 8.83432e-05 -1231.26 273.101 5.02419 5.02404 0.0329613 0.0320767 1428550.0
172 0.04285 8.83439e-05 -1231.25 273.099 5.0242 5.02398 -0.00745073 -0.0695031 1428470.0
171 0.04295 8.83437e-05 -1231.25 273.1 5.02421 5.02397 0.0338026 0.00503713 1428530.0
170 0.04305 8.83438e-05 -1231.25 273.102 5.02424 5.02411 0.0341348 0.0420622 1428580.0
169 0.04315 8.83431e-05 -1231.25 273.103 5.02422 5.02412 0.0520128 0.0683246 1428610.0
168 0.04325 8.83445e-05 -1231.25 273.102 5.02429 5.02411 0.0579877 0.0601519 1428550.0
167 0.04335 8.8343e-05 -1231.25 273.103 5.02421 5.02403 0.06164 0.0555381 1428510.0
166 0.04345 8.83434e-05 -1231.25 273.103 5.02424 5.02399 0.0575436 0.0533252 1428520.0
165 0.04355 8.83438e-05 -1231.26 273.101 5.02424 5.02396 0.0542751 0.0506059 1428490.0
164 0.04365 8.8343e-05 -1231.26 273.101 5.02417 5.02379 0.0291462 0.0372419 1428370.0
163 0.04375 8.83432e-05 -1231.26 273.1 5.02417 5.02376 0.0142569 -0.0151874 1428310.0
162 0.04385 8.83436e-05 -1231.26 273.103 5.02426 5.02387 0.058783 0.0732034 1428440.0
161 0.04395 8.83428e-05 -1231.26 273.101 5.02417 5.02378 0.0648467 0.0472138 1428320.0
160 0.04405 8.83434e-05 -1231.26 273.103 5.02423 5.02375 0.0927513 0.132858 1428390.0
159 0.04415 8.83424e-05 -1231.26 273.103 5.02418 5.02377 0.108454 0.189063 1428470.0
158 0.04425 8.83427e-05 -1231.26 273.103 5.02421 5.02369 0.106053 0.160338 1428400.0
157 0.04435 8.83423e-05 -1231.26 273.102 5.02416 5.02361 0.100397 0.189798 1428340.0
156 0.04445 8.83433e-05 -1231.26 273.105 5.02426 5.02388 0.132488 0.254421 1428490.0
155 0.04455 8.83428e-05 -1231.26 273.104 5.02423 5.02389 0.152677 0.319174 1428510.0
154 0.04465 8.83428e-05 -1231.26 273.104 5.02423 5.02396 0.139786 0.259082 1428510.0
153 0.04475 8.83425e-05 -1231.26 273.103 5.02419 5.02382 0.118952 0.233467 1428440.0
152 0.04485 8.83433e-05 -1231.26 273.102 5.02422 5.02381 0.0905178 0.185791 1428380.0
151 0.04495 8.83426e-05 -1231.26 273.103 5.02419 5.02379 0.0946542 0.183004 1428420.0
150 0.04505 8.8343e-05 -1231.26 273.102 5.02421 5.02382 0.0740422 0.178012 1428410.0
149 0.04515 8.8343e-05 -1231.26 273.104 5.02423 5.02396 0.0925117 0.234204 1428450.0
148 0.04525 8.83431e-05 -1231.26 273.104 5.02424 5.02388 0.0789038 0.162829 1428390.0
147 0.04535 8.83422e-05 -1231.26 273.1 5.02413 5.02366 0.0825514 0.167588 1428270.0
146 0.04545 8.83436e-05 -1231.26 273.101 5.02422 5.02372 0.0571816 0.103723 1428270.0
145 0.04555 8.83429e-05 -1231.26 273.102 5.02419 5.02371 0.0634199 0.130671 1428270.0
144 0.04565 8.83432e-05 -1231.26 273.101 5.02418 5.02368 0.0831112 0.153215 1428290.0
143 0.04575 8.8342e-05 -1231.26 273.104 5.02417 5.02367 0.0767302 0.143325 1428340.0
142 0.04585 8.83428e-05 -1231.26 273.102 5.02419 5.0237 0.0993286 0.151807 1428330.0
141 0.04595 8.83432e-05 -1231.26 273.101 5.0242 5.02376 0.101793 0.211788 1428340.0
140 0.04605 8.83429e-05 -1231.26 273.104 5.02423 5.02382 0.0865141 0.145863 1428340.0
139 0.04615 8.83427e-05 -1231.26 273.103 5.0242 5.02378 0.0697548 0.119377 1428300.0
138 0.04625 8.83423e-05 -1231.26 273.101 5.02414 5.02362 0.0566604 0.0545331 1428230.0
137 0.04635 8.83436e-05 -1231.26 273.101 5.02422 5.02386 0.0754165 0.108982 1428360.0
136 0.04645 8.83427e-05 -1231.26 273.103 5.02419 5.02376 0.0663701 0.0568601 1428330.0
135 0.04655 8.83424e-05 -1231.26 273.102 5.02417 5.02387 0.111259 0.145493 1428420.0
134 0.04665 8.83438e-05 -1231.26 273.102 5.02424 5.02401 0.0821146 0.107279 1428430.0
133 0.04675 8.83425e-05 -1231.26 273.101 5.02416 5.02385 0.121247 0.164922 1428420.0
132 0.04685 8.83429e-05 -1231.26 273.104 5.02422 5.02381 0.0533773 0.0211737 1428320.0
131 0.04695 8.83431e-05 -1231.26 273.1 5.02417 5.0237 0.0408732 -0.0147232 1428230.0
130 0.04705 8.83429e-05 -1231.26 273.099 5.02415 5.02366 0.0274744 -0.0235599 1428200.0
129 0.04715 8.83428e-05 -1231.26 273.098 5.02412 5.02362 0.0379994 -0.0093608 1428150.0
128 0.04725 8.83425e-05 -1231.26 273.102 5.02416 5.02358 0.0336076 -0.00890404 1428180.0
127 0.04735 8.83428e-05 -1231.26 273.1 5.02415 5.02369 0.0864207 0.0595406 1428240.0
126 0.04745 8.83426e-05 -1231.26 273.101 5.02416 5.0237 0.0855636 0.086073 1428280.0
125 0.04755 8.83429e-05 -1231.26 273.101 5.02418 5.02375 0.117927 0.160648 1428320.0
124 0.04765 8.83433e-05 -1231.26 273.102 5.02422 5.02374 0.121581 0.165564 1428360.0
123 0.04775 8.83428e-05 -1231.26 273.103 5.0242 5.02377 0.159777 0.228858 1428430.0
122 0.04785 8.8343e-05 -1231.26 273.102 5.02419 5.02368 0.138482 0.181482 1428340.0
121 0.04795 8.83429e-05 -1231.26 273.102 5.02419 5.02373 0.121031 0.145338 1428330.0
120 0.04805 8.83425e-05 -1231.26 273.102 5.02417 5.02371 0.0857436 0.131788 1428290.0
119 0.04815 8.83421e-05 -1231.26 273.1 5.02412 5.02363 0.131358 0.218365 1428260.0
118 0.04825 8.83432e-05 -1231.26 273.102 5.02422 5.02373 0.119915 0.202745 1428340.0
117 0.04835 8.83429e-05 -1231.26 273.103 5.02421 5.02365 0.116611 0.198618 1428250.0
116 0.04845 8.83427e-05 -1231.26 273.102 5.02418 5.02349 0.103572 0.1649 1428180.0
115 0.04855 8.83422e-05 -1231.26 273.099 5.0241 5.0233 0.093209 0.142833 1428090.0
114 0.04865 8.83424e-05 -1231.26 273.101 5.02415 5.02336 0.0809352 0.110706 1428090.0
113 0.04875 8.83427e-05 -1231.26 273.103 5.02419 5.02337 0.105752 0.163272 1428110.0
112 0.04885 8.83417e-05 -1231.26 273.103 5.02414 5.02336 0.0852425 0.139173 1428120.0
111 0.04895 8.83429e-05 -1231.26 273.1 5.02415 5.02338 0.115795 0.213018 1428100.0
110 0.04905 8.83425e-05 -1231.26 273.103 5.02419 5.02337 0.0872082 0.162488 1428150.0
109 0.04915 8.83426e-05 -1231.26 273.101 5.02415 5.02335 0.109147 0.221908 1428130.0
108 0.04925 8.83417e-05 -1231.27 273.102 5.02412 5.02331 0.0899164 0.218404 1428130.0
107 0.04935 8.83418e-05 -1231.26 273.101 5.02412 5.02337 0.0842357 0.198356 1428120.0
106 0.04945 8.83423e-05 -1231.27 273.101 5.02414 5.02334 0.0730304 0.16463 1428060.0
105 0.04955 8.83421e-05 -1231.26 273.102 5.02414 5.02337 0.0743725 0.135288 1428070.0
104 0.04965 8.83418e-05 -1231.26 273.104 5.02416 5.02336 0.0905077 0.127703 1428110.0
103 0.04975 8.83423e-05 -1231.27 273.101 5.02414 5.02336 0.0992389 0.0794078 1428060.0
102 0.04985 8.83424e-05 -1231.27 273.103 5.02419 5.02336 0.091781 0.0179732 1428030.0
101 0.04995 8.83409e-05 -1231.27 273.101 5.02407 5.02317 0.0699016 -0.066815 1427890.0
100 0.05005 8.83421e-05 -1231.26 273.101 5.02414 5.02327 0.0859143 -0.0384728 1427910.0
99 0.05015 8.83419e-05 -1231.26 273.105 5.02419 5.02336 0.077385 -0.0352784 1428010.0
98 0.05025 8.83414e-05 -1231.27 273.103 5.02413 5.02337 0.0877543 0.00584618 1428000.0
97 0.05035 8.83421e-05 -1231.26 273.102 5.02415 5.02339 0.129188 0.0712044 1428040.0
96 0.05045 8.83421e-05 -1231.26 273.105 5.0242 5.02342 0.122573 0.0844125 1428040.0
95 0.05055 8.83415e-05 -1231.26 273.103 5.02413 5.02341 0.113594 0.0683098 1428040.0
94 0.05065 8.83419e-05 -1231.26 273.103 5.02415 5.02345 0.188326 0.209948 1428150.0
93 0.05075 8.8342e-05 -1231.26 273.108 5.02425 5.02355 0.202367 0.22958 1428220.0
92 0.05085 8.83418e-05 -1231.26 273.102 5.02414 5.02337 0.177217 0.17072 1428060.0
91 0.05095 8.83425e-05 -1231.26 273.106 5.02424 5.02344 0.169247 0.188402 1428110.0
90 0.05105 8.83419e-05 -1231.26 273.104 5.02417 5.0234 0.177012 0.210235 1428070.0
89 0.05115 8.83425e-05 -1231.26 273.105 5.02423 5.02346 0.165998 0.159417 1428040.0
88 0.05125 8.83422e-05 -1231.26 273.103 5.02418 5.0234 0.133687 0.0862826 1427980.0
87 0.05135 8.83423e-05 -1231.26 273.102 5.02416 5.02337 0.0959836 -0.00607783 1427950.0
86 0.05145 8.83415e-05 -1231.27 273.102 5.02412 5.02321 0.104365 0.0171313 1427860.0
85 0.05155 8.83422e-05 -1231.26 273.1 5.02412 5.02324 0.0535433 -0.0771821 1427870.0
84 0.05165 8.83427e-05 -1231.27 273.102 5.02418 5.02333 0.114584 0.0487149 1427980.0
83 0.05175 8.83416e-05 -1231.26 273.103 5.02413 5.02326 0.132105 0.0716586 1427940.0
82 0.05185 8.83427e-05 -1231.27 273.104 5.02423 5.02338 0.144821 0.0352948 1428020.0
81 0.05195 8.83422e-05 -1231.27 273.103 5.02417 5.0233 0.176628 0.11436 1427990.0
80 0.05205 8.83426e-05 -1231.26 273.105 5.02422 5.02343 0.181683 0.129437 1428050.0
79 0.05215 8.83417e-05 -1231.27 273.104 5.02416 5.02332 0.146272 0.0776773 1427930.0
78 0.05225 8.83424e-05 -1231.27 273.103 5.02418 5.02329 0.133055 0.0220796 1427870.0
77 0.05235 8.83418e-05 -1231.27 273.104 5.02416 5.02333 0.118171 0.00932432 1427910.0
76 0.05245 8.83423e-05 -1231.27 273.103 5.02417 5.02336 0.184066 0.172659 1427960.0
75 0.05255 8.8343e-05 -1231.26 273.104 5.02424 5.02351 0.16424 0.144024 1428050.0
74 0.05265 8.8342e-05 -1231.26 273.104 5.02417 5.02343 0.191207 0.257012 1428000.0
73 0.05275 8.83429e-05 -1231.26 273.105 5.02425 5.02353 0.175016 0.214355 1428030.0
72 0.05285 8.83418e-05 -1231.26 273.106 5.0242 5.02347 0.197704 0.265161 1428000.0
71 0.05295 8.83428e-05 -1231.26 273.108 5.0243 5.02363 0.209297 0.296569 1428100.0
70 0.05305 8.83425e-05 -1231.26 273.109 5.02429 5.0236 0.228418 0.328874 1428080.0
69 0.05315 8.83429e-05 -1231.26 273.105 5.02425 5.02348 0.220225 0.29272 1427960.0
68 0.05325 8.83429e-05 -1231.26 273.109 5.02433 5.02361 0.24547 0.3809 1428040.0
67 0.05335 8.83418e-05 -1231.26 273.107 5.02423 5.02356 0.232293 0.393757 1428000.0
66 0.05345 8.83434e-05 -1231.26 273.11 5.02436 5.02376 0.25786 0.477576 1428100.0
65 0.05355 8.83423e-05 -1231.26 273.112 5.02434 5.02379 0.296783 0.52339 1428140.0
64 0.05365 8.83428e-05 -1231.26 273.109 5.02431 5.02379 0.273068 0.489652 1428090.0
63 0.05375 8.83431e-05 -1231.26 273.108 5.02431 5.02382 0.281341 0.489716 1428060.0
62 0.05385 8.83432e-05 -1231.26 273.111 5.02438 5.02383 0.271439 0.49665 1428070.0
61 0.05395 8.83429e-05 -1231.26 273.109 5.02433 5.02374 0.254473 0.467783 1428000.0
60 0.05405 8.8343e-05 -1231.26 273.107 5.0243 5.0237 0.227522 0.451572 1427930.0
59 0.05415 8.83429e-05 -1231.26 273.109 5.02433 5.0237 0.231123 0.447418 1427960.0
58 0.05425 8.83432e-05 -1231.26 273.108 5.02433 5.02372 0.25646 0.482259 1427960.0
57 0.05435 8.83429e-05 -1231.26 273.108 5.0243 5.02369 0.208919 0.369263 1427900.0
56 0.05445 8.8343e-05 -1231.26 273.107 5.02429 5.02367 0.174378 0.292575 1427860.0
55 0.05455 8.83426e-05 -1231.26 273.106 5.02425 5.02366 0.189598 0.326147 1427830.0
54 0.05465 8.83428e-05 -1231.26 273.106 5.02426 5.02363 0.196055 0.344157 1427820.0
53 0.05475 8.83425e-05 -1231.26 273.107 5.02427 5.0236 0.237853 0.422263 1427860.0
52 0.05485 8.83424e-05 -1231.26 273.107 5.02425 5.02358 0.219926 0.353211 1427800.0
51 0.05495 8.83418e-05 -1231.26 273.106 5.02421 5.02351 0.227857 0.395238 1427810.0
50 0.05505 8.83423e-05 -1231.26 273.107 5.02424 5.02353 0.27719 0.449594 1427790.0
49 0.05515 8.83422e-05 -1231.26 273.107 5.02424 5.02353 0.27166 0.482256 1427820.0
48 0.05525 8.83426e-05 -1231.26 273.108 5.02429 5.02349 0.285099 0.521313 1427830.0
47 0.05535 8.8342e-05 -1231.27 273.107 5.02424 5.02357 0.252332 0.464279 1427860.0
46 0.05545 8.8342e-05 -1231.26 273.107 5.02424 5.02349 0.269819 0.482689 1427800.0
45 0.05555 8.83426e-05 -1231.26 273.109 5.0243 5.0236 0.267943 0.489426 1427850.0
44 0.05565 8.83415e-05 -1231.26 273.108 5.02422 5.02354 0.282852 0.539515 1427790.0
43 0.05575 8.83419e-05 -1231.27 273.104 5.02418 5.02337 0.244033 0.434103 1427670.0
42 0.05585 8.83423e-05 -1231.27 273.105 5.02422 5.02343 0.18693 0.340804 1427640.0
41 0.05595 8.83418e-05 -1231.26 273.106 5.0242 5.02345 0.212914 0.407399 1427650.0
40 0.05605 8.8342e-05 -1231.27 273.104 5.02418 5.02339 0.193086 0.408627 1427630.0
39 0.05615 8.83422e-05 -1231.27 273.107 5.02423 5.02349 0.222857 0.472422 1427700.0
38 0.05625 8.83422e-05 -1231.26 273.107 5.02425 5.02345 0.210291 0.433707 1427700.0
37 0.05635 8.83423e-05 -1231.27 273.106 5.02423 5.02341 0.226201 0.481988 1427690.0
36 0.05645 8.83423e-05 -1231.27 273.105 5.02422 5.02333 0.229888 0.448987 1427620.0
35 0.05655 8.83416e-05 -1231.27 273.105 5.02418 5.02321 0.167675 0.343585 1427510.0
34 0.05665 8.83424e-05 -1231.27 273.106 5.02424 5.02324 0.207175 0.417688 1427550.0
33 0.05675 8.83416e-05 -1231.27 273.105 5.02418 5.02326 0.199713 0.417962 1427550.0
32 0.05685 8.83422e-05 -1231.27 273.105 5.02422 5.02329 0.193649 0.421588 1427550.0
31 0.05695 8.83429e-05 -1231.27 273.107 5.02428 5.02347 0.258128 0.598 1427680.0
30 0.05705 8.83416e-05 -1231.27 273.106 5.02419 5.02336 0.232243 0.518012 1427600.0
29 0.05715 8.83422e-05 -1231.26 273.11 5.0243 5.02359 0.279353 0.640587 1427760.0
28 0.05725 8.83425e-05 -1231.27 273.109 5.02429 5.02354 0.258787 0.611949 1427640.0
27 0.05735 8.83421e-05 -1231.26 273.107 5.02423 5.02358 0.26592 0.632301 1427650.0
26 0.05745 8.83429e-05 -1231.27 273.11 5.02435 5.02357 0.294693 0.639759 1427630.0
25 0.05755 8.83419e-05 -1231.26 273.108 5.02425 5.02347 0.313202 0.685305 1427600.0
24 0.05765 8.83424e-05 -1231.27 273.108 5.02428 5.02352 0.290987 0.665514 1427600.0
23 0.05775 8.83423e-05 -1231.27 273.11 5.02432 5.02353 0.316075 0.719325 1427640.0
22 0.05785 8.83429e-05 -1231.26 273.11 5.02434 5.02365 0.33366 0.763034 1427680.0
21 0.05795 8.83413e-05 -1231.26 273.11 5.02425 5.02348 0.33274 0.733391 1427570.0
20 0.05805 8.83427e-05 -1231.27 273.109 5.02431 5.02345 0.342383 0.731298 1427560.0
19 0.05815 8.83418e-05 -1231.27 273.11 5.02427 5.02338 0.305022 0.652193 1427530.0
18 0.05825 8.83418e-05 -1231.27 273.109 5.02426 5.02344 0.309729 0.687873 1427540.0
17 0.05835 8.83421e-05 -1231.27 273.111 5.02431 5.02341 0.36813 0.7543 1427570.0
16 0.05845 8.83417e-05 -1231.27 273.112 5.02431 5.02337 0.364599 0.733138 1427560.0
15 0.05855 8.83416e-05 -1231.27 273.112 5.0243 5.02334 0.360277 0.719875 1427520.0
14 0.05865 8.83424e-05 -1231.27 273.111 5.02433 5.02343 0.382981 0.763285 1427520.0
13 0.05875 8.83417e-05 -1231.27 273.114 5.02434 5.02353 0.445088 0.904675 1427660.0
12 0.05885 8.83427e-05 -1231.27 273.113 5.02439 5.0236 0.433848 0.867339 1427620.0
11 0.05895 8.83423e-05 -1231.26 273.113 5.02437 5.0236 0.408408 0.804184 1427550.0
10 0.05905 8.83423e-05 -1231.27 273.113 5.02436 5.0237 0.413899 0.895562 1427600.0
9 0.05915 8.83422e-05 -1231.26 273.112 5.02433 5.02369 0.433246 0.913213 1427570.0
8 0.05925 8.83423e-05 -1231.26 273.113 5.02437 5.02367 0.428775 0.892451 1427540.0
7 0.05935 8.83425e-05 -1231.26 273.113 5.02437 5.02365 0.404919 0.853205 1427540.0
6 0.05945 8.83422e-05 -1231.27 273.111 5.02431 5.02355 0.389112 0.814769 1427390.0
5 0.05955 8.83418e-05 -1231.27 273.111 5.02429 5.02348 0.346571 0.716444 1427300.0
4 0.05965 8.83427e-05 -1231.27 273.11 5.02433 5.02349 0.306572 0.655284 1427240.0
3 0.05975 8.83412e-05 -1231.27 273.106 5.02417 5.02316 0.262933 0.539072 1426980.0
2 0.05985 8.8342e-05 -1231.27 273.104 5.02417 5.02297 0.20586 0.39508 1426780.0
1 0.05995 8.8341e-05 -1231.27 273.103 5.0241 5.02272 0.154591 0.249164 1426540.0
