TITLE = "DSMC"
VARIABLES = "ID" "X" "rho" "v1" "Ttrans" "p" "p1" "q1" "mv1v1v1" "mvvv1v1"
ZONE T="Ma=4.0_inv", I=900, J=1, K=1, F=POINT
900 -0.02995 0.000297693 -365.543 1599.93 99.1833 99.1724 2.10377 1.42426 165202000.0
899 -0.02985 0.000297681 -365.555 1600.0 99.1842 99.1704 6.33669 6.0936 165202000.0
898 -0.02975 0.000297665 -365.578 1600.03 99.18 99.169 9.51543 11.185 165204000.0
897 -0.02965 0.00029766 -365.587 1600.02 99.178 99.1676 9.48496 11.4132 165201000.0
896 -0.02955 0.000297676 -365.56 1599.91 99.1767 99.1691 4.40073 6.07522 165196000.0
895 -0.02945 0.000297692 -365.545 1599.9 99.1811 99.1717 1.70651 -0.221031 165201000.0
894 -0.02935 0.000297675 -365.565 1599.92 99.1766 99.1697 5.13526 4.8451 165200000.0
893 -0.02925 0.000297667 -365.571 1599.94 99.1753 99.1682 7.05783 7.17834 165197000.0
892 -0.02915 0.000297663 -365.583 1599.96 99.1754 99.1691 7.57463 7.56972 165200000.0
891 -0.02905 0.000297668 -365.573 1599.93 99.1755 99.1695 5.86956 5.57783 165198000.0
890 -0.02895 0.000297676 -365.565 1599.88 99.1747 99.1692 3.84736 4.51406 165194000.0
889 -0.02885 0.000297677 -365.562 1599.9 99.176 99.1716 3.92586 3.32398 165199000.0
888 -0.02875 0.000297682 -365.554 1599.85 99.1748 99.1715 1.79159 2.9326 165196000.0
887 -0.02865 0.000297671 -365.572 1599.91 99.1748 99.1687 4.72542 7.6176 165194000.0
886 -0.02855 0.000297686 -365.555 1599.9 99.1789 99.1712 3.63295 3.29053 165199000.0
885 -0.02845 0.000297666 -365.576 1599.9 99.1725 99.1685 5.60923 8.16668 165196000.0
884 -0.02835 0.000297673 -365.571 1599.95 99.1781 99.1705 6.8604 6.38361 165200000.0
883 -0.02825 0.000297673 -365.566 1599.96 99.1788 99.1722 7.12463 7.69304 165207000.0
882 -0.02815 0.00029768 -365.557 1599.92 99.1784 99.1704 5.44045 4.65933 165202000.0
881 -0.02805 0.00029767 -365.571 1599.87 99.1718 99.1691 4.17512 6.98198 165201000.0
880 -0.02795 0.000297689 -365.547 1599.88 99.1792 99.1723 2.3349 0.495574 165203000.0
879 -0.02785 0.000297688 -365.547 1599.91 99.1808 99.1726 3.54658 1.94273 165204000.0
878 -0.02775 0.000297697 -365.539 1599.81 99.1775 99.1724 -1.14556 -1.43803 165198000.0
877 -0.02765 0.000297715 -365.514 1599.82 99.1839 99.1755 -2.82263 -6.0528 165202000.0
876 -0.02755 0.000297712 -365.519 1599.89 99.1874 99.1756 -0.397814 -6.56589 165203000.0
875 -0.02745 0.000297697 -365.536 1599.85 99.1797 99.1721 1.08521 -3.28652 165198000.0
874 -0.02735 0.000297696 -365.537 1599.78 99.1751 99.1726 -2.39761 -2.8606 165194000.0
873 -0.02725 0.000297728 -365.499 1599.7 99.1805 99.1764 -7.94419 -10.638 165198000.0
872 -0.02715 0.0002977 -365.531 1599.74 99.1737 99.1728 -3.40782 -2.70558 165193000.0
871 -0.02705 0.000297708 -365.526 1599.72 99.1755 99.174 -4.49249 -5.36674 165196000.0
870 -0.02695 0.000297699 -365.537 1599.78 99.1762 99.1732 -2.17274 -1.0957 165197000.0
869 -0.02685 0.000297697 -365.537 1599.77 99.1747 99.1724 -1.37587 0.402535 165198000.0
868 -0.02675 0.000297695 -365.545 1599.8 99.1765 99.1711 0.60929 4.17031 165196000.0
867 -0.02665 0.0002977 -365.536 1599.85 99.1807 99.1724 -0.0312312 1.37021 165202000.0
866 -0.02655 0.000297684 -365.554 1599.88 99.1773 99.1694 3.6688 6.85773 165196000.0
865 -0.02645 0.00029768 -365.561 1599.89 99.1766 99.1695 4.23311 7.85231 165200000.0
864 -0.02635 0.000297663 -365.583 1599.84 99.1682 99.1665 5.11806 12.7333 165196000.0
863 -0.02625 0.000297693 -365.546 1599.89 99.181 99.1704 2.79392 3.66854 165198000.0
862 -0.02615 0.000297704 -365.532 1599.82 99.1806 99.1714 0.0629955 0.000218494 165198000.0
861 -0.02605 0.000297703 -365.535 1599.75 99.1756 99.1722 -2.92354 -1.63927 165192000.0
860 -0.02595 0.000297694 -365.543 1599.83 99.1775 99.1711 1.31417 -0.497899 165193000.0
859 -0.02585 0.000297704 -365.535 1599.9 99.1854 99.1736 2.2825 -2.502 165199000.0
858 -0.02575 0.000297682 -365.562 1599.9 99.1777 99.1707 5.43553 5.63835 165196000.0
857 -0.02565 0.00029769 -365.55 1599.88 99.1793 99.1707 3.87607 3.38734 165197000.0
856 -0.02555 0.00029769 -365.554 1599.88 99.1794 99.1708 3.85824 2.86814 165196000.0
855 -0.02545 0.000297712 -365.523 1599.79 99.1811 99.1737 -2.08258 -3.65085 165195000.0
854 -0.02535 0.000297704 -365.536 1599.78 99.1779 99.1717 -1.10182 -1.20764 165192000.0
853 -0.02525 0.000297698 -365.542 1599.79 99.1761 99.1718 -0.290136 0.594997 165191000.0
852 -0.02515 0.000297697 -365.545 1599.85 99.18 99.1714 1.65671 1.56467 165195000.0
851 -0.02505 0.000297687 -365.555 1599.78 99.1718 99.1689 1.71188 5.43351 165191000.0
850 -0.02495 0.000297704 -365.534 1599.84 99.1813 99.1725 1.08049 -0.956028 165201000.0
849 -0.02485 0.000297687 -365.557 1599.84 99.1756 99.1701 2.97269 2.58891 165196000.0
848 -0.02475 0.000297705 -365.533 1599.85 99.1826 99.1719 1.4179 -2.67303 165199000.0
847 -0.02465 0.000297684 -365.56 1599.8 99.1727 99.1701 2.74484 2.50854 165198000.0
846 -0.02455 0.00029769 -365.551 1599.84 99.1769 99.1706 2.06935 0.639704 165200000.0
845 -0.02445 0.000297713 -365.524 1599.87 99.1864 99.1737 1.45678 -3.36434 165203000.0
844 -0.02435 0.000297696 -365.544 1599.77 99.1743 99.1712 -0.692789 -0.369796 165200000.0
843 -0.02425 0.000297668 -365.579 1599.79 99.1663 99.169 3.69907 8.71523 165203000.0
842 -0.02415 0.000297661 -365.585 1599.85 99.1675 99.1672 6.42881 10.3768 165199000.0
841 -0.02405 0.000297686 -365.555 1599.87 99.1778 99.1708 3.91665 2.4889 165205000.0
840 -0.02395 0.000297676 -365.567 1599.91 99.1767 99.1695 6.53423 6.48762 165203000.0
839 -0.02385 0.000297673 -365.571 1599.86 99.1724 99.168 5.8024 7.3127 165201000.0
838 -0.02375 0.000297695 -365.546 1599.81 99.1769 99.1702 0.799766 -1.17958 165199000.0
837 -0.02365 0.000297694 -365.545 1599.79 99.175 99.1713 0.5719 -0.193837 165200000.0
836 -0.02355 0.000297694 -365.546 1599.79 99.1752 99.1704 1.41057 0.696879 165201000.0
835 -0.02345 0.00029769 -365.55 1599.81 99.175 99.1704 1.91649 0.667506 165200000.0
834 -0.02335 0.000297688 -365.551 1599.83 99.1755 99.1716 1.99808 3.50962 165202000.0
833 -0.02325 0.000297696 -365.546 1599.79 99.1754 99.1711 0.676787 2.49362 165198000.0
832 -0.02315 0.000297695 -365.542 1599.79 99.1753 99.1709 0.900394 2.01917 165196000.0
831 -0.02305 0.000297667 -365.579 1599.84 99.1693 99.1675 5.61472 10.6027 165192000.0
830 -0.02295 0.000297681 -365.563 1599.86 99.1754 99.1696 4.87732 6.72828 165194000.0
829 -0.02285 0.000297698 -365.541 1599.83 99.1789 99.1714 1.59689 2.48954 165192000.0
828 -0.02275 0.000297718 -365.516 1599.9 99.1898 99.1744 2.12455 -2.15823 165199000.0
827 -0.02265 0.00029772 -365.515 1599.84 99.1871 99.1753 -0.700841 -4.21354 165197000.0
826 -0.02255 0.000297716 -365.519 1599.84 99.1855 99.1732 -0.315789 -1.06052 165191000.0
825 -0.02245 0.000297725 -365.508 1599.83 99.1881 99.1755 -0.0654547 -2.38569 165196000.0
824 -0.02235 0.000297733 -365.498 1599.82 99.1897 99.1762 -1.79019 -5.91708 165195000.0
823 -0.02225 0.00029773 -365.503 1599.83 99.1895 99.1761 -2.37424 -6.06507 165193000.0
822 -0.02215 0.000297725 -365.51 1599.75 99.1831 99.1747 -3.23858 -4.06223 165188000.0
821 -0.02205 0.000297712 -365.521 1599.76 99.1794 99.1711 -2.09767 -3.37893 165181000.0
820 -0.02195 0.000297715 -365.522 1599.74 99.1793 99.1744 -2.24694 -2.94609 165187000.0
819 -0.02185 0.000297717 -365.519 1599.74 99.18 99.1729 -1.80881 -4.17469 165188000.0
818 -0.02175 0.000297716 -365.521 1599.8 99.1828 99.1745 0.409435 -1.10955 165193000.0
817 -0.02165 0.000297728 -365.506 1599.72 99.1825 99.1744 -3.33251 -5.63739 165187000.0
816 -0.02155 0.00029773 -365.505 1599.66 99.1793 99.1759 -5.64776 -6.20523 165186000.0
815 -0.02145 0.00029775 -365.48 1599.62 99.1831 99.1775 -9.9684 -13.0378 165189000.0
814 -0.02135 0.000297752 -365.478 1599.66 99.1864 99.1785 -7.90087 -12.0448 165192000.0
813 -0.02125 0.000297733 -365.502 1599.74 99.1853 99.1766 -3.82401 -7.89635 165195000.0
812 -0.02115 0.00029772 -365.517 1599.78 99.1832 99.1739 -0.50457 -2.39977 165191000.0
811 -0.02105 0.000297729 -365.506 1599.68 99.1799 99.1757 -5.119 -4.22472 165189000.0
810 -0.02095 0.00029772 -365.516 1599.74 99.181 99.1739 -1.82411 -1.92101 165189000.0
809 -0.02085 0.000297713 -365.528 1599.79 99.1812 99.1725 1.06875 0.728276 165189000.0
808 -0.02075 0.000297729 -365.506 1599.78 99.1859 99.1754 -1.99162 -4.17829 165192000.0
807 -0.02065 0.000297721 -365.517 1599.78 99.1835 99.1749 -0.912916 -0.267406 165193000.0
806 -0.02055 0.00029773 -365.504 1599.77 99.1856 99.1752 -2.0346 -4.17047 165191000.0
805 -0.02045 0.000297733 -365.502 1599.81 99.1896 99.1758 -1.14252 -4.70954 165193000.0
804 -0.02035 0.00029773 -365.505 1599.77 99.1862 99.1757 -1.38892 -3.81955 165195000.0
803 -0.02025 0.000297722 -365.516 1599.7 99.1791 99.1739 -4.11915 -3.57963 165187000.0
802 -0.02015 0.000297726 -365.512 1599.71 99.1808 99.1749 -3.02467 -4.02646 165190000.0
801 -0.02005 0.000297704 -365.54 1599.79 99.1782 99.1722 2.17946 2.89714 165191000.0
800 -0.01995 0.000297702 -365.54 1599.8 99.1787 99.1717 3.34837 3.7112 165191000.0
799 -0.01985 0.000297713 -365.529 1599.75 99.1788 99.1722 0.409388 1.6094 165190000.0
798 -0.01975 0.000297697 -365.548 1599.72 99.1717 99.17 0.123096 4.75236 165183000.0
797 -0.01965 0.000297711 -365.527 1599.69 99.1748 99.1727 -2.11503 1.52586 165184000.0
796 -0.01955 0.000297719 -365.522 1599.63 99.1739 99.174 -4.38354 -0.391597 165184000.0
795 -0.01945 0.00029772 -365.518 1599.67 99.1766 99.1743 -3.70728 0.397586 165185000.0
794 -0.01935 0.000297707 -365.532 1599.73 99.1756 99.1721 -0.64371 1.85514 165187000.0
793 -0.01925 0.00029772 -365.521 1599.7 99.1782 99.1736 -2.60838 -0.668405 165187000.0
792 -0.01915 0.000297714 -365.527 1599.67 99.1746 99.172 -2.91124 0.384941 165187000.0
791 -0.01905 0.000297712 -365.53 1599.67 99.1737 99.1734 -2.37675 0.823409 165191000.0
790 -0.01895 0.000297692 -365.554 1599.83 99.1771 99.171 5.44686 10.0267 165191000.0
789 -0.01885 0.000297705 -365.539 1599.83 99.1813 99.1708 3.67915 5.27237 165187000.0
788 -0.01875 0.000297711 -365.532 1599.73 99.1773 99.1731 -0.96953 3.78571 165188000.0
787 -0.01865 0.000297712 -365.527 1599.78 99.1808 99.173 1.22607 3.86104 165189000.0
786 -0.01855 0.000297718 -365.522 1599.73 99.1796 99.1725 -0.316758 2.77658 165183000.0
785 -0.01845 0.000297715 -365.525 1599.71 99.1773 99.1721 -1.67388 2.00688 165185000.0
784 -0.01835 0.000297721 -365.519 1599.7 99.1788 99.1742 -2.39306 0.691801 165190000.0
783 -0.01825 0.000297725 -365.511 1599.69 99.1791 99.1752 -3.20412 0.86106 165190000.0
782 -0.01815 0.000297732 -365.503 1599.75 99.1853 99.1746 -1.87039 -1.67843 165186000.0
781 -0.01805 0.000297742 -365.491 1599.67 99.1836 99.1763 -6.46694 -5.26439 165187000.0
780 -0.01795 0.000297734 -365.502 1599.81 99.1893 99.1757 0.546768 -1.10932 165189000.0
779 -0.01785 0.000297726 -365.511 1599.81 99.187 99.1747 1.02102 0.805004 165188000.0
778 -0.01775 0.000297735 -365.502 1599.81 99.1901 99.1757 -0.196073 -3.13552 165190000.0
777 -0.01765 0.000297737 -365.497 1599.72 99.1852 99.1761 -2.81992 -4.91528 165187000.0
776 -0.01755 0.000297738 -365.499 1599.73 99.186 99.1759 -3.39189 -5.39916 165184000.0
775 -0.01745 0.000297728 -365.507 1599.7 99.1813 99.1753 -1.82909 -1.76644 165184000.0
774 -0.01735 0.000297712 -365.529 1599.68 99.1739 99.1713 -0.786159 1.70023 165178000.0
773 -0.01725 0.000297724 -365.519 1599.64 99.1758 99.1744 -3.28263 -1.08112 165184000.0
772 -0.01715 0.000297727 -365.512 1599.69 99.18 99.1738 -2.21559 -3.04493 165184000.0
771 -0.01705 0.000297728 -365.51 1599.69 99.1803 99.1741 -2.33126 -4.7276 165182000.0
770 -0.01695 0.000297724 -365.516 1599.7 99.1791 99.1739 -2.28382 -3.72659 165183000.0
769 -0.01685 0.000297731 -365.509 1599.64 99.1784 99.175 -4.16621 -6.05306 165182000.0
768 -0.01675 0.000297714 -365.525 1599.62 99.1713 99.1731 -3.40236 -0.557668 165181000.0
767 -0.01665 0.000297722 -365.517 1599.64 99.1752 99.1745 -2.83023 -2.5279 165184000.0
766 -0.01655 0.000297727 -365.511 1599.62 99.1757 99.1746 -4.59697 -6.20651 165182000.0
765 -0.01645 0.000297747 -365.486 1599.58 99.18 99.1792 -8.40728 -11.6625 165187000.0
764 -0.01635 0.00029773 -365.507 1599.64 99.1779 99.1749 -3.34884 -6.91817 165182000.0
763 -0.01625 0.000297721 -365.517 1599.67 99.1769 99.1742 -2.5086 -4.48306 165182000.0
762 -0.01615 0.00029773 -365.506 1599.66 99.179 99.1751 -3.51536 -7.02828 165183000.0
761 -0.01605 0.00029774 -365.494 1599.7 99.1847 99.1768 -3.75665 -8.95202 165185000.0
760 -0.01595 0.000297722 -365.517 1599.64 99.1753 99.1738 -3.72446 -1.78297 165178000.0
759 -0.01585 0.000297724 -365.513 1599.73 99.181 99.1739 -0.798597 -1.82451 165183000.0
758 -0.01575 0.000297733 -365.503 1599.64 99.1791 99.176 -4.36851 -4.88923 165181000.0
757 -0.01565 0.000297726 -365.511 1599.61 99.1746 99.1761 -4.55396 -2.85592 165184000.0
756 -0.01555 0.000297733 -365.503 1599.6 99.1766 99.1761 -5.52732 -5.63709 165182000.0
755 -0.01545 0.000297739 -365.496 1599.62 99.1799 99.1774 -5.19526 -5.72462 165187000.0
754 -0.01535 0.000297743 -365.492 1599.66 99.1832 99.1775 -4.18265 -6.68313 165188000.0
753 -0.01525 0.000297751 -365.484 1599.65 99.1852 99.1789 -5.33032 -8.57339 165189000.0
752 -0.01515 0.000297736 -365.498 1599.67 99.182 99.176 -2.66249 -5.35665 165189000.0
751 -0.01505 0.000297733 -365.505 1599.72 99.1839 99.1762 -1.2332 -5.80666 165191000.0
750 -0.01495 0.000297724 -365.516 1599.75 99.1824 99.1749 1.28976 -3.03984 165191000.0
749 -0.01485 0.000297733 -365.506 1599.8 99.189 99.1767 2.56334 -5.07687 165192000.0
748 -0.01475 0.000297728 -365.511 1599.7 99.1806 99.1746 -0.309229 -5.2232 165186000.0
747 -0.01465 0.000297718 -365.523 1599.72 99.1791 99.1751 1.30018 -1.27656 165188000.0
746 -0.01455 0.000297722 -365.517 1599.74 99.1813 99.1752 1.43891 -1.6072 165188000.0
745 -0.01445 0.00029772 -365.521 1599.75 99.181 99.1742 2.60789 -1.76269 165190000.0
744 -0.01435 0.000297703 -365.545 1599.8 99.1788 99.1732 6.04282 1.75142 165188000.0
743 -0.01425 0.000297705 -365.537 1599.74 99.1755 99.172 3.60293 -0.045765 165183000.0
742 -0.01415 0.000297705 -365.542 1599.75 99.176 99.1727 3.66299 1.53208 165184000.0
741 -0.01405 0.0002977 -365.543 1599.69 99.171 99.1709 2.43919 4.83395 165178000.0
740 -0.01395 0.000297698 -365.549 1599.78 99.1758 99.172 5.69015 5.68927 165181000.0
739 -0.01385 0.0002977 -365.546 1599.69 99.171 99.1721 3.03146 5.71534 165177000.0
738 -0.01375 0.000297683 -365.567 1599.75 99.1686 99.1702 6.7718 11.4704 165177000.0
737 -0.01365 0.0002977 -365.543 1599.65 99.1683 99.1719 0.940939 2.24591 165176000.0
736 -0.01355 0.000297708 -365.536 1599.67 99.1723 99.1738 0.766396 0.283998 165178000.0
735 -0.01345 0.000297707 -365.534 1599.67 99.1722 99.1742 0.610581 1.80515 165179000.0
734 -0.01335 0.000297713 -365.529 1599.76 99.1798 99.1749 3.37386 2.97624 165179000.0
733 -0.01325 0.000297733 -365.501 1599.74 99.1852 99.1768 0.132367 -2.53341 165178000.0
732 -0.01315 0.000297728 -365.508 1599.73 99.1827 99.1762 -0.0687477 -0.32429 165178000.0
731 -0.01305 0.000297716 -365.523 1599.66 99.1746 99.1734 -0.616978 2.85505 165171000.0
730 -0.01295 0.000297716 -365.527 1599.71 99.1771 99.1735 1.02504 3.88689 165171000.0
729 -0.01285 0.000297705 -365.542 1599.67 99.1717 99.173 1.1821 6.82723 165170000.0
728 -0.01275 0.000297706 -365.537 1599.74 99.176 99.1725 3.63083 5.82391 165166000.0
727 -0.01265 0.000297709 -365.536 1599.68 99.1731 99.1721 1.63121 4.54468 165164000.0
726 -0.01255 0.000297709 -365.535 1599.65 99.1713 99.173 0.188528 5.9363 165165000.0
725 -0.01245 0.000297709 -365.538 1599.71 99.1752 99.1727 2.65574 6.34423 165166000.0
724 -0.01235 0.000297711 -365.533 1599.67 99.1738 99.1737 1.17777 6.72193 165166000.0
723 -0.01225 0.000297707 -365.538 1599.74 99.1764 99.1721 3.84905 7.83298 165164000.0
722 -0.01215 0.000297713 -365.534 1599.76 99.1798 99.1732 4.31684 5.93805 165166000.0
721 -0.01205 0.000297719 -365.524 1599.74 99.1801 99.1753 2.23692 2.25537 165168000.0
720 -0.01195 0.000297725 -365.516 1599.75 99.1832 99.1752 2.95759 1.81043 165166000.0
719 -0.01185 0.000297709 -365.536 1599.79 99.1801 99.1733 4.75285 5.76477 165164000.0
718 -0.01175 0.000297687 -365.566 1599.83 99.1753 99.17 9.53257 12.6141 165160000.0
717 -0.01165 0.000297677 -365.573 1599.81 99.1709 99.1684 9.75005 13.5552 165156000.0
716 -0.01155 0.000297682 -365.568 1599.74 99.1683 99.1692 6.8268 12.3764 165155000.0
715 -0.01145 0.000297693 -365.556 1599.74 99.1719 99.1707 6.21102 8.61624 165155000.0
714 -0.01135 0.000297707 -365.542 1599.77 99.1783 99.1727 4.66702 2.77331 165154000.0
713 -0.01125 0.000297691 -365.557 1599.79 99.1741 99.1699 7.62602 7.66311 165146000.0
712 -0.01115 0.000297679 -365.575 1599.82 99.172 99.1692 10.0331 11.8461 165144000.0
711 -0.01105 0.000297678 -365.573 1599.79 99.1699 99.1693 8.54437 11.6289 165141000.0
710 -0.01095 0.000297688 -365.563 1599.9 99.1802 99.1706 11.8296 8.63734 165145000.0
709 -0.01085 0.000297681 -365.568 1599.89 99.1769 99.1696 11.3561 11.5305 165142000.0
708 -0.01075 0.000297679 -365.573 1599.88 99.1759 99.1698 11.7811 10.9068 165142000.0
707 -0.01065 0.000297661 -365.594 1599.92 99.172 99.1688 15.1788 16.2051 165139000.0
706 -0.01055 0.000297649 -365.608 1599.86 99.1646 99.1663 15.0411 18.8411 165133000.0
705 -0.01045 0.000297647 -365.609 1599.88 99.1652 99.1651 16.4469 17.8504 165129000.0
704 -0.01035 0.000297641 -365.617 1599.84 99.1609 99.1652 15.4189 19.1282 165122000.0
703 -0.01025 0.000297645 -365.612 1599.91 99.1664 99.165 17.4156 17.5915 165121000.0
702 -0.01015 0.000297619 -365.643 1599.92 99.1584 99.162 20.7531 24.0791 165117000.0
701 -0.01005 0.000297618 -365.644 1599.93 99.1583 99.1631 21.4721 23.8948 165118000.0
700 -0.00995 0.000297607 -365.657 1599.95 99.1557 99.1609 22.9844 25.9282 165112000.0
699 -0.00985 0.00029759 -365.678 1599.98 99.1525 99.1582 26.2781 29.8429 165107000.0
698 -0.00975 0.000297577 -365.69 1600.02 99.1506 99.1568 29.3887 33.1389 165100000.0
697 -0.00965 0.000297587 -365.68 1600.04 99.1549 99.1576 28.6421 30.3058 165098000.0
696 -0.00955 0.000297565 -365.706 1600.03 99.1472 99.155 31.2704 37.335 165091000.0
695 -0.00945 0.000297573 -365.697 1600.01 99.1484 99.1551 28.8841 33.6989 165084000.0
694 -0.00935 0.000297566 -365.704 1600.09 99.1512 99.1558 32.4129 35.5417 165083000.0
693 -0.00925 0.00029756 -365.712 1600.13 99.1516 99.1536 34.4773 35.1894 165077000.0
692 -0.00915 0.00029753 -365.748 1600.04 99.1358 99.1513 34.8936 43.0867 165069000.0
691 -0.00905 0.000297511 -365.772 1600.05 99.1306 99.1488 37.9449 46.2473 165059000.0
690 -0.00895 0.000297499 -365.784 1600.14 99.1321 99.1472 42.7816 46.9229 165054000.0
689 -0.00885 0.00029748 -365.81 1600.19 99.1289 99.1439 46.2679 49.057 165041000.0
688 -0.00875 0.000297445 -365.851 1600.24 99.1198 99.1392 51.7353 57.3243 165030000.0
687 -0.00865 0.000297443 -365.85 1600.23 99.1186 99.1405 51.9767 53.5633 165023000.0
686 -0.00855 0.000297409 -365.894 1600.27 99.11 99.1359 57.3512 61.8239 165010000.0
685 -0.00845 0.000297382 -365.926 1600.17 99.0951 99.1321 57.665 66.1271 164991000.0
684 -0.00835 0.000297377 -365.932 1600.2 99.0945 99.1318 57.9855 64.0449 164983000.0
683 -0.00825 0.000297362 -365.95 1600.17 99.0884 99.1301 59.9236 65.2687 164972000.0
682 -0.00815 0.000297329 -365.988 1600.35 99.0885 99.1257 69.3541 73.0937 164957000.0
681 -0.00805 0.000297294 -366.034 1600.38 99.0784 99.1216 74.8428 80.5008 164945000.0
680 -0.00795 0.00029725 -366.086 1600.49 99.0705 99.1139 82.4995 87.0342 164921000.0
679 -0.00785 0.000297213 -366.13 1600.47 99.0572 99.1102 87.7757 95.1313 164903000.0
678 -0.00775 0.000297175 -366.175 1600.54 99.0488 99.1044 94.0675 101.044 164881000.0
677 -0.00765 0.000297154 -366.201 1600.58 99.0442 99.1021 97.7152 101.216 164864000.0
676 -0.00755 0.000297097 -366.272 1600.62 99.0276 99.0943 105.911 112.219 164842000.0
675 -0.00745 0.000297067 -366.307 1600.64 99.0186 99.0916 110.129 113.041 164823000.0
674 -0.00735 0.000297025 -366.356 1600.68 99.0073 99.0847 117.425 119.494 164796000.0
673 -0.00725 0.000296983 -366.406 1600.78 98.9994 99.0805 125.227 123.393 164775000.0
672 -0.00715 0.000296937 -366.464 1600.8 98.9852 99.0751 130.401 127.257 164750000.0
671 -0.00705 0.000296864 -366.549 1600.91 98.9678 99.0652 142.625 138.756 164721000.0
670 -0.00695 0.000296793 -366.634 1600.85 98.9405 99.0554 149.478 148.348 164687000.0
669 -0.00685 0.00029673 -366.711 1600.9 98.9227 99.0465 158.684 153.143 164652000.0
668 -0.00675 0.000296633 -366.83 1600.97 98.8949 99.0349 172.928 169.472 164615000.0
667 -0.00665 0.000296565 -366.912 1601.07 98.878 99.026 183.85 173.791 164582000.0
666 -0.00655 0.000296485 -367.008 1601.16 98.8569 99.0156 197.151 182.759 164545000.0
665 -0.00645 0.000296379 -367.136 1601.25 98.8273 99.0023 211.92 198.328 164505000.0
664 -0.00635 0.00029626 -367.284 1601.38 98.7956 98.985 230.618 214.972 164455000.0
663 -0.00625 0.000296129 -367.441 1601.49 98.7583 98.9685 249.597 234.157 164406000.0
662 -0.00615 0.000296046 -367.542 1601.52 98.7325 98.9572 261.25 236.23 164354000.0
661 -0.00605 0.000295929 -367.684 1601.55 98.6957 98.9419 276.009 245.001 164299000.0
660 -0.00595 0.000295777 -367.871 1601.59 98.6474 98.9203 296.3 265.126 164232000.0
659 -0.00585 0.00029562 -368.063 1601.67 98.6 98.9019 316.901 285.43 164170000.0
658 -0.00575 0.000295447 -368.274 1601.75 98.5471 98.8776 339.968 306.402 164092000.0
657 -0.00565 0.000295297 -368.455 1601.84 98.503 98.8589 361.49 317.321 164021000.0
656 -0.00555 0.000295089 -368.712 1601.94 98.4391 98.8314 389.635 343.167 163938000.0
655 -0.00545 0.00029489 -368.954 1602.0 98.3767 98.8055 415.929 360.419 163853000.0
654 -0.00535 0.000294674 -369.22 1602.14 98.3134 98.776 446.892 381.635 163759000.0
653 -0.00525 0.00029443 -369.52 1602.2 98.2357 98.7432 477.346 406.787 163657000.0
652 -0.00515 0.000294174 -369.836 1602.27 98.1546 98.7101 511.624 430.315 163549000.0
651 -0.00505 0.000293888 -370.19 1602.36 98.0648 98.6714 548.894 458.598 163429000.0
650 -0.00495 0.000293586 -370.561 1602.49 97.9717 98.6308 589.747 487.23 163305000.0
649 -0.00485 0.000293262 -370.963 1602.58 97.869 98.5868 631.551 517.073 163168000.0
648 -0.00475 0.000292909 -371.404 1602.69 97.758 98.5396 678.642 552.346 163026000.0
647 -0.00465 0.000292513 -371.895 1602.8 97.6322 98.4864 730.033 591.386 162868000.0
646 -0.00455 0.000292104 -372.41 1602.98 97.5068 98.431 786.364 630.254 162703000.0
645 -0.00445 0.000291666 -372.957 1603.09 97.3675 98.37 843.224 666.276 162523000.0
644 -0.00435 0.000291166 -373.584 1603.21 97.2076 98.3028 907.702 714.958 162329000.0
643 -0.00425 0.000290659 -374.226 1603.27 97.0419 98.2343 973.575 757.992 162124000.0
642 -0.00415 0.00029008 -374.961 1603.21 96.8453 98.1531 1042.29 810.766 161890000.0
641 -0.00405 0.000289467 -375.739 1603.31 96.6467 98.0692 1122.16 864.58 161651000.0
640 -0.00395 0.000288801 -376.59 1603.37 96.4275 97.9767 1206.72 923.44 161389000.0
639 -0.00385 0.000288071 -377.529 1603.51 96.1926 97.8758 1302.33 992.1 161110000.0
638 -0.00375 0.000287312 -378.508 1603.53 95.9404 97.77 1398.37 1058.0 160811000.0
637 -0.00365 0.000286467 -379.604 1603.6 95.6623 97.6493 1507.32 1136.13 160479000.0
636 -0.00355 0.00028556 -380.791 1603.57 95.3572 97.5232 1620.55 1220.42 160134000.0
635 -0.00345 0.000284583 -382.071 1603.61 95.0336 97.3822 1747.05 1311.49 159756000.0
634 -0.00335 0.000283552 -383.437 1603.62 94.6898 97.2351 1878.33 1403.24 159358000.0
633 -0.00325 0.000282435 -384.93 1603.57 94.3137 97.074 2020.48 1504.02 158929000.0
632 -0.00315 0.000281247 -386.526 1603.5 93.913 96.9011 2171.85 1610.11 158468000.0
631 -0.00305 0.000279952 -388.283 1603.34 93.4713 96.709 2335.62 1730.83 157964000.0
630 -0.00295 0.00027854 -390.22 1603.24 92.9943 96.4996 2518.53 1868.71 157430000.0
629 -0.00285 0.000277053 -392.277 1603.05 92.4867 96.2778 2708.09 2008.55 156862000.0
628 -0.00275 0.000275456 -394.512 1602.8 91.939 96.0348 2914.09 2164.5 156246000.0
627 -0.00265 0.000273725 -396.963 1602.58 91.3487 95.7699 3139.74 2340.03 155592000.0
626 -0.00255 0.000271903 -399.581 1602.12 90.7152 95.488 3373.37 2524.73 154890000.0
625 -0.00245 0.000269957 -402.408 1601.74 90.0443 95.1835 3628.81 2727.22 154149000.0
624 -0.00235 0.000267885 -405.466 1601.23 89.325 94.8522 3900.4 2947.0 153349000.0
623 -0.00225 0.000265697 -408.747 1600.62 88.5615 94.4991 4189.4 3182.1 152506000.0
622 -0.00215 0.000263349 -412.324 1600.06 87.7481 94.1137 4506.86 3448.12 151609000.0
621 -0.00205 0.000260863 -416.187 1599.33 86.88 93.6987 4842.56 3736.64 150656000.0
620 -0.00195 0.000258263 -420.299 1598.46 85.9675 93.2539 5197.22 4044.93 149644000.0
619 -0.00185 0.000255487 -424.786 1597.43 84.9887 92.7729 5577.79 4393.4 148574000.0
618 -0.00175 0.000252586 -429.579 1596.25 83.9613 92.2584 5980.15 4765.59 147446000.0
617 -0.00165 0.000249542 -434.723 1594.96 82.8826 91.7063 6408.73 5169.38 146257000.0
616 -0.00155 0.00024637 -440.219 1593.41 81.7496 91.1171 6857.25 5604.46 145005000.0
615 -0.00145 0.000243046 -446.132 1591.61 80.5557 90.483 7332.94 6080.36 143689000.0
614 -0.00135 0.000239574 -452.474 1589.59 79.3037 89.8044 7835.86 6602.28 142316000.0
613 -0.00125 0.000235994 -459.214 1587.37 78.0096 89.0839 8362.5 7153.71 140883000.0
612 -0.00115 0.000232294 -466.393 1584.72 76.6582 88.3166 8909.66 7747.8 139389000.0
611 -0.00105 0.000228469 -474.051 1581.75 75.255 87.4985 9482.55 8387.99 137839000.0
610 -0.00095 0.000224558 -482.152 1578.37 73.8084 86.6365 10074.0 9067.59 136241000.0
609 -0.00085 0.000220535 -490.776 1574.57 72.3119 85.7173 10690.0 9798.74 134589000.0
608 -0.00075 0.000216437 -499.883 1570.32 70.7767 84.7487 11324.0 10569.2 132895000.0
607 -0.00065 0.000212253 -509.543 1565.56 69.1978 83.7226 11979.5 11390.5 131161000.0
606 -0.00055 0.000208002 -519.747 1560.25 67.5821 82.6404 12650.7 12258.0 129389000.0
605 -0.00045 0.000203712 -530.465 1554.31 65.9361 81.5033 13333.3 13164.9 127588000.0
604 -0.00035 0.000199381 -541.746 1547.6 64.2557 80.3088 14023.3 14114.3 125757000.0
603 -0.00025 0.000195029 -553.583 1540.18 62.552 79.0574 14721.9 15103.6 123917000.0
602 -0.00015 0.000190649 -566.024 1531.9 60.8184 77.7432 15424.0 16135.4 122062000.0
601 -5e-05 0.000186235 -579.15 1522.67 59.0524 76.3579 16131.3 17218.2 120202000.0
600 5e-05 0.000181835 -593.148 1512.21 57.261 74.8513 16837.4 18342.6 118291000.0
599 0.00015 0.000177645 -607.397 1500.23 55.4984 73.2883 17481.8 19397.7 116322000.0
598 0.00025 0.000173599 -621.812 1487.28 53.7662 71.707 18083.4 20403.7 114359000.0
597 0.00035 0.000169666 -636.473 1473.4 52.0578 70.1004 18647.2 21371.5 112412000.0
596 0.00045 0.000165843 -651.396 1458.43 50.3676 68.4654 19169.0 22302.8 110474000.0
595 0.00055 0.000162136 -666.524 1442.52 48.7047 66.807 19647.6 23185.8 108550000.0
594 0.00065 0.000158547 -681.843 1425.55 47.0664 65.1298 20078.4 24017.9 106640000.0
593 0.00075 0.000155083 -697.298 1407.63 45.4593 63.4373 20459.4 24788.7 104743000.0
592 0.00085 0.000151739 -712.897 1388.79 43.8836 61.7304 20792.1 25498.6 102860000.0
591 0.00095 0.000148523 -728.536 1368.9 42.3386 60.0173 21064.4 26134.4 100975000.0
590 0.00105 0.000145421 -744.283 1348.15 40.8258 58.2952 21286.9 26705.8 99105600.0
589 0.00115 0.000142464 -759.935 1326.61 39.3568 56.5825 21450.9 27190.4 97236600.0
588 0.00125 0.000139618 -775.624 1304.23 37.9195 54.8662 21561.1 27603.8 95370400.0
587 0.00135 0.000136893 -791.247 1281.15 36.5218 53.1578 21617.3 27936.9 93504000.0
586 0.00145 0.000134306 -806.675 1257.39 35.1671 51.4707 21613.2 28181.3 91625000.0
585 0.00155 0.000131837 -821.956 1233.12 33.8541 49.7988 21559.3 28345.7 89744000.0
584 0.00165 0.000129476 -837.104 1208.27 32.5779 48.1425 21452.6 28432.2 87850000.0
583 0.00175 0.000127237 -852.005 1183.08 31.3471 46.5137 21298.7 28440.1 85950900.0
582 0.00185 0.000125119 -866.585 1157.63 30.1622 44.9188 21096.5 28366.6 84034100.0
581 0.00195 0.000123102 -880.93 1131.84 29.0148 43.3508 20849.8 28223.8 82105900.0
580 0.00205 0.000121183 -895.027 1105.93 27.9088 41.8096 20566.1 28013.0 80167100.0
579 0.00215 0.000119372 -908.741 1080.04 26.8478 40.3095 20245.1 27736.2 78219200.0
578 0.00225 0.000117663 -922.08 1054.21 25.8308 38.8521 19892.2 27400.0 76263900.0
577 0.00235 0.000116039 -935.111 1028.32 24.8486 37.427 19506.1 27008.9 74292700.0
576 0.00245 0.00011451 -947.726 1002.77 23.9118 36.0477 19097.2 26567.8 72322100.0
575 0.00255 0.00011306 -959.987 977.324 23.01 34.7069 18662.7 26083.4 70343400.0
574 0.00265 0.000111689 -971.889 952.203 22.1466 33.4051 18210.5 25558.3 68365400.0
573 0.00275 0.0001104 -983.342 927.451 21.3222 32.1535 17741.7 25001.2 66391600.0
572 0.00285 0.000109187 -994.369 903.227 20.537 30.9476 17262.9 24414.8 64428200.0
571 0.00295 0.000108039 -1005.02 879.376 19.7846 29.7824 16772.1 23804.7 62472500.0
570 0.00305 0.00010695 -1015.36 855.916 19.0626 28.6527 16273.2 23173.2 60526700.0
569 0.00315 0.000105928 -1025.25 833.076 18.3766 27.5706 15772.2 22528.0 58604300.0
568 0.00325 0.00010496 -1034.77 810.769 17.7212 26.5288 15268.0 21870.6 56698500.0
567 0.00335 0.000104046 -1043.94 789.019 17.0956 25.5263 14764.1 21205.3 54817800.0
566 0.00345 0.000103188 -1052.72 767.815 16.499 24.5672 14260.2 20537.4 52960800.0
565 0.00355 0.00010237 -1061.2 747.141 15.9273 23.6389 13758.6 19863.8 51128100.0
564 0.00365 0.000101609 -1069.21 727.369 15.3907 22.7627 13269.7 19198.0 49346000.0
563 0.00375 0.00010089 -1076.9 708.161 14.8782 21.9218 12785.4 18535.1 47591700.0
562 0.00385 0.000100212 -1084.26 689.571 14.3902 21.1172 12309.2 17879.0 45875900.0
561 0.00395 9.95696e-05 -1091.3 671.616 13.9257 20.3461 11841.7 17229.1 44196100.0
560 0.00405 9.89614e-05 -1098.08 654.096 13.4796 19.6054 11379.4 16588.8 42549500.0
559 0.00415 9.83876e-05 -1104.52 637.309 13.0575 18.9003 10930.1 15961.1 40949000.0
558 0.00425 9.78499e-05 -1110.64 621.191 12.6577 18.2302 10493.1 15347.1 39392300.0
557 0.00435 9.73436e-05 -1116.48 605.76 12.2794 17.592 10070.7 14748.3 37886800.0
556 0.00445 9.6867e-05 -1122.02 590.988 11.9213 16.9859 9661.89 14166.3 36429400.0
555 0.00455 9.64143e-05 -1127.33 576.704 11.5788 16.4046 9262.7 13596.9 35009000.0
554 0.00465 9.59878e-05 -1132.38 562.986 11.2534 15.8525 8875.65 13045.6 33635100.0
553 0.00475 9.55843e-05 -1137.21 549.792 10.9435 15.3237 8500.0 12507.0 32299100.0
552 0.00485 9.52044e-05 -1141.78 537.232 10.651 14.8241 8140.05 11989.7 31019400.0
551 0.00495 9.48473e-05 -1146.11 525.196 10.3733 14.349 7791.81 11488.1 29778200.0
550 0.00505 9.45073e-05 -1150.27 513.621 10.1083 13.8939 7455.3 11001.9 28580000.0
549 0.00515 9.41859e-05 -1154.23 502.556 9.8569 13.4608 7131.38 10532.8 27427400.0
548 0.00525 9.38812e-05 -1158.0 491.934 9.61735 13.0477 6818.56 10079.5 26313500.0
547 0.00535 9.35978e-05 -1161.55 481.907 9.39288 12.6599 6521.29 9646.33 25249500.0
546 0.00545 9.33276e-05 -1164.93 472.278 9.17862 12.2896 6234.76 9228.82 24225000.0
545 0.00555 9.30699e-05 -1168.19 462.994 8.97335 11.9324 5956.83 8822.32 23231000.0
544 0.00565 9.28306e-05 -1171.23 454.293 8.78206 11.6007 5695.36 8439.02 22291300.0
543 0.00575 9.26038e-05 -1174.13 445.921 8.59918 11.2828 5442.28 8068.11 21381700.0
542 0.00585 9.23875e-05 -1176.89 437.938 8.42549 10.9806 5200.16 7712.63 20512200.0
541 0.00595 9.21803e-05 -1179.56 430.174 8.25757 10.6878 4963.87 7366.51 19665100.0
540 0.00605 9.1988e-05 -1182.05 422.919 8.10136 10.4153 4742.32 7040.24 18866700.0
539 0.00615 9.18052e-05 -1184.42 416.008 7.95313 10.156 4530.26 6726.89 18100400.0
538 0.00625 9.16298e-05 -1186.71 409.293 7.80981 9.90571 4324.05 6423.63 17358100.0
537 0.00635 9.1465e-05 -1188.87 402.912 7.67424 9.66944 4127.0 6134.71 16648200.0
536 0.00645 9.13106e-05 -1190.89 396.924 7.54743 9.44755 3941.74 5860.48 15976000.0
535 0.00655 9.11648e-05 -1192.82 391.204 7.42677 9.23683 3763.94 5598.07 15331000.0
534 0.00665 9.1024e-05 -1194.67 385.675 7.3105 9.03405 3592.1 5345.29 14709700.0
533 0.00675 9.08933e-05 -1196.42 380.463 7.20134 8.84261 3429.49 5104.33 14118400.0
532 0.00685 9.07663e-05 -1198.1 375.466 7.09684 8.65847 3273.34 4872.68 13551700.0
531 0.00695 9.06463e-05 -1199.69 370.698 6.99745 8.48393 3124.04 4651.22 13008300.0
530 0.00705 9.05344e-05 -1201.18 366.24 6.90477 8.32073 2984.08 4442.68 12496700.0
529 0.00715 9.04281e-05 -1202.61 361.933 6.81556 8.16429 2848.83 4242.07 12003400.0
528 0.00725 9.03264e-05 -1203.98 357.8 6.73015 8.01389 2718.55 4048.41 11528000.0
527 0.00735 9.02316e-05 -1205.26 353.924 6.65025 7.8743 2596.14 3867.13 11079700.0
526 0.00745 9.014e-05 -1206.49 350.192 6.57345 7.73981 2478.16 3692.47 10648400.0
525 0.00755 9.00535e-05 -1207.66 346.629 6.50034 7.61096 2365.32 3524.44 10235200.0
524 0.00765 8.99714e-05 -1208.78 343.243 6.43096 7.48921 2257.91 3364.96 9841330.0
523 0.00775 8.9893e-05 -1209.84 339.985 6.36437 7.37241 2154.58 3211.95 9463690.0
522 0.00785 8.98171e-05 -1210.86 336.878 6.30089 7.2605 2055.77 3064.92 9101500.0
521 0.00795 8.9747e-05 -1211.82 333.949 6.24124 7.15574 1962.47 2926.44 8758690.0
520 0.00805 8.96818e-05 -1212.71 331.205 6.18544 7.05772 1874.87 2795.49 8434540.0
519 0.00815 8.96184e-05 -1213.58 328.552 6.13157 6.96291 1790.43 2669.38 8123140.0
518 0.00825 8.95572e-05 -1214.42 325.983 6.07947 6.87112 1708.19 2547.02 7820830.0
517 0.00835 8.95004e-05 -1215.2 323.581 6.03083 6.78562 1631.48 2432.52 7537270.0
516 0.00845 8.94453e-05 -1215.95 321.263 5.98395 6.70321 1557.19 2322.07 7263440.0
515 0.00855 8.93926e-05 -1216.66 319.056 5.93934 6.62491 1486.54 2216.94 7002560.0
514 0.00865 8.93447e-05 -1217.34 316.984 5.89761 6.55118 1420.21 2117.59 6756930.0
513 0.00875 8.92966e-05 -1217.99 314.968 5.85694 6.47932 1355.45 2021.01 6517880.0
512 0.00885 8.92515e-05 -1218.61 313.069 5.81869 6.41184 1294.38 1929.48 6291180.0
511 0.00895 8.92094e-05 -1219.18 311.26 5.78234 6.34833 1236.27 1843.33 6075640.0
510 0.00905 8.91704e-05 -1219.74 309.533 5.74775 6.28791 1180.81 1761.23 5870680.0
509 0.00915 8.91321e-05 -1220.25 307.939 5.71568 6.2313 1129.27 1683.39 5677060.0
508 0.00925 8.90955e-05 -1220.77 306.346 5.68378 6.1751 1078.16 1607.35 5488480.0
507 0.00935 8.90599e-05 -1221.25 304.854 5.65385 6.12226 1030.05 1535.14 5308980.0
506 0.00945 8.90275e-05 -1221.7 303.432 5.62542 6.07264 984.128 1466.9 5137970.0
505 0.00955 8.89965e-05 -1222.14 302.06 5.59803 6.02472 939.71 1400.86 4972580.0
504 0.00965 8.89661e-05 -1222.55 300.771 5.57226 5.97934 898.244 1338.74 4817680.0
503 0.00975 8.89385e-05 -1222.94 299.56 5.54809 5.9374 859.135 1280.65 4671360.0
502 0.00985 8.89104e-05 -1223.33 298.344 5.52382 5.89455 819.749 1221.93 4524960.0
501 0.00995 8.88835e-05 -1223.7 297.188 5.50076 5.85399 782.488 1166.55 4386840.0
500 0.01005 8.88601e-05 -1224.03 296.143 5.47997 5.81742 748.556 1115.56 4259210.0
499 0.01015 8.88366e-05 -1224.36 295.127 5.45972 5.78217 715.84 1066.93 4136870.0
498 0.01025 8.88141e-05 -1224.68 294.123 5.43976 5.74651 683.245 1017.84 4015420.0
497 0.01035 8.87925e-05 -1224.96 293.22 5.42175 5.71513 653.97 974.05 3904910.0
496 0.01045 8.87723e-05 -1225.25 292.337 5.40419 5.68415 625.459 931.271 3798030.0
495 0.01055 8.87536e-05 -1225.51 291.495 5.38749 5.65543 597.99 890.827 3695130.0
494 0.01065 8.87349e-05 -1225.77 290.685 5.37139 5.62733 571.823 851.714 3596530.0
493 0.01075 8.87181e-05 -1226.02 289.893 5.35575 5.59994 546.181 813.665 3500930.0
492 0.01085 8.87004e-05 -1226.25 289.152 5.34099 5.57395 522.033 777.367 3409870.0
491 0.01095 8.86854e-05 -1226.46 288.492 5.3279 5.55107 500.705 745.231 3328770.0
490 0.01105 8.8671e-05 -1226.67 287.833 5.31485 5.52847 479.178 713.261 3247310.0
489 0.01115 8.86548e-05 -1226.88 287.161 5.30149 5.50517 457.437 681.044 3166470.0
488 0.01125 8.86426e-05 -1227.07 286.568 5.28981 5.48475 438.203 652.215 3093430.0
487 0.01135 8.86288e-05 -1227.26 285.961 5.27778 5.46379 418.397 622.992 3019540.0
486 0.01145 8.86158e-05 -1227.43 285.409 5.26681 5.44452 400.56 596.138 2952140.0
485 0.01155 8.86036e-05 -1227.61 284.866 5.25608 5.42551 382.764 569.362 2884990.0
484 0.01165 8.85923e-05 -1227.77 284.354 5.24597 5.40804 366.263 544.954 2823140.0
483 0.01175 8.85809e-05 -1227.93 283.84 5.23581 5.39041 349.463 520.211 2760440.0
482 0.01185 8.85707e-05 -1228.07 283.4 5.22708 5.37522 335.197 498.773 2706190.0
481 0.01195 8.85613e-05 -1228.2 282.968 5.21857 5.36019 321.097 477.258 2651990.0
480 0.01205 8.85516e-05 -1228.33 282.566 5.21058 5.34633 308.058 457.705 2602360.0
479 0.01215 8.85428e-05 -1228.46 282.148 5.20236 5.33222 294.471 437.783 2551280.0
478 0.01225 8.85338e-05 -1228.59 281.739 5.19429 5.31789 281.105 417.785 2501290.0
477 0.01235 8.85251e-05 -1228.71 281.37 5.18698 5.3051 269.172 399.954 2456310.0
476 0.01245 8.85166e-05 -1228.82 281.013 5.17989 5.29285 257.561 382.782 2412380.0
475 0.01255 8.85094e-05 -1228.93 280.645 5.17269 5.28009 245.543 364.937 2367780.0
474 0.01265 8.85009e-05 -1229.04 280.324 5.16628 5.26892 235.039 349.21 2327770.0
473 0.01275 8.84954e-05 -1229.13 280.025 5.16044 5.25884 225.302 334.732 2290610.0
472 0.01285 8.84879e-05 -1229.22 279.733 5.15463 5.24881 215.905 320.62 2254720.0
471 0.01295 8.84817e-05 -1229.31 279.438 5.14883 5.23852 206.221 306.196 2218490.0
470 0.01305 8.84754e-05 -1229.4 279.17 5.14354 5.22938 197.422 293.126 2185150.0
469 0.01315 8.84708e-05 -1229.47 278.916 5.13858 5.22089 189.269 281.099 2154130.0
468 0.01325 8.84649e-05 -1229.55 278.675 5.13379 5.21272 181.222 269.287 2123530.0
467 0.01335 8.84601e-05 -1229.62 278.454 5.12945 5.20531 174.139 258.731 2096340.0
466 0.01345 8.84557e-05 -1229.69 278.234 5.12514 5.19785 166.922 248.024 2068600.0
465 0.01355 8.84505e-05 -1229.76 278.008 5.12068 5.19007 159.554 237.111 2040960.0
464 0.01365 8.84456e-05 -1229.82 277.807 5.11668 5.18327 153.008 227.367 2015760.0
463 0.01375 8.84416e-05 -1229.87 277.609 5.1128 5.17664 146.524 217.856 1991130.0
462 0.01385 8.84374e-05 -1229.93 277.426 5.10921 5.17047 140.562 208.897 1968270.0
461 0.01395 8.84336e-05 -1229.99 277.237 5.1055 5.16377 134.406 199.542 1945200.0
460 0.01405 8.84291e-05 -1230.04 277.077 5.1023 5.15815 129.194 191.566 1924800.0
459 0.01415 8.8426e-05 -1230.1 276.898 5.09882 5.15232 123.382 183.236 1903020.0
458 0.01425 8.84224e-05 -1230.15 276.74 5.09569 5.14691 118.193 175.542 1883440.0
457 0.01435 8.84185e-05 -1230.2 276.587 5.09265 5.14148 113.184 168.0 1864170.0
456 0.01445 8.84149e-05 -1230.25 276.433 5.08961 5.13618 108.158 160.516 1845440.0
455 0.01455 8.8412e-05 -1230.28 276.307 5.08712 5.13185 104.048 154.17 1829200.0
454 0.01465 8.84101e-05 -1230.33 276.181 5.0847 5.12746 100.006 147.844 1813360.0
453 0.01475 8.84068e-05 -1230.36 276.053 5.08216 5.1234 95.7842 141.947 1797680.0
452 0.01485 8.84038e-05 -1230.4 275.921 5.07954 5.11893 91.4665 135.616 1781330.0
451 0.01495 8.84011e-05 -1230.44 275.797 5.07712 5.11488 87.4301 129.906 1766140.0
450 0.01505 8.83994e-05 -1230.47 275.688 5.075 5.11121 83.8547 124.438 1752370.0
449 0.01515 8.83963e-05 -1230.5 275.59 5.07303 5.10777 80.7361 119.705 1740170.0
448 0.01525 8.83941e-05 -1230.54 275.482 5.07091 5.10405 77.1083 114.344 1726300.0
447 0.01535 8.83917e-05 -1230.57 275.378 5.06885 5.10058 73.7379 109.503 1713570.0
446 0.01545 8.83901e-05 -1230.6 275.29 5.06716 5.09753 70.8914 105.068 1702600.0
445 0.01555 8.83876e-05 -1230.63 275.199 5.06532 5.09438 67.9007 100.721 1691140.0
444 0.01565 8.83864e-05 -1230.65 275.118 5.06378 5.0917 65.2084 96.6837 1680860.0
443 0.01575 8.8384e-05 -1230.68 275.031 5.06204 5.08863 62.4859 92.3638 1670090.0
442 0.01585 8.83827e-05 -1230.7 274.959 5.06063 5.08623 59.9686 88.7383 1660560.0
441 0.01595 8.83804e-05 -1230.73 274.88 5.05906 5.08357 57.5282 85.1128 1651270.0
440 0.01605 8.83795e-05 -1230.75 274.8 5.05753 5.08098 54.9361 81.3379 1641340.0
439 0.01615 8.83777e-05 -1230.77 274.736 5.05624 5.07866 52.7147 78.0768 1632830.0
438 0.01625 8.83759e-05 -1230.8 274.661 5.05477 5.07617 50.4094 74.6301 1624000.0
437 0.01635 8.83747e-05 -1230.81 274.599 5.05356 5.07398 48.3127 71.4136 1615950.0
436 0.01645 8.83732e-05 -1230.83 274.544 5.05246 5.07214 46.5237 68.7471 1608840.0
435 0.01655 8.83718e-05 -1230.85 274.482 5.05124 5.06995 44.4623 65.703 1601010.0
434 0.01665 8.83709e-05 -1230.87 274.42 5.05003 5.06794 42.4336 62.8647 1593450.0
433 0.01675 8.83691e-05 -1230.88 274.371 5.04903 5.0663 40.897 60.5302 1587250.0
432 0.01685 8.8369e-05 -1230.9 274.328 5.04824 5.06488 39.426 58.2828 1581480.0
431 0.01695 8.83673e-05 -1230.92 274.27 5.04708 5.06279 37.5626 55.5922 1574440.0
430 0.01705 8.83653e-05 -1230.93 274.224 5.04612 5.06121 36.121 53.4892 1568850.0
429 0.01715 8.83653e-05 -1230.94 274.181 5.04531 5.0598 34.5928 51.2452 1563010.0
428 0.01725 8.83644e-05 -1230.96 274.134 5.04441 5.0582 33.0613 48.9787 1557240.0
427 0.01735 8.83628e-05 -1230.97 274.098 5.04365 5.05696 31.9064 47.1954 1552470.0
426 0.01745 8.83626e-05 -1230.98 274.052 5.04278 5.05546 30.4055 45.0396 1546950.0
425 0.01755 8.8361e-05 -1230.99 274.014 5.04199 5.05423 29.2156 43.3611 1542300.0
424 0.01765 8.8361e-05 -1231.01 273.978 5.04133 5.05299 28.0202 41.4501 1537800.0
423 0.01775 8.83604e-05 -1231.02 273.945 5.0407 5.05181 26.8737 39.7431 1533210.0
422 0.01785 8.83592e-05 -1231.02 273.913 5.04005 5.05091 25.976 38.4302 1529570.0
421 0.01795 8.83584e-05 -1231.04 273.88 5.03939 5.04983 24.793 36.7417 1525210.0
420 0.01805 8.83581e-05 -1231.04 273.847 5.03877 5.04881 23.8 35.3274 1521290.0
419 0.01815 8.83574e-05 -1231.05 273.824 5.03831 5.04802 22.9588 34.055 1517920.0
418 0.01825 8.83568e-05 -1231.06 273.799 5.0378 5.04717 22.1548 32.845 1514730.0
417 0.01835 8.83558e-05 -1231.07 273.768 5.03718 5.04624 21.1676 31.426 1511150.0
416 0.01845 8.83564e-05 -1231.07 273.743 5.03674 5.04545 20.3234 30.1925 1507840.0
415 0.01855 8.83555e-05 -1231.09 273.713 5.03615 5.04448 19.3931 28.905 1504480.0
414 0.01865 8.83545e-05 -1231.09 273.685 5.03558 5.04339 18.4738 27.5213 1500850.0
413 0.01875 8.83538e-05 -1231.1 273.663 5.03514 5.04273 17.7702 26.4714 1498240.0
412 0.01885 8.83531e-05 -1231.11 273.64 5.03468 5.0419 17.0452 25.3468 1495520.0
411 0.01895 8.83532e-05 -1231.12 273.623 5.03437 5.04124 16.4622 24.4471 1493050.0
410 0.01905 8.8353e-05 -1231.12 273.609 5.03409 5.04083 15.921 23.6035 1490890.0
409 0.01915 8.83515e-05 -1231.13 273.587 5.0336 5.04001 15.3137 22.7181 1488560.0
408 0.01925 8.83521e-05 -1231.13 273.57 5.03333 5.03959 14.7077 21.8149 1486300.0
407 0.01935 8.83515e-05 -1231.14 273.556 5.03303 5.03899 14.1947 20.9945 1484220.0
406 0.01945 8.83506e-05 -1231.14 273.536 5.03261 5.0383 13.6088 20.1659 1481970.0
405 0.01955 8.8351e-05 -1231.15 273.515 5.03225 5.03766 12.9565 19.2357 1479550.0
404 0.01965 8.83501e-05 -1231.15 273.508 5.03207 5.03741 12.7079 18.8462 1478290.0
403 0.01975 8.83503e-05 -1231.16 273.489 5.03173 5.03673 12.086 17.9337 1476150.0
402 0.01985 8.83492e-05 -1231.16 273.471 5.03134 5.03612 11.4587 17.0481 1473750.0
401 0.01995 8.83495e-05 -1231.17 273.457 5.03111 5.0356 11.0618 16.4434 1472220.0
400 0.02005 8.83485e-05 -1231.17 273.45 5.0309 5.03523 10.7692 15.914 1470810.0
399 0.02015 8.83493e-05 -1231.17 273.441 5.0308 5.03499 10.4831 15.4238 1469640.0
398 0.02025 8.83488e-05 -1231.18 273.422 5.03041 5.03446 9.89974 14.7081 1467580.0
397 0.02035 8.83481e-05 -1231.18 273.412 5.03018 5.03411 9.53761 14.1632 1466110.0
396 0.02045 8.83482e-05 -1231.18 273.4 5.02998 5.03378 9.15636 13.539 1464640.0
395 0.02055 8.83477e-05 -1231.19 273.388 5.02973 5.03339 8.74864 13.0187 1463120.0
394 0.02065 8.83482e-05 -1231.19 273.377 5.02955 5.0331 8.48036 12.5639 1462020.0
393 0.02075 8.83475e-05 -1231.19 273.372 5.02941 5.03285 8.2509 12.2189 1460970.0
392 0.02085 8.83477e-05 -1231.19 273.364 5.02928 5.03266 7.94347 11.8271 1459870.0
391 0.02095 8.83474e-05 -1231.2 273.352 5.02904 5.03214 7.5772 11.2578 1458420.0
390 0.02105 8.83467e-05 -1231.2 273.343 5.02885 5.03188 7.30527 10.8581 1457370.0
389 0.02115 8.83464e-05 -1231.2 273.333 5.02865 5.03157 7.02069 10.4402 1456230.0
388 0.02125 8.83472e-05 -1231.21 273.331 5.02865 5.03139 6.87159 10.1399 1455440.0
387 0.02135 8.83463e-05 -1231.21 273.315 5.0283 5.03087 6.40054 9.51471 1453830.0
386 0.02145 8.83465e-05 -1231.21 273.311 5.02824 5.03057 6.25745 9.23632 1453070.0
385 0.02155 8.83459e-05 -1231.21 273.3 5.02801 5.03018 5.96078 8.73604 1451880.0
384 0.02165 8.83456e-05 -1231.22 273.296 5.02792 5.03007 5.74647 8.45489 1451180.0
383 0.02175 8.83458e-05 -1231.22 273.289 5.02779 5.02982 5.51539 8.13131 1450290.0
382 0.02185 8.83459e-05 -1231.22 273.283 5.02769 5.02963 5.35513 7.84249 1449540.0
381 0.02195 8.8345e-05 -1231.22 273.277 5.02752 5.02939 5.17797 7.60651 1448810.0
380 0.02205 8.83457e-05 -1231.22 273.275 5.02754 5.0294 5.03856 7.38985 1448290.0
379 0.02215 8.83456e-05 -1231.22 273.27 5.02743 5.02935 4.9388 7.24535 1447770.0
378 0.02225 8.83455e-05 -1231.22 273.262 5.02729 5.02911 4.6792 6.90326 1446870.0
377 0.02235 8.8344e-05 -1231.23 273.255 5.02707 5.02878 4.42922 6.52553 1445920.0
376 0.02245 8.83456e-05 -1231.23 273.249 5.02706 5.02869 4.28293 6.28396 1445340.0
375 0.02255 8.83444e-05 -1231.23 273.246 5.02693 5.02842 4.11749 6.01599 1444640.0
374 0.02265 8.83452e-05 -1231.23 273.242 5.0269 5.02843 4.00152 5.86655 1444200.0
373 0.02275 8.83443e-05 -1231.23 273.239 5.02679 5.0282 3.90933 5.73229 1443650.0
372 0.02285 8.83442e-05 -1231.23 273.233 5.02668 5.02806 3.7294 5.51985 1443000.0
371 0.02295 8.83443e-05 -1231.23 273.229 5.0266 5.02804 3.56201 5.32751 1442450.0
370 0.02305 8.83445e-05 -1231.24 273.225 5.02654 5.02799 3.44114 5.11134 1442060.0
369 0.02315 8.83442e-05 -1231.24 273.222 5.02647 5.02793 3.3408 4.96654 1441620.0
368 0.02325 8.83439e-05 -1231.24 273.218 5.02638 5.02772 3.18584 4.74332 1441040.0
367 0.02335 8.83438e-05 -1231.24 273.219 5.02639 5.02778 3.13965 4.6739 1440810.0
366 0.02345 8.83439e-05 -1231.24 273.211 5.02625 5.02766 2.99238 4.48605 1440220.0
365 0.02355 8.83435e-05 -1231.24 273.208 5.02618 5.02745 2.89195 4.33107 1439840.0
364 0.02365 8.83439e-05 -1231.24 273.206 5.02617 5.02741 2.77946 4.13663 1439440.0
363 0.02375 8.83433e-05 -1231.24 273.201 5.02603 5.02717 2.68066 3.98478 1438990.0
362 0.02385 8.83433e-05 -1231.24 273.201 5.02604 5.02721 2.5707 3.82801 1438640.0
361 0.02395 8.83437e-05 -1231.25 273.197 5.02599 5.02715 2.46261 3.71885 1438230.0
360 0.02405 8.8343e-05 -1231.24 273.194 5.0259 5.02694 2.39329 3.58423 1437830.0
359 0.02415 8.83436e-05 -1231.25 273.189 5.02584 5.02683 2.27307 3.33936 1437490.0
358 0.02425 8.83431e-05 -1231.25 273.188 5.02579 5.02679 2.21258 3.25854 1437270.0
357 0.02435 8.83429e-05 -1231.25 273.189 5.02579 5.02684 2.20005 3.23518 1437160.0
356 0.02445 8.83429e-05 -1231.25 273.185 5.02571 5.02661 2.13421 3.09077 1436810.0
355 0.02455 8.83428e-05 -1231.25 273.18 5.02562 5.02643 1.98946 2.84819 1436400.0
354 0.02465 8.83424e-05 -1231.25 273.177 5.02555 5.02632 1.86393 2.68645 1436030.0
353 0.02475 8.83423e-05 -1231.25 273.175 5.02551 5.02623 1.78987 2.58906 1435710.0
352 0.02485 8.83422e-05 -1231.25 273.171 5.02542 5.02606 1.69123 2.43478 1435320.0
351 0.02495 8.83429e-05 -1231.25 273.17 5.02544 5.02607 1.60142 2.31275 1435070.0
350 0.02505 8.83422e-05 -1231.25 273.168 5.02538 5.02608 1.58672 2.29417 1434960.0
349 0.02515 8.83427e-05 -1231.26 273.167 5.02538 5.02601 1.55605 2.28851 1434690.0
348 0.02525 8.83424e-05 -1231.26 273.164 5.02531 5.02595 1.45471 2.15279 1434470.0
347 0.02535 8.83413e-05 -1231.25 273.166 5.02529 5.02595 1.44367 2.08652 1434390.0
346 0.02545 8.83435e-05 -1231.26 273.163 5.02534 5.02602 1.36926 2.03632 1434120.0
345 0.02555 8.83422e-05 -1231.25 273.162 5.02526 5.02601 1.34791 2.03239 1434000.0
344 0.02565 8.83418e-05 -1231.26 273.159 5.02517 5.02587 1.27172 1.90448 1433710.0
343 0.02575 8.83422e-05 -1231.25 273.162 5.02526 5.02601 1.31338 1.95015 1433780.0
342 0.02585 8.83427e-05 -1231.25 273.163 5.02531 5.0261 1.30164 1.93627 1433660.0
341 0.02595 8.83422e-05 -1231.26 273.157 5.02517 5.02585 1.1475 1.73753 1433130.0
340 0.02605 8.83421e-05 -1231.26 273.154 5.0251 5.02573 1.12321 1.7125 1432960.0
339 0.02615 8.83412e-05 -1231.26 273.156 5.0251 5.02572 1.10828 1.68516 1432940.0
338 0.02625 8.83421e-05 -1231.26 273.153 5.02509 5.02564 1.06678 1.59622 1432750.0
337 0.02635 8.83423e-05 -1231.26 273.152 5.02508 5.02559 1.02262 1.50555 1432630.0
336 0.02645 8.83419e-05 -1231.26 273.151 5.02503 5.02544 0.954584 1.40106 1432390.0
335 0.02655 8.83414e-05 -1231.26 273.149 5.02497 5.02529 0.935443 1.39871 1432230.0
334 0.02665 8.83419e-05 -1231.26 273.145 5.02493 5.02515 0.840361 1.24519 1431940.0
333 0.02675 8.83413e-05 -1231.26 273.143 5.02486 5.02505 0.770296 1.09904 1431710.0
332 0.02685 8.83415e-05 -1231.26 273.145 5.02491 5.02516 0.788311 1.16364 1431760.0
331 0.02695 8.83423e-05 -1231.26 273.144 5.02493 5.02521 0.782739 1.1923 1431770.0
330 0.02705 8.83418e-05 -1231.26 273.143 5.02488 5.02513 0.719698 1.13508 1431540.0
329 0.02715 8.8341e-05 -1231.26 273.142 5.02481 5.02509 0.694964 1.13692 1431460.0
328 0.02725 8.83427e-05 -1231.26 273.143 5.02494 5.02512 0.659328 1.08769 1431370.0
327 0.02735 8.83412e-05 -1231.27 273.14 5.02479 5.02497 0.673468 1.07295 1431270.0
326 0.02745 8.83417e-05 -1231.27 273.139 5.02481 5.02492 0.592022 0.948973 1431110.0
325 0.02755 8.83414e-05 -1231.27 273.138 5.02476 5.02488 0.567372 0.911017 1431030.0
324 0.02765 8.83419e-05 -1231.27 273.14 5.02484 5.02497 0.566541 0.920849 1431040.0
323 0.02775 8.83411e-05 -1231.27 273.137 5.02474 5.02487 0.559069 0.897573 1430890.0
322 0.02785 8.83414e-05 -1231.26 273.135 5.02472 5.02485 0.51129 0.864606 1430790.0
321 0.02795 8.83412e-05 -1231.27 273.139 5.02477 5.02485 0.549941 0.880755 1430800.0
320 0.02805 8.8342e-05 -1231.27 273.134 5.02474 5.02479 0.448828 0.700207 1430560.0
319 0.02815 8.83413e-05 -1231.27 273.136 5.02473 5.02474 0.429409 0.657581 1430450.0
318 0.02825 8.83416e-05 -1231.27 273.133 5.02468 5.0247 0.370849 0.542584 1430320.0
317 0.02835 8.83418e-05 -1231.27 273.133 5.02471 5.02468 0.339995 0.490083 1430330.0
316 0.02845 8.83408e-05 -1231.27 273.13 5.02458 5.02451 0.366536 0.512207 1430220.0
315 0.02855 8.83411e-05 -1231.27 273.132 5.02464 5.02456 0.288784 0.394746 1430130.0
314 0.02865 8.83416e-05 -1231.27 273.131 5.02466 5.02454 0.363873 0.517299 1430160.0
313 0.02875 8.83418e-05 -1231.27 273.133 5.0247 5.02459 0.350897 0.517713 1430130.0
312 0.02885 8.83414e-05 -1231.27 273.132 5.02466 5.02456 0.349672 0.519777 1430090.0
311 0.02895 8.83415e-05 -1231.27 273.133 5.02469 5.02463 0.383421 0.55029 1430090.0
310 0.02905 8.8342e-05 -1231.27 273.133 5.0247 5.0247 0.432811 0.623972 1430100.0
309 0.02915 8.83423e-05 -1231.27 273.131 5.02468 5.02466 0.394794 0.594752 1430050.0
308 0.02925 8.83409e-05 -1231.27 273.134 5.02467 5.02465 0.415444 0.635031 1430070.0
307 0.02935 8.83416e-05 -1231.27 273.132 5.02468 5.02459 0.382304 0.562673 1429980.0
306 0.02945 8.83414e-05 -1231.27 273.132 5.02466 5.02463 0.399079 0.619676 1429970.0
305 0.02955 8.83418e-05 -1231.27 273.132 5.02469 5.02468 0.39393 0.619351 1429940.0
304 0.02965 8.83415e-05 -1231.27 273.135 5.02473 5.02471 0.387561 0.601767 1429960.0
303 0.02975 8.83418e-05 -1231.27 273.131 5.02466 5.0247 0.416309 0.635669 1429920.0
302 0.02985 8.83414e-05 -1231.27 273.134 5.02469 5.02463 0.396076 0.580898 1429920.0
301 0.02995 8.83419e-05 -1231.27 273.133 5.0247 5.02468 0.416103 0.621513 1429860.0
300 0.03005 8.83412e-05 -1231.27 273.134 5.02469 5.02482 0.420752 0.680888 1429980.0
299 0.03015 8.8342e-05 -1231.27 273.132 5.02469 5.02475 0.373505 0.58813 1429870.0
298 0.03025 8.83421e-05 -1231.27 273.133 5.02471 5.02471 0.377758 0.598307 1429790.0
297 0.03035 8.83423e-05 -1231.27 273.13 5.02468 5.02465 0.297636 0.488513 1429660.0
296 0.03045 8.83411e-05 -1231.27 273.129 5.02459 5.02458 0.268977 0.43706 1429530.0
295 0.03055 8.83425e-05 -1231.27 273.128 5.02465 5.02462 0.318803 0.520267 1429590.0
294 0.03065 8.83419e-05 -1231.27 273.129 5.02463 5.02468 0.303233 0.516499 1429640.0
293 0.03075 8.83415e-05 -1231.27 273.129 5.02461 5.0246 0.304334 0.515128 1429530.0
292 0.03085 8.83417e-05 -1231.27 273.129 5.02463 5.02468 0.296145 0.567119 1429570.0
291 0.03095 8.83412e-05 -1231.27 273.128 5.02457 5.02455 0.270345 0.535181 1429470.0
290 0.03105 8.83421e-05 -1231.27 273.127 5.02462 5.02464 0.259974 0.542129 1429510.0
289 0.03115 8.83417e-05 -1231.27 273.127 5.02459 5.02473 0.286583 0.560154 1429560.0
288 0.03125 8.83411e-05 -1231.27 273.129 5.0246 5.02457 0.238763 0.474625 1429460.0
287 0.03135 8.83416e-05 -1231.27 273.129 5.02462 5.02471 0.29605 0.609863 1429580.0
286 0.03145 8.83419e-05 -1231.26 273.128 5.02462 5.02466 0.25813 0.518937 1429460.0
285 0.03155 8.83417e-05 -1231.27 273.127 5.02459 5.0245 0.247068 0.490412 1429390.0
284 0.03165 8.8341e-05 -1231.27 273.127 5.02454 5.02445 0.206896 0.381228 1429320.0
283 0.03175 8.83411e-05 -1231.27 273.123 5.02448 5.0243 0.171126 0.288301 1429160.0
282 0.03185 8.83416e-05 -1231.27 273.124 5.02452 5.02426 0.139338 0.261972 1429120.0
281 0.03195 8.83403e-05 -1231.27 273.122 5.02442 5.02407 0.0917914 0.195974 1429020.0
280 0.03205 8.83411e-05 -1231.27 273.122 5.02445 5.02408 0.0835282 0.159044 1429000.0
279 0.03215 8.83415e-05 -1231.27 273.122 5.02447 5.02411 0.147842 0.262801 1429100.0
278 0.03225 8.83419e-05 -1231.27 273.125 5.02456 5.02429 0.158378 0.249942 1429190.0
277 0.03235 8.83413e-05 -1231.27 273.123 5.02448 5.0242 0.105604 0.157632 1429000.0
276 0.03245 8.83413e-05 -1231.27 273.121 5.02446 5.02417 0.0922643 0.13918 1428990.0
275 0.03255 8.83413e-05 -1231.27 273.123 5.02448 5.02425 0.125447 0.22729 1429030.0
274 0.03265 8.83422e-05 -1231.27 273.124 5.02456 5.02435 0.116094 0.231155 1429070.0
273 0.03275 8.8341e-05 -1231.27 273.122 5.02446 5.0242 0.130085 0.256779 1428970.0
272 0.03285 8.83421e-05 -1231.27 273.124 5.02456 5.02432 0.130897 0.237607 1429090.0
271 0.03295 8.83419e-05 -1231.27 273.123 5.02452 5.02428 0.114667 0.257868 1429030.0
270 0.03305 8.83418e-05 -1231.27 273.123 5.02452 5.0244 0.17406 0.348474 1429130.0
269 0.03315 8.83425e-05 -1231.27 273.126 5.02462 5.02458 0.193547 0.409592 1429260.0
268 0.03325 8.83418e-05 -1231.27 273.126 5.02458 5.02448 0.193718 0.387732 1429180.0
267 0.03335 8.83417e-05 -1231.27 273.124 5.02453 5.02436 0.163486 0.3508 1429050.0
266 0.03345 8.83426e-05 -1231.27 273.124 5.02459 5.02438 0.135873 0.29939 1429030.0
265 0.03355 8.83419e-05 -1231.27 273.124 5.02454 5.02437 0.154511 0.333507 1429010.0
264 0.03365 8.83417e-05 -1231.27 273.125 5.02455 5.02443 0.165918 0.342733 1429080.0
263 0.03375 8.8342e-05 -1231.27 273.125 5.02456 5.0245 0.171839 0.371508 1429090.0
262 0.03385 8.83413e-05 -1231.27 273.125 5.02453 5.02432 0.151621 0.321944 1428980.0
261 0.03395 8.83422e-05 -1231.27 273.127 5.02461 5.02449 0.164698 0.326513 1429010.0
260 0.03405 8.83411e-05 -1231.27 273.125 5.02452 5.02437 0.136846 0.273111 1428970.0
259 0.03415 8.8342e-05 -1231.27 273.126 5.02458 5.02433 0.137864 0.268612 1428930.0
258 0.03425 8.83419e-05 -1231.27 273.125 5.02456 5.02441 0.152584 0.291651 1428980.0
257 0.03435 8.83415e-05 -1231.27 273.127 5.02458 5.02444 0.157842 0.298289 1429010.0
256 0.03445 8.83424e-05 -1231.27 273.128 5.02463 5.02455 0.188627 0.392606 1429090.0
255 0.03455 8.83408e-05 -1231.27 273.125 5.0245 5.02436 0.184188 0.366199 1429030.0
254 0.03465 8.83413e-05 -1231.27 273.127 5.02456 5.02439 0.176159 0.333605 1429050.0
253 0.03475 8.83417e-05 -1231.27 273.124 5.02453 5.0244 0.168947 0.338089 1429020.0
252 0.03485 8.83423e-05 -1231.27 273.128 5.02463 5.02439 0.177156 0.336958 1429040.0
251 0.03495 8.8341e-05 -1231.27 273.125 5.02452 5.02439 0.198423 0.372867 1429020.0
250 0.03505 8.83425e-05 -1231.27 273.128 5.02464 5.02445 0.234102 0.461124 1429070.0
249 0.03515 8.83409e-05 -1231.27 273.125 5.02451 5.02421 0.18339 0.352764 1428960.0
248 0.03525 8.8342e-05 -1231.27 273.124 5.02455 5.02419 0.205875 0.352306 1428870.0
247 0.03535 8.83415e-05 -1231.27 273.127 5.02456 5.02416 0.217152 0.357462 1428950.0
246 0.03545 8.83418e-05 -1231.27 273.126 5.02457 5.02416 0.237661 0.395105 1428970.0
245 0.03555 8.83419e-05 -1231.27 273.124 5.02455 5.02411 0.216254 0.360017 1428930.0
244 0.03565 8.83417e-05 -1231.27 273.127 5.02458 5.02427 0.214197 0.355185 1429030.0
243 0.03575 8.83421e-05 -1231.27 273.127 5.02461 5.02443 0.233378 0.379352 1429090.0
242 0.03585 8.83419e-05 -1231.27 273.124 5.02455 5.0242 0.227663 0.369705 1428970.0
241 0.03595 8.8342e-05 -1231.27 273.125 5.02456 5.02423 0.185761 0.302395 1428990.0
240 0.03605 8.83417e-05 -1231.27 273.124 5.02452 5.02411 0.171768 0.306533 1428910.0
239 0.03615 8.83415e-05 -1231.27 273.126 5.02455 5.02408 0.147468 0.246635 1428900.0
238 0.03625 8.83418e-05 -1231.27 273.125 5.02454 5.02399 0.145123 0.205119 1428860.0
237 0.03635 8.83414e-05 -1231.27 273.124 5.02451 5.02398 0.154946 0.180829 1428780.0
236 0.03645 8.83421e-05 -1231.27 273.124 5.02455 5.02409 0.128658 0.145754 1428800.0
235 0.03655 8.83416e-05 -1231.27 273.123 5.02451 5.02405 0.116257 0.119309 1428760.0
234 0.03665 8.83414e-05 -1231.27 273.121 5.02447 5.02392 0.0758777 0.032723 1428640.0
233 0.03675 8.8341e-05 -1231.27 273.123 5.02448 5.02399 0.0790778 0.0254574 1428720.0
232 0.03685 8.8342e-05 -1231.27 273.123 5.02453 5.02418 0.108748 0.108757 1428820.0
231 0.03695 8.83414e-05 -1231.27 273.123 5.02449 5.02411 0.0803441 0.0474693 1428690.0
230 0.03705 8.83416e-05 -1231.27 273.123 5.0245 5.02411 0.0711873 0.0723585 1428650.0
229 0.03715 8.83413e-05 -1231.27 273.124 5.0245 5.02411 0.0526315 0.0289632 1428640.0
228 0.03725 8.83412e-05 -1231.27 273.122 5.02446 5.0241 0.0836205 0.0986572 1428650.0
227 0.03735 8.83419e-05 -1231.27 273.123 5.02453 5.02426 0.105515 0.146671 1428720.0
226 0.03745 8.83418e-05 -1231.27 273.122 5.0245 5.02436 0.114281 0.21478 1428760.0
225 0.03755 8.83419e-05 -1231.27 273.126 5.02457 5.02442 0.112614 0.21804 1428830.0
224 0.03765 8.83415e-05 -1231.27 273.125 5.02453 5.02443 0.155038 0.280039 1428850.0
223 0.03775 8.83412e-05 -1231.27 273.125 5.02452 5.02445 0.13904 0.239444 1428840.0
222 0.03785 8.83418e-05 -1231.27 273.127 5.02459 5.02449 0.132899 0.179367 1428820.0
221 0.03795 8.83417e-05 -1231.27 273.124 5.02453 5.02431 0.139837 0.160867 1428700.0
220 0.03805 8.83416e-05 -1231.27 273.126 5.02457 5.02438 0.120062 0.124316 1428800.0
219 0.03815 8.83413e-05 -1231.27 273.123 5.02449 5.02425 0.141829 0.136383 1428690.0
218 0.03825 8.83422e-05 -1231.27 273.125 5.02458 5.02438 0.116664 0.128368 1428760.0
217 0.03835 8.83417e-05 -1231.27 273.124 5.02453 5.02425 0.0879212 0.0840473 1428660.0
216 0.03845 8.83417e-05 -1231.27 273.123 5.02452 5.02408 0.101245 0.0610436 1428670.0
215 0.03855 8.83416e-05 -1231.27 273.124 5.02451 5.02416 0.109649 0.112482 1428710.0
214 0.03865 8.83423e-05 -1231.27 273.124 5.02457 5.02416 0.125921 0.156922 1428700.0
213 0.03875 8.83421e-05 -1231.27 273.125 5.02457 5.02418 0.119025 0.142875 1428730.0
212 0.03885 8.83415e-05 -1231.27 273.122 5.02448 5.02399 0.107902 0.116553 1428610.0
211 0.03895 8.83417e-05 -1231.27 273.124 5.02453 5.02407 0.123107 0.173843 1428720.0
210 0.03905 8.83416e-05 -1231.27 273.122 5.02449 5.02386 0.107097 0.107439 1428580.0
209 0.03915 8.83419e-05 -1231.28 273.123 5.02451 5.02394 0.0911954 0.0610408 1428640.0
208 0.03925 8.83413e-05 -1231.27 273.123 5.02449 5.02382 0.100764 0.0607054 1428580.0
207 0.03935 8.83413e-05 -1231.27 273.122 5.02447 5.02374 0.0955665 0.0203636 1428590.0
206 0.03945 8.83422e-05 -1231.27 273.122 5.02452 5.02386 0.0892249 0.0169691 1428600.0
205 0.03955 8.83415e-05 -1231.27 273.121 5.02446 5.0237 0.0556554 -0.0361766 1428490.0
204 0.03965 8.83408e-05 -1231.27 273.121 5.02442 5.02358 0.0463087 -0.0669269 1428400.0
203 0.03975 8.83416e-05 -1231.27 273.12 5.02446 5.02363 0.041105 -0.0611798 1428440.0
202 0.03985 8.83416e-05 -1231.27 273.121 5.02446 5.0238 0.0810613 0.011985 1428540.0
201 0.03995 8.83412e-05 -1231.27 273.12 5.02442 5.02371 0.0330256 -0.0420866 1428480.0
200 0.04005 8.83415e-05 -1231.27 273.122 5.02448 5.02387 0.0480479 -0.00995672 1428550.0
199 0.04015 8.83411e-05 -1231.27 273.12 5.02442 5.02383 0.0132597 -0.0420199 1428500.0
198 0.04025 8.83419e-05 -1231.27 273.12 5.02446 5.02392 -0.00235122 -0.0646312 1428540.0
197 0.04035 8.83414e-05 -1231.27 273.119 5.02442 5.02381 -0.021896 -0.0936752 1428450.0
196 0.04045 8.83409e-05 -1231.27 273.118 5.02438 5.02381 -0.0176557 -0.106845 1428440.0
195 0.04055 8.83423e-05 -1231.27 273.119 5.02447 5.02388 -0.00422623 -0.0665757 1428460.0
194 0.04065 8.83413e-05 -1231.27 273.121 5.02445 5.02385 0.0115973 -0.0492326 1428500.0
193 0.04075 8.83412e-05 -1231.27 273.121 5.02444 5.02384 -0.00741984 -0.11252 1428480.0
192 0.04085 8.83418e-05 -1231.27 273.119 5.02444 5.02384 4.82311e-05 -0.0378114 1428480.0
191 0.04095 8.83416e-05 -1231.27 273.12 5.02446 5.02394 0.00328088 -0.0274904 1428560.0
190 0.04105 8.83411e-05 -1231.27 273.122 5.02446 5.02396 0.0345869 0.026589 1428600.0
189 0.04115 8.83417e-05 -1231.27 273.123 5.02451 5.02406 0.0885416 0.135686 1428740.0
188 0.04125 8.83413e-05 -1231.27 273.122 5.02447 5.02395 0.0225953 0.0239746 1428590.0
187 0.04135 8.83417e-05 -1231.27 273.122 5.0245 5.02402 0.0391914 0.0421827 1428630.0
186 0.04145 8.8341e-05 -1231.27 273.123 5.02447 5.02404 0.0871079 0.127541 1428660.0
185 0.04155 8.83415e-05 -1231.27 273.123 5.02449 5.02403 0.0391461 0.0771726 1428640.0
184 0.04165 8.83416e-05 -1231.27 273.123 5.02451 5.02407 0.0807172 0.162478 1428660.0
183 0.04175 8.83415e-05 -1231.27 273.123 5.02449 5.02409 0.013381 0.0770592 1428650.0
182 0.04185 8.83413e-05 -1231.27 273.122 5.02448 5.02399 0.00545037 0.0171061 1428570.0
181 0.04195 8.83412e-05 -1231.27 273.12 5.02442 5.0239 -0.0383711 -0.0426812 1428510.0
180 0.04205 8.83417e-05 -1231.27 273.121 5.02447 5.02397 -0.0330507 -0.0222473 1428540.0
179 0.04215 8.83415e-05 -1231.27 273.121 5.02446 5.02396 -0.0185702 0.00950959 1428520.0
178 0.04225 8.8341e-05 -1231.27 273.119 5.02439 5.02389 -0.0351987 -0.0383754 1428460.0
177 0.04235 8.83411e-05 -1231.27 273.122 5.02447 5.02392 -0.0054522 -0.0363397 1428510.0
176 0.04245 8.83418e-05 -1231.27 273.12 5.02446 5.02388 -0.0142968 -0.0449037 1428400.0
175 0.04255 8.83406e-05 -1231.27 273.12 5.0244 5.0238 -0.0137452 -0.0358286 1428440.0
174 0.04265 8.8341e-05 -1231.27 273.122 5.02446 5.02387 0.0247431 0.00231906 1428500.0
173 0.04275 8.83414e-05 -1231.27 273.122 5.02447 5.02407 0.0478823 0.0740229 1428620.0
172 0.04285 8.83413e-05 -1231.27 273.123 5.0245 5.02406 0.0391675 0.0607622 1428620.0
171 0.04295 8.8341e-05 -1231.27 273.121 5.02443 5.02391 0.0109744 -0.0169762 1428500.0
170 0.04305 8.8341e-05 -1231.27 273.121 5.02443 5.02385 0.0336034 -0.00690962 1428450.0
169 0.04315 8.83414e-05 -1231.27 273.122 5.02448 5.02395 0.0542587 0.0228066 1428560.0
168 0.04325 8.83413e-05 -1231.27 273.12 5.02443 5.0239 0.0512263 0.0575035 1428580.0
167 0.04335 8.83409e-05 -1231.27 273.122 5.02444 5.02392 0.052688 0.0763071 1428580.0
166 0.04345 8.83413e-05 -1231.27 273.122 5.02447 5.02393 0.0774487 0.122644 1428590.0
165 0.04355 8.83413e-05 -1231.27 273.123 5.02448 5.02405 0.121654 0.223945 1428690.0
164 0.04365 8.83415e-05 -1231.27 273.124 5.02453 5.02407 0.123995 0.224558 1428700.0
163 0.04375 8.83412e-05 -1231.27 273.124 5.0245 5.02404 0.103149 0.189724 1428640.0
162 0.04385 8.83415e-05 -1231.27 273.123 5.0245 5.024 0.0836702 0.15985 1428620.0
161 0.04395 8.83418e-05 -1231.27 273.122 5.02451 5.02395 0.0691881 0.165044 1428580.0
160 0.04405 8.83408e-05 -1231.27 273.123 5.02445 5.02402 0.10686 0.203061 1428640.0
159 0.04415 8.83418e-05 -1231.27 273.124 5.02454 5.02409 0.133097 0.257125 1428680.0
158 0.04425 8.83416e-05 -1231.27 273.125 5.02454 5.02398 0.0779796 0.177053 1428590.0
157 0.04435 8.83413e-05 -1231.27 273.122 5.02446 5.02383 0.0587135 0.113862 1428510.0
156 0.04445 8.83417e-05 -1231.27 273.121 5.02448 5.02388 0.0545498 0.148799 1428520.0
155 0.04455 8.83421e-05 -1231.27 273.124 5.02456 5.02412 0.0611058 0.179525 1428670.0
154 0.04465 8.83408e-05 -1231.27 273.122 5.02444 5.02399 0.0893921 0.229861 1428600.0
153 0.04475 8.83418e-05 -1231.27 273.122 5.0245 5.02405 0.070272 0.217214 1428620.0
152 0.04485 8.8342e-05 -1231.27 273.122 5.02451 5.02398 0.0696382 0.160487 1428550.0
151 0.04495 8.83414e-05 -1231.27 273.124 5.02451 5.0239 0.0674485 0.1344 1428560.0
150 0.04505 8.8341e-05 -1231.27 273.122 5.02445 5.02379 0.056796 0.127247 1428450.0
149 0.04515 8.8342e-05 -1231.27 273.123 5.02452 5.02383 0.0763512 0.132083 1428510.0
148 0.04525 8.83413e-05 -1231.27 273.123 5.02449 5.02394 0.137085 0.223347 1428580.0
147 0.04535 8.83406e-05 -1231.27 273.123 5.02445 5.02379 0.0958519 0.139785 1428510.0
146 0.04545 8.83418e-05 -1231.27 273.122 5.0245 5.02374 0.0823822 0.102378 1428450.0
145 0.04555 8.83414e-05 -1231.27 273.121 5.02445 5.02366 0.0702957 0.0419107 1428400.0
144 0.04565 8.83407e-05 -1231.27 273.123 5.02446 5.02364 0.103349 0.0867504 1428410.0
143 0.04575 8.83416e-05 -1231.27 273.121 5.02447 5.02367 0.0956737 0.0470782 1428370.0
142 0.04585 8.83413e-05 -1231.27 273.123 5.02449 5.0237 0.0694393 0.0078683 1428410.0
141 0.04595 8.83414e-05 -1231.27 273.123 5.02449 5.02366 0.104574 0.0771586 1428380.0
140 0.04605 8.83417e-05 -1231.27 273.121 5.02448 5.02366 0.100123 0.07912 1428380.0
139 0.04615 8.83406e-05 -1231.27 273.12 5.02439 5.02346 0.032488 -0.0151105 1428300.0
138 0.04625 8.83421e-05 -1231.27 273.121 5.0245 5.02357 0.0518023 -0.0267685 1428320.0
137 0.04635 8.83414e-05 -1231.27 273.121 5.02447 5.02353 0.0356904 -0.0418583 1428290.0
136 0.04645 8.83415e-05 -1231.27 273.12 5.02444 5.02362 0.0559614 0.016725 1428370.0
135 0.04655 8.83412e-05 -1231.27 273.123 5.02449 5.02376 0.0941782 0.0857381 1428480.0
134 0.04665 8.83418e-05 -1231.27 273.122 5.02449 5.02387 0.069457 0.124099 1428500.0
133 0.04675 8.83418e-05 -1231.27 273.123 5.02451 5.02384 0.106462 0.178841 1428480.0
132 0.04685 8.83419e-05 -1231.27 273.123 5.02453 5.02398 0.0911899 0.171254 1428550.0
131 0.04695 8.83416e-05 -1231.26 273.124 5.02452 5.02399 0.0775341 0.151995 1428530.0
130 0.04705 8.83414e-05 -1231.27 273.122 5.02447 5.02384 0.0648646 0.107769 1428390.0
129 0.04715 8.83424e-05 -1231.27 273.122 5.02454 5.0239 0.0823738 0.0623931 1428420.0
128 0.04725 8.83412e-05 -1231.27 273.123 5.02448 5.02381 0.102192 0.0569029 1428340.0
127 0.04735 8.83416e-05 -1231.27 273.123 5.02451 5.02387 0.076497 0.0282715 1428310.0
126 0.04745 8.8342e-05 -1231.27 273.122 5.02451 5.02385 0.0784897 0.0670861 1428330.0
125 0.04755 8.83414e-05 -1231.27 273.122 5.02447 5.02391 0.0854077 0.0883657 1428340.0
124 0.04765 8.83417e-05 -1231.27 273.123 5.02451 5.02397 0.0815979 0.0758365 1428350.0
123 0.04775 8.83417e-05 -1231.26 273.122 5.0245 5.02389 0.11141 0.127629 1428290.0
122 0.04785 8.83418e-05 -1231.27 273.124 5.02454 5.02402 0.0999383 0.0910644 1428370.0
121 0.04795 8.83418e-05 -1231.27 273.123 5.02452 5.02394 0.108533 0.0687825 1428330.0
120 0.04805 8.83412e-05 -1231.27 273.122 5.02446 5.0238 0.0595572 0.00846736 1428260.0
119 0.04815 8.8342e-05 -1231.27 273.119 5.02446 5.02375 0.0640729 0.0391979 1428230.0
118 0.04825 8.83416e-05 -1231.27 273.122 5.02449 5.02378 0.0410915 -0.0203461 1428270.0
117 0.04835 8.83413e-05 -1231.27 273.12 5.02443 5.02368 0.041138 -0.0476702 1428160.0
116 0.04845 8.83421e-05 -1231.27 273.121 5.0245 5.02374 0.0345332 -0.0372997 1428170.0
115 0.04855 8.83418e-05 -1231.27 273.119 5.02444 5.02372 0.0330097 -0.0335559 1428150.0
114 0.04865 8.83419e-05 -1231.27 273.123 5.02453 5.02392 0.107549 0.129213 1428370.0
113 0.04875 8.83417e-05 -1231.27 273.121 5.02447 5.02389 0.0913641 0.0796648 1428320.0
112 0.04885 8.83423e-05 -1231.27 273.123 5.02455 5.02393 0.114238 0.128408 1428360.0
111 0.04895 8.83422e-05 -1231.27 273.121 5.02451 5.02375 0.0551189 -0.00804207 1428180.0
110 0.04905 8.83422e-05 -1231.27 273.123 5.02453 5.02388 0.0343781 -0.088947 1428210.0
109 0.04915 8.83413e-05 -1231.27 273.121 5.02446 5.02385 0.0557601 -0.0317792 1428180.0
108 0.04925 8.83429e-05 -1231.27 273.122 5.02457 5.02394 0.0908867 0.0322656 1428230.0
107 0.04935 8.83421e-05 -1231.27 273.122 5.02451 5.02391 0.0735735 0.0141866 1428270.0
106 0.04945 8.8342e-05 -1231.27 273.121 5.02449 5.0238 0.0653812 -0.0221379 1428150.0
105 0.04955 8.83424e-05 -1231.27 273.123 5.02454 5.02386 0.0931567 0.0512493 1428250.0
104 0.04965 8.83418e-05 -1231.27 273.121 5.02448 5.02374 0.0852164 0.0225668 1428140.0
103 0.04975 8.8343e-05 -1231.27 273.122 5.02456 5.02383 0.0692571 -0.0198767 1428160.0
102 0.04985 8.8341e-05 -1231.27 273.121 5.02443 5.02373 0.0715876 -0.00262178 1428140.0
101 0.04995 8.83427e-05 -1231.27 273.12 5.02451 5.02375 0.0594603 -0.0173798 1428100.0
100 0.05005 8.8342e-05 -1231.27 273.121 5.0245 5.02371 0.0937327 -0.00424722 1428110.0
99 0.05015 8.83423e-05 -1231.27 273.12 5.0245 5.02377 0.00693883 -0.109623 1428070.0
98 0.05025 8.83425e-05 -1231.27 273.12 5.02451 5.02371 0.0955005 0.0488819 1428100.0
97 0.05035 8.83426e-05 -1231.27 273.121 5.02452 5.02371 0.0558727 -0.0126751 1428100.0
96 0.05045 8.83415e-05 -1231.27 273.119 5.02443 5.02356 0.0837871 0.0395726 1428030.0
95 0.05055 8.83421e-05 -1231.27 273.122 5.02452 5.02367 0.0683344 0.0467315 1428100.0
94 0.05065 8.83424e-05 -1231.27 273.123 5.02455 5.02372 0.0988963 0.123939 1428130.0
93 0.05075 8.83423e-05 -1231.27 273.124 5.02456 5.02383 0.140193 0.191955 1428200.0
92 0.05085 8.83422e-05 -1231.27 273.126 5.02459 5.02382 0.132541 0.204721 1428240.0
91 0.05095 8.83421e-05 -1231.27 273.124 5.02455 5.0238 0.132524 0.223641 1428180.0
90 0.05105 8.83426e-05 -1231.27 273.124 5.02459 5.0238 0.162355 0.267188 1428230.0
89 0.05115 8.83419e-05 -1231.27 273.125 5.02456 5.02373 0.110174 0.155752 1428140.0
88 0.05125 8.8342e-05 -1231.27 273.122 5.02452 5.02378 0.14493 0.238446 1428150.0
87 0.05135 8.83422e-05 -1231.26 273.125 5.02458 5.02388 0.150986 0.260175 1428210.0
86 0.05145 8.83422e-05 -1231.27 273.125 5.02458 5.02384 0.14079 0.248986 1428160.0
85 0.05155 8.83418e-05 -1231.27 273.123 5.02452 5.0238 0.127469 0.251758 1428130.0
84 0.05165 8.83429e-05 -1231.26 273.125 5.02462 5.02403 0.17489 0.373388 1428320.0
83 0.05175 8.83428e-05 -1231.26 273.124 5.02459 5.02394 0.118178 0.277842 1428180.0
82 0.05185 8.83418e-05 -1231.26 273.123 5.02452 5.0238 0.108161 0.194361 1428100.0
81 0.05195 8.83424e-05 -1231.27 273.126 5.0246 5.02392 0.122291 0.252211 1428170.0
80 0.05205 8.83428e-05 -1231.26 273.122 5.02456 5.02383 0.099105 0.211539 1428080.0
79 0.05215 8.83419e-05 -1231.26 273.125 5.02456 5.02382 0.0982589 0.199476 1428070.0
78 0.05225 8.83421e-05 -1231.26 273.123 5.02453 5.02376 0.0967013 0.157492 1428070.0
77 0.05235 8.83424e-05 -1231.26 273.126 5.02461 5.02395 0.162725 0.267066 1428240.0
76 0.05245 8.8343e-05 -1231.26 273.126 5.02464 5.02407 0.135012 0.23771 1428270.0
75 0.05255 8.83418e-05 -1231.26 273.123 5.02452 5.02395 0.168208 0.309797 1428230.0
74 0.05265 8.83427e-05 -1231.27 273.126 5.02462 5.02396 0.134299 0.262663 1428190.0
73 0.05275 8.83424e-05 -1231.26 273.125 5.02459 5.02392 0.134537 0.260245 1428200.0
72 0.05285 8.83424e-05 -1231.26 273.123 5.02454 5.02388 0.133352 0.276174 1428140.0
71 0.05295 8.83427e-05 -1231.26 273.124 5.02458 5.024 0.12912 0.250573 1428170.0
70 0.05305 8.83424e-05 -1231.26 273.124 5.02456 5.02402 0.13906 0.2567 1428160.0
69 0.05315 8.83424e-05 -1231.26 273.123 5.02454 5.02402 0.198094 0.344076 1428220.0
68 0.05325 8.83421e-05 -1231.26 273.127 5.02461 5.02401 0.151481 0.28077 1428180.0
67 0.05335 8.83425e-05 -1231.26 273.121 5.02453 5.0239 0.132848 0.237935 1428060.0
66 0.05345 8.83419e-05 -1231.27 273.124 5.02453 5.02387 0.145632 0.282726 1428090.0
65 0.05355 8.83431e-05 -1231.26 273.125 5.02463 5.02411 0.136751 0.286512 1428220.0
64 0.05365 8.83418e-05 -1231.26 273.125 5.02456 5.02401 0.223365 0.407005 1428250.0
63 0.05375 8.83424e-05 -1231.26 273.125 5.02458 5.02408 0.17328 0.323197 1428240.0
62 0.05385 8.83423e-05 -1231.26 273.125 5.02459 5.02405 0.196179 0.346502 1428230.0
61 0.05395 8.83425e-05 -1231.26 273.125 5.0246 5.02407 0.176769 0.331275 1428280.0
60 0.05405 8.83422e-05 -1231.26 273.122 5.02452 5.02395 0.173344 0.304375 1428160.0
59 0.05415 8.8342e-05 -1231.26 273.127 5.0246 5.02419 0.174872 0.329643 1428300.0
58 0.05425 8.83424e-05 -1231.26 273.124 5.02457 5.02416 0.210591 0.386393 1428260.0
57 0.05435 8.83419e-05 -1231.26 273.125 5.02456 5.02418 0.163847 0.329496 1428270.0
56 0.05445 8.83425e-05 -1231.26 273.125 5.02459 5.02422 0.183642 0.319993 1428260.0
55 0.05455 8.83421e-05 -1231.26 273.124 5.02455 5.02411 0.194778 0.351544 1428190.0
54 0.05465 8.83423e-05 -1231.26 273.124 5.02457 5.02414 0.161751 0.313537 1428200.0
53 0.05475 8.83424e-05 -1231.26 273.126 5.02461 5.02412 0.192739 0.373456 1428150.0
52 0.05485 8.83423e-05 -1231.26 273.125 5.02458 5.02415 0.196381 0.405558 1428180.0
51 0.05495 8.83428e-05 -1231.26 273.126 5.02463 5.02425 0.216215 0.465725 1428270.0
50 0.05505 8.83425e-05 -1231.26 273.129 5.02466 5.02421 0.198223 0.413763 1428190.0
49 0.05515 8.83421e-05 -1231.26 273.127 5.0246 5.02418 0.20529 0.378928 1428150.0
48 0.05525 8.83429e-05 -1231.26 273.126 5.02463 5.02426 0.209238 0.391442 1428190.0
47 0.05535 8.83424e-05 -1231.26 273.127 5.02462 5.02424 0.228884 0.417233 1428190.0
46 0.05545 8.83432e-05 -1231.26 273.127 5.02468 5.02424 0.204172 0.4071 1428170.0
45 0.05555 8.83422e-05 -1231.26 273.126 5.02459 5.02412 0.201981 0.350604 1428070.0
44 0.05565 8.83426e-05 -1231.26 273.125 5.02461 5.02416 0.169679 0.313773 1428060.0
43 0.05575 8.83427e-05 -1231.26 273.125 5.02461 5.02419 0.19118 0.363655 1428060.0
42 0.05585 8.83428e-05 -1231.26 273.126 5.02464 5.02428 0.20286 0.387499 1428170.0
41 0.05595 8.8343e-05 -1231.26 273.127 5.02467 5.02431 0.224366 0.39327 1428140.0
40 0.05605 8.83425e-05 -1231.26 273.127 5.02462 5.0242 0.218766 0.389421 1428100.0
39 0.05615 8.83426e-05 -1231.26 273.125 5.0246 5.02413 0.214676 0.391693 1428040.0
38 0.05625 8.83423e-05 -1231.26 273.127 5.02461 5.02407 0.201637 0.389934 1428040.0
37 0.05635 8.83423e-05 -1231.26 273.125 5.02459 5.02404 0.188772 0.386658 1428020.0
36 0.05645 8.83422e-05 -1231.26 273.126 5.02459 5.02406 0.227846 0.460175 1428030.0
35 0.05655 8.83424e-05 -1231.26 273.127 5.02463 5.02408 0.232489 0.46838 1428040.0
34 0.05665 8.83425e-05 -1231.26 273.126 5.02461 5.024 0.227742 0.43988 1427980.0
33 0.05675 8.83415e-05 -1231.26 273.126 5.02456 5.02386 0.229056 0.462089 1427940.0
32 0.05685 8.83419e-05 -1231.26 273.124 5.02454 5.02376 0.230037 0.435589 1427850.0
31 0.05695 8.83422e-05 -1231.27 273.126 5.0246 5.02389 0.227526 0.45066 1427920.0
30 0.05705 8.83422e-05 -1231.27 273.126 5.02459 5.02377 0.258375 0.476638 1427860.0
29 0.05715 8.83422e-05 -1231.27 273.127 5.02461 5.02382 0.271704 0.486531 1427890.0
28 0.05725 8.83415e-05 -1231.27 273.125 5.02454 5.02374 0.291233 0.492313 1427860.0
27 0.05735 8.83417e-05 -1231.26 273.129 5.02462 5.02386 0.323349 0.555138 1427940.0
26 0.05745 8.83422e-05 -1231.27 273.126 5.02459 5.02387 0.317315 0.551028 1427920.0
25 0.05755 8.83418e-05 -1231.26 273.128 5.02461 5.02383 0.345623 0.599678 1427910.0
24 0.05765 8.83429e-05 -1231.27 273.126 5.02464 5.0239 0.335024 0.547193 1427940.0
23 0.05775 8.83418e-05 -1231.27 273.128 5.0246 5.02381 0.333384 0.533527 1427870.0
22 0.05785 8.83421e-05 -1231.26 273.126 5.02459 5.02371 0.328298 0.524834 1427780.0
21 0.05795 8.83421e-05 -1231.27 273.126 5.0246 5.02369 0.360369 0.547271 1427790.0
20 0.05805 8.83423e-05 -1231.27 273.128 5.02463 5.02381 0.338717 0.560493 1427850.0
19 0.05815 8.83418e-05 -1231.27 273.127 5.02459 5.02381 0.383863 0.656917 1427850.0
18 0.05825 8.83429e-05 -1231.26 273.128 5.02467 5.02384 0.376857 0.636802 1427860.0
17 0.05835 8.83422e-05 -1231.27 273.128 5.02463 5.0238 0.381855 0.64364 1427890.0
16 0.05845 8.83421e-05 -1231.27 273.126 5.02458 5.02364 0.375516 0.598926 1427740.0
15 0.05855 8.83421e-05 -1231.27 273.127 5.02461 5.02364 0.347832 0.569179 1427740.0
14 0.05865 8.8342e-05 -1231.27 273.126 5.02459 5.02359 0.33803 0.628071 1427730.0
13 0.05875 8.83419e-05 -1231.27 273.123 5.02452 5.02354 0.321027 0.557108 1427590.0
12 0.05885 8.83416e-05 -1231.27 273.124 5.02452 5.02334 0.278314 0.49584 1427490.0
11 0.05895 8.83418e-05 -1231.27 273.123 5.02452 5.02334 0.281235 0.509924 1427470.0
10 0.05905 8.83417e-05 -1231.27 273.122 5.02449 5.02324 0.274495 0.501078 1427410.0
9 0.05915 8.83419e-05 -1231.27 273.123 5.02451 5.02316 0.234462 0.438414 1427340.0
8 0.05925 8.83412e-05 -1231.27 273.121 5.02444 5.02313 0.226416 0.40937 1427310.0
7 0.05935 8.83411e-05 -1231.27 273.122 5.02446 5.02315 0.230977 0.393398 1427260.0
6 0.05945 8.83423e-05 -1231.27 273.119 5.02447 5.02308 0.167912 0.298702 1427170.0
5 0.05955 8.83415e-05 -1231.27 273.12 5.02444 5.02305 0.17502 0.323473 1427110.0
4 0.05965 8.83415e-05 -1231.27 273.12 5.02445 5.02298 0.132319 0.237974 1426970.0
3 0.05975 8.83414e-05 -1231.27 273.119 5.02442 5.02298 0.074818 0.145523 1426880.0
2 0.05985 8.83412e-05 -1231.27 273.117 5.02436 5.02296 0.057365 0.11814 1426780.0
1 0.05995 8.83414e-05 -1231.27 273.113 5.0243 5.02266 -0.0471316 -0.109827 1426440.0
