TITLE = "DSMC"
VARIABLES = "ID" "X" "rho" "v1" "Ttrans" "p" "p1" "q1" "mv1v1v1" "mvvv1v1"
ZONE T="Ma=4.4", I=800, J=1, K=1, F=POINT
1 -0.04995 8.83407e-05 1354.41 273.105 5.02413 5.023 -0.120028 -0.109287 1426580.0
2 -0.04985 8.8341e-05 1354.41 273.105 5.02413 5.02311 -0.176865 -0.193743 1426710.0
3 -0.04975 8.83409e-05 1354.41 273.106 5.02414 5.02321 -0.202848 -0.274428 1426850.0
4 -0.04965 8.8341e-05 1354.41 273.106 5.02416 5.02318 -0.225811 -0.333196 1426940.0
5 -0.04955 8.83409e-05 1354.41 273.106 5.02416 5.02322 -0.226123 -0.385636 1426990.0
6 -0.04945 8.8341e-05 1354.41 273.109 5.0242 5.02333 -0.248681 -0.435705 1427100.0
7 -0.04935 8.83405e-05 1354.41 273.107 5.02414 5.0232 -0.260279 -0.429062 1427070.0
8 -0.04925 8.8341e-05 1354.41 273.107 5.02418 5.02326 -0.279961 -0.439342 1427160.0
9 -0.04915 8.83415e-05 1354.41 273.108 5.02423 5.02329 -0.291225 -0.473749 1427220.0
10 -0.04905 8.83401e-05 1354.41 273.11 5.02418 5.02329 -0.311113 -0.482064 1427270.0
11 -0.04895 8.8341e-05 1354.41 273.108 5.02419 5.02348 -0.290717 -0.499188 1427360.0
12 -0.04885 8.83411e-05 1354.41 273.108 5.0242 5.02343 -0.309113 -0.541379 1427350.0
13 -0.04875 8.83417e-05 1354.41 273.111 5.02429 5.02354 -0.32143 -0.551347 1427470.0
14 -0.04865 8.83404e-05 1354.41 273.111 5.02422 5.02337 -0.364909 -0.562238 1427420.0
15 -0.04855 8.8341e-05 1354.41 273.109 5.02422 5.0235 -0.325302 -0.501582 1427530.0
16 -0.04845 8.83409e-05 1354.41 273.11 5.02423 5.02345 -0.349603 -0.487387 1427480.0
17 -0.04835 8.83414e-05 1354.41 273.111 5.02427 5.0235 -0.352127 -0.511355 1427530.0
18 -0.04825 8.83411e-05 1354.41 273.111 5.02426 5.02361 -0.365105 -0.515158 1427610.0
19 -0.04815 8.83412e-05 1354.41 273.113 5.02431 5.02361 -0.382902 -0.560955 1427620.0
20 -0.04805 8.83408e-05 1354.41 273.111 5.02424 5.02363 -0.407085 -0.579743 1427660.0
21 -0.04795 8.83415e-05 1354.41 273.113 5.02432 5.02368 -0.407492 -0.630992 1427690.0
22 -0.04785 8.83409e-05 1354.41 273.114 5.02431 5.02377 -0.431996 -0.665627 1427750.0
23 -0.04775 8.83405e-05 1354.41 273.113 5.02425 5.02371 -0.458307 -0.681821 1427740.0
24 -0.04765 8.83419e-05 1354.41 273.114 5.02435 5.02381 -0.442924 -0.666433 1427800.0
25 -0.04755 8.83413e-05 1354.41 273.114 5.02433 5.02372 -0.47395 -0.689859 1427810.0
26 -0.04745 8.8341e-05 1354.41 273.116 5.02434 5.02374 -0.489143 -0.71821 1427840.0
27 -0.04735 8.83402e-05 1354.41 273.115 5.02428 5.02371 -0.489242 -0.712358 1427890.0
28 -0.04725 8.83416e-05 1354.41 273.114 5.02434 5.02388 -0.497661 -0.761265 1427970.0
29 -0.04715 8.83414e-05 1354.41 273.116 5.02437 5.02386 -0.465189 -0.694581 1427940.0
30 -0.04705 8.83411e-05 1354.41 273.114 5.02431 5.02379 -0.451412 -0.708242 1427920.0
31 -0.04695 8.83408e-05 1354.41 273.113 5.02428 5.02363 -0.444844 -0.705217 1427900.0
32 -0.04685 8.83411e-05 1354.41 273.112 5.02428 5.02362 -0.413604 -0.685016 1427910.0
33 -0.04675 8.83412e-05 1354.41 273.112 5.02429 5.02362 -0.423781 -0.680844 1427920.0
34 -0.04665 8.83407e-05 1354.41 273.111 5.02423 5.0236 -0.405639 -0.663702 1427920.0
35 -0.04655 8.83411e-05 1354.41 273.113 5.02428 5.02372 -0.373903 -0.622377 1427970.0
36 -0.04645 8.83415e-05 1354.41 273.113 5.02432 5.02378 -0.366732 -0.599729 1428010.0
37 -0.04635 8.83409e-05 1354.41 273.112 5.02425 5.02361 -0.399833 -0.612053 1427950.0
38 -0.04625 8.83413e-05 1354.41 273.113 5.0243 5.02379 -0.372814 -0.590673 1428010.0
39 -0.04615 8.83407e-05 1354.41 273.111 5.02423 5.02366 -0.344069 -0.539308 1427930.0
40 -0.04605 8.83406e-05 1354.41 273.112 5.02424 5.02364 -0.337081 -0.55764 1427940.0
41 -0.04595 8.83405e-05 1354.41 273.11 5.0242 5.02363 -0.356748 -0.611695 1427920.0
42 -0.04585 8.83412e-05 1354.41 273.112 5.02428 5.02371 -0.330874 -0.52941 1427960.0
43 -0.04575 8.83408e-05 1354.41 273.111 5.02423 5.02352 -0.355367 -0.567344 1427860.0
44 -0.04565 8.83409e-05 1354.41 273.113 5.02428 5.02366 -0.364397 -0.554932 1427960.0
45 -0.04555 8.83405e-05 1354.41 273.11 5.02421 5.02355 -0.343692 -0.521685 1427920.0
46 -0.04545 8.83411e-05 1354.41 273.111 5.02427 5.02364 -0.347847 -0.53644 1427950.0
47 -0.04535 8.83407e-05 1354.41 273.111 5.02424 5.0236 -0.3374 -0.508671 1427930.0
48 -0.04525 8.83406e-05 1354.41 273.111 5.02423 5.02364 -0.347037 -0.512953 1428000.0
49 -0.04515 8.83407e-05 1354.41 273.111 5.02422 5.02361 -0.359131 -0.52257 1427960.0
50 -0.04505 8.83406e-05 1354.41 273.109 5.0242 5.02363 -0.316348 -0.478324 1427960.0
51 -0.04495 8.83413e-05 1354.41 273.11 5.02425 5.02365 -0.307227 -0.451786 1427970.0
52 -0.04485 8.83409e-05 1354.41 273.111 5.02425 5.02366 -0.34129 -0.492918 1427970.0
53 -0.04475 8.83412e-05 1354.41 273.111 5.02427 5.02368 -0.341432 -0.492124 1427990.0
54 -0.04465 8.83409e-05 1354.41 273.112 5.02426 5.02368 -0.332169 -0.470969 1428010.0
55 -0.04455 8.83411e-05 1354.41 273.112 5.02428 5.02367 -0.343082 -0.511167 1428010.0
56 -0.04445 8.83412e-05 1354.41 273.113 5.02429 5.0238 -0.326884 -0.461964 1428080.0
57 -0.04435 8.83415e-05 1354.41 273.109 5.02425 5.02364 -0.31306 -0.451078 1427990.0
58 -0.04425 8.83416e-05 1354.41 273.111 5.02429 5.02376 -0.295136 -0.44784 1428070.0
59 -0.04415 8.83416e-05 1354.41 273.111 5.02429 5.0237 -0.321117 -0.483425 1428010.0
60 -0.04405 8.83413e-05 1354.41 273.111 5.02427 5.02376 -0.322478 -0.464381 1428100.0
61 -0.04395 8.83408e-05 1354.41 273.111 5.02424 5.02366 -0.310745 -0.479659 1428100.0
62 -0.04385 8.83417e-05 1354.41 273.11 5.02426 5.02368 -0.315423 -0.500936 1428100.0
63 -0.04375 8.8341e-05 1354.41 273.111 5.02425 5.0237 -0.306219 -0.459162 1428100.0
64 -0.04365 8.83412e-05 1354.41 273.112 5.02429 5.02364 -0.308921 -0.502161 1428060.0
65 -0.04355 8.8341e-05 1354.41 273.11 5.02423 5.02354 -0.317908 -0.4595 1428030.0
66 -0.04345 8.83412e-05 1354.41 273.113 5.02429 5.02356 -0.302657 -0.372538 1428020.0
67 -0.04335 8.83411e-05 1354.41 273.111 5.02425 5.02347 -0.290787 -0.355403 1427980.0
68 -0.04325 8.83407e-05 1354.41 273.11 5.02421 5.02345 -0.272736 -0.335897 1427990.0
69 -0.04315 8.83411e-05 1354.41 273.111 5.02426 5.0234 -0.254157 -0.305548 1427960.0
70 -0.04305 8.83418e-05 1354.41 273.108 5.02425 5.02348 -0.233797 -0.289382 1427980.0
71 -0.04295 8.83402e-05 1354.41 273.108 5.02415 5.02339 -0.244749 -0.303554 1427980.0
72 -0.04285 8.83408e-05 1354.41 273.109 5.02421 5.02343 -0.222426 -0.243352 1427970.0
73 -0.04275 8.83413e-05 1354.41 273.11 5.02424 5.0234 -0.246272 -0.270443 1427970.0
74 -0.04265 8.83406e-05 1354.41 273.109 5.0242 5.02335 -0.25349 -0.334567 1427990.0
75 -0.04255 8.83413e-05 1354.41 273.111 5.02426 5.02343 -0.251077 -0.338786 1428060.0
76 -0.04245 8.83409e-05 1354.41 273.108 5.0242 5.02337 -0.281807 -0.373986 1428090.0
77 -0.04235 8.83407e-05 1354.41 273.11 5.02422 5.02336 -0.307639 -0.389279 1428100.0
78 -0.04225 8.83416e-05 1354.41 273.112 5.0243 5.02349 -0.286773 -0.369235 1428170.0
79 -0.04215 8.83406e-05 1354.41 273.108 5.02417 5.0234 -0.25669 -0.329282 1428080.0
80 -0.04205 8.83404e-05 1354.41 273.108 5.02416 5.02336 -0.208353 -0.27096 1428040.0
81 -0.04195 8.8341e-05 1354.41 273.108 5.0242 5.02341 -0.212281 -0.248776 1428060.0
82 -0.04185 8.83407e-05 1354.41 273.107 5.02416 5.02347 -0.186671 -0.247481 1428090.0
83 -0.04175 8.83417e-05 1354.41 273.107 5.02422 5.02361 -0.229192 -0.293579 1428170.0
84 -0.04165 8.8341e-05 1354.41 273.109 5.02421 5.02361 -0.223112 -0.293924 1428220.0
85 -0.04155 8.83417e-05 1354.41 273.107 5.02422 5.02357 -0.227312 -0.318966 1428160.0
86 -0.04145 8.83406e-05 1354.41 273.108 5.02417 5.02365 -0.211051 -0.293124 1428240.0
87 -0.04135 8.83409e-05 1354.41 273.107 5.02418 5.02361 -0.170819 -0.228199 1428150.0
88 -0.04125 8.83413e-05 1354.41 273.106 5.02418 5.0236 -0.177959 -0.221514 1428160.0
89 -0.04115 8.83413e-05 1354.41 273.104 5.02415 5.0236 -0.178837 -0.202083 1428140.0
90 -0.04105 8.83412e-05 1354.41 273.107 5.02419 5.02363 -0.206068 -0.260961 1428210.0
91 -0.04095 8.83416e-05 1354.41 273.108 5.02422 5.0237 -0.197078 -0.209396 1428230.0
92 -0.04085 8.83414e-05 1354.41 273.106 5.02418 5.02358 -0.196203 -0.216664 1428190.0
93 -0.04075 8.83417e-05 1354.41 273.108 5.02424 5.02369 -0.216514 -0.248503 1428300.0
94 -0.04065 8.83406e-05 1354.41 273.108 5.02417 5.02353 -0.213716 -0.247229 1428220.0
95 -0.04055 8.8341e-05 1354.41 273.107 5.02418 5.02354 -0.182103 -0.209572 1428210.0
96 -0.04045 8.83418e-05 1354.41 273.105 5.02418 5.02348 -0.202623 -0.222706 1428180.0
97 -0.04035 8.83406e-05 1354.41 273.106 5.02414 5.02341 -0.182074 -0.154642 1428160.0
98 -0.04025 8.83413e-05 1354.41 273.106 5.02417 5.02347 -0.1642 -0.124453 1428160.0
99 -0.04015 8.83407e-05 1354.41 273.105 5.02413 5.02339 -0.150814 -0.107522 1428100.0
100 -0.04005 8.83413e-05 1354.41 273.104 5.02414 5.0235 -0.135661 -0.104495 1428160.0
101 -0.03995 8.83407e-05 1354.41 273.106 5.02413 5.02349 -0.129103 -0.123768 1428180.0
102 -0.03985 8.83416e-05 1354.41 273.102 5.02413 5.02356 -0.150158 -0.180426 1428210.0
103 -0.03975 8.83414e-05 1354.41 273.105 5.02416 5.02361 -0.141686 -0.173981 1428250.0
104 -0.03965 8.83405e-05 1354.41 273.105 5.0241 5.02346 -0.139147 -0.127906 1428220.0
105 -0.03955 8.83414e-05 1354.41 273.104 5.02414 5.02348 -0.120853 -0.13929 1428210.0
106 -0.03945 8.83409e-05 1354.41 273.103 5.02409 5.02346 -0.130654 -0.150827 1428180.0
107 -0.03935 8.83411e-05 1354.41 273.105 5.02414 5.02339 -0.121984 -0.0945897 1428170.0
108 -0.03925 8.83413e-05 1354.41 273.103 5.02411 5.02336 -0.113007 -0.0975721 1428130.0
109 -0.03915 8.83406e-05 1354.41 273.103 5.02408 5.02335 -0.130551 -0.0806539 1428160.0
110 -0.03905 8.83408e-05 1354.41 273.105 5.02413 5.02349 -0.15719 -0.102992 1428240.0
111 -0.03895 8.83413e-05 1354.41 273.102 5.02409 5.02351 -0.138941 -0.114149 1428230.0
112 -0.03885 8.83405e-05 1354.41 273.103 5.02408 5.02356 -0.145935 -0.133535 1428260.0
113 -0.03875 8.83411e-05 1354.41 273.104 5.02412 5.02353 -0.15498 -0.140471 1428280.0
114 -0.03865 8.8341e-05 1354.41 273.105 5.02414 5.02351 -0.154835 -0.115765 1428240.0
115 -0.03855 8.83408e-05 1354.41 273.103 5.02409 5.02354 -0.142378 -0.159997 1428290.0
116 -0.03845 8.83413e-05 1354.41 273.106 5.02418 5.02364 -0.166131 -0.150543 1428340.0
117 -0.03835 8.83408e-05 1354.41 273.104 5.02411 5.02349 -0.192387 -0.200473 1428270.0
118 -0.03825 8.83415e-05 1354.41 273.106 5.02419 5.02357 -0.168076 -0.162542 1428320.0
119 -0.03815 8.83411e-05 1354.41 273.105 5.02415 5.02366 -0.181316 -0.237799 1428350.0
120 -0.03805 8.83413e-05 1354.41 273.106 5.02418 5.02374 -0.192189 -0.252023 1428410.0
121 -0.03795 8.83417e-05 1354.41 273.105 5.02418 5.02374 -0.226263 -0.303731 1428410.0
122 -0.03785 8.8341e-05 1354.41 273.107 5.02418 5.02382 -0.244604 -0.341727 1428470.0
123 -0.03775 8.83422e-05 1354.41 273.107 5.02425 5.02392 -0.259104 -0.361212 1428580.0
124 -0.03765 8.83407e-05 1354.41 273.107 5.02415 5.02383 -0.273077 -0.399398 1428550.0
125 -0.03755 8.83419e-05 1354.41 273.109 5.02427 5.02404 -0.259044 -0.387615 1428720.0
126 -0.03745 8.83404e-05 1354.41 273.106 5.02413 5.02387 -0.239746 -0.316267 1428580.0
127 -0.03735 8.83417e-05 1354.41 273.107 5.02421 5.02387 -0.215276 -0.289935 1428580.0
128 -0.03725 8.83411e-05 1354.41 273.105 5.02415 5.02373 -0.219474 -0.301339 1428530.0
129 -0.03715 8.83405e-05 1354.41 273.107 5.02415 5.02375 -0.225426 -0.288299 1428590.0
130 -0.03705 8.83415e-05 1354.41 273.106 5.0242 5.02379 -0.251686 -0.307874 1428610.0
131 -0.03695 8.83406e-05 1354.41 273.109 5.02418 5.02372 -0.260381 -0.30543 1428600.0
132 -0.03685 8.83409e-05 1354.41 273.106 5.02415 5.02374 -0.275795 -0.369678 1428630.0
133 -0.03675 8.83418e-05 1354.41 273.11 5.02427 5.02379 -0.264996 -0.335386 1428690.0
134 -0.03665 8.83413e-05 1354.41 273.108 5.0242 5.02379 -0.258509 -0.292751 1428670.0
135 -0.03655 8.83407e-05 1354.41 273.109 5.02419 5.02382 -0.275446 -0.322703 1428720.0
136 -0.03645 8.83416e-05 1354.4 273.105 5.02418 5.02384 -0.24962 -0.287902 1428670.0
137 -0.03635 8.83417e-05 1354.41 273.107 5.02422 5.02382 -0.234978 -0.21372 1428640.0
138 -0.03625 8.83411e-05 1354.41 273.108 5.0242 5.02378 -0.246896 -0.24289 1428620.0
139 -0.03615 8.83411e-05 1354.41 273.107 5.02417 5.0238 -0.251511 -0.26131 1428620.0
140 -0.03605 8.83414e-05 1354.41 273.107 5.0242 5.02379 -0.22825 -0.278588 1428640.0
141 -0.03595 8.83404e-05 1354.41 273.105 5.02411 5.02369 -0.231161 -0.317245 1428620.0
142 -0.03585 8.83414e-05 1354.41 273.108 5.02421 5.0238 -0.214132 -0.271122 1428690.0
143 -0.03575 8.83406e-05 1354.41 273.104 5.0241 5.02371 -0.218721 -0.261047 1428620.0
144 -0.03565 8.83411e-05 1354.41 273.107 5.02419 5.02375 -0.216378 -0.260126 1428680.0
145 -0.03555 8.83411e-05 1354.41 273.106 5.02417 5.02379 -0.186699 -0.239401 1428660.0
146 -0.03545 8.83407e-05 1354.41 273.103 5.02408 5.02371 -0.209097 -0.296354 1428620.0
147 -0.03535 8.83413e-05 1354.41 273.106 5.02417 5.02394 -0.205143 -0.299768 1428780.0
148 -0.03525 8.83413e-05 1354.4 273.107 5.02419 5.02392 -0.214482 -0.354202 1428810.0
149 -0.03515 8.83417e-05 1354.4 273.104 5.02417 5.02407 -0.213187 -0.338883 1428830.0
150 -0.03505 8.83415e-05 1354.4 273.105 5.02417 5.02414 -0.238936 -0.375302 1428890.0
151 -0.03495 8.83419e-05 1354.4 273.108 5.02424 5.02429 -0.254493 -0.436523 1428990.0
152 -0.03485 8.83415e-05 1354.4 273.108 5.02423 5.02432 -0.272147 -0.45191 1429050.0
153 -0.03475 8.83419e-05 1354.4 273.11 5.02429 5.0244 -0.289197 -0.493366 1429050.0
154 -0.03465 8.83422e-05 1354.4 273.11 5.02429 5.02435 -0.252818 -0.414153 1428990.0
155 -0.03455 8.83415e-05 1354.4 273.108 5.02422 5.02433 -0.24146 -0.352597 1428960.0
156 -0.03445 8.83415e-05 1354.4 273.107 5.0242 5.02419 -0.229594 -0.30551 1428950.0
157 -0.03435 8.83421e-05 1354.4 273.109 5.02429 5.02427 -0.22762 -0.274104 1429020.0
158 -0.03425 8.83413e-05 1354.4 273.107 5.02419 5.02417 -0.225609 -0.284425 1429000.0
159 -0.03415 8.83418e-05 1354.4 273.106 5.02421 5.0242 -0.221259 -0.274235 1429000.0
160 -0.03405 8.83419e-05 1354.4 273.107 5.02422 5.02425 -0.269844 -0.329313 1429040.0
161 -0.03395 8.83413e-05 1354.4 273.109 5.02423 5.02429 -0.271323 -0.334468 1429080.0
162 -0.03385 8.83417e-05 1354.4 273.108 5.02423 5.02426 -0.247182 -0.284793 1429080.0
163 -0.03375 8.8342e-05 1354.4 273.109 5.02426 5.02419 -0.296998 -0.338174 1429060.0
164 -0.03365 8.83413e-05 1354.4 273.107 5.0242 5.02414 -0.264808 -0.293871 1429040.0
165 -0.03355 8.83411e-05 1354.4 273.11 5.02424 5.02431 -0.286004 -0.313067 1429160.0
166 -0.03345 8.83418e-05 1354.4 273.109 5.02426 5.02426 -0.328361 -0.391579 1429200.0
167 -0.03335 8.83412e-05 1354.4 273.109 5.02422 5.0242 -0.28007 -0.312585 1429140.0
168 -0.03325 8.83405e-05 1354.4 273.109 5.02418 5.02419 -0.287636 -0.344335 1429180.0
169 -0.03315 8.83417e-05 1354.4 273.108 5.02423 5.02411 -0.31676 -0.376924 1429160.0
170 -0.03305 8.83409e-05 1354.4 273.109 5.0242 5.02414 -0.348128 -0.420513 1429250.0
171 -0.03295 8.83413e-05 1354.4 273.111 5.02426 5.02418 -0.332647 -0.393689 1429290.0
172 -0.03285 8.83411e-05 1354.4 273.109 5.02423 5.02421 -0.336831 -0.388648 1429320.0
173 -0.03275 8.83408e-05 1354.4 273.11 5.02422 5.02416 -0.344152 -0.38629 1429330.0
174 -0.03265 8.83412e-05 1354.4 273.109 5.02422 5.02413 -0.340133 -0.360531 1429300.0
175 -0.03255 8.83416e-05 1354.4 273.11 5.02427 5.02417 -0.329832 -0.33865 1429390.0
176 -0.03245 8.83408e-05 1354.4 273.109 5.02421 5.0242 -0.353159 -0.356475 1429490.0
177 -0.03235 8.83414e-05 1354.4 273.11 5.02426 5.02431 -0.367383 -0.431572 1429580.0
178 -0.03225 8.83406e-05 1354.4 273.109 5.0242 5.02424 -0.360051 -0.38456 1429550.0
179 -0.03215 8.83421e-05 1354.4 273.109 5.02428 5.02434 -0.32732 -0.375234 1429570.0
180 -0.03205 8.83416e-05 1354.4 273.112 5.0243 5.0244 -0.369369 -0.437215 1429680.0
181 -0.03195 8.8342e-05 1354.4 273.11 5.02429 5.02438 -0.369988 -0.464112 1429710.0
182 -0.03185 8.83413e-05 1354.4 273.111 5.02426 5.02448 -0.379049 -0.494383 1429790.0
183 -0.03175 8.83413e-05 1354.4 273.112 5.02428 5.0246 -0.396179 -0.555183 1429890.0
184 -0.03165 8.83419e-05 1354.4 273.111 5.02431 5.02474 -0.398671 -0.573429 1429980.0
185 -0.03155 8.83415e-05 1354.4 273.113 5.02431 5.0248 -0.43388 -0.665598 1430030.0
186 -0.03145 8.83416e-05 1354.4 273.113 5.02431 5.02471 -0.407315 -0.607482 1430080.0
187 -0.03135 8.83417e-05 1354.4 273.112 5.0243 5.02477 -0.415098 -0.593389 1430110.0
188 -0.03125 8.83422e-05 1354.4 273.112 5.02433 5.02481 -0.423871 -0.639792 1430160.0
189 -0.03115 8.83409e-05 1354.4 273.114 5.0243 5.02484 -0.450304 -0.642783 1430290.0
190 -0.03105 8.8342e-05 1354.4 273.114 5.02436 5.02492 -0.462261 -0.663341 1430360.0
191 -0.03095 8.83424e-05 1354.4 273.115 5.02439 5.02489 -0.506155 -0.694811 1430450.0
192 -0.03085 8.83419e-05 1354.4 273.117 5.02442 5.02496 -0.500699 -0.685949 1430480.0
193 -0.03075 8.8342e-05 1354.4 273.115 5.02437 5.02495 -0.487706 -0.68349 1430470.0
194 -0.03065 8.8342e-05 1354.4 273.115 5.02439 5.02489 -0.493417 -0.703757 1430540.0
195 -0.03055 8.83426e-05 1354.4 273.115 5.02441 5.02499 -0.528046 -0.723006 1430690.0
196 -0.03045 8.83421e-05 1354.4 273.117 5.02442 5.02494 -0.507755 -0.671489 1430700.0
197 -0.03035 8.8342e-05 1354.4 273.115 5.02439 5.02493 -0.541279 -0.717276 1430800.0
198 -0.03025 8.83423e-05 1354.4 273.117 5.02443 5.02497 -0.599544 -0.815171 1430990.0
199 -0.03015 8.83419e-05 1354.4 273.12 5.02446 5.02504 -0.626193 -0.85787 1431110.0
200 -0.03005 8.83425e-05 1354.39 273.119 5.02448 5.02496 -0.636224 -0.87783 1431070.0
201 -0.02995 8.83422e-05 1354.4 273.12 5.02448 5.02498 -0.64649 -0.895734 1431190.0
202 -0.02985 8.83419e-05 1354.4 273.12 5.02447 5.025 -0.73368 -1.02847 1431360.0
203 -0.02975 8.83422e-05 1354.4 273.12 5.02449 5.02499 -0.728703 -0.990925 1431370.0
204 -0.02965 8.83425e-05 1354.4 273.123 5.02455 5.02508 -0.748327 -1.06156 1431540.0
205 -0.02955 8.83423e-05 1354.39 273.122 5.02453 5.02505 -0.794657 -1.15339 1431720.0
206 -0.02945 8.83421e-05 1354.4 273.124 5.02455 5.02515 -0.842729 -1.22977 1431850.0
207 -0.02935 8.83422e-05 1354.39 273.126 5.0246 5.02522 -0.829248 -1.2213 1431930.0
208 -0.02925 8.83426e-05 1354.4 273.124 5.02457 5.02512 -0.833777 -1.20405 1431910.0
209 -0.02915 8.8342e-05 1354.4 273.126 5.02458 5.02514 -0.842017 -1.2284 1431970.0
210 -0.02905 8.83422e-05 1354.39 273.128 5.02463 5.02525 -0.911554 -1.31048 1432110.0
211 -0.02895 8.8342e-05 1354.39 273.127 5.0246 5.0253 -0.962766 -1.41785 1432350.0
212 -0.02885 8.83424e-05 1354.39 273.128 5.02465 5.02532 -0.933915 -1.37385 1432290.0
213 -0.02875 8.83426e-05 1354.39 273.127 5.02464 5.02541 -0.980726 -1.4472 1432520.0
214 -0.02865 8.83422e-05 1354.39 273.131 5.02468 5.02545 -0.996012 -1.49108 1432590.0
215 -0.02855 8.83429e-05 1354.39 273.132 5.02476 5.02556 -1.10848 -1.64588 1432930.0
216 -0.02845 8.8342e-05 1354.39 273.135 5.02474 5.02561 -1.13272 -1.72701 1433060.0
217 -0.02835 8.83424e-05 1354.39 273.131 5.0247 5.0256 -1.12026 -1.71102 1433050.0
218 -0.02825 8.83423e-05 1354.39 273.135 5.02477 5.0257 -1.19955 -1.78191 1433360.0
219 -0.02815 8.83424e-05 1354.39 273.136 5.02478 5.02565 -1.22959 -1.84544 1433510.0
220 -0.02805 8.83423e-05 1354.39 273.137 5.0248 5.02572 -1.2615 -1.86534 1433650.0
221 -0.02795 8.83426e-05 1354.39 273.139 5.02485 5.02576 -1.28897 -1.89646 1433840.0
222 -0.02785 8.8342e-05 1354.39 273.139 5.02482 5.0258 -1.3527 -2.0003 1434040.0
223 -0.02775 8.83418e-05 1354.39 273.139 5.02481 5.02572 -1.40178 -2.05155 1434130.0
224 -0.02765 8.83426e-05 1354.39 273.143 5.02493 5.02585 -1.47057 -2.1114 1434530.0
225 -0.02755 8.8342e-05 1354.39 273.144 5.02491 5.02601 -1.51126 -2.22992 1434820.0
226 -0.02745 8.83419e-05 1354.39 273.143 5.02488 5.02596 -1.59863 -2.37085 1435030.0
227 -0.02735 8.83423e-05 1354.39 273.147 5.02498 5.0261 -1.64246 -2.4584 1435280.0
228 -0.02725 8.8343e-05 1354.39 273.148 5.02504 5.02619 -1.6417 -2.47348 1435390.0
229 -0.02715 8.83414e-05 1354.39 273.15 5.02498 5.02615 -1.71018 -2.56671 1435720.0
230 -0.02705 8.83423e-05 1354.39 273.15 5.02504 5.02625 -1.76468 -2.67979 1435950.0
231 -0.02695 8.83425e-05 1354.39 273.152 5.02509 5.02626 -1.80412 -2.76958 1436110.0
232 -0.02685 8.83423e-05 1354.38 273.157 5.02518 5.02643 -1.9076 -2.9436 1436550.0
233 -0.02675 8.83428e-05 1354.39 273.158 5.02521 5.02648 -1.93395 -3.02353 1436750.0
234 -0.02665 8.83423e-05 1354.38 273.159 5.02521 5.0265 -2.01457 -3.1092 1437090.0
235 -0.02655 8.83423e-05 1354.38 273.16 5.02522 5.02648 -2.05875 -3.20187 1437320.0
236 -0.02645 8.83426e-05 1354.38 273.163 5.0253 5.02663 -2.16046 -3.33073 1437770.0
237 -0.02635 8.83419e-05 1354.38 273.165 5.02529 5.02656 -2.21394 -3.40635 1437930.0
238 -0.02625 8.83426e-05 1354.38 273.165 5.02533 5.02665 -2.27036 -3.47277 1438290.0
239 -0.02615 8.83418e-05 1354.38 273.166 5.02531 5.0265 -2.31301 -3.5388 1438450.0
240 -0.02605 8.83424e-05 1354.38 273.17 5.02542 5.02668 -2.40374 -3.64598 1438900.0
241 -0.02595 8.83428e-05 1354.38 273.172 5.02546 5.0267 -2.45516 -3.71711 1439230.0
242 -0.02585 8.83415e-05 1354.38 273.172 5.02541 5.02667 -2.6068 -3.88954 1439720.0
243 -0.02575 8.83431e-05 1354.38 273.177 5.02558 5.02679 -2.68335 -4.00779 1440090.0
244 -0.02565 8.8342e-05 1354.38 273.179 5.02557 5.0269 -2.79001 -4.13668 1440450.0
245 -0.02555 8.8343e-05 1354.38 273.182 5.02566 5.02704 -2.79574 -4.21056 1440750.0
246 -0.02545 8.83431e-05 1354.38 273.183 5.02569 5.02716 -2.94647 -4.46452 1441310.0
247 -0.02535 8.83424e-05 1354.38 273.187 5.02572 5.0272 -3.08561 -4.58447 1441740.0
248 -0.02525 8.83428e-05 1354.38 273.19 5.02581 5.02729 -3.15455 -4.70199 1442150.0
249 -0.02515 8.83431e-05 1354.38 273.194 5.0259 5.02747 -3.33778 -4.95559 1442850.0
250 -0.02505 8.83431e-05 1354.37 273.198 5.02596 5.02754 -3.46272 -5.07347 1443310.0
251 -0.02495 8.83427e-05 1354.37 273.198 5.02595 5.02758 -3.50712 -5.21895 1443700.0
252 -0.02485 8.83435e-05 1354.37 273.207 5.02616 5.02785 -3.70416 -5.51518 1444460.0
253 -0.02475 8.83431e-05 1354.37 273.205 5.02611 5.02789 -3.736 -5.61971 1444770.0
254 -0.02465 8.83433e-05 1354.37 273.211 5.02622 5.02808 -4.01631 -6.0283 1445670.0
255 -0.02455 8.83432e-05 1354.37 273.216 5.02631 5.02818 -4.08811 -6.13547 1446130.0
256 -0.02445 8.83436e-05 1354.37 273.221 5.02641 5.02837 -4.28439 -6.40819 1446910.0
257 -0.02435 8.83437e-05 1354.36 273.223 5.02646 5.02838 -4.3581 -6.53658 1447270.0
258 -0.02425 8.83432e-05 1354.37 273.229 5.02654 5.02853 -4.56305 -6.81467 1448030.0
259 -0.02415 8.83449e-05 1354.37 273.232 5.0267 5.02875 -4.69618 -7.00686 1448830.0
260 -0.02405 8.83439e-05 1354.36 273.241 5.0268 5.02893 -4.97523 -7.42727 1449750.0
261 -0.02395 8.83442e-05 1354.36 273.244 5.02688 5.02911 -5.12065 -7.68084 1450410.0
262 -0.02385 8.83447e-05 1354.36 273.25 5.02702 5.02926 -5.38209 -8.02799 1451450.0
263 -0.02375 8.83443e-05 1354.36 273.254 5.02707 5.02938 -5.50554 -8.27008 1452030.0
264 -0.02365 8.83455e-05 1354.36 273.258 5.02722 5.02967 -5.67904 -8.53576 1452870.0
265 -0.02355 8.83448e-05 1354.36 273.262 5.02724 5.02973 -5.85222 -8.77751 1453610.0
266 -0.02345 8.8345e-05 1354.36 273.272 5.02744 5.03004 -6.08011 -9.139 1454600.0
267 -0.02335 8.83448e-05 1354.35 273.276 5.02751 5.03026 -6.27345 -9.43891 1455560.0
268 -0.02325 8.83462e-05 1354.35 273.282 5.0277 5.03058 -6.58278 -9.89047 1456680.0
269 -0.02315 8.83446e-05 1354.35 273.295 5.02783 5.03077 -6.89248 -10.2616 1457990.0
270 -0.02305 8.83463e-05 1354.34 273.295 5.02794 5.03091 -7.06697 -10.5544 1458810.0
271 -0.02295 8.8346e-05 1354.35 273.303 5.02807 5.03115 -7.25965 -10.805 1459750.0
272 -0.02285 8.83461e-05 1354.34 273.311 5.02823 5.03149 -7.57799 -11.3231 1461050.0
273 -0.02275 8.83464e-05 1354.34 273.314 5.02829 5.03149 -7.68903 -11.4949 1461700.0
274 -0.02265 8.83463e-05 1354.34 273.326 5.02851 5.03185 -8.10528 -12.0684 1463390.0
275 -0.02255 8.83469e-05 1354.34 273.335 5.02871 5.03219 -8.40589 -12.5119 1464630.0
276 -0.02245 8.8347e-05 1354.33 273.349 5.02897 5.03273 -8.91937 -13.2804 1466550.0
277 -0.02235 8.83477e-05 1354.33 273.359 5.02919 5.03306 -9.31988 -13.8555 1468060.0
278 -0.02225 8.83476e-05 1354.32 273.375 5.02948 5.03356 -9.9346 -14.6783 1470410.0
279 -0.02215 8.83478e-05 1354.32 273.388 5.02973 5.03392 -10.2636 -15.1082 1471760.0
280 -0.02205 8.83477e-05 1354.32 273.393 5.02982 5.03411 -10.5524 -15.625 1473020.0
281 -0.02195 8.83477e-05 1354.31 273.406 5.03005 5.03466 -10.9817 -16.2946 1474890.0
282 -0.02185 8.83485e-05 1354.31 273.414 5.03026 5.03494 -11.3202 -16.7692 1476350.0
283 -0.02175 8.83491e-05 1354.31 273.425 5.0305 5.03529 -11.6794 -17.3355 1477960.0
284 -0.02165 8.83481e-05 1354.31 273.439 5.03069 5.03565 -12.1387 -18.0302 1479980.0
285 -0.02155 8.83495e-05 1354.3 273.448 5.03093 5.03613 -12.533 -18.6772 1481600.0
286 -0.02145 8.83488e-05 1354.3 273.465 5.0312 5.03646 -13.0226 -19.3559 1483630.0
287 -0.02135 8.83494e-05 1354.29 273.477 5.03147 5.03698 -13.6167 -20.2246 1485950.0
288 -0.02125 8.83496e-05 1354.29 273.498 5.03186 5.03766 -14.272 -21.212 1488700.0
289 -0.02115 8.83498e-05 1354.29 273.51 5.0321 5.03811 -14.7026 -21.8499 1490450.0
290 -0.02105 8.83502e-05 1354.28 273.521 5.03233 5.03848 -15.1933 -22.6156 1492530.0
291 -0.02095 8.83507e-05 1354.28 273.539 5.03267 5.03904 -15.7017 -23.3248 1494780.0
292 -0.02085 8.8352e-05 1354.27 273.56 5.03314 5.03973 -16.4251 -24.414 1497680.0
293 -0.02075 8.83501e-05 1354.26 273.582 5.03344 5.0403 -17.2463 -25.5189 1500840.0
294 -0.02065 8.83527e-05 1354.26 273.596 5.03384 5.04095 -17.8395 -26.4488 1503350.0
295 -0.02055 8.83518e-05 1354.26 273.621 5.03425 5.04166 -18.6161 -27.5235 1506600.0
296 -0.02045 8.83529e-05 1354.25 273.636 5.03458 5.04211 -19.1503 -28.3316 1509020.0
297 -0.02035 8.83529e-05 1354.24 273.655 5.03493 5.04274 -19.9052 -29.4418 1512220.0
298 -0.02025 8.83535e-05 1354.24 273.677 5.03539 5.04354 -20.7011 -30.681 1515490.0
299 -0.02015 8.83535e-05 1354.24 273.698 5.03577 5.04416 -21.4411 -31.7245 1518670.0
300 -0.02005 8.83544e-05 1354.22 273.727 5.03634 5.0451 -22.4182 -33.1332 1522640.0
301 -0.01995 8.83549e-05 1354.22 273.744 5.03669 5.04571 -23.1069 -34.241 1525750.0
302 -0.01985 8.83556e-05 1354.21 273.775 5.0373 5.04671 -24.2362 -35.804 1530030.0
303 -0.01975 8.83561e-05 1354.2 273.8 5.03779 5.04759 -25.1173 -37.0572 1533910.0
304 -0.01965 8.83566e-05 1354.2 273.833 5.03842 5.04861 -26.2173 -38.6441 1538180.0
305 -0.01955 8.83574e-05 1354.19 273.864 5.03904 5.04969 -27.352 -40.3873 1542850.0
306 -0.01945 8.83569e-05 1354.18 273.885 5.03939 5.05033 -28.1226 -41.4417 1546320.0
307 -0.01935 8.83579e-05 1354.17 273.923 5.04016 5.05163 -29.4939 -43.4067 1551770.0
308 -0.01925 8.83589e-05 1354.16 273.951 5.04073 5.05259 -30.4489 -44.9141 1555940.0
309 -0.01915 8.83595e-05 1354.15 273.984 5.04136 5.05376 -31.734 -46.8284 1561330.0
310 -0.01905 8.83602e-05 1354.15 274.022 5.04211 5.05495 -32.9572 -48.5566 1566370.0
311 -0.01895 8.83601e-05 1354.13 274.053 5.04266 5.056 -34.1852 -50.4601 1571640.0
312 -0.01885 8.83615e-05 1354.12 274.088 5.0434 5.05719 -35.497 -52.3829 1577110.0
313 -0.01875 8.8362e-05 1354.11 274.131 5.04421 5.05855 -36.8822 -54.4167 1583010.0
314 -0.01865 8.83634e-05 1354.1 274.171 5.04502 5.05983 -38.3983 -56.6805 1589200.0
315 -0.01855 8.83628e-05 1354.09 274.217 5.04584 5.06128 -40.0514 -59.0746 1595910.0
316 -0.01845 8.83647e-05 1354.07 274.266 5.04686 5.06301 -41.8774 -61.7972 1603120.0
317 -0.01835 8.83648e-05 1354.06 274.307 5.04761 5.06428 -43.3131 -63.9706 1609600.0
318 -0.01825 8.83662e-05 1354.05 274.366 5.04878 5.06626 -45.2866 -66.7404 1617090.0
319 -0.01815 8.83677e-05 1354.03 274.41 5.04967 5.06792 -47.0317 -69.5067 1624620.0
320 -0.01805 8.83677e-05 1354.02 274.471 5.05079 5.06992 -49.1474 -72.6137 1633270.0
321 -0.01795 8.83685e-05 1354.01 274.515 5.05164 5.07133 -50.7499 -74.9649 1640180.0
322 -0.01785 8.83695e-05 1353.99 274.572 5.05275 5.07317 -52.7072 -77.8015 1648340.0
323 -0.01775 8.83713e-05 1353.97 274.629 5.0539 5.07515 -54.8686 -80.9748 1657130.0
324 -0.01765 8.83718e-05 1353.95 274.699 5.05524 5.07757 -57.3387 -84.6216 1667290.0
325 -0.01755 8.83729e-05 1353.94 274.753 5.05628 5.07938 -59.311 -87.6405 1675690.0
326 -0.01745 8.83742e-05 1353.92 274.817 5.05753 5.08153 -61.5775 -91.0309 1685300.0
327 -0.01735 8.8376e-05 1353.9 274.893 5.05903 5.08403 -64.3305 -94.8544 1696260.0
328 -0.01725 8.83765e-05 1353.88 274.956 5.06022 5.08625 -66.6084 -98.5805 1706150.0
329 -0.01715 8.83786e-05 1353.86 275.033 5.06175 5.0889 -69.4054 -102.677 1717440.0
330 -0.01705 8.83794e-05 1353.83 275.118 5.06338 5.09156 -72.3394 -106.912 1729350.0
331 -0.01695 8.8381e-05 1353.81 275.199 5.06496 5.09438 -75.3648 -111.397 1741700.0
332 -0.01685 8.83831e-05 1353.79 275.28 5.06657 5.09714 -78.2309 -115.662 1753860.0
333 -0.01675 8.8384e-05 1353.76 275.358 5.06805 5.09988 -81.1203 -120.245 1766300.0
334 -0.01665 8.83859e-05 1353.74 275.447 5.0698 5.10275 -84.1674 -124.66 1779030.0
335 -0.01655 8.83873e-05 1353.72 275.53 5.07141 5.1057 -87.2464 -129.579 1791940.0
336 -0.01645 8.83899e-05 1353.69 275.639 5.07356 5.10934 -91.0634 -135.075 1807520.0
337 -0.01635 8.83918e-05 1353.66 275.741 5.07556 5.1127 -94.8194 -140.432 1822770.0
338 -0.01625 8.83931e-05 1353.63 275.85 5.07763 5.11636 -98.7114 -146.395 1838820.0
339 -0.01615 8.83955e-05 1353.6 275.957 5.07974 5.11999 -102.525 -152.014 1854820.0
340 -0.01605 8.83975e-05 1353.56 276.077 5.08207 5.12393 -106.796 -158.36 1872180.0
341 -0.01595 8.83998e-05 1353.53 276.197 5.08441 5.12806 -111.235 -164.984 1890650.0
342 -0.01585 8.84015e-05 1353.5 276.322 5.0868 5.13193 -115.517 -171.097 1908080.0
343 -0.01575 8.84045e-05 1353.46 276.446 5.08926 5.13625 -120.202 -178.176 1927710.0
344 -0.01565 8.84063e-05 1353.42 276.579 5.09182 5.14062 -124.807 -185.051 1946930.0
345 -0.01555 8.84095e-05 1353.38 276.724 5.09466 5.14569 -129.928 -193.016 1967950.0
346 -0.01545 8.84129e-05 1353.34 276.893 5.09797 5.15141 -136.047 -201.883 1992210.0
347 -0.01535 8.84148e-05 1353.29 277.035 5.1007 5.15591 -141.13 -209.31 2013470.0
348 -0.01525 8.84181e-05 1353.26 277.187 5.10369 5.1611 -146.603 -217.734 2036790.0
349 -0.01515 8.84209e-05 1353.2 277.357 5.10698 5.16685 -152.701 -226.749 2061120.0
350 -0.01505 8.84251e-05 1353.15 277.541 5.1106 5.17311 -159.221 -236.586 2087980.0
351 -0.01495 8.84277e-05 1353.11 277.701 5.1137 5.17841 -165.06 -245.422 2112520.0
352 -0.01485 8.84309e-05 1353.05 277.904 5.11763 5.18513 -172.21 -255.751 2141280.0
353 -0.01475 8.84345e-05 1352.99 278.113 5.12169 5.19223 -179.687 -266.799 2171780.0
354 -0.01465 8.84389e-05 1352.94 278.306 5.12549 5.19883 -186.613 -277.29 2200520.0
355 -0.01455 8.84421e-05 1352.88 278.511 5.12946 5.20575 -194.036 -288.399 2231440.0
356 -0.01445 8.8447e-05 1352.81 278.754 5.13421 5.21383 -202.672 -300.846 2266070.0
357 -0.01435 8.84504e-05 1352.74 278.99 5.13876 5.22166 -211.057 -313.224 2300420.0
358 -0.01425 8.84557e-05 1352.68 279.243 5.14372 5.23002 -220.226 -326.335 2337250.0
359 -0.01415 8.84606e-05 1352.6 279.504 5.14883 5.23913 -229.476 -340.56 2375520.0
360 -0.01405 8.84654e-05 1352.52 279.766 5.15393 5.24825 -238.916 -354.802 2414050.0
361 -0.01395 8.84699e-05 1352.45 280.027 5.159 5.25719 -248.258 -369.209 2453260.0
362 -0.01385 8.84757e-05 1352.36 280.327 5.16486 5.26715 -258.985 -384.66 2496370.0
363 -0.01375 8.84808e-05 1352.28 280.627 5.17069 5.27727 -269.664 -400.502 2540270.0
364 -0.01365 8.84869e-05 1352.19 280.92 5.17645 5.28749 -280.144 -416.645 2583970.0
365 -0.01355 8.84941e-05 1352.09 281.268 5.18327 5.29948 -292.678 -435.255 2634730.0
366 -0.01345 8.85001e-05 1351.99 281.62 5.19012 5.31137 -305.207 -453.883 2685210.0
367 -0.01335 8.85063e-05 1351.89 281.985 5.19721 5.32373 -318.392 -473.259 2738930.0
368 -0.01325 8.85139e-05 1351.79 282.333 5.20407 5.33594 -330.756 -492.308 2790040.0
369 -0.01315 8.85214e-05 1351.67 282.762 5.21241 5.35028 -346.144 -514.377 2851460.0
370 -0.01305 8.85293e-05 1351.55 283.171 5.22042 5.3643 -360.716 -536.317 2910650.0
371 -0.01295 8.85378e-05 1351.42 283.616 5.22912 5.37951 -376.584 -559.773 2974580.0
372 -0.01285 8.85452e-05 1351.29 284.069 5.23792 5.39467 -392.784 -583.602 3040390.0
373 -0.01275 8.85543e-05 1351.17 284.513 5.24664 5.40993 -408.789 -607.672 3106270.0
374 -0.01265 8.85626e-05 1351.03 284.994 5.256 5.42632 -425.973 -633.477 3176380.0
375 -0.01255 8.85729e-05 1350.88 285.506 5.26607 5.44381 -444.293 -660.651 3250630.0
376 -0.01245 8.85823e-05 1350.73 286.035 5.27638 5.46182 -463.099 -688.648 3326950.0
377 -0.01235 8.85941e-05 1350.57 286.621 5.2879 5.48189 -484.078 -719.527 3410750.0
378 -0.01225 8.8604e-05 1350.4 287.189 5.29895 5.50161 -504.271 -750.186 3493250.0
379 -0.01215 8.86151e-05 1350.23 287.772 5.31038 5.52145 -525.26 -781.507 3579630.0
380 -0.01205 8.86263e-05 1350.06 288.381 5.32231 5.54224 -546.962 -813.957 3667710.0
381 -0.01195 8.86392e-05 1349.87 289.053 5.33547 5.56542 -570.852 -849.522 3763910.0
382 -0.01185 8.86526e-05 1349.66 289.765 5.34944 5.58988 -596.52 -887.616 3867170.0
383 -0.01175 8.86651e-05 1349.47 290.448 5.36279 5.61327 -620.568 -923.843 3965450.0
384 -0.01165 8.86802e-05 1349.24 291.242 5.37837 5.64029 -649.093 -965.495 4079130.0
385 -0.01155 8.86948e-05 1349.02 292.004 5.39333 5.6661 -676.216 -1005.64 4189570.0
386 -0.01145 8.87097e-05 1348.79 292.806 5.40905 5.69399 -704.765 -1048.74 4305120.0
387 -0.01135 8.87262e-05 1348.53 293.707 5.4267 5.72479 -737.061 -1096.19 4433780.0
388 -0.01125 8.87438e-05 1348.27 294.61 5.44448 5.75639 -769.1 -1144.55 4563070.0
389 -0.01115 8.87613e-05 1348.01 295.524 5.46242 5.78757 -801.658 -1193.07 4695160.0
390 -0.01105 8.87811e-05 1347.71 296.548 5.48259 5.82284 -838.132 -1246.91 4840510.0
391 -0.01095 8.87988e-05 1347.43 297.538 5.50198 5.85649 -873.407 -1299.21 4983570.0
392 -0.01085 8.88206e-05 1347.11 298.651 5.52392 5.89522 -913.009 -1358.04 5141530.0
393 -0.01075 8.8842e-05 1346.79 299.743 5.54546 5.93325 -951.885 -1416.57 5298700.0
394 -0.01065 8.88647e-05 1346.45 300.918 5.56861 5.97393 -993.612 -1478.8 5466420.0
395 -0.01055 8.88877e-05 1346.09 302.169 5.59321 6.01701 -1038.04 -1544.6 5644120.0
396 -0.01045 8.89123e-05 1345.72 303.439 5.61828 6.06088 -1083.17 -1611.89 5825800.0
397 -0.01035 8.89374e-05 1345.34 304.763 5.64439 6.10691 -1130.36 -1682.64 6015790.0
398 -0.01025 8.89649e-05 1344.92 306.188 5.67253 6.15627 -1180.85 -1757.35 6217080.0
399 -0.01015 8.89934e-05 1344.49 307.677 5.70194 6.20804 -1233.88 -1836.28 6428310.0
400 -0.01005 8.90234e-05 1344.04 309.221 5.7325 6.26186 -1288.45 -1917.71 6646680.0
401 -0.00995 8.90546e-05 1343.57 310.813 5.76401 6.31757 -1345.01 -2002.66 6873680.0
402 -0.00985 8.9087e-05 1343.08 312.499 5.7974 6.37652 -1404.62 -2091.56 7111420.0
403 -0.00975 8.91193e-05 1342.59 314.166 5.83042 6.43454 -1463.66 -2180.39 7350070.0
404 -0.00965 8.9155e-05 1342.06 316.008 5.86698 6.49837 -1529.04 -2277.2 7610860.0
405 -0.00955 8.91929e-05 1341.49 317.945 5.90543 6.56644 -1597.47 -2379.3 7883210.0
406 -0.00945 8.92315e-05 1340.9 319.964 5.9455 6.63651 -1668.81 -2484.84 8166500.0
407 -0.00935 8.92737e-05 1340.27 322.101 5.98806 6.712 -1744.23 -2597.56 8465680.0
408 -0.00925 8.93172e-05 1339.62 324.321 6.03225 6.78963 -1822.76 -2714.07 8777350.0
409 -0.00915 8.93623e-05 1338.95 326.591 6.07754 6.86918 -1902.71 -2833.4 9096020.0
410 -0.00905 8.94093e-05 1338.24 329.016 6.12589 6.95438 -1988.2 -2960.46 9434940.0
411 -0.00895 8.94585e-05 1337.5 331.531 6.17611 7.04286 -2076.8 -3092.6 9786660.0
412 -0.00885 8.95113e-05 1336.72 334.166 6.22888 7.13599 -2169.66 -3231.04 10155100.0
413 -0.00875 8.95646e-05 1335.92 336.867 6.28296 7.23198 -2264.37 -3373.67 10532300.0
414 -0.00865 8.9623e-05 1335.06 339.777 6.34138 7.33451 -2366.8 -3525.31 10937200.0
415 -0.00855 8.96833e-05 1334.16 342.804 6.40218 7.44195 -2473.25 -3683.94 11358200.0
416 -0.00845 8.97446e-05 1333.24 345.925 6.46488 7.55134 -2582.35 -3845.37 11789900.0
417 -0.00835 8.98122e-05 1332.24 349.293 6.53273 7.67079 -2700.49 -4020.2 12254300.0
418 -0.00825 8.9882e-05 1331.19 352.811 6.60367 7.79576 -2823.82 -4202.84 12739100.0
419 -0.00815 8.9955e-05 1330.12 356.421 6.67665 7.92402 -2949.77 -4390.12 13236200.0
420 -0.00805 9.00324e-05 1328.98 360.238 6.75396 8.06011 -3082.97 -4587.79 13759600.0
421 -0.00795 9.01148e-05 1327.76 364.293 6.83623 8.20565 -3224.38 -4797.85 14313500.0
422 -0.00785 9.01989e-05 1326.53 368.424 6.92019 8.35324 -3368.28 -5011.56 14880100.0
423 -0.00775 9.02874e-05 1325.24 372.739 7.00812 8.50804 -3518.18 -5234.42 15469200.0
424 -0.00765 9.03806e-05 1323.86 377.322 7.1016 8.672 -3677.2 -5469.21 16090700.0
425 -0.00755 9.04789e-05 1322.42 382.108 7.19951 8.84384 -3843.21 -5714.47 16740200.0
426 -0.00745 9.05808e-05 1320.94 386.986 7.29964 9.02129 -4011.78 -5967.47 17404900.0
427 -0.00735 9.06929e-05 1319.3 392.363 7.41022 9.21658 -4197.33 -6241.75 18124500.0
428 -0.00725 9.0807e-05 1317.64 397.87 7.52367 9.41538 -4387.36 -6522.02 18865300.0
429 -0.00715 9.09269e-05 1315.91 403.548 7.64112 9.62194 -4582.25 -6811.28 19626500.0
430 -0.00705 9.10519e-05 1314.09 409.54 7.76524 9.83879 -4787.99 -7114.14 20427400.0
431 -0.00695 9.11852e-05 1312.17 415.802 7.89552 10.0686 -5002.38 -7432.45 21262500.0
432 -0.00685 9.1328e-05 1310.13 422.464 8.03457 10.3123 -5230.16 -7767.87 22144700.0
433 -0.00675 9.14744e-05 1308.02 429.363 8.17888 10.5645 -5465.33 -8113.37 23055600.0
434 -0.00665 9.16313e-05 1305.79 436.601 8.33102 10.8311 -5711.61 -8476.01 24008300.0
435 -0.00655 9.17959e-05 1303.45 444.149 8.49027 11.1106 -5967.34 -8853.38 24996900.0
436 -0.00645 9.19683e-05 1301.0 452.049 8.65751 11.4033 -6234.23 -9245.83 26026900.0
437 -0.00635 9.21519e-05 1298.4 460.363 8.83434 11.7134 -6514.17 -9657.71 27104500.0
438 -0.00625 9.23407e-05 1295.75 468.865 9.01594 12.0304 -6799.65 -10078.1 28208500.0
439 -0.00615 9.2543e-05 1292.9 477.938 9.21052 12.3699 -7103.15 -10522.4 29373400.0
440 -0.00605 9.27565e-05 1289.95 487.35 9.41359 12.724 -7417.33 -10983.0 30581500.0
441 -0.00595 9.29777e-05 1286.87 497.102 9.62485 13.091 -7741.01 -11456.5 31825200.0
442 -0.00585 9.32149e-05 1283.59 507.431 9.84992 13.4826 -8082.63 -11955.8 33133400.0
443 -0.00575 9.34645e-05 1280.16 518.173 10.0854 13.8922 -8435.98 -12472.2 34485000.0
444 -0.00565 9.37278e-05 1276.57 529.389 10.3327 14.3215 -8803.83 -13008.4 35891700.0
445 -0.00555 9.40051e-05 1272.8 541.118 10.5929 14.7713 -9186.09 -13563.0 37349000.0
446 -0.00545 9.42992e-05 1268.85 553.359 10.8664 15.2446 -9583.1 -14139.9 38863200.0
447 -0.00535 9.46068e-05 1264.69 566.124 11.1533 15.7398 -9995.0 -14736.4 40431700.0
448 -0.00525 9.49318e-05 1260.38 579.332 11.4527 16.2551 -10418.1 -15348.2 42041500.0
449 -0.00515 9.52782e-05 1255.8 593.248 11.7706 16.8028 -10861.3 -15987.8 43723000.0
450 -0.00505 9.56438e-05 1251.0 607.767 12.105 17.3765 -11320.7 -16648.1 45463500.0
451 -0.00495 9.60249e-05 1246.02 622.765 12.4531 17.9705 -11792.0 -17322.8 47251300.0
452 -0.00485 9.64303e-05 1240.79 638.426 12.8202 18.5956 -12279.8 -18019.4 49098700.0
453 -0.00475 9.68603e-05 1235.27 654.767 13.2069 19.2543 -12784.8 -18739.0 51008500.0
454 -0.00465 9.73123e-05 1229.55 671.676 13.6112 19.938 -13302.9 -19473.0 52969600.0
455 -0.00455 9.77908e-05 1223.53 689.278 14.0366 20.6571 -13837.3 -20228.7 54992100.0
456 -0.00445 9.82949e-05 1217.24 707.555 14.4831 21.4079 -14385.6 -20999.3 57065500.0
457 -0.00435 9.88317e-05 1210.64 726.516 14.9524 22.1966 -14949.1 -21791.0 59200800.0
458 -0.00425 9.93959e-05 1203.77 746.056 15.4422 23.0178 -15522.6 -22595.4 61381100.0
459 -0.00415 9.99936e-05 1196.57 766.436 15.9595 23.877 -16112.6 -23411.8 63616600.0
460 -0.00405 0.000100624 1189.07 787.448 16.5004 24.7727 -16713.4 -24241.3 65904700.0
461 -0.00395 0.000101296 1181.19 809.232 17.0701 25.714 -17326.6 -25083.2 68243200.0
462 -0.00385 0.000102004 1172.98 831.724 17.6672 26.6943 -17949.8 -25932.7 70629700.0
463 -0.00375 0.000102754 1164.43 854.85 18.2919 27.7157 -18579.3 -26786.1 73053200.0
464 -0.00365 0.000103545 1155.53 878.708 18.9472 28.7784 -19216.9 -27641.3 75519200.0
465 -0.00355 0.000104384 1146.24 903.244 19.6339 29.8878 -19858.4 -28495.9 78020600.0
466 -0.00345 0.000105268 1136.62 928.384 20.3514 31.0366 -20503.0 -29344.2 80556100.0
467 -0.00335 0.000106211 1126.52 954.341 21.1078 32.2428 -21150.5 -30187.6 83126300.0
468 -0.00325 0.000107199 1116.15 980.638 21.8911 33.4812 -21789.9 -31012.8 85705400.0
469 -0.00315 0.000108246 1105.35 1007.61 22.7128 34.771 -22426.4 -31822.4 88309700.0
470 -0.00305 0.000109357 1094.1 1035.26 23.5757 36.1137 -23057.9 -32610.7 90936300.0
471 -0.00295 0.000110531 1082.49 1063.3 24.4744 37.5009 -23676.1 -33370.4 93569500.0
472 -0.00285 0.000111771 1070.48 1091.93 25.4151 38.935 -24283.4 -34095.0 96215300.0
473 -0.00275 0.000113085 1058.04 1120.91 26.3964 40.4205 -24869.7 -34780.9 98857000.0
474 -0.00265 0.000114471 1045.23 1150.27 27.42 41.95 -25435.8 -35420.8 101501000.0
475 -0.00255 0.000115936 1032.01 1179.95 28.4874 43.5286 -25976.5 -36010.0 104142000.0
476 -0.00245 0.000117484 1018.43 1209.74 29.5965 45.1499 -26484.6 -36541.1 106765000.0
477 -0.00235 0.000119126 1004.38 1239.79 30.7554 46.8271 -26957.5 -37006.8 109374000.0
478 -0.00225 0.000120842 990.121 1269.76 31.9527 48.5301 -27394.3 -37405.5 111972000.0
479 -0.00215 0.000122663 975.417 1299.81 33.2021 50.2856 -27787.3 -37725.9 114553000.0
480 -0.00205 0.000124578 960.425 1329.74 34.4969 52.0758 -28135.3 -37966.4 117117000.0
481 -0.00195 0.000126593 945.141 1359.47 35.8383 53.9012 -28432.2 -38120.6 119663000.0
482 -0.00185 0.000128714 929.564 1388.83 37.2258 55.7603 -28671.7 -38182.9 122181000.0
483 -0.00175 0.000130951 913.684 1417.95 38.6669 57.6565 -28855.6 -38148.4 124690000.0
484 -0.00165 0.0001333 897.576 1446.54 40.154 59.5792 -28975.9 -38015.0 127178000.0
485 -0.00155 0.000135757 881.331 1474.51 41.6849 61.5193 -29033.7 -37786.2 129656000.0
486 -0.00145 0.000138335 864.912 1501.8 43.2628 63.4803 -29025.1 -37456.6 132126000.0
487 -0.00135 0.000141027 848.391 1528.43 44.887 65.452 -28950.7 -37024.0 134590000.0
488 -0.00125 0.000143842 831.8 1554.09 46.5512 67.4329 -28803.5 -36493.4 137042000.0
489 -0.00115 0.000146784 815.123 1579.03 48.2657 69.4247 -28592.4 -35864.5 139514000.0
490 -0.00105 0.000149845 798.464 1602.97 50.0193 71.4132 -28309.4 -35140.5 141980000.0
491 -0.00095 0.000153015 781.929 1625.84 51.806 73.3893 -27964.8 -34338.5 144469000.0
492 -0.00085 0.000156322 765.384 1647.69 53.6372 75.3641 -27548.1 -33438.1 146959000.0
493 -0.00075 0.000159734 749.033 1668.37 55.4957 77.317 -27070.1 -32470.5 149467000.0
494 -0.00065 0.000163269 732.819 1687.92 57.3887 79.2544 -26528.5 -31427.4 151994000.0
495 -0.00055 0.000166914 716.813 1706.45 59.3141 81.1661 -25935.9 -30324.1 154548000.0
496 -0.00045 0.000170663 701.066 1723.91 61.2663 83.0465 -25292.1 -29166.4 157125000.0
497 -0.00035 0.000174507 685.625 1740.15 63.2364 84.8927 -24601.4 -27972.1 159724000.0
498 -0.00025 0.000178428 670.549 1755.15 65.2148 86.6936 -23867.4 -26751.8 162335000.0
499 -0.00015 0.000182429 655.848 1769.13 67.2081 88.4517 -23101.7 -25508.7 164965000.0
500 -5e-05 0.000186498 641.536 1781.98 69.2065 90.1616 -22302.3 -24248.8 167594000.0
501 5e-05 0.000190629 627.627 1793.74 71.2065 91.8246 -21476.4 -22988.7 170233000.0
502 0.00015 0.00019479 614.23 1804.6 73.2009 93.4292 -20640.3 -21743.4 172873000.0
503 0.00025 0.000198985 601.276 1814.44 75.1854 94.9788 -19788.1 -20508.3 175500000.0
504 0.00035 0.000203205 588.787 1823.39 77.1584 96.4723 -18927.9 -19293.1 178110000.0
505 0.00045 0.000207423 576.817 1831.47 79.1091 97.9067 -18066.7 -18112.8 180704000.0
506 0.00055 0.000211639 565.324 1838.85 81.0423 99.2834 -17210.7 -16961.0 183266000.0
507 0.00065 0.000215844 554.307 1845.46 82.9496 100.603 -16358.0 -15842.0 185790000.0
508 0.00075 0.000219994 543.849 1851.29 84.8117 101.857 -15518.8 -14778.5 188266000.0
509 0.00085 0.000224104 533.877 1856.55 86.6417 103.054 -14694.9 -13758.0 190693000.0
510 0.00095 0.000228115 524.486 1861.28 88.4168 104.179 -13900.6 -12804.8 193054000.0
511 0.00105 0.000232057 515.578 1865.52 90.1495 105.251 -13127.9 -11899.4 195358000.0
512 0.00115 0.000235922 507.131 1869.22 91.8333 106.265 -12375.2 -11039.4 197589000.0
513 0.00125 0.000239702 499.135 1872.53 93.4696 107.225 -11647.7 -10225.1 199747000.0
514 0.00135 0.000243374 491.598 1875.37 95.0451 108.132 -10945.5 -9462.66 201833000.0
515 0.00145 0.000246926 484.528 1877.8 96.5573 108.982 -10270.1 -8748.49 203823000.0
516 0.00155 0.000250349 477.903 1880.08 98.0148 109.78 -9632.83 -8090.64 205746000.0
517 0.00165 0.000253627 471.726 1882.0 99.3994 110.525 -9026.74 -7487.31 207577000.0
518 0.00175 0.000256792 465.906 1883.81 100.737 111.226 -8451.62 -6918.9 209332000.0
519 0.00185 0.000259796 460.524 1885.33 101.997 111.875 -7910.33 -6405.74 210996000.0
520 0.00195 0.000262701 455.43 1886.6 103.207 112.49 -7388.62 -5915.41 212586000.0
521 0.00205 0.000265455 450.705 1887.7 104.35 113.06 -6898.89 -5467.63 214085000.0
522 0.00215 0.00026807 446.311 1888.69 105.433 113.592 -6440.91 -5059.81 215511000.0
523 0.00225 0.000270565 442.191 1889.56 106.464 114.089 -6006.76 -4673.59 216857000.0
524 0.00235 0.000272881 438.439 1890.26 107.415 114.543 -5606.88 -4342.81 218123000.0
525 0.00245 0.000275111 434.889 1890.77 108.322 114.973 -5220.88 -4017.86 219312000.0
526 0.00255 0.000277195 431.617 1891.29 109.173 115.368 -4864.47 -3724.69 220434000.0
527 0.00265 0.000279147 428.598 1891.77 109.969 115.733 -4535.44 -3459.78 221483000.0
528 0.00275 0.000281009 425.759 1892.14 110.724 116.078 -4222.89 -3207.99 222482000.0
529 0.00285 0.000282751 423.137 1892.36 111.424 116.394 -3926.77 -2973.51 223405000.0
530 0.00295 0.000284371 420.723 1892.53 112.073 116.688 -3654.33 -2765.03 224278000.0
531 0.00305 0.00028587 418.517 1892.79 112.678 116.956 -3406.27 -2579.12 225091000.0
532 0.00315 0.000287283 416.461 1892.9 113.242 117.205 -3171.97 -2406.83 225851000.0
533 0.00325 0.000288616 414.534 1892.99 113.773 117.439 -2951.44 -2240.43 226569000.0
534 0.00335 0.000289865 412.75 1893.05 114.269 117.655 -2745.88 -2084.28 227231000.0
535 0.00345 0.000291016 411.115 1893.01 114.72 117.855 -2553.17 -1944.21 227852000.0
536 0.00355 0.000292086 409.614 1893.02 115.143 118.037 -2377.25 -1815.08 228427000.0
537 0.00365 0.00029307 408.233 1893.08 115.534 118.205 -2216.68 -1700.08 228969000.0
538 0.00375 0.00029398 406.971 1893.11 115.895 118.358 -2070.89 -1598.52 229473000.0
539 0.00385 0.000294852 405.769 1892.98 116.23 118.504 -1924.41 -1489.7 229943000.0
540 0.00395 0.000295644 404.682 1892.91 116.538 118.637 -1793.91 -1396.64 230379000.0
541 0.00405 0.000296389 403.665 1892.9 116.831 118.76 -1672.74 -1308.62 230794000.0
542 0.00415 0.000297086 402.716 1892.74 117.096 118.875 -1555.49 -1226.5 231169000.0
543 0.00425 0.000297732 401.845 1892.63 117.344 118.981 -1448.24 -1148.44 231526000.0
544 0.00435 0.000298316 401.059 1892.56 117.57 119.078 -1353.7 -1083.18 231857000.0
545 0.00445 0.000298874 400.31 1892.48 117.785 119.168 -1261.14 -1013.19 232164000.0
546 0.00455 0.00029938 399.635 1892.32 117.974 119.251 -1175.43 -951.088 232453000.0
547 0.00465 0.000299859 398.994 1892.15 118.152 119.327 -1094.4 -889.708 232712000.0
548 0.00475 0.000300296 398.412 1892.05 118.318 119.398 -1020.99 -834.598 232961000.0
549 0.00485 0.000300691 397.887 1892.04 118.473 119.461 -957.291 -790.594 233196000.0
550 0.00495 0.000301066 397.394 1891.92 118.614 119.522 -894.556 -743.647 233410000.0
551 0.00505 0.000301425 396.92 1891.68 118.74 119.58 -830.03 -695.502 233612000.0
552 0.00515 0.00030176 396.477 1891.52 118.862 119.633 -772.489 -651.484 233798000.0
553 0.00525 0.00030206 396.088 1891.42 118.973 119.682 -722.197 -612.157 233977000.0
554 0.00535 0.000302331 395.73 1891.35 119.076 119.725 -677.372 -579.824 234139000.0
555 0.00545 0.000302596 395.379 1891.15 119.168 119.766 -628.093 -542.423 234280000.0
556 0.00555 0.000302828 395.083 1891.05 119.253 119.805 -588.483 -512.814 234425000.0
557 0.00565 0.00030303 394.817 1890.9 119.323 119.836 -552.79 -491.905 234550000.0
558 0.00575 0.000303235 394.546 1890.89 119.403 119.867 -519.494 -463.11 234672000.0
559 0.00585 0.00030345 394.275 1890.78 119.481 119.903 -481.729 -427.999 234795000.0
560 0.00595 0.000303636 394.03 1890.66 119.546 119.933 -449.244 -401.197 234907000.0
561 0.00605 0.000303783 393.84 1890.57 119.599 119.953 -423.747 -384.825 234998000.0
562 0.00615 0.000303921 393.661 1890.52 119.649 119.976 -400.213 -368.318 235092000.0
563 0.00625 0.000304054 393.486 1890.4 119.695 119.996 -375.268 -349.857 235178000.0
564 0.00635 0.00030418 393.323 1890.32 119.739 120.017 -352.624 -330.679 235259000.0
565 0.00645 0.000304301 393.165 1890.19 119.779 120.037 -329.532 -312.631 235338000.0
566 0.00655 0.000304414 393.019 1890.11 119.818 120.056 -309.486 -296.445 235413000.0
567 0.00665 0.000304521 392.883 1890.1 119.859 120.071 -291.455 -276.633 235476000.0
568 0.00675 0.000304629 392.74 1889.91 119.89 120.089 -267.528 -255.38 235539000.0
569 0.00685 0.0003047 392.65 1889.89 119.916 120.099 -256.448 -247.88 235591000.0
570 0.00695 0.000304803 392.517 1889.81 119.952 120.115 -237.59 -226.297 235651000.0
571 0.00705 0.000304884 392.414 1889.68 119.975 120.127 -220.48 -212.991 235700000.0
572 0.00715 0.000304954 392.322 1889.6 119.998 120.138 -206.703 -201.911 235745000.0
573 0.00725 0.000305043 392.211 1889.53 120.029 120.154 -191.305 -186.298 235799000.0
574 0.00735 0.000305083 392.159 1889.49 120.042 120.158 -183.015 -182.712 235830000.0
575 0.00745 0.00030513 392.099 1889.44 120.057 120.166 -174.114 -177.588 235870000.0
576 0.00755 0.000305182 392.031 1889.34 120.071 120.173 -161.695 -167.61 235905000.0
577 0.00765 0.000305245 391.952 1889.35 120.096 120.185 -154.237 -155.43 235945000.0
578 0.00775 0.00030528 391.903 1889.32 120.109 120.189 -146.252 -147.561 235976000.0
579 0.00785 0.00030532 391.852 1889.29 120.122 120.197 -138.57 -138.692 236011000.0
580 0.00795 0.000305366 391.792 1889.26 120.139 120.203 -129.782 -127.176 236039000.0
581 0.00805 0.00030539 391.765 1889.24 120.146 120.206 -126.312 -126.511 236066000.0
582 0.00815 0.000305433 391.705 1889.17 120.159 120.214 -117.728 -117.272 236097000.0
583 0.00825 0.00030547 391.655 1889.06 120.166 120.219 -106.428 -105.294 236120000.0
584 0.00835 0.000305501 391.618 1889.05 120.178 120.224 -102.987 -101.837 236141000.0
585 0.00845 0.000305516 391.599 1889.06 120.185 120.228 -100.278 -101.079 236165000.0
586 0.00855 0.000305556 391.545 1889.0 120.197 120.233 -93.2551 -91.4544 236179000.0
587 0.00865 0.00030559 391.501 1888.92 120.205 120.238 -84.1505 -83.072 236195000.0
588 0.00875 0.0003056 391.49 1888.93 120.209 120.24 -82.8305 -84.6124 236211000.0
589 0.00885 0.000305619 391.465 1888.82 120.21 120.243 -76.0909 -81.5962 236226000.0
590 0.00895 0.000305636 391.443 1888.72 120.211 120.246 -69.1581 -78.5636 236239000.0
591 0.00905 0.000305657 391.415 1888.71 120.218 120.25 -66.3097 -72.823 236260000.0
592 0.00915 0.000305675 391.395 1888.7 120.224 120.251 -62.9726 -67.753 236274000.0
593 0.00925 0.000305698 391.362 1888.69 120.233 120.255 -58.8174 -64.4762 236288000.0
594 0.00935 0.000305709 391.349 1888.69 120.237 120.256 -57.5961 -63.0073 236294000.0
595 0.00945 0.000305732 391.32 1888.61 120.241 120.261 -50.9443 -57.156 236304000.0
596 0.00955 0.000305744 391.303 1888.56 120.243 120.263 -47.2339 -51.8455 236315000.0
597 0.00965 0.000305747 391.3 1888.53 120.242 120.262 -44.8269 -50.8884 236322000.0
598 0.00975 0.000305769 391.273 1888.57 120.253 120.266 -43.5855 -46.7558 236334000.0
599 0.00985 0.000305778 391.259 1888.58 120.257 120.267 -43.146 -44.5396 236347000.0
600 0.00995 0.000305783 391.254 1888.55 120.257 120.268 -40.6997 -42.8204 236352000.0
601 0.01005 0.000305791 391.243 1888.55 120.26 120.269 -38.9215 -40.3103 236360000.0
602 0.01015 0.000305812 391.217 1888.49 120.265 120.274 -33.7586 -33.4458 236370000.0
603 0.01025 0.000305816 391.212 1888.47 120.265 120.273 -32.1301 -31.4564 236376000.0
604 0.01035 0.000305815 391.212 1888.4 120.26 120.273 -29.9166 -35.1797 236377000.0
605 0.01045 0.000305814 391.214 1888.41 120.261 120.272 -31.5169 -36.8326 236385000.0
606 0.01055 0.000305824 391.206 1888.38 120.263 120.274 -28.6107 -32.2692 236390000.0
607 0.01065 0.00030581 391.219 1888.41 120.259 120.271 -31.5577 -38.7401 236393000.0
608 0.01075 0.000305822 391.207 1888.37 120.261 120.273 -29.1754 -35.2456 236396000.0
609 0.01085 0.000305821 391.205 1888.31 120.257 120.272 -26.8563 -36.2263 236395000.0
610 0.01095 0.000305819 391.211 1888.34 120.258 120.273 -27.9331 -36.7444 236404000.0
611 0.01105 0.000305824 391.202 1888.35 120.261 120.273 -27.7168 -37.287 236403000.0
612 0.01115 0.000305856 391.164 1888.3 120.27 120.279 -21.1848 -27.4937 236414000.0
613 0.01125 0.000305867 391.148 1888.4 120.281 120.281 -22.0858 -22.899 236422000.0
614 0.01135 0.000305884 391.123 1888.32 120.282 120.283 -18.5965 -21.1454 236424000.0
615 0.01145 0.000305881 391.129 1888.28 120.279 120.282 -14.3565 -19.0812 236427000.0
616 0.01155 0.000305905 391.102 1888.25 120.286 120.286 -11.5408 -14.8356 236434000.0
617 0.01165 0.000305913 391.087 1888.29 120.292 120.288 -10.6274 -13.1132 236436000.0
618 0.01175 0.000305935 391.059 1888.2 120.295 120.29 -4.68902 -5.64425 236436000.0
619 0.01185 0.000305948 391.042 1888.15 120.297 120.294 -1.89163 -2.67447 236444000.0
620 0.01195 0.000305924 391.074 1888.26 120.295 120.288 -9.05833 -9.36242 236440000.0
621 0.01205 0.000305929 391.071 1888.26 120.296 120.29 -7.99186 -8.74565 236447000.0
622 0.01215 0.000305923 391.076 1888.26 120.294 120.289 -8.6499 -12.0693 236448000.0
623 0.01225 0.000305927 391.07 1888.36 120.302 120.291 -12.7422 -12.7084 236456000.0
624 0.01235 0.000305924 391.075 1888.33 120.298 120.289 -11.6064 -13.9846 236453000.0
625 0.01245 0.000305918 391.084 1888.27 120.292 120.288 -10.899 -17.1525 236453000.0
626 0.01255 0.000305924 391.076 1888.25 120.293 120.29 -9.43565 -15.5095 236455000.0
627 0.01265 0.000305928 391.07 1888.24 120.295 120.29 -8.60151 -12.4547 236454000.0
628 0.01275 0.000305933 391.064 1888.17 120.292 120.291 -5.1694 -8.51851 236454000.0
629 0.01285 0.000305935 391.063 1888.17 120.293 120.291 -4.62682 -6.57154 236459000.0
630 0.01295 0.00030594 391.055 1888.14 120.293 120.292 -1.62877 -3.95694 236460000.0
631 0.01305 0.000305942 391.053 1888.17 120.295 120.291 -3.455 -2.97112 236462000.0
632 0.01315 0.000305938 391.061 1888.19 120.295 120.292 -4.17246 -4.97891 236470000.0
633 0.01325 0.000305916 391.085 1888.14 120.284 120.287 -6.5539 -12.8809 236463000.0
634 0.01335 0.000305915 391.09 1888.13 120.283 120.288 -6.03161 -13.764 236466000.0
635 0.01345 0.000305933 391.067 1888.05 120.284 120.29 -0.858307 -8.37728 236462000.0
636 0.01355 0.000305929 391.069 1888.09 120.285 120.29 -2.20295 -9.81655 236467000.0
637 0.01365 0.000305932 391.07 1888.08 120.286 120.29 -1.42738 -5.82938 236468000.0
638 0.01375 0.000305923 391.079 1888.23 120.292 120.289 -8.82606 -7.64557 236471000.0
639 0.01385 0.000305936 391.065 1888.22 120.297 120.291 -6.29713 -2.62436 236476000.0
640 0.01395 0.000305926 391.077 1888.33 120.3 120.29 -12.609 -8.43187 236475000.0
641 0.01405 0.000305925 391.077 1888.24 120.294 120.289 -9.11702 -8.36116 236472000.0
642 0.01415 0.000305929 391.07 1888.24 120.295 120.289 -8.49036 -7.16446 236465000.0
643 0.01425 0.000305946 391.052 1888.17 120.297 120.293 -2.70776 -1.52344 236472000.0
644 0.01435 0.000305932 391.07 1888.21 120.294 120.291 -6.23909 -7.40241 236470000.0
645 0.01445 0.000305932 391.065 1888.14 120.29 120.29 -3.94776 -8.08159 236467000.0
646 0.01455 0.000305948 391.049 1888.15 120.297 120.294 -1.51383 -2.32762 236473000.0
647 0.01465 0.000305936 391.062 1888.21 120.296 120.291 -6.23525 -6.26207 236476000.0
648 0.01475 0.000305929 391.077 1888.19 120.292 120.289 -7.56394 -9.96004 236474000.0
649 0.01485 0.000305924 391.079 1888.21 120.291 120.288 -8.35065 -11.9615 236471000.0
650 0.01495 0.000305924 391.077 1888.25 120.293 120.289 -9.50494 -11.9644 236474000.0
651 0.01505 0.000305931 391.071 1888.09 120.286 120.289 -3.48884 -7.26519 236463000.0
652 0.01515 0.000305939 391.061 1888.13 120.292 120.292 -3.18327 -3.40038 236470000.0
653 0.01525 0.00030593 391.071 1888.13 120.289 120.29 -4.1327 -6.48646 236470000.0
654 0.01535 0.000305927 391.072 1888.17 120.29 120.289 -6.13418 -8.18181 236467000.0
655 0.01545 0.000305931 391.071 1888.25 120.296 120.29 -9.08939 -7.97953 236475000.0
656 0.01555 0.000305934 391.064 1888.18 120.293 120.29 -4.61352 -4.82284 236475000.0
657 0.01565 0.000305944 391.057 1888.11 120.293 120.292 -1.42088 -2.07833 236482000.0
658 0.01575 0.00030594 391.057 1888.23 120.299 120.29 -6.91141 -5.43189 236481000.0
659 0.01585 0.00030595 391.046 1888.16 120.298 120.292 -2.60142 -2.25717 236483000.0
660 0.01595 0.000305931 391.07 1888.25 120.296 120.29 -8.07708 -6.92275 236484000.0
661 0.01605 0.000305953 391.042 1888.16 120.299 120.292 -2.70809 -0.682061 236482000.0
662 0.01615 0.000305949 391.046 1888.17 120.298 120.291 -3.47574 -1.51589 236480000.0
663 0.01625 0.00030595 391.048 1888.14 120.297 120.293 -3.14248 -1.34763 236483000.0
664 0.01635 0.000305946 391.052 1888.16 120.297 120.291 -2.70756 -1.60049 236479000.0
665 0.01645 0.000305967 391.027 1888.13 120.303 120.296 1.51627 1.91328 236483000.0
666 0.01655 0.000305967 391.027 1888.17 120.305 120.295 -1.46513 0.871844 236480000.0
667 0.01665 0.000305964 391.03 1888.2 120.306 120.293 -1.33356 0.345221 236481000.0
668 0.01675 0.00030597 391.019 1888.2 120.309 120.294 -1.41087 2.69727 236480000.0
669 0.01685 0.000305941 391.061 1888.21 120.298 120.291 -5.96548 -7.97798 236478000.0
670 0.01695 0.000305975 391.015 1888.13 120.306 120.297 1.74547 6.06507 236484000.0
671 0.01705 0.000305959 391.036 1888.16 120.302 120.293 -0.496698 -0.0701524 236478000.0
672 0.01715 0.00030594 391.06 1888.18 120.296 120.291 -5.19715 -8.89056 236482000.0
673 0.01725 0.000305938 391.063 1888.14 120.292 120.29 -4.0567 -10.0196 236481000.0
674 0.01735 0.000305958 391.036 1888.14 120.3 120.294 -0.723398 0.512203 236487000.0
675 0.01745 0.00030598 391.012 1888.15 120.309 120.295 1.55425 7.39177 236485000.0
676 0.01755 0.000305977 391.012 1888.14 120.307 120.296 2.55047 6.46625 236491000.0
677 0.01765 0.000305963 391.031 1888.18 120.304 120.295 -1.7438 0.325457 236493000.0
678 0.01775 0.000305961 391.034 1888.12 120.3 120.293 0.302608 0.836738 236488000.0
679 0.01785 0.000305959 391.036 1888.1 120.298 120.296 0.802457 1.87027 236490000.0
680 0.01795 0.000305967 391.024 1888.08 120.3 120.295 3.21108 7.77386 236490000.0
681 0.01805 0.000305986 390.998 1888.09 120.307 120.298 5.46572 12.6017 236497000.0
682 0.01815 0.000305968 391.02 1888.15 120.304 120.295 0.508368 6.09705 236493000.0
683 0.01825 0.000305972 391.02 1888.09 120.302 120.296 3.6715 7.32271 236495000.0
684 0.01835 0.000305959 391.035 1888.14 120.3 120.293 -1.08864 1.74188 236490000.0
685 0.01845 0.000305951 391.045 1888.11 120.296 120.291 -0.610931 3.08227 236489000.0
686 0.01855 0.000305941 391.063 1888.15 120.294 120.29 -4.32141 -3.36107 236490000.0
687 0.01865 0.000305961 391.036 1888.16 120.302 120.294 -1.61797 3.77242 236496000.0
688 0.01875 0.000305956 391.041 1888.05 120.293 120.293 1.47088 4.57765 236488000.0
689 0.01885 0.000305983 391.009 1888.03 120.303 120.297 7.20239 18.3635 236496000.0
690 0.01895 0.000305956 391.04 1888.04 120.293 120.292 1.09334 4.13527 236487000.0
691 0.01905 0.000305969 391.025 1888.06 120.299 120.295 3.48736 7.28917 236489000.0
692 0.01915 0.000305966 391.028 1888.11 120.301 120.295 0.656773 2.99856 236491000.0
693 0.01925 0.000305956 391.042 1888.11 120.297 120.293 -0.410683 0.171443 236486000.0
694 0.01935 0.000305964 391.027 1888.15 120.303 120.294 -0.57225 2.20464 236486000.0
695 0.01945 0.000305957 391.04 1888.15 120.3 120.294 -1.65507 -1.79497 236492000.0
696 0.01955 0.000305968 391.027 1888.06 120.299 120.296 2.43428 1.5335 236486000.0
697 0.01965 0.000305959 391.03 1888.13 120.3 120.295 -1.66952 -0.280299 236489000.0
698 0.01975 0.000305969 391.022 1888.09 120.301 120.297 2.88139 6.60459 236491000.0
699 0.01985 0.000305994 390.989 1888.0 120.305 120.3 9.83413 16.8836 236490000.0
700 0.01995 0.000305973 391.015 1888.06 120.301 120.296 4.00206 7.37158 236490000.0
701 0.02005 0.00030597 391.021 1888.02 120.297 120.296 4.87189 6.35133 236490000.0
702 0.02015 0.00030597 391.019 1888.05 120.299 120.296 3.64188 6.16789 236489000.0
703 0.02025 0.000305945 391.052 1888.12 120.294 120.292 -2.63543 -1.05257 236489000.0
704 0.02035 0.000305972 391.015 1888.06 120.3 120.295 3.44874 8.67861 236487000.0
705 0.02045 0.000305967 391.018 1888.11 120.301 120.296 0.565923 5.4743 236487000.0
706 0.02055 0.000305967 391.025 1888.08 120.3 120.297 2.81636 5.27597 236488000.0
707 0.02065 0.000305967 391.02 1888.02 120.296 120.296 3.74099 5.39366 236486000.0
708 0.02075 0.000305958 391.035 1888.11 120.298 120.294 0.658824 3.95547 236487000.0
709 0.02085 0.000305948 391.046 1888.11 120.294 120.293 -3.19612 -2.9572 236485000.0
710 0.02095 0.000305957 391.036 1888.16 120.301 120.294 -2.36391 2.44755 236492000.0
711 0.02105 0.000305969 391.023 1888.16 120.305 120.296 -1.06949 5.17822 236493000.0
712 0.02115 0.000305965 391.028 1888.1 120.3 120.295 0.0971984 3.15705 236493000.0
713 0.02125 0.000305974 391.016 1888.09 120.303 120.297 1.71253 6.39458 236493000.0
714 0.02135 0.000305959 391.035 1888.13 120.3 120.295 -1.00609 2.64919 236488000.0
715 0.02145 0.000305975 391.015 1888.08 120.303 120.296 2.07605 6.77319 236490000.0
716 0.02155 0.000305989 390.997 1888.06 120.307 120.3 6.5698 11.3184 236493000.0
717 0.02165 0.000305996 390.991 1888.09 120.311 120.302 5.22269 12.9488 236498000.0
718 0.02175 0.00030598 391.009 1888.04 120.303 120.298 4.77773 9.98303 236492000.0
719 0.02185 0.000305957 391.041 1888.07 120.296 120.294 -0.331259 -0.238113 236491000.0
720 0.02195 0.000305972 391.02 1888.12 120.304 120.297 1.55657 5.25175 236497000.0
721 0.02205 0.000305958 391.039 1888.19 120.304 120.295 -4.06085 -1.30082 236502000.0
722 0.02215 0.00030596 391.031 1888.13 120.3 120.293 -0.339197 2.20526 236492000.0
723 0.02225 0.000305972 391.019 1888.07 120.301 120.298 2.80755 3.42368 236499000.0
724 0.02235 0.000305987 391.001 1888.03 120.304 120.3 6.60668 8.25426 236501000.0
725 0.02245 0.000305979 391.007 1888.02 120.301 120.298 6.43951 7.91107 236491000.0
726 0.02255 0.000305957 391.036 1887.99 120.29 120.293 3.55408 -0.705421 236481000.0
727 0.02265 0.00030595 391.046 1888.01 120.289 120.293 1.65826 -2.82639 236484000.0
728 0.02275 0.000305976 391.011 1887.95 120.295 120.298 8.72715 8.32386 236489000.0
729 0.02285 0.000305971 391.02 1887.99 120.296 120.296 5.65206 3.53342 236485000.0
730 0.02295 0.000305961 391.028 1888.1 120.299 120.296 -0.382882 -1.12073 236493000.0
731 0.02305 0.000305984 391.003 1888.04 120.304 120.298 5.09452 10.1568 236491000.0
732 0.02315 0.000305991 390.994 1888.09 120.31 120.299 4.09327 14.5622 236498000.0
733 0.02325 0.000305975 391.014 1888.07 120.302 120.297 3.32217 9.57122 236497000.0
734 0.02335 0.000305961 391.032 1888.11 120.299 120.295 -0.782386 3.78569 236496000.0
735 0.02345 0.000305966 391.024 1888.17 120.305 120.295 -3.05897 3.3933 236500000.0
736 0.02355 0.000305965 391.028 1888.09 120.299 120.295 1.23856 2.40612 236497000.0
737 0.02365 0.000305962 391.034 1888.15 120.302 120.295 -2.61981 -0.442838 236499000.0
738 0.02375 0.000305971 391.021 1888.06 120.3 120.295 2.88881 4.62872 236492000.0
739 0.02385 0.000305968 391.024 1888.06 120.299 120.295 2.3037 3.06406 236494000.0
740 0.02395 0.000305967 391.024 1888.07 120.299 120.294 1.66386 1.75116 236497000.0
741 0.02405 0.000305977 391.01 1888.15 120.308 120.297 0.0461948 4.93687 236502000.0
742 0.02415 0.000305954 391.043 1888.12 120.297 120.293 -1.53021 -1.82507 236498000.0
743 0.02425 0.000305957 391.039 1888.11 120.298 120.293 -0.740644 -0.746851 236496000.0
744 0.02435 0.000305951 391.044 1888.12 120.296 120.292 -3.5644 -4.57891 236495000.0
745 0.02445 0.000305948 391.05 1888.14 120.296 120.292 -4.13209 -8.36056 236483000.0
746 0.02455 0.000305951 391.044 1888.1 120.295 120.291 -1.24869 -6.77011 236483000.0
747 0.02465 0.000305977 391.012 1888.04 120.301 120.295 4.57228 3.34322 236483000.0
748 0.02475 0.000305975 391.019 1888.11 120.305 120.297 0.610918 0.999607 236489000.0
749 0.02485 0.000305971 391.02 1888.09 120.302 120.294 1.98672 3.83179 236481000.0
750 0.02495 0.000305957 391.04 1888.09 120.296 120.292 -1.86378 -3.99521 236476000.0
751 0.02505 0.000305949 391.05 1888.15 120.297 120.292 -4.29727 -5.93921 236476000.0
752 0.02515 0.000305944 391.059 1888.16 120.296 120.29 -5.97127 -8.96769 236474000.0
753 0.02525 0.000305948 391.054 1888.08 120.292 120.29 -0.888496 -3.53326 236470000.0
754 0.02535 0.000305944 391.056 1888.07 120.29 120.29 -2.80192 -6.03009 236474000.0
755 0.02545 0.00030594 391.062 1887.98 120.283 120.288 -0.126548 -8.3283 236472000.0
756 0.02555 0.000305937 391.067 1888.05 120.286 120.288 -1.71087 -7.781 236474000.0
757 0.02565 0.00030594 391.065 1888.04 120.286 120.288 -1.39786 -7.02735 236473000.0
758 0.02575 0.000305938 391.066 1888.01 120.284 120.287 -1.47784 -6.93671 236470000.0
759 0.02585 0.000305955 391.043 1888.02 120.291 120.29 2.02873 -0.216091 236472000.0
760 0.02595 0.000305946 391.057 1888.1 120.293 120.288 -2.97308 -6.24997 236472000.0
761 0.02605 0.000305968 391.026 1888.01 120.296 120.294 3.45262 0.230535 236474000.0
762 0.02615 0.000305958 391.042 1888.06 120.295 120.291 -0.111406 -3.60595 236479000.0
763 0.02625 0.000305964 391.035 1888.16 120.304 120.292 -2.25055 -1.60824 236483000.0
764 0.02635 0.000305961 391.037 1888.14 120.301 120.291 -1.58042 -2.08343 236479000.0
765 0.02645 0.000305961 391.036 1888.09 120.298 120.292 0.522741 -0.620319 236480000.0
766 0.02655 0.000305972 391.022 1888.06 120.3 120.293 3.13471 4.03678 236482000.0
767 0.02665 0.000305965 391.03 1888.09 120.3 120.291 0.438706 2.0615 236477000.0
768 0.02675 0.000305953 391.048 1888.17 120.3 120.29 -4.05894 -2.28536 236482000.0
769 0.02685 0.000305959 391.037 1888.2 120.304 120.291 -4.40913 -1.94607 236483000.0
770 0.02695 0.000305952 391.048 1888.2 120.301 120.289 -6.36296 -4.41468 236475000.0
771 0.02705 0.00030596 391.04 1888.19 120.304 120.29 -4.52943 -1.00176 236476000.0
772 0.02715 0.000305956 391.042 1888.24 120.306 120.29 -6.369 -2.9991 236478000.0
773 0.02725 0.00030596 391.039 1888.11 120.299 120.291 -2.19691 -1.24227 236475000.0
774 0.02735 0.000305955 391.044 1888.1 120.297 120.288 -1.20719 -0.388095 236468000.0
775 0.02745 0.000305959 391.04 1888.17 120.302 120.29 -4.15047 -1.61549 236478000.0
776 0.02755 0.000305962 391.035 1888.15 120.302 120.29 -3.94637 -1.75619 236477000.0
777 0.02765 0.000305949 391.055 1888.05 120.291 120.289 -1.32307 -2.92285 236472000.0
778 0.02775 0.000305947 391.057 1888.05 120.29 120.289 -1.78643 -4.245 236473000.0
779 0.02785 0.000305971 391.026 1888.0 120.296 120.291 3.28149 4.87547 236474000.0
780 0.02795 0.000305955 391.047 1888.02 120.292 120.289 -0.0569136 -2.37638 236470000.0
781 0.02805 0.000305961 391.042 1888.05 120.296 120.291 0.410957 -0.829302 236470000.0
782 0.02815 0.000305978 391.019 1887.96 120.297 120.293 5.532 4.67499 236468000.0
783 0.02825 0.000305995 390.995 1887.92 120.301 120.295 10.3951 12.1957 236467000.0
784 0.02835 0.000305975 391.026 1887.99 120.297 120.293 3.90457 5.06117 236468000.0
785 0.02845 0.000305974 391.027 1888.07 120.302 120.294 0.00902473 2.82643 236478000.0
786 0.02855 0.000305973 391.023 1888.09 120.303 120.292 -0.360295 4.13723 236474000.0
787 0.02865 0.00030597 391.032 1888.03 120.298 120.292 2.88737 4.00204 236471000.0
788 0.02875 0.000305968 391.034 1888.02 120.297 120.291 2.3181 2.96041 236472000.0
789 0.02885 0.000305976 391.024 1888.05 120.301 120.292 1.11596 3.43927 236473000.0
790 0.02895 0.000305966 391.035 1888.03 120.296 120.291 0.197859 0.331317 236473000.0
791 0.02905 0.000305991 391.007 1888.06 120.308 120.296 4.03162 10.3559 236480000.0
792 0.02915 0.000305993 391.003 1888.02 120.306 120.294 3.81055 11.1598 236475000.0
793 0.02925 0.000305992 391.006 1887.97 120.303 120.295 5.88712 9.4747 236475000.0
794 0.02935 0.000305971 391.029 1887.91 120.29 120.291 6.23095 1.68924 236465000.0
795 0.02945 0.000305962 391.042 1887.92 120.288 120.292 3.13862 -2.55553 236474000.0
796 0.02955 0.000305972 391.029 1887.96 120.294 120.291 4.25415 1.00887 236475000.0
797 0.02965 0.000305991 391.004 1887.97 120.302 120.294 5.61846 6.58287 236478000.0
798 0.02975 0.000305976 391.024 1887.97 120.296 120.294 3.65193 3.0889 236480000.0
799 0.02985 0.00030598 391.019 1887.99 120.299 120.293 3.41128 5.50804 236479000.0
800 0.02995 0.000305968 391.037 1887.93 120.291 120.291 5.27174 3.48118 236471000.0
