TITLE = "DSMC"
VARIABLES = "ID" "X" "rho" "v1" "Ttrans" "p" "p1" "q1" "mv1v1v1" "mvvv1v1"
ZONE T="Ma=4.4", I=800, J=1, K=1, F=POINT
1 -0.04995 8.83414e-05 1354.41 273.11 5.02426 5.0227 -0.103965 -0.12838 1426420.0
2 -0.04985 8.83414e-05 1354.41 273.11 5.02425 5.02277 -0.137834 -0.149703 1426530.0
3 -0.04975 8.83405e-05 1354.41 273.112 5.02424 5.02278 -0.192084 -0.261989 1426630.0
4 -0.04965 8.83414e-05 1354.4 273.114 5.02433 5.02296 -0.206726 -0.297761 1426800.0
5 -0.04955 8.83413e-05 1354.4 273.111 5.02427 5.02296 -0.214217 -0.324312 1426850.0
6 -0.04945 8.83419e-05 1354.41 273.115 5.02437 5.02303 -0.208684 -0.337851 1426910.0
7 -0.04935 8.83409e-05 1354.4 273.114 5.02429 5.02298 -0.221468 -0.366255 1426950.0
8 -0.04925 8.83414e-05 1354.4 273.115 5.02434 5.02316 -0.236995 -0.382751 1427090.0
9 -0.04915 8.83414e-05 1354.4 273.114 5.02433 5.02306 -0.254522 -0.427723 1427090.0
10 -0.04905 8.83417e-05 1354.4 273.116 5.02438 5.02313 -0.276528 -0.428486 1427170.0
11 -0.04895 8.83409e-05 1354.4 273.114 5.0243 5.02302 -0.275095 -0.429194 1427140.0
12 -0.04885 8.83417e-05 1354.4 273.114 5.02434 5.02304 -0.280447 -0.466814 1427170.0
13 -0.04875 8.83409e-05 1354.4 273.115 5.02432 5.02311 -0.299608 -0.521606 1427250.0
14 -0.04865 8.83413e-05 1354.4 273.114 5.02433 5.0231 -0.278198 -0.51004 1427270.0
15 -0.04855 8.83408e-05 1354.4 273.114 5.0243 5.02311 -0.298973 -0.561633 1427340.0
16 -0.04845 8.83412e-05 1354.4 273.115 5.02434 5.02323 -0.3006 -0.590163 1427440.0
17 -0.04835 8.83419e-05 1354.4 273.116 5.02439 5.0233 -0.343662 -0.63547 1427540.0
18 -0.04825 8.83415e-05 1354.4 273.116 5.02437 5.02321 -0.309958 -0.548238 1427470.0
19 -0.04815 8.83414e-05 1354.4 273.115 5.02435 5.02318 -0.308945 -0.531019 1427450.0
20 -0.04805 8.83412e-05 1354.4 273.116 5.02435 5.02321 -0.298477 -0.547639 1427450.0
21 -0.04795 8.83421e-05 1354.4 273.115 5.02438 5.02327 -0.326226 -0.596584 1427510.0
22 -0.04785 8.83402e-05 1354.4 273.117 5.02432 5.02326 -0.339662 -0.62701 1427560.0
23 -0.04775 8.83421e-05 1354.4 273.115 5.02439 5.02335 -0.327657 -0.586315 1427580.0
24 -0.04765 8.8341e-05 1354.4 273.116 5.02435 5.02331 -0.315328 -0.54383 1427570.0
25 -0.04755 8.83422e-05 1354.4 273.113 5.02436 5.02333 -0.31914 -0.530337 1427590.0
26 -0.04745 8.83412e-05 1354.4 273.116 5.02435 5.02336 -0.323787 -0.574747 1427650.0
27 -0.04735 8.83419e-05 1354.4 273.118 5.02443 5.02353 -0.370405 -0.645212 1427740.0
28 -0.04725 8.83415e-05 1354.4 273.117 5.0244 5.02348 -0.374816 -0.622074 1427740.0
29 -0.04715 8.83414e-05 1354.4 273.117 5.02439 5.02351 -0.35342 -0.556547 1427760.0
30 -0.04705 8.8342e-05 1354.4 273.119 5.02445 5.02361 -0.393997 -0.608641 1427810.0
31 -0.04695 8.83415e-05 1354.4 273.12 5.02445 5.02369 -0.371231 -0.582999 1427900.0
32 -0.04685 8.83413e-05 1354.4 273.118 5.0244 5.02372 -0.389758 -0.609163 1427900.0
33 -0.04675 8.83421e-05 1354.4 273.118 5.02444 5.02383 -0.381482 -0.576086 1427980.0
34 -0.04665 8.83419e-05 1354.4 273.12 5.02448 5.02392 -0.388776 -0.608162 1428030.0
35 -0.04655 8.83417e-05 1354.4 273.119 5.02443 5.02388 -0.352539 -0.535051 1427970.0
36 -0.04645 8.83419e-05 1354.4 273.116 5.02439 5.02387 -0.348657 -0.548589 1427960.0
37 -0.04635 8.83417e-05 1354.4 273.121 5.02448 5.02394 -0.338153 -0.502825 1428030.0
38 -0.04625 8.83424e-05 1354.4 273.119 5.02448 5.02395 -0.35325 -0.510396 1428020.0
39 -0.04615 8.83413e-05 1354.4 273.117 5.02437 5.02387 -0.348546 -0.494554 1428010.0
40 -0.04605 8.83431e-05 1354.4 273.117 5.02448 5.02401 -0.336146 -0.479649 1428030.0
41 -0.04595 8.83414e-05 1354.4 273.12 5.02443 5.02402 -0.318698 -0.51063 1428080.0
42 -0.04585 8.83425e-05 1354.39 273.119 5.02448 5.02403 -0.37443 -0.562979 1428090.0
43 -0.04575 8.83418e-05 1354.39 273.119 5.02445 5.02412 -0.330974 -0.516362 1428160.0
44 -0.04565 8.83418e-05 1354.39 273.118 5.02443 5.02399 -0.340242 -0.528956 1428080.0
45 -0.04555 8.83425e-05 1354.39 273.121 5.02451 5.02419 -0.32145 -0.496171 1428150.0
46 -0.04545 8.83418e-05 1354.4 273.118 5.02442 5.02413 -0.334629 -0.53155 1428140.0
47 -0.04535 8.83418e-05 1354.39 273.12 5.02446 5.02418 -0.34169 -0.552372 1428160.0
48 -0.04525 8.83426e-05 1354.39 273.117 5.02445 5.02411 -0.311339 -0.507363 1428130.0
49 -0.04515 8.83418e-05 1354.39 273.118 5.02442 5.02403 -0.320009 -0.497114 1428110.0
50 -0.04505 8.83419e-05 1354.4 273.118 5.02442 5.02407 -0.276463 -0.420189 1428100.0
51 -0.04495 8.83419e-05 1354.39 273.12 5.02447 5.02412 -0.297995 -0.482365 1428170.0
52 -0.04485 8.83414e-05 1354.4 273.119 5.02442 5.02407 -0.290953 -0.50958 1428180.0
53 -0.04475 8.83422e-05 1354.4 273.118 5.02445 5.02409 -0.281265 -0.475414 1428130.0
54 -0.04465 8.83417e-05 1354.4 273.117 5.0244 5.02397 -0.274895 -0.469614 1428080.0
55 -0.04455 8.83416e-05 1354.4 273.117 5.02439 5.02394 -0.273949 -0.479567 1428110.0
56 -0.04445 8.83412e-05 1354.39 273.118 5.02439 5.02393 -0.268356 -0.466077 1428160.0
57 -0.04435 8.83421e-05 1354.4 273.118 5.02445 5.02408 -0.315174 -0.55573 1428270.0
58 -0.04425 8.8342e-05 1354.39 273.12 5.02447 5.02404 -0.344479 -0.600278 1428290.0
59 -0.04415 8.83417e-05 1354.4 273.12 5.02445 5.02407 -0.333751 -0.555233 1428290.0
60 -0.04405 8.83414e-05 1354.4 273.118 5.02441 5.02408 -0.329483 -0.535532 1428280.0
61 -0.04395 8.83422e-05 1354.39 273.12 5.02449 5.02409 -0.334967 -0.594093 1428350.0
62 -0.04385 8.83414e-05 1354.39 273.118 5.02441 5.02409 -0.319984 -0.554671 1428330.0
63 -0.04375 8.83419e-05 1354.39 273.118 5.02444 5.02409 -0.315613 -0.513947 1428320.0
64 -0.04365 8.83418e-05 1354.39 273.12 5.02446 5.02411 -0.323264 -0.538803 1428320.0
65 -0.04355 8.8341e-05 1354.39 273.118 5.02437 5.02399 -0.281767 -0.464111 1428270.0
66 -0.04345 8.8342e-05 1354.39 273.118 5.02444 5.02411 -0.326566 -0.539278 1428360.0
67 -0.04335 8.83421e-05 1354.39 273.12 5.02447 5.02414 -0.338383 -0.540668 1428380.0
68 -0.04325 8.83417e-05 1354.4 273.119 5.02443 5.02407 -0.305071 -0.504864 1428370.0
69 -0.04315 8.83423e-05 1354.39 273.12 5.02449 5.02414 -0.337459 -0.556428 1428380.0
70 -0.04305 8.83417e-05 1354.39 273.118 5.02441 5.02415 -0.343283 -0.576378 1428420.0
71 -0.04295 8.83423e-05 1354.39 273.121 5.02451 5.02422 -0.33257 -0.559918 1428450.0
72 -0.04285 8.83418e-05 1354.39 273.118 5.02442 5.02405 -0.307319 -0.538546 1428380.0
73 -0.04275 8.83422e-05 1354.4 273.117 5.02444 5.02401 -0.312052 -0.546221 1428350.0
74 -0.04265 8.83417e-05 1354.4 273.118 5.02442 5.02397 -0.30068 -0.469676 1428310.0
75 -0.04255 8.83413e-05 1354.4 273.117 5.02437 5.02387 -0.259777 -0.426467 1428270.0
76 -0.04245 8.83416e-05 1354.39 273.119 5.02444 5.02395 -0.2734 -0.446832 1428340.0
77 -0.04235 8.83418e-05 1354.4 273.116 5.0244 5.02393 -0.276883 -0.456928 1428300.0
78 -0.04225 8.83423e-05 1354.39 273.119 5.02447 5.02396 -0.272943 -0.487868 1428350.0
79 -0.04215 8.83416e-05 1354.4 273.116 5.02438 5.02383 -0.253203 -0.447517 1428280.0
80 -0.04205 8.83423e-05 1354.4 273.118 5.02446 5.02388 -0.233266 -0.436466 1428310.0
81 -0.04195 8.83416e-05 1354.4 273.117 5.02439 5.02383 -0.273246 -0.498725 1428330.0
82 -0.04185 8.83416e-05 1354.39 273.119 5.02443 5.02382 -0.265204 -0.485282 1428320.0
83 -0.04175 8.83423e-05 1354.4 273.117 5.02443 5.02385 -0.270753 -0.479222 1428320.0
84 -0.04165 8.83414e-05 1354.4 273.119 5.02443 5.02387 -0.22817 -0.417457 1428300.0
85 -0.04155 8.83424e-05 1354.4 273.115 5.02441 5.02385 -0.244377 -0.456876 1428280.0
86 -0.04145 8.83417e-05 1354.4 273.119 5.02444 5.0239 -0.227752 -0.422537 1428330.0
87 -0.04135 8.83412e-05 1354.39 273.118 5.02438 5.02381 -0.221947 -0.393567 1428270.0
88 -0.04125 8.83421e-05 1354.4 273.116 5.02441 5.02378 -0.211527 -0.364768 1428230.0
89 -0.04115 8.83415e-05 1354.4 273.119 5.02442 5.02381 -0.244841 -0.382056 1428250.0
90 -0.04105 8.83422e-05 1354.4 273.12 5.02448 5.02384 -0.215859 -0.338726 1428250.0
91 -0.04095 8.83404e-05 1354.4 273.118 5.02435 5.02364 -0.220664 -0.325586 1428180.0
92 -0.04085 8.83411e-05 1354.4 273.117 5.02436 5.02364 -0.211771 -0.281407 1428220.0
93 -0.04075 8.83415e-05 1354.4 273.117 5.02438 5.02369 -0.226505 -0.272261 1428220.0
94 -0.04065 8.83422e-05 1354.4 273.119 5.02447 5.02374 -0.209994 -0.23008 1428260.0
95 -0.04055 8.8341e-05 1354.4 273.118 5.02438 5.02361 -0.235318 -0.266283 1428200.0
96 -0.04045 8.83419e-05 1354.4 273.119 5.02445 5.02366 -0.259938 -0.28778 1428310.0
97 -0.04035 8.83407e-05 1354.4 273.119 5.02438 5.02361 -0.254161 -0.283713 1428300.0
98 -0.04025 8.83416e-05 1354.4 273.118 5.02441 5.0235 -0.258954 -0.262473 1428250.0
99 -0.04015 8.83414e-05 1354.4 273.121 5.02446 5.02366 -0.263483 -0.295839 1428390.0
100 -0.04005 8.83423e-05 1354.4 273.12 5.02449 5.02369 -0.273073 -0.310456 1428390.0
101 -0.03995 8.83406e-05 1354.4 273.118 5.02435 5.02356 -0.270706 -0.320989 1428380.0
102 -0.03985 8.8342e-05 1354.4 273.118 5.02443 5.02358 -0.215533 -0.24555 1428320.0
103 -0.03975 8.83414e-05 1354.4 273.115 5.02435 5.02353 -0.190894 -0.206464 1428290.0
104 -0.03965 8.83415e-05 1354.4 273.116 5.02437 5.02347 -0.189527 -0.232374 1428230.0
105 -0.03955 8.83414e-05 1354.4 273.119 5.02441 5.02355 -0.180582 -0.216193 1428350.0
106 -0.03945 8.83411e-05 1354.4 273.117 5.02436 5.02348 -0.202397 -0.278421 1428310.0
107 -0.03935 8.83418e-05 1354.4 273.119 5.02444 5.02355 -0.206684 -0.286575 1428360.0
108 -0.03925 8.83417e-05 1354.4 273.117 5.0244 5.0235 -0.212697 -0.308113 1428360.0
109 -0.03915 8.8342e-05 1354.4 273.119 5.02446 5.02354 -0.179301 -0.216605 1428370.0
110 -0.03905 8.83413e-05 1354.4 273.116 5.02436 5.02338 -0.187531 -0.213695 1428270.0
111 -0.03895 8.83412e-05 1354.4 273.117 5.02437 5.02338 -0.202089 -0.211315 1428320.0
112 -0.03885 8.8342e-05 1354.4 273.117 5.02441 5.02342 -0.15633 -0.181214 1428310.0
113 -0.03875 8.83412e-05 1354.4 273.12 5.02442 5.02345 -0.167483 -0.184896 1428300.0
114 -0.03865 8.83422e-05 1354.4 273.117 5.02442 5.02356 -0.155575 -0.194098 1428340.0
115 -0.03855 8.83412e-05 1354.4 273.116 5.02436 5.02357 -0.200807 -0.273625 1428350.0
116 -0.03845 8.83413e-05 1354.4 273.118 5.02439 5.02361 -0.185377 -0.240269 1428370.0
117 -0.03835 8.83415e-05 1354.4 273.116 5.02437 5.02354 -0.214221 -0.274731 1428340.0
118 -0.03825 8.8342e-05 1354.4 273.12 5.02448 5.02372 -0.242569 -0.284313 1428500.0
119 -0.03815 8.83414e-05 1354.4 273.12 5.02444 5.0237 -0.261804 -0.334406 1428480.0
120 -0.03805 8.83419e-05 1354.4 273.118 5.02444 5.02376 -0.241377 -0.289335 1428530.0
121 -0.03795 8.83417e-05 1354.4 273.118 5.02442 5.02366 -0.246771 -0.278434 1428480.0
122 -0.03785 8.83404e-05 1354.4 273.119 5.02436 5.02355 -0.241504 -0.276562 1428440.0
123 -0.03775 8.83418e-05 1354.4 273.121 5.02448 5.02362 -0.220999 -0.244099 1428460.0
124 -0.03765 8.83417e-05 1354.4 273.119 5.02444 5.02369 -0.254577 -0.304924 1428540.0
125 -0.03755 8.83416e-05 1354.4 273.12 5.02445 5.02359 -0.264294 -0.317473 1428470.0
126 -0.03745 8.83412e-05 1354.4 273.12 5.02443 5.02357 -0.246108 -0.314308 1428520.0
127 -0.03735 8.83418e-05 1354.4 273.121 5.02448 5.02361 -0.266366 -0.358027 1428570.0
128 -0.03725 8.83417e-05 1354.4 273.119 5.02445 5.02364 -0.265257 -0.365799 1428540.0
129 -0.03715 8.83411e-05 1354.4 273.119 5.02441 5.02354 -0.230881 -0.325634 1428540.0
130 -0.03705 8.83414e-05 1354.4 273.118 5.02439 5.02349 -0.203497 -0.290048 1428480.0
131 -0.03695 8.83418e-05 1354.4 273.119 5.02444 5.02354 -0.196981 -0.258735 1428480.0
132 -0.03685 8.83414e-05 1354.4 273.119 5.02442 5.02361 -0.195175 -0.269661 1428530.0
133 -0.03675 8.83414e-05 1354.4 273.119 5.02441 5.02361 -0.240855 -0.339084 1428570.0
134 -0.03665 8.83413e-05 1354.4 273.12 5.02444 5.02357 -0.262409 -0.39074 1428570.0
135 -0.03655 8.83416e-05 1354.4 273.123 5.0245 5.02375 -0.267655 -0.375591 1428690.0
136 -0.03645 8.83413e-05 1354.4 273.122 5.02447 5.02377 -0.303348 -0.432022 1428760.0
137 -0.03635 8.83417e-05 1354.4 273.121 5.02448 5.02375 -0.301236 -0.428936 1428730.0
138 -0.03625 8.83413e-05 1354.4 273.122 5.02448 5.02375 -0.313841 -0.434638 1428730.0
139 -0.03615 8.8342e-05 1354.4 273.122 5.02451 5.02393 -0.330151 -0.457758 1428830.0
140 -0.03605 8.83418e-05 1354.4 273.124 5.02453 5.02396 -0.344792 -0.53018 1428910.0
141 -0.03595 8.83421e-05 1354.4 273.124 5.02455 5.02404 -0.377994 -0.56683 1429010.0
142 -0.03585 8.83419e-05 1354.4 273.122 5.02451 5.02398 -0.346379 -0.512434 1428950.0
143 -0.03575 8.83416e-05 1354.4 273.124 5.02453 5.02409 -0.304972 -0.460133 1428960.0
144 -0.03565 8.8342e-05 1354.39 273.122 5.0245 5.02406 -0.326516 -0.480515 1428980.0
145 -0.03555 8.83424e-05 1354.39 273.124 5.02456 5.02419 -0.28483 -0.431992 1429010.0
146 -0.03545 8.83415e-05 1354.4 273.122 5.02448 5.02407 -0.298927 -0.474884 1428960.0
147 -0.03535 8.83418e-05 1354.39 273.122 5.0245 5.02409 -0.279968 -0.444858 1428970.0
148 -0.03525 8.83418e-05 1354.4 273.122 5.0245 5.02402 -0.295302 -0.439672 1429000.0
149 -0.03515 8.83417e-05 1354.39 273.122 5.02449 5.02402 -0.304794 -0.44118 1429030.0
150 -0.03505 8.83418e-05 1354.4 273.122 5.0245 5.02405 -0.272733 -0.397629 1429020.0
151 -0.03495 8.8342e-05 1354.39 273.123 5.02453 5.02409 -0.315942 -0.454382 1429070.0
152 -0.03485 8.83416e-05 1354.4 273.122 5.02449 5.02413 -0.317099 -0.499343 1429120.0
153 -0.03475 8.83423e-05 1354.4 273.125 5.02459 5.02424 -0.337883 -0.508135 1429210.0
154 -0.03465 8.83417e-05 1354.39 273.122 5.0245 5.02409 -0.340884 -0.525046 1429150.0
155 -0.03455 8.83418e-05 1354.39 273.127 5.02458 5.02431 -0.330022 -0.510221 1429250.0
156 -0.03445 8.83419e-05 1354.39 273.123 5.02453 5.02418 -0.356852 -0.563027 1429220.0
157 -0.03435 8.83413e-05 1354.4 273.127 5.02456 5.02426 -0.321422 -0.49531 1429260.0
158 -0.03425 8.8341e-05 1354.4 273.122 5.02445 5.02405 -0.358056 -0.563792 1429180.0
159 -0.03415 8.83422e-05 1354.39 273.126 5.0246 5.02422 -0.318872 -0.465422 1429260.0
160 -0.03405 8.83415e-05 1354.4 273.122 5.02448 5.02413 -0.33008 -0.483802 1429220.0
161 -0.03395 8.83418e-05 1354.39 273.125 5.02455 5.02422 -0.341877 -0.513814 1429310.0
162 -0.03385 8.83418e-05 1354.39 273.125 5.02455 5.02423 -0.370017 -0.518208 1429380.0
163 -0.03375 8.83417e-05 1354.39 273.126 5.02457 5.02425 -0.41731 -0.587957 1429440.0
164 -0.03365 8.8342e-05 1354.39 273.126 5.02459 5.02434 -0.401757 -0.571468 1429480.0
165 -0.03355 8.83418e-05 1354.4 273.126 5.02457 5.02429 -0.414577 -0.606068 1429520.0
166 -0.03345 8.83416e-05 1354.39 273.126 5.02456 5.02424 -0.403089 -0.583127 1429480.0
167 -0.03335 8.83418e-05 1354.4 273.128 5.02461 5.02435 -0.389566 -0.554899 1429510.0
168 -0.03325 8.83421e-05 1354.39 273.125 5.02457 5.02427 -0.421994 -0.587967 1429460.0
169 -0.03315 8.83419e-05 1354.39 273.127 5.02459 5.02432 -0.398656 -0.543767 1429470.0
170 -0.03305 8.83414e-05 1354.39 273.127 5.02456 5.02427 -0.42002 -0.560049 1429480.0
171 -0.03295 8.83426e-05 1354.39 273.128 5.02465 5.02438 -0.407342 -0.524206 1429530.0
172 -0.03285 8.83423e-05 1354.4 273.127 5.02462 5.02434 -0.412534 -0.530374 1429550.0
173 -0.03275 8.83412e-05 1354.39 273.127 5.02455 5.02436 -0.428818 -0.572655 1429560.0
174 -0.03265 8.83423e-05 1354.39 273.129 5.02466 5.0244 -0.457146 -0.594804 1429670.0
175 -0.03255 8.83417e-05 1354.4 273.127 5.02459 5.02431 -0.447924 -0.606624 1429650.0
176 -0.03245 8.83423e-05 1354.39 273.127 5.02462 5.02436 -0.431062 -0.594517 1429670.0
177 -0.03235 8.8342e-05 1354.39 273.129 5.02463 5.0244 -0.471723 -0.611138 1429730.0
178 -0.03225 8.83411e-05 1354.4 273.126 5.02454 5.02423 -0.474835 -0.59802 1429660.0
179 -0.03215 8.83426e-05 1354.39 273.127 5.02463 5.0243 -0.445879 -0.497114 1429630.0
180 -0.03205 8.83419e-05 1354.39 273.127 5.0246 5.02427 -0.45512 -0.500627 1429710.0
181 -0.03195 8.83416e-05 1354.39 273.127 5.02459 5.02427 -0.441909 -0.469446 1429720.0
182 -0.03185 8.83424e-05 1354.39 273.127 5.02463 5.02431 -0.424201 -0.500401 1429760.0
183 -0.03175 8.83413e-05 1354.39 273.125 5.02453 5.02427 -0.409674 -0.471387 1429700.0
184 -0.03165 8.83424e-05 1354.39 273.127 5.02462 5.02432 -0.445114 -0.523867 1429760.0
185 -0.03155 8.83421e-05 1354.4 273.128 5.02463 5.02438 -0.403043 -0.443385 1429770.0
186 -0.03145 8.83415e-05 1354.4 273.128 5.02459 5.02428 -0.465948 -0.521664 1429850.0
187 -0.03135 8.83425e-05 1354.39 273.129 5.02467 5.02444 -0.494589 -0.56993 1429990.0
188 -0.03125 8.83417e-05 1354.39 273.13 5.02463 5.02445 -0.509928 -0.598003 1430090.0
189 -0.03115 8.83414e-05 1354.39 273.128 5.02459 5.02435 -0.521549 -0.601051 1430060.0
190 -0.03105 8.83423e-05 1354.39 273.13 5.02468 5.0244 -0.509576 -0.593002 1430190.0
191 -0.03095 8.83418e-05 1354.39 273.129 5.02463 5.02431 -0.472755 -0.539714 1430110.0
192 -0.03085 8.83414e-05 1354.39 273.126 5.02455 5.02428 -0.526477 -0.642376 1430160.0
193 -0.03075 8.83416e-05 1354.39 273.132 5.02468 5.02437 -0.483548 -0.581074 1430210.0
194 -0.03065 8.83418e-05 1354.39 273.128 5.02461 5.02435 -0.562807 -0.708188 1430310.0
195 -0.03055 8.83421e-05 1354.39 273.134 5.02473 5.02451 -0.598712 -0.748181 1430570.0
196 -0.03045 8.83418e-05 1354.39 273.133 5.0247 5.02443 -0.627263 -0.809253 1430660.0
197 -0.03035 8.83422e-05 1354.39 273.133 5.02473 5.02452 -0.685488 -0.89768 1430850.0
198 -0.03025 8.83422e-05 1354.39 273.134 5.02475 5.02454 -0.65916 -0.860155 1430800.0
199 -0.03015 8.83415e-05 1354.39 273.134 5.02471 5.02449 -0.67072 -0.893137 1430830.0
200 -0.03005 8.83419e-05 1354.39 273.136 5.02475 5.02457 -0.714267 -0.923036 1430960.0
201 -0.02995 8.83416e-05 1354.39 273.136 5.02474 5.02453 -0.74729 -0.991912 1431020.0
202 -0.02985 8.83425e-05 1354.39 273.136 5.02479 5.02465 -0.783461 -1.04364 1431130.0
203 -0.02975 8.83417e-05 1354.39 273.137 5.02477 5.02465 -0.755982 -1.0152 1431180.0
204 -0.02965 8.83424e-05 1354.39 273.134 5.02476 5.02462 -0.775937 -1.07885 1431230.0
205 -0.02955 8.83418e-05 1354.39 273.141 5.02484 5.02469 -0.849307 -1.16761 1431420.0
206 -0.02945 8.83424e-05 1354.39 273.138 5.02483 5.02472 -0.848673 -1.16128 1431450.0
207 -0.02935 8.8342e-05 1354.39 273.137 5.02479 5.02466 -0.886444 -1.2018 1431510.0
208 -0.02925 8.83422e-05 1354.39 273.141 5.02486 5.02478 -0.919774 -1.22247 1431740.0
209 -0.02915 8.83418e-05 1354.39 273.14 5.02482 5.02476 -0.905553 -1.19257 1431760.0
210 -0.02905 8.83421e-05 1354.39 273.143 5.02489 5.02489 -0.995661 -1.34383 1432040.0
211 -0.02895 8.83423e-05 1354.39 273.142 5.0249 5.02492 -1.03628 -1.40096 1432180.0
212 -0.02885 8.8342e-05 1354.39 273.145 5.02493 5.02506 -1.02953 -1.42111 1432300.0
213 -0.02875 8.83421e-05 1354.39 273.143 5.02491 5.0251 -1.04482 -1.45137 1432430.0
214 -0.02865 8.83426e-05 1354.39 273.142 5.02491 5.02511 -1.05052 -1.48115 1432510.0
215 -0.02855 8.83424e-05 1354.38 273.145 5.02496 5.02516 -1.07429 -1.55276 1432630.0
216 -0.02845 8.83423e-05 1354.39 273.148 5.025 5.02528 -1.10768 -1.57147 1432880.0
217 -0.02835 8.83422e-05 1354.38 273.146 5.02496 5.02524 -1.17432 -1.68318 1432970.0
218 -0.02825 8.83429e-05 1354.39 273.149 5.02506 5.02549 -1.20415 -1.74889 1433220.0
219 -0.02815 8.83419e-05 1354.38 273.149 5.025 5.02552 -1.26159 -1.87377 1433420.0
220 -0.02805 8.83427e-05 1354.38 273.151 5.02508 5.02554 -1.23855 -1.82182 1433490.0
221 -0.02795 8.83424e-05 1354.39 273.152 5.02508 5.02553 -1.29374 -1.91234 1433690.0
222 -0.02785 8.83431e-05 1354.38 273.151 5.0251 5.02554 -1.32027 -1.96463 1433840.0
223 -0.02775 8.83427e-05 1354.38 273.153 5.02513 5.02562 -1.37873 -2.00682 1434100.0
224 -0.02765 8.8343e-05 1354.38 273.157 5.02521 5.02568 -1.50828 -2.09424 1434490.0
225 -0.02755 8.83432e-05 1354.38 273.157 5.02522 5.02567 -1.49429 -2.16188 1434490.0
226 -0.02745 8.83433e-05 1354.38 273.158 5.02524 5.0257 -1.55468 -2.25408 1434740.0
227 -0.02735 8.83425e-05 1354.38 273.159 5.02522 5.02563 -1.55375 -2.22078 1434840.0
228 -0.02725 8.83431e-05 1354.38 273.159 5.02524 5.02568 -1.62513 -2.33503 1435090.0
229 -0.02715 8.83433e-05 1354.38 273.16 5.02528 5.02582 -1.64985 -2.43422 1435300.0
230 -0.02705 8.83428e-05 1354.38 273.161 5.02527 5.02583 -1.6726 -2.4763 1435440.0
231 -0.02695 8.83428e-05 1354.38 273.161 5.02527 5.02597 -1.76577 -2.60223 1435800.0
232 -0.02685 8.83431e-05 1354.38 273.164 5.02535 5.02593 -1.79186 -2.63479 1435970.0
233 -0.02675 8.83428e-05 1354.38 273.167 5.02539 5.02599 -1.86185 -2.75183 1436300.0
234 -0.02665 8.83431e-05 1354.38 273.167 5.0254 5.02608 -1.91858 -2.8698 1436600.0
235 -0.02655 8.83435e-05 1354.38 273.167 5.02543 5.0261 -1.96225 -2.92653 1436770.0
236 -0.02645 8.83433e-05 1354.38 273.169 5.02545 5.02612 -2.01702 -3.03364 1437080.0
237 -0.02635 8.83428e-05 1354.38 273.173 5.02549 5.02626 -2.08056 -3.12868 1437440.0
238 -0.02625 8.83444e-05 1354.38 273.173 5.02559 5.02646 -2.18453 -3.28537 1437890.0
239 -0.02615 8.8343e-05 1354.38 273.179 5.02561 5.02655 -2.25934 -3.42565 1438270.0
240 -0.02605 8.83436e-05 1354.38 273.177 5.02562 5.02664 -2.3451 -3.54336 1438610.0
241 -0.02595 8.83435e-05 1354.37 273.182 5.02571 5.02671 -2.4817 -3.71206 1439070.0
242 -0.02585 8.83435e-05 1354.37 273.185 5.02576 5.02675 -2.53062 -3.77863 1439400.0
243 -0.02575 8.83434e-05 1354.37 273.186 5.02578 5.02675 -2.64469 -3.92996 1439840.0
244 -0.02565 8.83442e-05 1354.37 273.19 5.02588 5.02683 -2.71226 -4.02162 1440160.0
245 -0.02555 8.83431e-05 1354.37 273.188 5.02579 5.02671 -2.72607 -4.02357 1440390.0
246 -0.02545 8.83438e-05 1354.37 273.193 5.02592 5.02691 -2.85961 -4.24922 1440840.0
247 -0.02535 8.83438e-05 1354.37 273.197 5.02599 5.027 -2.94984 -4.38408 1441240.0
248 -0.02525 8.83436e-05 1354.37 273.2 5.02603 5.02707 -3.13042 -4.6122 1441810.0
249 -0.02515 8.83439e-05 1354.37 273.202 5.02609 5.02727 -3.25952 -4.81422 1442480.0
250 -0.02505 8.8344e-05 1354.37 273.211 5.02625 5.02744 -3.44494 -5.08097 1443120.0
251 -0.02495 8.83442e-05 1354.37 273.211 5.02628 5.0275 -3.5485 -5.20372 1443520.0
252 -0.02485 8.83446e-05 1354.37 273.214 5.02634 5.02754 -3.61597 -5.33791 1443920.0
253 -0.02475 8.83434e-05 1354.37 273.217 5.02633 5.02756 -3.69884 -5.45647 1444380.0
254 -0.02465 8.83442e-05 1354.37 273.216 5.02637 5.02753 -3.74951 -5.51163 1444760.0
255 -0.02455 8.83443e-05 1354.37 273.219 5.02643 5.02762 -3.84625 -5.696 1445180.0
256 -0.02445 8.83438e-05 1354.36 273.225 5.02651 5.02769 -3.99998 -5.89677 1445860.0
257 -0.02435 8.83445e-05 1354.37 273.226 5.02656 5.02777 -4.14621 -6.10701 1446470.0
258 -0.02425 8.83438e-05 1354.36 273.234 5.02666 5.02789 -4.41262 -6.43593 1447350.0
259 -0.02415 8.83447e-05 1354.36 273.237 5.02678 5.02807 -4.45863 -6.52497 1447760.0
260 -0.02405 8.83438e-05 1354.36 273.244 5.02685 5.0283 -4.70125 -6.91389 1448790.0
261 -0.02395 8.83445e-05 1354.36 273.247 5.02695 5.02845 -4.8673 -7.1594 1449460.0
262 -0.02385 8.83444e-05 1354.36 273.255 5.02709 5.02873 -5.10167 -7.54851 1450470.0
263 -0.02375 8.8345e-05 1354.36 273.261 5.02724 5.02891 -5.2989 -7.81498 1451290.0
264 -0.02365 8.83446e-05 1354.35 273.264 5.02727 5.02909 -5.382 -8.00502 1451850.0
265 -0.02355 8.83439e-05 1354.35 273.268 5.02731 5.02915 -5.63618 -8.39106 1452850.0
266 -0.02345 8.83449e-05 1354.35 273.278 5.02754 5.02951 -5.87918 -8.77791 1453880.0
267 -0.02335 8.83449e-05 1354.35 273.282 5.02763 5.02969 -6.08328 -9.12597 1454790.0
268 -0.02325 8.83452e-05 1354.35 273.288 5.02774 5.02995 -6.32258 -9.45794 1455730.0
269 -0.02315 8.8345e-05 1354.34 273.298 5.02791 5.03028 -6.55491 -9.82937 1456730.0
270 -0.02305 8.83456e-05 1354.34 273.302 5.02803 5.03044 -6.74651 -10.1453 1457650.0
271 -0.02295 8.83455e-05 1354.34 273.307 5.02812 5.03058 -6.90681 -10.4244 1458480.0
272 -0.02285 8.83454e-05 1354.34 273.314 5.02824 5.03082 -7.22209 -10.883 1459680.0
273 -0.02275 8.83454e-05 1354.34 273.325 5.02845 5.03122 -7.61285 -11.409 1461210.0
274 -0.02265 8.83462e-05 1354.33 273.333 5.02863 5.03148 -7.9198 -11.8693 1462450.0
275 -0.02255 8.83455e-05 1354.33 273.34 5.02871 5.03155 -8.15032 -12.1682 1463360.0
276 -0.02245 8.83456e-05 1354.33 273.35 5.02891 5.03192 -8.49772 -12.6616 1465020.0
277 -0.02235 8.83454e-05 1354.33 273.356 5.02901 5.03201 -8.70656 -13.0208 1465850.0
278 -0.02225 8.8346e-05 1354.33 273.368 5.02926 5.03239 -9.14177 -13.5912 1467580.0
279 -0.02215 8.83467e-05 1354.32 273.374 5.02941 5.03271 -9.4047 -14.009 1468700.0
280 -0.02205 8.8346e-05 1354.32 273.384 5.02956 5.03296 -9.78846 -14.5356 1470340.0
281 -0.02195 8.83462e-05 1354.32 273.392 5.02972 5.03313 -9.99176 -14.8306 1471310.0
282 -0.02185 8.83467e-05 1354.32 273.405 5.02998 5.03366 -10.5311 -15.5928 1473320.0
283 -0.02175 8.83473e-05 1354.31 273.423 5.03034 5.03428 -11.0737 -16.3376 1475530.0
284 -0.02165 8.83467e-05 1354.31 273.432 5.03049 5.0345 -11.447 -16.9205 1477070.0
285 -0.02155 8.8347e-05 1354.3 273.442 5.03068 5.03488 -11.8818 -17.641 1479050.0
286 -0.02145 8.83483e-05 1354.3 273.457 5.03104 5.03547 -12.4349 -18.4201 1481090.0
287 -0.02135 8.83472e-05 1354.3 273.473 5.03126 5.03591 -12.9807 -19.1564 1483300.0
288 -0.02125 8.83487e-05 1354.29 273.488 5.03162 5.03644 -13.4231 -19.8452 1485280.0
289 -0.02115 8.83478e-05 1354.29 273.503 5.03184 5.03671 -14.0628 -20.6818 1487720.0
290 -0.02105 8.83485e-05 1354.29 273.518 5.03216 5.03729 -14.5563 -21.451 1489940.0
291 -0.02095 8.8349e-05 1354.28 273.524 5.03231 5.03753 -14.9076 -21.9972 1491710.0
292 -0.02085 8.83488e-05 1354.28 273.543 5.03264 5.03817 -15.4925 -22.8993 1494260.0
293 -0.02075 8.83492e-05 1354.27 273.566 5.03309 5.03902 -16.3199 -24.1638 1497430.0
294 -0.02065 8.83497e-05 1354.27 273.579 5.03337 5.03956 -16.8353 -24.9498 1499710.0
295 -0.02055 8.83497e-05 1354.26 273.589 5.03354 5.03979 -17.2422 -25.6406 1501660.0
296 -0.02045 8.83503e-05 1354.26 273.617 5.03409 5.04062 -18.1067 -26.8775 1504970.0
297 -0.02035 8.83504e-05 1354.25 273.635 5.03442 5.04129 -18.9057 -28.1392 1508430.0
298 -0.02025 8.83502e-05 1354.25 273.655 5.03478 5.04183 -19.564 -29.0385 1511170.0
299 -0.02015 8.83518e-05 1354.24 273.676 5.03525 5.04268 -20.3633 -30.2375 1514520.0
300 -0.02005 8.83514e-05 1354.23 273.701 5.0357 5.04344 -21.2597 -31.4836 1518200.0
301 -0.01995 8.83518e-05 1354.23 273.723 5.03612 5.04418 -22.104 -32.7603 1521750.0
302 -0.01985 8.83525e-05 1354.22 273.751 5.03668 5.04523 -23.0223 -34.2489 1525590.0
303 -0.01975 8.83526e-05 1354.21 273.775 5.03713 5.04615 -23.9377 -35.6936 1529580.0
304 -0.01965 8.83534e-05 1354.21 273.802 5.03767 5.04691 -24.8954 -37.008 1533400.0
305 -0.01955 8.8354e-05 1354.2 273.826 5.03814 5.04776 -25.7805 -38.4013 1537240.0
306 -0.01945 8.83538e-05 1354.19 273.853 5.03864 5.04866 -26.6972 -39.81 1541240.0
307 -0.01935 8.83554e-05 1354.18 273.883 5.03927 5.0498 -27.8546 -41.4411 1545870.0
308 -0.01925 8.83547e-05 1354.17 273.917 5.03985 5.05076 -29.1237 -43.2275 1550940.0
309 -0.01915 8.83562e-05 1354.16 273.953 5.0406 5.05203 -30.3689 -45.0254 1556130.0
310 -0.01905 8.83566e-05 1354.15 273.981 5.04114 5.05299 -31.407 -46.5954 1560570.0
311 -0.01895 8.83572e-05 1354.15 274.016 5.04182 5.05418 -32.656 -48.347 1565870.0
312 -0.01885 8.83575e-05 1354.14 274.041 5.04231 5.05512 -33.7084 -50.0989 1570430.0
313 -0.01875 8.83588e-05 1354.13 274.083 5.04315 5.05648 -35.1321 -52.2121 1576580.0
314 -0.01865 8.83595e-05 1354.11 274.123 5.04392 5.0578 -36.5261 -54.247 1582200.0
315 -0.01855 8.83594e-05 1354.1 274.162 5.04463 5.05895 -37.9579 -56.3474 1588190.0
316 -0.01845 8.83609e-05 1354.09 274.201 5.04544 5.06027 -39.4059 -58.408 1594440.0
317 -0.01835 8.83617e-05 1354.08 274.243 5.04626 5.06167 -40.9619 -60.7284 1600760.0
318 -0.01825 8.83622e-05 1354.07 274.286 5.04708 5.0631 -42.4538 -63.0869 1607170.0
319 -0.01815 8.83633e-05 1354.06 274.333 5.04801 5.06489 -44.2396 -65.7247 1614470.0
320 -0.01805 8.83645e-05 1354.04 274.385 5.04903 5.06642 -45.9962 -68.1241 1621660.0
321 -0.01795 8.83648e-05 1354.03 274.439 5.05005 5.0683 -47.9613 -71.0775 1629810.0
322 -0.01785 8.83659e-05 1354.01 274.492 5.05109 5.07015 -49.9969 -74.1022 1638070.0
323 -0.01775 8.83675e-05 1354.0 274.548 5.0522 5.07211 -51.9341 -77.0219 1646470.0
324 -0.01765 8.83687e-05 1353.98 274.603 5.05327 5.07374 -53.9403 -80.0124 1654770.0
325 -0.01755 8.83689e-05 1353.96 274.662 5.05438 5.0758 -56.0721 -83.2344 1663610.0
326 -0.01745 8.83701e-05 1353.95 274.718 5.05547 5.07793 -58.1118 -86.5965 1672410.0
327 -0.01735 8.83717e-05 1353.93 274.789 5.05687 5.08021 -60.7072 -90.3235 1682930.0
328 -0.01725 8.83735e-05 1353.91 274.853 5.05816 5.08254 -62.9793 -93.8693 1692700.0
329 -0.01715 8.83735e-05 1353.89 274.927 5.05952 5.08479 -65.681 -97.5258 1703440.0
330 -0.01705 8.83753e-05 1353.87 275.003 5.06103 5.08735 -68.4346 -101.585 1714820.0
331 -0.01695 8.83771e-05 1353.85 275.08 5.06254 5.08996 -71.1881 -105.655 1726280.0
332 -0.01685 8.83778e-05 1353.83 275.154 5.06394 5.09243 -73.9204 -109.863 1737780.0
333 -0.01675 8.83798e-05 1353.8 275.237 5.06557 5.09541 -76.9103 -114.428 1750100.0
334 -0.01665 8.83816e-05 1353.78 275.325 5.06731 5.09834 -80.1962 -119.277 1763710.0
335 -0.01655 8.83826e-05 1353.76 275.414 5.06901 5.10127 -83.2706 -123.744 1776380.0
336 -0.01645 8.83843e-05 1353.73 275.513 5.07093 5.10471 -86.9537 -129.133 1791500.0
337 -0.01635 8.83856e-05 1353.7 275.607 5.07274 5.1076 -90.3291 -134.075 1805570.0
338 -0.01625 8.83887e-05 1353.67 275.705 5.07471 5.11124 -93.7952 -139.497 1820040.0
339 -0.01615 8.83901e-05 1353.64 275.823 5.07697 5.11519 -98.1383 -145.781 1837480.0
340 -0.01605 8.83913e-05 1353.61 275.924 5.07889 5.11848 -101.753 -151.211 1852810.0
341 -0.01595 8.83943e-05 1353.58 276.041 5.08121 5.12238 -105.994 -157.258 1870360.0
342 -0.01585 8.83963e-05 1353.54 276.168 5.08367 5.12655 -110.594 -163.917 1888830.0
343 -0.01575 8.83985e-05 1353.51 276.306 5.08633 5.13114 -115.583 -171.219 1909410.0
344 -0.01565 8.84016e-05 1353.47 276.445 5.08907 5.13587 -120.676 -178.7 1930030.0
345 -0.01555 8.84039e-05 1353.43 276.57 5.0915 5.14013 -125.062 -185.48 1948440.0
346 -0.01545 8.84063e-05 1353.39 276.712 5.09426 5.14495 -130.327 -193.257 1970600.0
347 -0.01535 8.84085e-05 1353.35 276.867 5.09724 5.15011 -135.935 -201.406 1993070.0
348 -0.01525 8.84118e-05 1353.31 277.012 5.10011 5.15504 -141.172 -209.34 2015080.0
349 -0.01515 8.84137e-05 1353.26 277.177 5.10324 5.1606 -147.103 -218.301 2039620.0
350 -0.01505 8.84176e-05 1353.21 277.345 5.10656 5.16639 -153.219 -227.448 2064840.0
351 -0.01495 8.84205e-05 1353.17 277.523 5.11002 5.17239 -159.698 -237.041 2091370.0
352 -0.01485 8.84236e-05 1353.11 277.704 5.11351 5.17846 -166.226 -246.806 2118560.0
353 -0.01475 8.84278e-05 1353.06 277.907 5.1175 5.18533 -173.504 -257.414 2147870.0
354 -0.01465 8.8431e-05 1353.0 278.099 5.12122 5.19173 -180.588 -267.948 2177670.0
355 -0.01455 8.84351e-05 1352.95 278.301 5.12517 5.19869 -187.887 -278.938 2207630.0
356 -0.01445 8.84386e-05 1352.89 278.522 5.12945 5.20606 -195.744 -290.569 2239790.0
357 -0.01435 8.84429e-05 1352.82 278.746 5.13382 5.21379 -203.938 -302.838 2273860.0
358 -0.01425 8.84474e-05 1352.75 278.979 5.13839 5.22171 -212.447 -315.599 2308600.0
359 -0.01415 8.84523e-05 1352.69 279.22 5.1431 5.22987 -221.06 -328.354 2344260.0
360 -0.01405 8.84561e-05 1352.62 279.466 5.14785 5.23812 -229.976 -341.728 2381320.0
361 -0.01395 8.8461e-05 1352.55 279.733 5.15306 5.24728 -239.682 -356.24 2421310.0
362 -0.01385 8.8466e-05 1352.46 280.018 5.15861 5.25687 -249.924 -371.39 2462960.0
363 -0.01375 8.84727e-05 1352.38 280.298 5.16414 5.26675 -260.128 -386.871 2505090.0
364 -0.01365 8.84769e-05 1352.29 280.621 5.17035 5.27739 -271.598 -403.529 2551320.0
365 -0.01355 8.8484e-05 1352.2 280.958 5.17697 5.28901 -283.989 -421.858 2601700.0
366 -0.01345 8.84892e-05 1352.11 281.289 5.18338 5.30007 -295.731 -439.237 2649790.0
367 -0.01335 8.84963e-05 1352.01 281.636 5.19018 5.31197 -308.403 -458.036 2701510.0
368 -0.01325 8.85027e-05 1351.9 282.019 5.19763 5.325 -322.155 -478.334 2757180.0
369 -0.01315 8.85091e-05 1351.79 282.385 5.20475 5.33761 -335.416 -498.289 2811710.0
370 -0.01305 8.85175e-05 1351.69 282.771 5.21236 5.35088 -349.387 -519.2 2869320.0
371 -0.01295 8.85238e-05 1351.57 283.194 5.22052 5.36515 -364.642 -541.723 2931590.0
372 -0.01285 8.85317e-05 1351.45 283.599 5.22846 5.3789 -379.259 -563.755 2992230.0
373 -0.01275 8.85405e-05 1351.32 284.042 5.23713 5.39444 -395.187 -588.232 3057680.0
374 -0.01265 8.85496e-05 1351.19 284.535 5.24677 5.41119 -413.037 -614.313 3129850.0
375 -0.01255 8.85574e-05 1351.05 284.984 5.25552 5.42715 -429.264 -639.662 3197820.0
376 -0.01245 8.85665e-05 1350.91 285.497 5.26552 5.44438 -447.748 -666.915 3272820.0
377 -0.01235 8.85767e-05 1350.76 286.033 5.27601 5.46237 -467.091 -695.13 3351120.0
378 -0.01225 8.85875e-05 1350.6 286.599 5.2871 5.48214 -487.473 -725.969 3434250.0
379 -0.01215 8.85986e-05 1350.43 287.196 5.29876 5.50253 -509.031 -757.657 3520870.0
380 -0.01205 8.86093e-05 1350.26 287.782 5.31023 5.52296 -530.185 -789.995 3608350.0
381 -0.01195 8.86216e-05 1350.08 288.428 5.32288 5.54514 -553.511 -824.417 3702480.0
382 -0.01185 8.86341e-05 1349.88 289.129 5.33658 5.56885 -578.686 -861.121 3803260.0
383 -0.01175 8.86472e-05 1349.68 289.808 5.34988 5.5924 -603.134 -897.888 3903040.0
384 -0.01165 8.86605e-05 1349.47 290.556 5.36451 5.61791 -630.073 -937.553 4011570.0
385 -0.01155 8.86749e-05 1349.25 291.322 5.37952 5.64407 -657.726 -978.523 4123560.0
386 -0.01145 8.86884e-05 1349.04 292.064 5.39404 5.6695 -684.328 -1018.85 4233860.0
387 -0.01135 8.87038e-05 1348.81 292.872 5.40991 5.69743 -713.588 -1062.56 4352860.0
388 -0.01125 8.87205e-05 1348.55 293.771 5.42754 5.72858 -745.844 -1110.64 4482830.0
389 -0.01115 8.8738e-05 1348.29 294.686 5.44552 5.76032 -778.695 -1159.61 4615130.0
390 -0.01105 8.8755e-05 1348.02 295.626 5.46394 5.79299 -812.667 -1210.62 4752850.0
391 -0.01095 8.87751e-05 1347.72 296.664 5.48436 5.82887 -849.891 -1265.75 4901520.0
392 -0.01085 8.87932e-05 1347.43 297.668 5.50404 5.86348 -885.875 -1319.61 5048140.0
393 -0.01075 8.88133e-05 1347.13 298.721 5.52476 5.90005 -923.83 -1376.81 5202730.0
394 -0.01065 8.88354e-05 1346.8 299.865 5.5473 5.93982 -964.835 -1437.96 5367950.0
395 -0.01055 8.88571e-05 1346.46 301.055 5.57067 5.98092 -1007.6 -1501.61 5540210.0
396 -0.01045 8.88818e-05 1346.09 302.337 5.59595 6.02594 -1053.54 -1570.42 5723640.0
397 -0.01035 8.89061e-05 1345.71 303.63 5.62143 6.0711 -1100.01 -1640.15 5911590.0
398 -0.01025 8.89319e-05 1345.33 304.956 5.6476 6.11725 -1147.44 -1711.31 6103620.0
399 -0.01015 8.8959e-05 1344.91 306.426 5.67656 6.16822 -1200.26 -1789.25 6314610.0
400 -0.01005 8.89879e-05 1344.47 307.901 5.70575 6.21989 -1252.93 -1868.35 6526400.0
401 -0.00995 8.90158e-05 1344.04 309.413 5.73555 6.27244 -1307.15 -1949.57 6745740.0
402 -0.00985 8.90465e-05 1343.57 311.024 5.76741 6.32878 -1364.83 -2036.08 6978510.0
403 -0.00975 8.90788e-05 1343.08 312.707 5.80072 6.38771 -1424.99 -2126.21 7220290.0
404 -0.00965 8.91135e-05 1342.55 314.535 5.8369 6.45125 -1490.32 -2222.52 7480470.0
405 -0.00955 8.91491e-05 1342.01 316.43 5.87441 6.51713 -1558.06 -2322.83 7750420.0
406 -0.00945 8.91865e-05 1341.45 318.342 5.91239 6.58447 -1626.42 -2425.62 8025590.0
407 -0.00935 8.92252e-05 1340.86 320.36 5.95245 6.65532 -1698.33 -2533.36 8314190.0
408 -0.00925 8.9267e-05 1340.23 322.51 5.9952 6.73144 -1774.99 -2648.62 8620920.0
409 -0.00915 8.93076e-05 1339.59 324.704 6.03874 6.80798 -1853.23 -2765.12 8934550.0
410 -0.00905 8.93556e-05 1338.89 327.142 6.08735 6.89333 -1939.96 -2892.61 9276550.0
411 -0.00895 8.94015e-05 1338.19 329.526 6.13485 6.97677 -2024.9 -3019.56 9617750.0
412 -0.00885 8.94517e-05 1337.43 332.115 6.18652 7.06836 -2116.98 -3156.71 9983760.0
413 -0.00875 8.95035e-05 1336.65 334.798 6.24011 7.16225 -2212.29 -3297.68 10362900.0
414 -0.00865 8.95581e-05 1335.83 337.602 6.29622 7.26175 -2311.66 -3446.27 10758300.0
415 -0.00855 8.96153e-05 1334.96 340.521 6.3547 7.36547 -2415.22 -3601.26 11170600.0
416 -0.00845 8.96767e-05 1334.05 343.644 6.41738 7.47617 -2525.73 -3765.5 11607600.0
417 -0.00835 8.97414e-05 1333.09 346.892 6.48272 7.59155 -2640.65 -3936.26 12062700.0
418 -0.00825 8.98064e-05 1332.1 350.249 6.55018 7.71081 -2759.3 -4113.31 12534300.0
419 -0.00815 8.9877e-05 1331.05 353.781 6.62145 7.8369 -2883.95 -4299.17 13027800.0
420 -0.00805 8.99494e-05 1329.96 357.476 6.696 7.96791 -3014.15 -4492.05 13542100.0
421 -0.00795 9.00283e-05 1328.8 361.382 6.7751 8.10814 -3151.77 -4697.05 14085400.0
422 -0.00785 9.01085e-05 1327.59 365.444 6.85735 8.25369 -3294.63 -4909.66 14649400.0
423 -0.00775 9.01941e-05 1326.34 369.659 6.94303 8.40501 -3442.54 -5129.72 15232400.0
424 -0.00765 9.0283e-05 1325.02 374.066 7.03273 8.56389 -3597.18 -5360.31 15842700.0
425 -0.00755 9.0377e-05 1323.62 378.728 7.12778 8.73184 -3760.14 -5602.6 16483300.0
426 -0.00745 9.04753e-05 1322.16 383.59 7.22716 8.90721 -3930.18 -5854.97 17151300.0
427 -0.00735 9.05815e-05 1320.61 388.765 7.33325 9.09432 -4110.61 -6121.88 17856500.0
428 -0.00725 9.06881e-05 1319.04 394.0 7.44074 9.28335 -4293.08 -6392.92 18575800.0
429 -0.00715 9.08038e-05 1317.35 399.585 7.55584 9.48652 -4487.05 -6680.95 19335500.0
430 -0.00705 9.09254e-05 1315.57 405.457 7.67715 9.70132 -4690.77 -6983.44 20131300.0
431 -0.00695 9.10545e-05 1313.7 411.67 7.80586 9.92732 -4906.0 -7300.17 20969200.0
432 -0.00685 9.11893e-05 1311.74 418.085 7.93922 10.1624 -5127.23 -7627.76 21830800.0
433 -0.00675 9.13309e-05 1309.69 424.811 8.07947 10.4094 -5358.93 -7970.26 22733300.0
434 -0.00665 9.14798e-05 1307.54 431.829 8.22635 10.6681 -5600.1 -8327.09 23672300.0
435 -0.00655 9.16368e-05 1305.28 439.213 8.38137 10.9406 -5853.17 -8700.49 24655100.0
436 -0.00645 9.18024e-05 1302.91 446.912 8.5437 11.2258 -6116.11 -9088.29 25675400.0
437 -0.00635 9.19794e-05 1300.37 455.132 8.71761 11.5305 -6395.86 -9498.13 26753200.0
438 -0.00625 9.21667e-05 1297.73 463.659 8.89902 11.8486 -6685.72 -9923.59 27872100.0
439 -0.00615 9.23586e-05 1294.99 472.457 9.08677 12.1785 -6983.4 -10362.4 29022900.0
440 -0.00605 9.25635e-05 1292.11 481.668 9.28447 12.525 -7293.72 -10819.1 30220500.0
441 -0.00595 9.27784e-05 1289.09 491.354 9.49318 12.8887 -7619.32 -11294.8 31474200.0
442 -0.00585 9.30076e-05 1285.89 501.52 9.71352 13.2739 -7959.4 -11792.2 32778600.0
443 -0.00575 9.32488e-05 1282.54 512.128 9.94469 13.6773 -8312.82 -12308.7 34135000.0
444 -0.00565 9.34987e-05 1279.08 523.049 10.184 14.0933 -8675.07 -12837.6 35527400.0
445 -0.00555 9.37661e-05 1275.41 534.559 10.4378 14.5358 -9055.1 -13392.7 36983700.0
446 -0.00545 9.40474e-05 1271.56 546.592 10.7048 14.9991 -9450.29 -13967.3 38495600.0
447 -0.00535 9.43482e-05 1267.47 559.28 10.9884 15.4908 -9864.28 -14567.2 40071700.0
448 -0.00525 9.46622e-05 1263.24 572.394 11.2834 15.9992 -10290.3 -15182.1 41696200.0
449 -0.00515 9.49954e-05 1258.77 586.116 11.5946 16.5375 -10733.0 -15823.0 43382400.0
450 -0.00505 9.53465e-05 1254.1 600.36 11.9203 17.0998 -11189.4 -16482.7 45120000.0
451 -0.00495 9.57149e-05 1249.24 615.138 12.2609 17.6846 -11659.9 -17159.8 46911500.0
452 -0.00485 9.61063e-05 1244.1 630.637 12.6212 18.3025 -12149.4 -17861.3 48768900.0
453 -0.00475 9.65229e-05 1238.7 646.858 13.002 18.953 -12657.9 -18586.3 50694200.0
454 -0.00465 9.69598e-05 1233.06 663.622 13.3993 19.6305 -13178.8 -19328.6 52670600.0
455 -0.00455 9.74187e-05 1227.21 680.946 13.8142 20.3351 -13712.5 -20086.7 54698000.0
456 -0.00445 9.79072e-05 1221.04 699.031 14.2522 21.0766 -14263.7 -20866.0 56787000.0
457 -0.00435 9.84255e-05 1214.56 717.888 14.7141 21.8566 -14832.8 -21667.0 58944200.0
458 -0.00425 9.89722e-05 1207.79 737.359 15.1971 22.6701 -15412.9 -22482.2 61146800.0
459 -0.00415 9.95517e-05 1200.71 757.597 15.7057 23.5228 -16009.5 -23314.4 63411500.0
460 -0.00405 0.000100167 1193.28 778.581 16.2404 24.4156 -16619.3 -24160.9 65729800.0
461 -0.00395 0.000100817 1185.51 800.331 16.8025 25.3506 -17242.3 -25020.7 68103000.0
462 -0.00385 0.000101497 1177.51 822.561 17.3856 26.3127 -17869.6 -25881.1 70505400.0
463 -0.00375 0.000102226 1169.05 845.76 18.0043 27.3296 -18514.3 -26756.3 72976200.0
464 -0.00365 0.00010299 1160.29 869.491 18.648 28.3832 -19161.1 -27631.8 75475000.0
465 -0.00355 0.0001038 1151.16 893.982 19.324 29.4814 -19815.8 -28508.4 78015600.0
466 -0.00345 0.000104657 1141.67 919.072 20.0304 30.6226 -20472.6 -29381.0 80585900.0
467 -0.00335 0.000105566 1131.75 944.95 20.7731 31.8155 -21133.9 -30249.8 83196700.0
468 -0.00325 0.000106523 1121.5 971.345 21.547 33.0481 -21791.9 -31104.4 85824200.0
469 -0.00315 0.000107537 1110.83 998.441 22.3589 34.331 -22449.3 -31945.8 88484400.0
470 -0.00305 0.000108615 1099.71 1026.19 23.2107 35.6672 -23101.3 -32766.1 91159000.0
471 -0.00295 0.000109754 1088.21 1054.41 24.099 37.0506 -23742.6 -33562.4 93848300.0
472 -0.00285 0.000110948 1076.38 1082.99 25.0217 38.472 -24368.0 -34323.6 96535600.0
473 -0.00275 0.000112228 1064.01 1112.23 25.9937 39.9597 -24980.2 -35051.3 99234900.0
474 -0.00265 0.000113573 1051.3 1141.85 27.0057 41.4879 -25573.6 -35734.8 101937000.0
475 -0.00255 0.000114995 1038.18 1171.76 28.06 43.0642 -26141.5 -36368.9 104629000.0
476 -0.00245 0.000116498 1024.66 1201.98 29.1598 44.6898 -26681.0 -36946.3 107313000.0
477 -0.00235 0.000118084 1010.78 1232.27 30.3015 46.3587 -27186.3 -37464.1 109985000.0
478 -0.00225 0.000119762 996.477 1262.84 31.4947 48.0766 -27657.3 -37909.7 112644000.0
479 -0.00215 0.000121535 981.8 1293.41 32.7347 49.8411 -28085.8 -38282.2 115285000.0
480 -0.00205 0.0001234 966.825 1323.9 34.0203 51.6418 -28469.0 -38573.6 117905000.0
481 -0.00195 0.000125366 951.515 1354.19 35.3532 53.4816 -28800.5 -38779.1 120502000.0
482 -0.00185 0.000127434 935.924 1384.28 36.735 55.3567 -29081.0 -38895.4 123087000.0
483 -0.00175 0.000129607 920.067 1413.96 38.1622 57.2619 -29301.9 -38915.2 125646000.0
484 -0.00165 0.000131893 903.96 1443.16 39.6373 59.1989 -29459.2 -38836.0 128182000.0
485 -0.00155 0.000134304 887.553 1471.94 41.1668 61.1702 -29550.8 -38648.5 130700000.0
486 -0.00145 0.00013682 871.057 1500.03 42.7386 63.1542 -29579.5 -38366.2 133213000.0
487 -0.00135 0.000139452 854.432 1527.34 44.3536 65.1526 -29536.9 -37979.4 135711000.0
488 -0.00125 0.000142224 837.592 1554.04 46.0263 67.1782 -29424.8 -37479.4 138210000.0
489 -0.00115 0.000145107 820.75 1579.85 47.739 69.2027 -29244.6 -36881.9 140711000.0
490 -0.00105 0.000148107 803.925 1604.49 49.486 71.2265 -28988.4 -36188.9 143207000.0
491 -0.00095 0.000151236 787.08 1628.23 51.279 73.2518 -28662.0 -35396.9 145710000.0
492 -0.00085 0.000154489 770.3 1650.92 53.1122 75.2724 -28268.3 -34517.0 148234000.0
493 -0.00075 0.000157865 753.602 1672.55 54.9837 77.2808 -27806.7 -33549.5 150770000.0
494 -0.00065 0.000161375 736.981 1693.1 56.8969 79.2797 -27277.2 -32493.7 153326000.0
495 -0.00055 0.000164991 720.605 1712.39 58.8347 81.2534 -26688.5 -31379.0 155908000.0
496 -0.00045 0.000168727 704.403 1730.68 60.8096 83.2037 -26043.4 -30195.8 158514000.0
497 -0.00035 0.00017258 688.442 1747.76 62.8117 85.1268 -25342.4 -28954.6 161140000.0
498 -0.00025 0.000176547 672.723 1763.56 64.8367 87.0219 -24584.7 -27662.7 163785000.0
499 -0.00015 0.000180629 657.264 1778.2 66.8865 88.885 -23776.6 -26325.0 166448000.0
500 -5e-05 0.000184856 641.975 1791.7 68.9715 90.7284 -22912.1 -24924.0 169125000.0
501 5e-05 0.000189292 626.954 1803.7 71.0994 92.5074 -21980.9 -23438.5 171742000.0
502 0.00015 0.00019373 612.885 1814.02 73.1829 94.1423 -21042.6 -22015.5 174287000.0
503 0.00025 0.000198146 599.502 1823.4 75.238 95.6993 -20113.2 -20654.9 176837000.0
504 0.00035 0.000202542 586.746 1831.81 77.2617 97.1837 -19189.0 -19346.5 179381000.0
505 0.00045 0.000206931 574.548 1839.33 79.2599 98.6056 -18269.3 -18084.3 181905000.0
506 0.00055 0.000211291 562.921 1846.08 81.2275 99.9627 -17362.2 -16872.9 184408000.0
507 0.00065 0.000215599 551.883 1852.21 83.1586 101.251 -16476.9 -15722.2 186879000.0
508 0.00075 0.000219863 541.386 1857.58 85.049 102.481 -15604.4 -14624.9 189304000.0
509 0.00085 0.000224056 531.444 1862.21 86.8871 103.645 -14749.7 -13585.1 191674000.0
510 0.00095 0.000228186 521.993 1866.43 88.6893 104.751 -13921.6 -12597.6 193993000.0
511 0.00105 0.00023222 513.095 1870.23 90.441 105.797 -13125.5 -11674.4 196256000.0
512 0.00115 0.000236155 504.698 1873.5 92.1339 106.782 -12355.0 -10808.4 198442000.0
513 0.00125 0.000239993 496.766 1876.35 93.7737 107.717 -11611.1 -9994.03 200564000.0
514 0.00135 0.000243713 489.319 1878.83 95.3534 108.592 -10899.1 -9235.76 202599000.0
515 0.00145 0.000247307 482.333 1880.93 96.8677 109.416 -10216.7 -8533.33 204558000.0
516 0.00155 0.000250752 475.819 1882.87 98.3185 110.184 -9575.14 -7886.34 206434000.0
517 0.00165 0.000254088 469.678 1884.52 99.7134 110.91 -8959.19 -7277.83 208233000.0
518 0.00175 0.000257273 463.962 1885.91 101.038 111.586 -8377.1 -6721.42 209949000.0
519 0.00185 0.000260327 458.609 1887.02 102.298 112.218 -7820.93 -6203.85 211572000.0
520 0.00195 0.000263241 453.617 1888.1 103.502 112.809 -7301.41 -5727.87 213125000.0
521 0.00205 0.000266007 448.984 1889.06 104.642 113.36 -6815.29 -5291.81 214596000.0
522 0.00215 0.000268626 444.672 1889.71 105.709 113.87 -6352.51 -4893.79 215980000.0
523 0.00225 0.000271114 440.664 1890.32 106.723 114.346 -5920.03 -4524.64 217288000.0
524 0.00235 0.000273477 436.917 1890.87 107.684 114.793 -5513.63 -4181.7 218533000.0
525 0.00245 0.000275695 433.459 1891.39 108.588 115.202 -5137.12 -3869.69 219691000.0
526 0.00255 0.000277789 430.248 1891.7 109.43 115.584 -4778.54 -3581.4 220784000.0
527 0.00265 0.000279749 427.284 1891.98 110.219 115.938 -4448.75 -3321.32 221817000.0
528 0.00275 0.000281579 424.548 1892.1 110.946 116.263 -4138.43 -3085.91 222773000.0
529 0.00285 0.00028334 421.954 1892.2 111.647 116.572 -3841.83 -2847.74 223680000.0
530 0.00295 0.00028496 419.596 1892.3 112.291 116.853 -3572.25 -2646.6 224527000.0
531 0.00305 0.000286446 417.453 1892.42 112.883 117.109 -3327.43 -2471.59 225315000.0
532 0.00315 0.000287848 415.454 1892.42 113.436 117.348 -3094.57 -2301.94 226053000.0
533 0.00325 0.000289166 413.592 1892.4 113.954 117.57 -2878.06 -2143.14 226742000.0
534 0.00335 0.000290369 411.907 1892.39 114.428 117.77 -2679.66 -2004.63 227378000.0
535 0.00345 0.000291518 410.312 1892.4 114.881 117.962 -2494.7 -1867.43 227988000.0
536 0.00355 0.000292585 408.839 1892.24 115.292 118.138 -2315.79 -1740.25 228545000.0
537 0.00365 0.000293572 407.488 1892.12 115.673 118.298 -2153.56 -1626.17 229061000.0
538 0.00375 0.000294485 406.247 1892.13 116.034 118.447 -2006.06 -1518.36 229554000.0
539 0.00385 0.00029534 405.088 1892.05 116.366 118.584 -1868.48 -1423.08 230006000.0
540 0.00395 0.000296133 404.021 1891.91 116.67 118.713 -1738.34 -1330.23 230430000.0
541 0.00405 0.000296869 403.036 1891.77 116.951 118.83 -1616.36 -1243.58 230820000.0
542 0.00415 0.000297561 402.117 1891.55 117.21 118.941 -1499.87 -1159.51 231187000.0
543 0.00425 0.000298169 401.309 1891.43 117.442 119.037 -1400.39 -1095.04 231525000.0
544 0.00435 0.000298752 400.538 1891.23 117.659 119.128 -1302.34 -1027.27 231836000.0
545 0.00445 0.000299273 399.852 1891.06 117.854 119.212 -1214.24 -970.912 232128000.0
546 0.00455 0.000299773 399.196 1890.95 118.044 119.289 -1132.49 -911.206 232399000.0
547 0.00465 0.000300244 398.58 1890.77 118.218 119.363 -1053.56 -855.957 232655000.0
548 0.00475 0.000300679 398.018 1890.67 118.383 119.432 -982.322 -802.887 232899000.0
549 0.00485 0.000301076 397.498 1890.57 118.533 119.492 -918.747 -754.727 233116000.0
550 0.00495 0.000301446 397.022 1890.39 118.668 119.549 -854.53 -706.199 233316000.0
551 0.00505 0.000301779 396.59 1890.18 118.785 119.6 -796.522 -668.562 233506000.0
552 0.00515 0.000302102 396.176 1890.11 118.908 119.651 -744.682 -625.762 233692000.0
553 0.00525 0.000302388 395.807 1889.98 119.012 119.695 -694.722 -591.703 233853000.0
554 0.00535 0.000302647 395.473 1889.87 119.107 119.735 -652.339 -562.36 234008000.0
555 0.00545 0.000302907 395.142 1889.72 119.2 119.773 -606.558 -524.001 234151000.0
556 0.00555 0.000303153 394.826 1889.58 119.288 119.811 -565.381 -488.531 234286000.0
557 0.00565 0.000303351 394.574 1889.39 119.354 119.842 -526.978 -466.018 234407000.0
558 0.00575 0.00030355 394.319 1889.32 119.428 119.873 -493.422 -437.492 234525000.0
559 0.00585 0.000303738 394.079 1889.17 119.492 119.902 -461.281 -412.395 234633000.0
560 0.00595 0.000303914 393.857 1889.06 119.554 119.928 -429.942 -386.176 234738000.0
561 0.00605 0.000304079 393.643 1888.9 119.609 119.952 -400.225 -361.852 234831000.0
562 0.00615 0.000304212 393.48 1888.84 119.658 119.972 -376.956 -346.2 234914000.0
563 0.00625 0.000304339 393.319 1888.76 119.703 119.993 -355.266 -332.152 235003000.0
564 0.00635 0.000304455 393.173 1888.63 119.74 120.008 -332.298 -315.683 235069000.0
565 0.00645 0.000304585 393.005 1888.56 119.787 120.028 -311.726 -290.74 235150000.0
566 0.00655 0.000304687 392.877 1888.51 119.823 120.042 -293.975 -275.978 235212000.0
567 0.00665 0.000304793 392.746 1888.39 119.858 120.06 -273.233 -256.415 235281000.0
568 0.00675 0.000304884 392.627 1888.24 119.884 120.072 -253.962 -241.569 235335000.0
569 0.00685 0.000304962 392.53 1888.16 119.909 120.086 -239.272 -231.392 235389000.0
570 0.00695 0.000305043 392.431 1888.06 119.935 120.097 -222.214 -218.389 235443000.0
571 0.00705 0.000305127 392.319 1888.0 119.965 120.109 -208.035 -203.707 235491000.0
572 0.00715 0.000305196 392.235 1887.98 119.99 120.121 -197.523 -193.299 235540000.0
573 0.00725 0.000305272 392.137 1887.84 120.011 120.132 -179.983 -178.328 235582000.0
574 0.00735 0.000305345 392.048 1887.8 120.038 120.144 -166.883 -162.738 235630000.0
575 0.00745 0.000305392 391.987 1887.72 120.051 120.15 -157.955 -158.061 235663000.0
576 0.00755 0.000305438 391.931 1887.69 120.067 120.158 -149.112 -151.725 235700000.0
577 0.00765 0.000305478 391.881 1887.64 120.079 120.163 -142.17 -147.209 235729000.0
578 0.00775 0.000305527 391.819 1887.48 120.089 120.171 -128.766 -135.346 235757000.0
579 0.00785 0.000305565 391.771 1887.5 120.105 120.177 -123.059 -127.26 235786000.0
580 0.00795 0.000305602 391.722 1887.48 120.118 120.181 -117.35 -122.579 235810000.0
581 0.00805 0.000305646 391.672 1887.31 120.125 120.187 -104.667 -111.969 235832000.0
582 0.00815 0.000305665 391.645 1887.29 120.131 120.19 -100.745 -110.261 235857000.0
583 0.00825 0.000305715 391.584 1887.18 120.144 120.198 -90.1215 -96.2867 235879000.0
584 0.00835 0.000305725 391.571 1887.28 120.154 120.2 -92.5738 -97.2913 235903000.0
585 0.00845 0.000305752 391.539 1887.3 120.165 120.203 -88.7438 -91.0094 235923000.0
586 0.00855 0.000305774 391.51 1887.24 120.171 120.206 -83.2511 -88.6128 235938000.0
587 0.00865 0.000305793 391.489 1887.27 120.18 120.209 -81.7878 -84.0027 235957000.0
588 0.00875 0.000305822 391.449 1887.23 120.188 120.215 -75.1592 -76.995 235977000.0
589 0.00885 0.000305836 391.432 1887.14 120.188 120.215 -69.1453 -74.9326 235984000.0
590 0.00895 0.000305853 391.411 1887.1 120.192 120.217 -66.1383 -72.5202 235997000.0
591 0.00905 0.000305888 391.369 1887.05 120.203 120.223 -57.7525 -61.1717 236014000.0
592 0.00915 0.000305901 391.351 1887.05 120.208 120.225 -56.504 -59.6161 236027000.0
593 0.00925 0.000305909 391.341 1887.01 120.209 120.226 -54.7719 -60.7832 236033000.0
594 0.00935 0.000305938 391.311 1887.03 120.222 120.23 -50.7198 -52.227 236051000.0
595 0.00945 0.000305935 391.311 1887.03 120.22 120.231 -51.0958 -54.7428 236057000.0
596 0.00955 0.000305968 391.267 1886.92 120.226 120.235 -41.6044 -44.8298 236066000.0
597 0.00965 0.000305967 391.271 1886.93 120.226 120.235 -41.1656 -47.0908 236079000.0
598 0.00975 0.000305976 391.258 1886.86 120.226 120.236 -38.0474 -46.5336 236088000.0
599 0.00985 0.000305994 391.235 1886.86 120.233 120.238 -34.9352 -39.393 236100000.0
600 0.00995 0.000305994 391.238 1886.82 120.23 120.239 -34.2116 -39.6996 236103000.0
601 0.01005 0.000306003 391.224 1886.89 120.238 120.239 -35.0869 -36.5709 236110000.0
602 0.01015 0.000306016 391.208 1886.85 120.241 120.242 -31.3058 -31.9335 236119000.0
603 0.01025 0.00030602 391.208 1886.83 120.241 120.243 -29.8489 -31.6204 236124000.0
604 0.01035 0.000306029 391.193 1886.76 120.24 120.244 -25.6507 -29.9668 236128000.0
605 0.01045 0.000306041 391.178 1886.77 120.245 120.245 -24.9231 -25.3104 236135000.0
606 0.01055 0.000306035 391.185 1886.78 120.244 120.246 -26.3956 -28.1967 236141000.0
607 0.01065 0.00030603 391.19 1886.8 120.243 120.245 -26.9612 -29.6198 236143000.0
608 0.01075 0.000306054 391.161 1886.75 120.249 120.248 -22.4539 -21.5561 236148000.0
609 0.01085 0.000306045 391.173 1886.77 120.247 120.246 -23.4829 -23.6869 236147000.0
610 0.01095 0.000306057 391.157 1886.71 120.248 120.249 -20.5926 -22.1982 236150000.0
611 0.01105 0.000306063 391.15 1886.59 120.243 120.251 -14.9214 -20.141 236152000.0
612 0.01115 0.000306055 391.162 1886.63 120.242 120.248 -16.7004 -19.8234 236149000.0
613 0.01125 0.00030608 391.129 1886.57 120.248 120.252 -11.2021 -11.9336 236154000.0
614 0.01135 0.000306082 391.126 1886.56 120.248 120.252 -10.1234 -9.00673 236158000.0
615 0.01145 0.000306077 391.134 1886.58 120.247 120.253 -11.1749 -11.4302 236163000.0
616 0.01155 0.000306092 391.115 1886.54 120.251 120.256 -7.3566 -6.9276 236171000.0
617 0.01165 0.000306078 391.133 1886.53 120.244 120.251 -9.50233 -13.6513 236160000.0
618 0.01175 0.000306079 391.133 1886.52 120.244 120.252 -9.25942 -14.132 236170000.0
619 0.01185 0.000306086 391.123 1886.55 120.249 120.253 -10.1023 -13.8241 236170000.0
620 0.01195 0.000306101 391.103 1886.58 120.257 120.255 -8.61428 -7.62805 236177000.0
621 0.01205 0.000306099 391.104 1886.57 120.255 120.255 -7.60017 -5.60528 236181000.0
622 0.01215 0.000306111 391.091 1886.56 120.259 120.256 -5.37128 -3.83523 236184000.0
623 0.01225 0.00030611 391.093 1886.51 120.256 120.256 -3.06461 -1.66158 236185000.0
624 0.01235 0.000306125 391.071 1886.5 120.261 120.257 -1.63861 2.10397 236185000.0
625 0.01245 0.000306118 391.081 1886.46 120.256 120.255 -0.373018 1.40707 236180000.0
626 0.01255 0.000306124 391.074 1886.52 120.262 120.259 -1.45021 3.87894 236190000.0
627 0.01265 0.000306113 391.086 1886.56 120.26 120.256 -5.41791 -3.49686 236186000.0
628 0.01275 0.000306127 391.069 1886.57 120.267 120.26 -3.04862 2.74626 236195000.0
629 0.01285 0.000306134 391.059 1886.57 120.269 120.259 -3.05582 2.31324 236195000.0
630 0.01295 0.00030614 391.051 1886.57 120.271 120.261 -1.7801 3.2096 236198000.0
631 0.01305 0.000306109 391.092 1886.62 120.262 120.257 -8.1511 -8.41509 236197000.0
632 0.01315 0.000306127 391.068 1886.56 120.266 120.26 -2.38142 -0.82768 236199000.0
633 0.01325 0.000306136 391.052 1886.51 120.266 120.261 0.81289 2.95405 236198000.0
634 0.01335 0.000306143 391.05 1886.5 120.268 120.263 2.89105 6.15115 236203000.0
635 0.01345 0.000306135 391.057 1886.49 120.264 120.258 1.79235 3.78381 236194000.0
636 0.01355 0.000306132 391.06 1886.52 120.265 120.26 0.794518 2.85628 236201000.0
637 0.01365 0.000306128 391.069 1886.41 120.257 120.258 2.81613 3.91881 236194000.0
638 0.01375 0.000306142 391.048 1886.51 120.269 120.261 1.85477 10.5467 236204000.0
639 0.01385 0.000306123 391.073 1886.57 120.265 120.257 -4.50448 2.57297 236202000.0
640 0.01395 0.000306106 391.096 1886.63 120.262 120.256 -7.40477 -2.33226 236205000.0
641 0.01405 0.000306104 391.098 1886.58 120.258 120.255 -6.08623 -5.48834 236202000.0
642 0.01415 0.000306099 391.106 1886.58 120.256 120.255 -8.01553 -9.62669 236203000.0
643 0.01425 0.000306095 391.11 1886.53 120.252 120.253 -6.54484 -10.6956 236195000.0
644 0.01435 0.000306108 391.094 1886.48 120.253 120.254 -2.58423 -5.68654 236198000.0
645 0.01445 0.000306135 391.06 1886.44 120.261 120.259 3.41551 3.0231 236204000.0
646 0.01455 0.000306125 391.071 1886.49 120.26 120.258 0.375114 -0.160082 236209000.0
647 0.01465 0.000306149 391.042 1886.48 120.269 120.261 4.5977 8.02526 236210000.0
648 0.01475 0.000306144 391.047 1886.5 120.269 120.26 2.45606 6.33151 236209000.0
649 0.01485 0.000306153 391.033 1886.45 120.269 120.262 6.64565 8.92631 236208000.0
650 0.01495 0.000306161 391.028 1886.5 120.275 120.263 5.15019 9.81956 236215000.0
651 0.01505 0.00030617 391.014 1886.48 120.278 120.264 7.20628 14.4363 236212000.0
652 0.01515 0.000306151 391.042 1886.47 120.27 120.262 4.09637 6.04019 236210000.0
653 0.01525 0.000306156 391.033 1886.36 120.264 120.263 10.0285 7.4438 236214000.0
654 0.01535 0.000306145 391.046 1886.52 120.27 120.262 2.30552 3.55273 236218000.0
655 0.01545 0.000306144 391.048 1886.55 120.272 120.26 -0.0936444 2.25068 236216000.0
656 0.01555 0.000306146 391.048 1886.51 120.27 120.262 3.3299 5.60404 236217000.0
657 0.01565 0.000306145 391.047 1886.45 120.266 120.261 5.08707 6.59868 236214000.0
658 0.01575 0.000306124 391.074 1886.46 120.258 120.257 1.47418 -3.37374 236214000.0
659 0.01585 0.000306156 391.031 1886.52 120.275 120.264 3.89914 10.6924 236224000.0
660 0.01595 0.000306121 391.078 1886.51 120.26 120.257 -1.18448 -3.75544 236219000.0
661 0.01605 0.000306144 391.048 1886.48 120.267 120.262 4.44393 7.59699 236224000.0
662 0.01615 0.000306119 391.079 1886.54 120.261 120.257 -1.75277 -2.19433 236221000.0
663 0.01625 0.000306124 391.072 1886.55 120.264 120.26 -1.89887 -0.23964 236221000.0
664 0.01635 0.000306142 391.051 1886.52 120.269 120.26 2.32063 5.75885 236221000.0
665 0.01645 0.000306141 391.048 1886.53 120.269 120.261 1.3944 3.5537 236222000.0
666 0.01655 0.000306116 391.079 1886.55 120.261 120.258 -0.978574 -5.47301 236219000.0
667 0.01665 0.000306128 391.065 1886.52 120.264 120.258 0.375063 -1.20256 236216000.0
668 0.01675 0.000306112 391.083 1886.56 120.26 120.257 -2.83596 -6.53407 236214000.0
669 0.01685 0.000306121 391.078 1886.55 120.263 120.257 -1.9082 -4.64493 236213000.0
670 0.01695 0.000306114 391.082 1886.58 120.262 120.257 -3.29735 -8.02752 236216000.0
671 0.01705 0.000306103 391.099 1886.55 120.256 120.254 -3.13287 -10.4878 236217000.0
672 0.01715 0.000306121 391.075 1886.57 120.264 120.257 -1.9603 -4.51618 236219000.0
673 0.01725 0.00030614 391.05 1886.53 120.269 120.261 2.67004 2.06926 236222000.0
674 0.01735 0.000306118 391.082 1886.49 120.258 120.257 1.13717 -5.35509 236220000.0
675 0.01745 0.000306122 391.071 1886.49 120.26 120.258 2.16067 -2.15851 236222000.0
676 0.01755 0.000306127 391.068 1886.52 120.263 120.259 0.6299 -1.44649 236223000.0
677 0.01765 0.000306132 391.06 1886.51 120.265 120.259 0.807479 0.651201 236221000.0
678 0.01775 0.000306126 391.071 1886.55 120.265 120.259 -0.641062 -0.745953 236224000.0
679 0.01785 0.000306131 391.063 1886.54 120.266 120.259 1.12189 1.93168 236218000.0
680 0.01795 0.000306129 391.066 1886.56 120.266 120.258 -0.390428 1.70507 236218000.0
681 0.01805 0.000306145 391.047 1886.54 120.272 120.26 3.39764 8.73955 236218000.0
682 0.01815 0.000306152 391.036 1886.54 120.274 120.262 3.73627 8.81532 236220000.0
683 0.01825 0.000306129 391.067 1886.62 120.271 120.26 -1.77351 0.682823 236218000.0
684 0.01835 0.000306139 391.054 1886.46 120.264 120.26 5.85418 5.03427 236210000.0
685 0.01845 0.000306125 391.073 1886.54 120.264 120.259 0.488429 -1.82383 236211000.0
686 0.01855 0.000306121 391.072 1886.55 120.262 120.258 0.0683233 0.28243 236209000.0
687 0.01865 0.000306116 391.079 1886.51 120.259 120.258 1.4294 -0.287536 236210000.0
688 0.01875 0.000306113 391.087 1886.54 120.259 120.256 -0.974836 -3.5334 236208000.0
689 0.01885 0.000306111 391.087 1886.57 120.26 120.256 -1.63992 -2.7339 236210000.0
690 0.01895 0.000306124 391.069 1886.47 120.259 120.258 3.92303 1.47025 236208000.0
691 0.01905 0.000306126 391.069 1886.52 120.263 120.259 2.08621 1.82181 236214000.0
692 0.01915 0.000306137 391.056 1886.47 120.264 120.261 5.53957 4.71009 236215000.0
693 0.01925 0.000306127 391.068 1886.55 120.265 120.258 1.68284 3.07586 236216000.0
694 0.01935 0.000306145 391.046 1886.54 120.271 120.261 4.47768 8.70666 236221000.0
695 0.01945 0.000306153 391.038 1886.63 120.28 120.263 2.24576 10.2445 236226000.0
696 0.01955 0.000306126 391.071 1886.57 120.266 120.257 0.503705 1.12288 236216000.0
697 0.01965 0.000306123 391.077 1886.53 120.262 120.258 0.206579 -4.45884 236215000.0
698 0.01975 0.000306118 391.081 1886.57 120.263 120.258 -0.970972 -7.6983 236221000.0
699 0.01985 0.000306123 391.076 1886.64 120.27 120.258 -2.82032 -3.82979 236222000.0
700 0.01995 0.000306117 391.082 1886.61 120.265 120.256 -3.76643 -4.44036 236215000.0
701 0.02005 0.000306125 391.074 1886.68 120.272 120.259 -3.97302 -3.08408 236221000.0
702 0.02015 0.000306141 391.053 1886.61 120.275 120.26 0.596178 0.770236 236219000.0
703 0.02025 0.000306164 391.027 1886.6 120.282 120.265 5.24026 10.51 236229000.0
704 0.02035 0.000306161 391.024 1886.53 120.277 120.264 6.34164 10.2031 236227000.0
705 0.02045 0.00030613 391.069 1886.53 120.265 120.26 2.63573 -2.02213 236227000.0
706 0.02055 0.000306143 391.05 1886.46 120.266 120.261 6.35246 4.52758 236222000.0
707 0.02065 0.000306144 391.05 1886.51 120.27 120.261 4.8333 6.27184 236225000.0
708 0.02075 0.000306139 391.054 1886.45 120.264 120.261 7.36737 5.80466 236220000.0
709 0.02085 0.000306125 391.073 1886.48 120.26 120.258 3.78473 1.15488 236215000.0
710 0.02095 0.000306119 391.079 1886.54 120.262 120.258 0.742894 -1.28613 236217000.0
711 0.02105 0.000306146 391.044 1886.45 120.266 120.261 9.27236 12.7999 236216000.0
712 0.02115 0.000306134 391.058 1886.47 120.263 120.259 5.49415 6.21282 236218000.0
713 0.02125 0.000306127 391.07 1886.47 120.26 120.259 4.86273 2.70214 236217000.0
714 0.02135 0.000306122 391.075 1886.51 120.261 120.258 2.14759 0.544799 236219000.0
715 0.02145 0.000306126 391.071 1886.51 120.262 120.258 3.21313 1.52662 236220000.0
716 0.02155 0.000306126 391.068 1886.51 120.262 120.259 2.97043 1.01209 236222000.0
717 0.02165 0.000306139 391.052 1886.56 120.271 120.261 3.28027 5.78164 236228000.0
718 0.02175 0.000306135 391.055 1886.56 120.269 120.259 3.20404 6.34513 236220000.0
719 0.02185 0.000306128 391.065 1886.59 120.268 120.26 0.0896913 1.93304 236226000.0
720 0.02195 0.000306131 391.064 1886.59 120.269 120.259 1.53894 4.55267 236220000.0
721 0.02205 0.000306134 391.057 1886.58 120.27 120.26 0.933583 2.62163 236219000.0
722 0.02215 0.000306148 391.039 1886.53 120.272 120.261 5.44726 7.14726 236214000.0
723 0.02225 0.000306149 391.04 1886.55 120.274 120.262 4.86084 6.11276 236219000.0
724 0.02235 0.000306129 391.065 1886.66 120.273 120.26 -1.61894 0.626298 236221000.0
725 0.02245 0.000306138 391.053 1886.62 120.274 120.262 1.98769 6.23997 236225000.0
726 0.02255 0.000306139 391.05 1886.58 120.271 120.261 2.90461 7.64747 236220000.0
727 0.02265 0.000306112 391.088 1886.57 120.261 120.257 0.25269 -2.25914 236220000.0
728 0.02275 0.000306116 391.08 1886.49 120.257 120.258 2.68243 -1.13965 236218000.0
729 0.02285 0.000306112 391.088 1886.59 120.262 120.256 -1.3788 -2.44256 236217000.0
730 0.02295 0.000306111 391.089 1886.5 120.256 120.257 3.29679 2.60834 236221000.0
731 0.02305 0.000306092 391.109 1886.57 120.252 120.255 -2.19089 -2.78601 236220000.0
732 0.02315 0.000306109 391.09 1886.51 120.255 120.257 1.86104 2.18434 236220000.0
733 0.02325 0.000306109 391.087 1886.57 120.259 120.257 0.699261 3.02917 236225000.0
734 0.02335 0.000306108 391.09 1886.55 120.257 120.257 0.0215999 -3.43372 236222000.0
735 0.02345 0.000306092 391.11 1886.59 120.254 120.255 -2.0215 -8.72372 236226000.0
736 0.02355 0.000306088 391.117 1886.57 120.251 120.254 -2.56898 -10.8909 236227000.0
737 0.02365 0.000306095 391.108 1886.64 120.259 120.256 -4.40178 -10.2208 236236000.0
738 0.02375 0.000306084 391.119 1886.66 120.255 120.255 -7.7004 -14.7178 236239000.0
739 0.02385 0.000306099 391.1 1886.59 120.256 120.255 -1.37871 -6.91557 236235000.0
740 0.02395 0.000306122 391.071 1886.59 120.265 120.26 2.14495 -0.905801 236240000.0
741 0.02405 0.00030613 391.063 1886.61 120.27 120.261 1.4527 1.18535 236240000.0
742 0.02415 0.000306115 391.081 1886.6 120.264 120.259 -0.121912 -3.4964 236239000.0
743 0.02425 0.000306103 391.098 1886.62 120.26 120.257 -2.34159 -7.79451 236237000.0
744 0.02435 0.000306115 391.082 1886.63 120.266 120.26 -1.19226 -2.69063 236241000.0
745 0.02445 0.000306124 391.07 1886.73 120.275 120.261 -3.24966 2.13281 236245000.0
746 0.02455 0.000306135 391.053 1886.71 120.278 120.261 -1.08253 8.06945 236243000.0
747 0.02465 0.00030613 391.061 1886.71 120.277 120.262 -1.579 5.8529 236246000.0
748 0.02475 0.000306128 391.065 1886.73 120.277 120.261 -2.01335 3.83569 236247000.0
749 0.02485 0.000306125 391.066 1886.76 120.278 120.261 -3.62341 0.755502 236249000.0
750 0.02495 0.000306132 391.059 1886.7 120.277 120.263 -1.23074 4.32341 236252000.0
751 0.02505 0.000306143 391.042 1886.68 120.28 120.263 2.66027 8.14493 236247000.0
752 0.02515 0.000306127 391.064 1886.7 120.274 120.262 -0.114232 0.484256 236252000.0
753 0.02525 0.000306132 391.059 1886.71 120.277 120.263 -0.801011 2.81486 236253000.0
754 0.02535 0.000306135 391.054 1886.71 120.278 120.263 -0.603729 4.01163 236254000.0
755 0.02545 0.000306128 391.062 1886.76 120.279 120.263 -2.62028 0.780821 236257000.0
756 0.02555 0.000306143 391.043 1886.66 120.278 120.265 2.90197 4.51036 236258000.0
757 0.02565 0.00030614 391.045 1886.58 120.272 120.265 5.64184 2.69386 236253000.0
758 0.02575 0.000306136 391.054 1886.61 120.272 120.265 2.94439 -2.85839 236257000.0
759 0.02585 0.000306127 391.061 1886.65 120.272 120.264 1.09708 -2.39138 236252000.0
760 0.02595 0.000306143 391.043 1886.67 120.279 120.266 2.59535 4.25983 236258000.0
761 0.02605 0.000306129 391.057 1886.68 120.274 120.262 -0.558319 0.151647 236249000.0
762 0.02615 0.000306119 391.071 1886.7 120.271 120.262 -2.11918 -2.77625 236253000.0
763 0.02625 0.000306113 391.083 1886.69 120.268 120.261 -3.60248 -5.92546 236254000.0
764 0.02635 0.000306125 391.063 1886.74 120.276 120.263 -2.0312 0.174732 236257000.0
765 0.02645 0.000306124 391.063 1886.7 120.274 120.263 -0.974065 0.0320798 236259000.0
766 0.02655 0.000306104 391.091 1886.79 120.271 120.258 -7.75199 -8.81051 236251000.0
767 0.02665 0.00030611 391.081 1886.65 120.265 120.261 -1.89223 -7.70761 236251000.0
768 0.02675 0.000306126 391.062 1886.68 120.273 120.263 -0.266481 -1.25021 236256000.0
769 0.02685 0.00030612 391.068 1886.79 120.278 120.263 -5.68258 -4.10993 236264000.0
770 0.02695 0.00030613 391.061 1886.74 120.279 120.265 -1.01194 0.87058 236261000.0
771 0.02705 0.000306149 391.031 1886.68 120.282 120.266 2.93674 7.85975 236260000.0
772 0.02715 0.000306144 391.038 1886.68 120.28 120.266 3.69559 5.09714 236256000.0
773 0.02725 0.000306153 391.026 1886.71 120.285 120.268 2.75676 8.28431 236262000.0
774 0.02735 0.000306154 391.027 1886.7 120.285 120.269 4.28387 8.14105 236264000.0
775 0.02745 0.000306146 391.035 1886.77 120.286 120.267 -0.170709 4.81888 236262000.0
776 0.02755 0.000306153 391.028 1886.71 120.286 120.268 2.61057 8.72538 236261000.0
777 0.02765 0.000306137 391.046 1886.7 120.279 120.265 1.57529 2.25895 236251000.0
778 0.02775 0.00030614 391.043 1886.7 120.28 120.267 1.00655 2.35912 236253000.0
779 0.02785 0.00030614 391.042 1886.68 120.278 120.267 2.87406 0.60326 236251000.0
780 0.02795 0.00030613 391.055 1886.63 120.271 120.265 3.06745 0.178276 236247000.0
781 0.02805 0.000306105 391.084 1886.69 120.266 120.261 -2.44606 -9.86222 236241000.0
782 0.02815 0.000306122 391.066 1886.66 120.27 120.263 0.326291 -3.4014 236242000.0
783 0.02825 0.000306115 391.072 1886.69 120.27 120.264 -1.24069 -6.14382 236249000.0
784 0.02835 0.000306121 391.067 1886.68 120.271 120.264 0.269853 -0.200356 236247000.0
785 0.02845 0.000306148 391.029 1886.65 120.28 120.267 5.06179 8.90686 236249000.0
786 0.02855 0.000306145 391.034 1886.68 120.28 120.266 4.5319 6.09403 236250000.0
787 0.02865 0.000306147 391.032 1886.64 120.279 120.268 6.41319 6.27306 236251000.0
788 0.02875 0.000306151 391.024 1886.55 120.274 120.269 10.1671 8.19164 236250000.0
789 0.02885 0.000306141 391.039 1886.62 120.276 120.268 5.95001 5.82878 236251000.0
790 0.02895 0.000306149 391.026 1886.59 120.276 120.268 8.41259 10.1773 236244000.0
791 0.02905 0.000306131 391.052 1886.65 120.273 120.264 4.33039 6.38083 236238000.0
792 0.02915 0.000306123 391.064 1886.6 120.267 120.265 4.05966 -0.609001 236236000.0
793 0.02925 0.000306117 391.067 1886.59 120.264 120.262 4.09689 0.0703702 236231000.0
794 0.02935 0.000306114 391.075 1886.6 120.263 120.263 3.66277 0.968563 236237000.0
795 0.02945 0.000306127 391.058 1886.54 120.265 120.263 6.42807 7.10751 236236000.0
796 0.02955 0.00030614 391.038 1886.5 120.267 120.265 11.2765 10.8161 236239000.0
797 0.02965 0.000306117 391.07 1886.57 120.263 120.263 5.13089 -0.670046 236241000.0
798 0.02975 0.000306125 391.06 1886.6 120.268 120.264 4.60049 -0.551303 236242000.0
799 0.02985 0.000306121 391.064 1886.63 120.268 120.264 3.23134 -0.192641 236247000.0
800 0.02995 0.000306119 391.067 1886.62 120.266 120.263 3.5554 -1.00171 236242000.0
