TITLE = "DSMC"
VARIABLES = "ID" "X" "rho" "v1" "Ttrans" "p" "p1" "q1" "mv1v1v1" "mvvv1v1"
ZONE T="Ma=4.4_inv", I=800, J=1, K=1, F=POINT
800 -0.02995 0.000305932 -391.081 1888.23 120.296 120.286 6.82351 6.9313 236485000.0
799 -0.02985 0.000305945 -391.061 1888.24 120.301 120.288 4.87295 1.79283 236486000.0
798 -0.02975 0.000305945 -391.061 1888.18 120.297 120.288 2.40776 3.13381 236485000.0
797 -0.02965 0.000305923 -391.09 1888.27 120.295 120.286 9.71475 12.2564 236481000.0
796 -0.02955 0.000305926 -391.084 1888.2 120.291 120.284 5.96679 9.7451 236473000.0
795 -0.02945 0.000305934 -391.073 1888.19 120.294 120.286 4.20789 7.43651 236476000.0
794 -0.02935 0.000305957 -391.041 1888.06 120.295 120.289 -3.49085 -0.683144 236474000.0
793 -0.02925 0.000305954 -391.047 1888.08 120.295 120.289 -2.47678 -0.900482 236475000.0
792 -0.02915 0.000305952 -391.051 1888.2 120.302 120.29 1.82214 -2.33961 236481000.0
791 -0.02905 0.00030593 -391.077 1888.21 120.294 120.285 4.78852 5.61751 236475000.0
790 -0.02895 0.00030594 -391.068 1888.2 120.297 120.288 4.51342 2.64708 236474000.0
789 -0.02885 0.000305923 -391.089 1888.27 120.294 120.285 9.89073 11.3058 236477000.0
788 -0.02875 0.000305941 -391.065 1888.22 120.299 120.288 3.7125 1.68123 236478000.0
787 -0.02865 0.000305911 -391.102 1888.16 120.283 120.281 8.10187 12.5549 236465000.0
786 -0.02855 0.000305931 -391.08 1888.17 120.291 120.285 4.61286 4.48508 236474000.0
785 -0.02845 0.000305915 -391.102 1888.21 120.288 120.284 8.89895 11.2291 236474000.0
784 -0.02835 0.000305926 -391.085 1888.19 120.291 120.285 6.00239 5.53054 236475000.0
783 -0.02825 0.000305916 -391.101 1888.1 120.281 120.284 4.68441 10.8855 236471000.0
782 -0.02815 0.000305925 -391.086 1888.2 120.291 120.284 7.16141 8.38214 236474000.0
781 -0.02805 0.00030593 -391.079 1888.17 120.291 120.286 4.96935 6.84293 236476000.0
780 -0.02795 0.000305928 -391.084 1888.24 120.295 120.285 8.8378 10.0574 236478000.0
779 -0.02785 0.000305918 -391.097 1888.21 120.289 120.284 7.58458 12.8652 236473000.0
778 -0.02775 0.000305948 -391.059 1888.22 120.301 120.289 4.13211 1.81834 236480000.0
777 -0.02765 0.000305952 -391.05 1888.19 120.301 120.289 3.02758 1.5759 236479000.0
776 -0.02755 0.00030598 -391.017 1888.08 120.305 120.293 -5.51214 -7.79327 236479000.0
775 -0.02745 0.000305955 -391.05 1888.16 120.3 120.291 0.336807 2.66053 236483000.0
774 -0.02735 0.000305955 -391.049 1888.12 120.298 120.289 0.381468 3.23048 236475000.0
773 -0.02725 0.000305952 -391.053 1888.11 120.296 120.289 -1.24439 0.681874 236474000.0
772 -0.02715 0.000305949 -391.055 1888.14 120.296 120.287 1.10869 2.2718 236474000.0
771 -0.02705 0.000305932 -391.076 1888.1 120.287 120.286 3.51369 9.89947 236471000.0
770 -0.02695 0.00030596 -391.041 1888.14 120.301 120.29 -0.0835302 -3.74818 236477000.0
769 -0.02685 0.000305945 -391.062 1888.14 120.295 120.288 1.71153 1.39754 236475000.0
768 -0.02675 0.000305964 -391.035 1888.02 120.295 120.29 -5.14366 -4.45571 236472000.0
767 -0.02665 0.000305965 -391.036 1888.0 120.294 120.29 -6.3649 -6.32886 236471000.0
766 -0.02655 0.000305954 -391.046 1887.98 120.288 120.29 -4.46009 -1.95879 236472000.0
765 -0.02645 0.000305945 -391.059 1888.04 120.289 120.287 -0.820304 2.60546 236464000.0
764 -0.02635 0.00030595 -391.051 1888.08 120.293 120.289 -1.27336 -0.449929 236471000.0
763 -0.02625 0.000305949 -391.052 1888.01 120.288 120.29 -3.50619 1.05064 236470000.0
762 -0.02615 0.000305967 -391.026 1888.04 120.297 120.292 -4.75632 -4.89058 236474000.0
761 -0.02605 0.00030596 -391.036 1888.11 120.299 120.291 -2.25594 -2.69025 236474000.0
760 -0.02595 0.000305952 -391.046 1888.17 120.299 120.29 2.86622 3.45815 236481000.0
759 -0.02585 0.000305929 -391.074 1888.16 120.29 120.286 4.90683 11.3447 236474000.0
758 -0.02575 0.000305936 -391.067 1888.14 120.291 120.287 3.75789 9.97313 236476000.0
757 -0.02565 0.000305931 -391.077 1888.17 120.291 120.288 4.74217 9.45243 236482000.0
756 -0.02555 0.000305937 -391.065 1888.16 120.293 120.287 4.34079 7.89912 236474000.0
755 -0.02545 0.000305958 -391.035 1888.14 120.3 120.29 -0.766223 -4.37127 236480000.0
754 -0.02535 0.000305958 -391.042 1888.11 120.298 120.289 -0.0931722 -2.21323 236477000.0
753 -0.02525 0.00030595 -391.051 1888.14 120.297 120.29 0.972813 -1.3371 236484000.0
752 -0.02515 0.000305963 -391.032 1888.04 120.296 120.292 -4.19794 -5.88717 236483000.0
751 -0.02505 0.000305969 -391.025 1888.15 120.305 120.292 -0.842397 -7.34031 236486000.0
750 -0.02495 0.000305968 -391.03 1888.1 120.301 120.292 -2.89971 -6.91953 236487000.0
749 -0.02485 0.000305956 -391.042 1888.06 120.294 120.288 -1.50082 -3.58851 236478000.0
748 -0.02475 0.000305959 -391.04 1888.03 120.293 120.29 -3.98676 -4.93576 236481000.0
747 -0.02465 0.000305932 -391.076 1888.09 120.287 120.286 2.95467 6.38788 236477000.0
746 -0.02455 0.000305947 -391.056 1888.07 120.292 120.288 0.273112 2.34256 236480000.0
745 -0.02445 0.00030595 -391.053 1888.02 120.289 120.288 -2.05388 1.64897 236479000.0
744 -0.02435 0.000305965 -391.034 1888.09 120.3 120.293 -1.85422 -1.80681 236488000.0
743 -0.02425 0.000305969 -391.027 1888.1 120.302 120.292 -2.07054 -4.85023 236491000.0
742 -0.02415 0.000305973 -391.022 1888.09 120.303 120.294 -4.08518 -6.28753 236493000.0
741 -0.02405 0.000305977 -391.018 1888.02 120.3 120.292 -7.11946 -10.113 236482000.0
740 -0.02395 0.000305972 -391.021 1888.0 120.297 120.294 -6.82711 -5.58717 236490000.0
739 -0.02385 0.00030596 -391.041 1888.04 120.295 120.29 -3.40626 -0.80888 236481000.0
738 -0.02375 0.000305983 -391.006 1888.01 120.301 120.295 -8.21528 -9.88211 236487000.0
737 -0.02365 0.000305961 -391.04 1888.07 120.297 120.291 -3.40766 -2.90629 236487000.0
736 -0.02355 0.000305941 -391.062 1888.05 120.287 120.288 0.00151118 4.84917 236486000.0
735 -0.02345 0.000305962 -391.033 1888.08 120.298 120.291 -2.55084 -5.38658 236486000.0
734 -0.02335 0.000305969 -391.027 1888.07 120.3 120.292 -3.31901 -9.25703 236482000.0
733 -0.02325 0.000305978 -391.018 1887.99 120.298 120.294 -8.25662 -13.1796 236480000.0
732 -0.02315 0.000305973 -391.018 1888.0 120.297 120.292 -6.59155 -8.33586 236475000.0
731 -0.02305 0.000305954 -391.047 1888.06 120.293 120.29 -1.21557 -1.99832 236475000.0
730 -0.02295 0.000305951 -391.052 1888.06 120.292 120.289 -0.243006 0.921276 236474000.0
729 -0.02285 0.000305959 -391.041 1888.06 120.295 120.29 -1.45696 -3.37278 236479000.0
728 -0.02275 0.000305942 -391.061 1888.08 120.29 120.287 2.0589 5.04759 236473000.0
727 -0.02265 0.000305951 -391.049 1888.07 120.293 120.289 -0.355089 1.63528 236476000.0
726 -0.02255 0.000305957 -391.041 1888.07 120.295 120.289 -0.809276 -1.64295 236472000.0
725 -0.02245 0.000305954 -391.044 1888.07 120.294 120.289 -1.01387 0.358411 236474000.0
724 -0.02235 0.000305961 -391.035 1888.06 120.296 120.291 -3.19712 -4.01646 236477000.0
723 -0.02225 0.000305945 -391.052 1888.05 120.289 120.288 -0.052891 3.03032 236477000.0
722 -0.02215 0.000305972 -391.016 1888.07 120.301 120.293 -3.77067 -4.84674 236488000.0
721 -0.02205 0.000305968 -391.022 1888.09 120.301 120.289 -2.48501 -2.21162 236477000.0
720 -0.02195 0.000305968 -391.028 1888.18 120.307 120.292 -0.484055 -0.119249 236490000.0
719 -0.02185 0.000305972 -391.018 1888.13 120.305 120.291 -1.10183 -0.578418 236484000.0
718 -0.02175 0.000305973 -391.016 1888.11 120.304 120.292 -3.44992 -3.89054 236486000.0
717 -0.02165 0.000305965 -391.025 1888.08 120.299 120.292 -2.21486 1.48037 236485000.0
716 -0.02155 0.000305966 -391.027 1888.13 120.303 120.291 -2.23923 1.37733 236485000.0
715 -0.02145 0.000305965 -391.024 1888.14 120.303 120.289 0.364497 -0.548554 236476000.0
714 -0.02135 0.000305945 -391.051 1888.16 120.297 120.288 2.51119 5.66343 236480000.0
713 -0.02125 0.000305956 -391.038 1888.11 120.297 120.289 -0.814766 1.14263 236475000.0
712 -0.02115 0.000305956 -391.037 1888.14 120.299 120.29 1.03417 1.43792 236479000.0
711 -0.02105 0.00030596 -391.034 1888.13 120.3 120.291 0.372629 2.56266 236481000.0
710 -0.02095 0.000305959 -391.035 1888.14 120.3 120.291 0.295291 3.84747 236480000.0
709 -0.02085 0.00030596 -391.033 1888.09 120.298 120.291 -1.29884 4.39959 236478000.0
708 -0.02075 0.000305959 -391.035 1888.11 120.299 120.288 -0.620967 2.13429 236473000.0
707 -0.02065 0.000305966 -391.027 1888.13 120.302 120.292 -0.534482 -1.0193 236481000.0
706 -0.02055 0.000305956 -391.039 1888.16 120.3 120.29 2.69827 1.94959 236480000.0
705 -0.02045 0.000305963 -391.029 1888.09 120.299 120.291 -1.18751 -1.93789 236477000.0
704 -0.02035 0.000305969 -391.021 1888.06 120.299 120.293 -4.55794 -4.74239 236480000.0
703 -0.02025 0.000305954 -391.039 1888.14 120.298 120.29 0.536989 0.0393429 236476000.0
702 -0.02015 0.000305946 -391.047 1888.15 120.296 120.288 1.89636 1.16158 236475000.0
701 -0.02005 0.000305957 -391.037 1888.14 120.3 120.291 0.566711 -2.34407 236476000.0
700 -0.01995 0.000305951 -391.04 1888.14 120.298 120.289 0.73385 0.0690856 236472000.0
699 -0.01985 0.000305958 -391.034 1888.09 120.297 120.292 -0.846061 -0.804311 236475000.0
698 -0.01975 0.000305969 -391.016 1888.1 120.302 120.293 -3.97631 -6.07937 236479000.0
697 -0.01965 0.000305954 -391.035 1888.14 120.298 120.291 0.941347 1.75207 236481000.0
696 -0.01955 0.000305961 -391.026 1888.1 120.299 120.29 -2.83172 -2.76176 236473000.0
695 -0.01945 0.000305975 -391.01 1888.09 120.303 120.296 -5.1464 -6.31429 236480000.0
694 -0.01935 0.000305979 -391.003 1888.08 120.305 120.296 -4.74344 -6.74396 236484000.0
693 -0.01925 0.000305969 -391.018 1888.12 120.303 120.294 -2.90423 -5.96802 236480000.0
692 -0.01915 0.000305965 -391.022 1888.16 120.304 120.293 -0.18927 -3.17998 236482000.0
691 -0.01905 0.000305969 -391.014 1888.13 120.304 120.295 -1.12622 -3.72045 236491000.0
690 -0.01895 0.000305948 -391.044 1888.13 120.295 120.291 1.08444 5.29603 236483000.0
689 -0.01885 0.00030596 -391.027 1888.15 120.302 120.293 -0.41173 -0.355054 236487000.0
688 -0.01875 0.000305953 -391.037 1888.1 120.295 120.291 -0.226765 2.75055 236479000.0
687 -0.01865 0.000305958 -391.032 1888.09 120.297 120.292 -0.97561 0.0973269 236482000.0
686 -0.01855 0.000305956 -391.032 1888.07 120.295 120.292 -1.9924 0.739376 236479000.0
685 -0.01845 0.000305982 -391.002 1888.07 120.305 120.296 -4.70772 -4.79761 236481000.0
684 -0.01835 0.000305971 -391.017 1888.09 120.302 120.294 -2.37975 -0.564451 236481000.0
683 -0.01825 0.000305974 -391.011 1888.16 120.308 120.294 -1.14167 -0.883808 236484000.0
682 -0.01815 0.000305974 -391.011 1888.12 120.305 120.295 -2.09437 -0.100613 236483000.0
681 -0.01805 0.000305971 -391.016 1888.15 120.306 120.294 -0.459733 -0.0308719 236485000.0
680 -0.01795 0.000305979 -391.005 1888.09 120.305 120.296 -4.99349 -2.84548 236487000.0
679 -0.01785 0.000305972 -391.016 1888.07 120.301 120.295 -3.01377 2.25183 236482000.0
678 -0.01775 0.000305989 -390.995 1888.0 120.303 120.297 -7.62476 -3.58979 236482000.0
677 -0.01765 0.000305976 -391.009 1888.1 120.304 120.295 -2.36992 -0.173574 236484000.0
676 -0.01755 0.000305985 -390.999 1888.04 120.304 120.295 -6.12249 -2.89528 236480000.0
675 -0.01745 0.000305989 -390.992 1888.09 120.309 120.297 -5.17794 -5.03876 236488000.0
674 -0.01735 0.000305981 -391.007 1888.17 120.311 120.296 -0.497897 -0.178028 236491000.0
673 -0.01725 0.000305967 -391.02 1888.13 120.303 120.294 -0.296991 6.70311 236489000.0
672 -0.01715 0.00030598 -391.006 1888.12 120.307 120.296 -1.60067 -0.220592 236495000.0
671 -0.01705 0.000305973 -391.015 1888.15 120.307 120.295 -0.791725 1.34027 236495000.0
670 -0.01695 0.000305984 -391.003 1888.09 120.307 120.297 -3.53245 -1.01779 236497000.0
669 -0.01685 0.000305969 -391.02 1888.22 120.31 120.293 3.13541 4.23965 236494000.0
668 -0.01675 0.00030597 -391.019 1888.16 120.306 120.294 2.24045 4.32246 236497000.0
667 -0.01665 0.000305957 -391.036 1888.19 120.303 120.292 3.64426 9.33322 236491000.0
666 -0.01655 0.000305939 -391.061 1888.23 120.298 120.289 7.95652 14.8898 236487000.0
665 -0.01645 0.000305961 -391.029 1888.1 120.299 120.293 -0.459413 4.93941 236486000.0
664 -0.01635 0.000305958 -391.038 1888.1 120.297 120.292 0.310281 3.49765 236482000.0
663 -0.01625 0.00030596 -391.029 1888.12 120.299 120.293 0.805607 1.37388 236483000.0
662 -0.01615 0.000305939 -391.061 1888.14 120.293 120.289 4.56447 11.5148 236477000.0
661 -0.01605 0.000305956 -391.038 1888.12 120.298 120.292 2.30697 7.4301 236484000.0
660 -0.01595 0.000305952 -391.04 1888.18 120.301 120.291 3.73682 7.66164 236482000.0
659 -0.01585 0.000305957 -391.039 1888.03 120.293 120.293 -2.33347 6.42981 236482000.0
658 -0.01575 0.000305964 -391.025 1888.1 120.3 120.292 -0.12991 7.06885 236477000.0
657 -0.01565 0.000305958 -391.034 1888.18 120.303 120.293 2.83551 8.28316 236482000.0
656 -0.01555 0.000305968 -391.019 1888.17 120.306 120.293 1.09159 4.4908 236486000.0
655 -0.01545 0.000305977 -391.011 1888.13 120.307 120.296 -2.50451 0.464975 236488000.0
654 -0.01535 0.000305971 -391.02 1888.22 120.31 120.295 3.12201 4.02757 236489000.0
653 -0.01525 0.000305968 -391.019 1888.23 120.31 120.294 2.63495 6.36064 236487000.0
652 -0.01515 0.000305977 -391.011 1888.21 120.312 120.297 0.965077 3.55374 236492000.0
651 -0.01505 0.000305981 -391.005 1888.21 120.313 120.295 0.690983 0.941873 236487000.0
650 -0.01495 0.000305973 -391.017 1888.15 120.306 120.295 -0.800065 1.73947 236479000.0
649 -0.01485 0.000305962 -391.029 1888.14 120.302 120.294 0.597072 5.71932 236476000.0
648 -0.01475 0.00030597 -391.022 1888.13 120.304 120.295 -0.356877 3.73486 236481000.0
647 -0.01465 0.000305973 -391.018 1888.11 120.304 120.295 -2.17612 1.06805 236477000.0
646 -0.01455 0.000305982 -391.01 1888.06 120.305 120.297 -4.17505 -2.54779 236475000.0
645 -0.01445 0.000305966 -391.028 1888.08 120.299 120.293 -0.573111 1.74313 236470000.0
644 -0.01435 0.000305955 -391.042 1888.11 120.297 120.292 1.28466 6.22672 236465000.0
643 -0.01425 0.000305963 -391.034 1888.08 120.298 120.294 -0.871022 4.43048 236463000.0
642 -0.01415 0.000305974 -391.017 1888.07 120.302 120.294 -3.39388 -0.934082 236456000.0
641 -0.01405 0.000305957 -391.043 1888.14 120.3 120.292 2.12599 6.08949 236458000.0
640 -0.01395 0.000305948 -391.051 1888.2 120.3 120.291 5.66521 9.65305 236459000.0
639 -0.01385 0.000305939 -391.066 1888.25 120.299 120.288 8.93797 12.1056 236455000.0
638 -0.01375 0.000305937 -391.068 1888.23 120.298 120.288 9.25696 13.7892 236453000.0
637 -0.01365 0.000305937 -391.07 1888.19 120.295 120.288 8.3148 14.5008 236454000.0
636 -0.01355 0.000305963 -391.037 1888.18 120.305 120.294 2.95635 4.80246 236460000.0
635 -0.01345 0.000305938 -391.07 1888.33 120.304 120.29 13.4294 15.7706 236462000.0
634 -0.01335 0.000305951 -391.05 1888.27 120.305 120.29 8.12203 8.05668 236455000.0
633 -0.01325 0.000305951 -391.051 1888.15 120.298 120.29 4.46469 9.08556 236450000.0
632 -0.01315 0.000305968 -391.03 1888.14 120.304 120.295 0.474717 2.13677 236456000.0
631 -0.01305 0.000305954 -391.047 1888.19 120.302 120.292 4.8459 7.01763 236456000.0
630 -0.01295 0.000305951 -391.054 1888.15 120.298 120.291 4.18751 8.72014 236452000.0
629 -0.01285 0.000305927 -391.083 1888.17 120.29 120.287 7.58709 16.3217 236444000.0
628 -0.01275 0.000305942 -391.063 1888.13 120.293 120.288 4.2691 10.2975 236444000.0
627 -0.01265 0.000305944 -391.061 1888.2 120.298 120.29 7.55078 8.96067 236450000.0
626 -0.01255 0.000305932 -391.075 1888.22 120.295 120.287 8.39282 11.5374 236444000.0
625 -0.01245 0.00030593 -391.079 1888.21 120.294 120.288 9.67687 14.4505 236446000.0
624 -0.01235 0.000305925 -391.085 1888.25 120.294 120.287 10.9544 14.5892 236441000.0
623 -0.01225 0.000305913 -391.097 1888.2 120.286 120.285 12.0499 19.6073 236439000.0
622 -0.01215 0.000305912 -391.101 1888.23 120.288 120.286 12.6555 19.2256 236437000.0
621 -0.01205 0.000305894 -391.124 1888.24 120.281 120.282 15.4296 24.9843 236431000.0
620 -0.01195 0.000305886 -391.135 1888.24 120.278 120.281 17.0609 27.9576 236428000.0
619 -0.01185 0.000305887 -391.131 1888.26 120.28 120.28 17.2298 24.4818 236424000.0
618 -0.01175 0.00030588 -391.144 1888.26 120.277 120.28 18.7979 27.3488 236423000.0
617 -0.01165 0.000305883 -391.138 1888.32 120.282 120.281 19.4969 25.371 236421000.0
616 -0.01155 0.000305869 -391.153 1888.31 120.276 120.279 22.8449 31.9816 236422000.0
615 -0.01145 0.000305854 -391.175 1888.34 120.272 120.277 25.1516 37.2507 236418000.0
614 -0.01135 0.000305877 -391.143 1888.3 120.279 120.279 20.4497 28.8426 236414000.0
613 -0.01125 0.000305877 -391.143 1888.32 120.28 120.28 21.7544 28.7686 236416000.0
612 -0.01115 0.000305886 -391.132 1888.34 120.284 120.28 20.0666 23.6707 236411000.0
611 -0.01105 0.000305853 -391.174 1888.36 120.273 120.277 26.3665 37.8389 236403000.0
610 -0.01095 0.000305856 -391.169 1888.32 120.271 120.277 23.804 34.0898 236398000.0
609 -0.01085 0.000305854 -391.174 1888.26 120.267 120.277 22.9341 34.0657 236390000.0
608 -0.01075 0.000305841 -391.185 1888.39 120.27 120.276 28.5955 37.6103 236393000.0
607 -0.01065 0.000305846 -391.179 1888.38 120.271 120.276 27.2917 33.229 236384000.0
606 -0.01055 0.000305835 -391.193 1888.34 120.265 120.274 28.2908 34.493 236373000.0
605 -0.01045 0.000305832 -391.199 1888.38 120.266 120.275 29.0912 36.3443 236377000.0
604 -0.01035 0.000305827 -391.203 1888.4 120.265 120.272 30.913 38.7193 236367000.0
603 -0.01025 0.000305811 -391.222 1888.48 120.264 120.27 36.3144 41.8332 236362000.0
602 -0.01015 0.000305809 -391.23 1888.42 120.259 120.271 35.1839 41.7746 236356000.0
601 -0.01005 0.0003058 -391.24 1888.45 120.258 120.269 37.7753 45.5674 236346000.0
600 -0.00995 0.000305784 -391.26 1888.55 120.258 120.266 43.91 49.9037 236345000.0
599 -0.00985 0.000305778 -391.267 1888.51 120.253 120.265 42.7035 49.0787 236332000.0
598 -0.00975 0.00030577 -391.278 1888.61 120.256 120.266 47.3964 51.0403 236335000.0
597 -0.00965 0.000305751 -391.303 1888.56 120.245 120.261 48.9732 56.0513 236317000.0
596 -0.00955 0.000305751 -391.299 1888.68 120.253 120.262 52.8257 56.0999 236319000.0
595 -0.00945 0.000305731 -391.328 1888.59 120.239 120.258 53.1339 61.6196 236302000.0
594 -0.00935 0.000305728 -391.329 1888.59 120.238 120.258 53.4896 61.088 236293000.0
593 -0.00925 0.000305697 -391.37 1888.7 120.233 120.253 61.3817 67.9649 236280000.0
592 -0.00915 0.000305684 -391.387 1888.68 120.227 120.25 64.1413 70.8824 236263000.0
591 -0.00905 0.000305639 -391.443 1888.68 120.209 120.243 69.758 80.9828 236245000.0
590 -0.00895 0.000305644 -391.439 1888.72 120.213 120.245 70.6454 75.2545 236237000.0
589 -0.00885 0.000305617 -391.471 1888.77 120.206 120.24 77.3272 82.4097 236218000.0
588 -0.00875 0.000305591 -391.502 1888.88 120.203 120.236 84.1343 89.9624 236200000.0
587 -0.00865 0.000305586 -391.515 1888.84 120.198 120.236 83.6567 87.9277 236189000.0
586 -0.00855 0.000305561 -391.54 1888.87 120.19 120.232 88.5526 93.0368 236165000.0
585 -0.00845 0.000305543 -391.567 1888.82 120.18 120.23 89.0541 94.2043 236151000.0
584 -0.00835 0.00030552 -391.597 1888.92 120.178 120.225 96.6601 98.94 236127000.0
583 -0.00825 0.000305495 -391.627 1888.94 120.169 120.222 101.583 102.774 236107000.0
582 -0.00815 0.000305452 -391.681 1889.05 120.159 120.215 111.341 114.196 236080000.0
581 -0.00805 0.000305436 -391.701 1889.07 120.154 120.212 115.101 115.789 236056000.0
580 -0.00795 0.000305367 -391.791 1889.2 120.135 120.202 129.559 134.638 236030000.0
579 -0.00785 0.000305329 -391.84 1889.24 120.123 120.196 137.362 140.952 236002000.0
578 -0.00775 0.000305272 -391.91 1889.26 120.102 120.188 147.24 153.902 235971000.0
577 -0.00765 0.000305252 -391.937 1889.3 120.096 120.185 151.24 152.222 235944000.0
576 -0.00755 0.000305217 -391.978 1889.36 120.086 120.179 158.398 155.45 235908000.0
575 -0.00745 0.000305158 -392.058 1889.41 120.066 120.169 168.332 168.273 235867000.0
574 -0.00735 0.000305106 -392.12 1889.41 120.046 120.162 177.22 174.846 235832000.0
573 -0.00725 0.000305016 -392.238 1889.47 120.014 120.148 192.486 193.594 235781000.0
572 -0.00715 0.000304961 -392.306 1889.48 119.993 120.14 202.331 204.787 235735000.0
571 -0.00705 0.000304902 -392.385 1889.59 119.977 120.131 214.883 210.919 235694000.0
570 -0.00695 0.000304822 -392.488 1889.71 119.953 120.116 231.856 222.728 235637000.0
569 -0.00685 0.000304737 -392.601 1889.79 119.925 120.104 248.298 237.778 235588000.0
568 -0.00675 0.000304639 -392.726 1889.76 119.884 120.088 262.333 255.913 235522000.0
567 -0.00665 0.000304542 -392.851 1889.89 119.854 120.074 281.586 271.717 235464000.0
566 -0.00655 0.000304418 -393.008 1890.03 119.815 120.053 306.212 292.197 235388000.0
565 -0.00645 0.000304309 -393.153 1890.19 119.782 120.037 328.412 309.74 235327000.0
564 -0.00635 0.000304203 -393.286 1890.21 119.741 120.02 345.97 322.448 235245000.0
563 -0.00625 0.000304073 -393.456 1890.34 119.698 120.001 370.134 342.247 235174000.0
562 -0.00615 0.000303915 -393.658 1890.36 119.638 119.974 395.418 366.156 235079000.0
561 -0.00605 0.000303772 -393.843 1890.5 119.59 119.954 423.003 386.444 234996000.0
560 -0.00595 0.000303629 -394.027 1890.59 119.539 119.931 447.89 401.98 234897000.0
559 -0.00585 0.000303441 -394.274 1890.71 119.473 119.9 482.081 433.322 234789000.0
558 -0.00575 0.000303266 -394.501 1890.77 119.408 119.874 510.64 453.308 234681000.0
557 -0.00565 0.000303087 -394.741 1890.81 119.34 119.846 539.919 470.851 234559000.0
556 -0.00555 0.000302865 -395.022 1890.96 119.262 119.809 580.821 501.235 234428000.0
555 -0.00545 0.000302601 -395.372 1891.19 119.172 119.767 630.432 544.385 234287000.0
554 -0.00535 0.000302358 -395.686 1891.26 119.081 119.728 669.232 572.346 234134000.0
553 -0.00525 0.000302093 -396.034 1891.43 118.987 119.686 718.609 608.424 233979000.0
552 -0.00515 0.000301784 -396.439 1891.58 118.875 119.638 771.828 651.629 233809000.0
551 -0.00505 0.00030148 -396.843 1891.68 118.762 119.589 822.543 686.587 233626000.0
550 -0.00495 0.000301153 -397.269 1891.81 118.641 119.536 878.852 722.102 233431000.0
549 -0.00485 0.00030075 -397.806 1891.93 118.49 119.472 946.587 781.754 233217000.0
548 -0.00475 0.000300339 -398.349 1892.08 118.337 119.405 1017.23 835.824 232987000.0
547 -0.00465 0.000299898 -398.933 1892.26 118.175 119.334 1092.93 893.374 232743000.0
546 -0.00455 0.00029944 -399.545 1892.31 117.997 119.26 1166.5 945.001 232476000.0
545 -0.00445 0.000298942 -400.211 1892.4 117.807 119.178 1248.61 1003.4 232190000.0
544 -0.00435 0.0002984 -400.938 1892.61 117.606 119.09 1343.08 1068.8 231891000.0
543 -0.00425 0.00029781 -401.736 1892.75 117.382 118.995 1441.9 1140.42 231571000.0
542 -0.00415 0.000297178 -402.588 1892.82 117.138 118.89 1545.48 1212.06 231209000.0
541 -0.00405 0.000296498 -403.51 1892.89 116.874 118.776 1657.33 1291.15 230830000.0
540 -0.00395 0.000295757 -404.523 1893.0 116.588 118.655 1780.25 1379.58 230428000.0
539 -0.00385 0.000294957 -405.621 1893.07 116.277 118.521 1911.16 1474.4 229991000.0
538 -0.00375 0.000294111 -406.787 1893.02 115.941 118.38 2046.62 1572.18 229523000.0
537 -0.00365 0.000293199 -408.052 1892.96 115.577 118.226 2193.55 1675.76 229016000.0
536 -0.00355 0.00029219 -409.46 1893.09 115.188 118.054 2363.05 1800.58 228478000.0
535 -0.00345 0.000291135 -410.944 1893.03 114.768 117.875 2535.16 1924.22 227902000.0
534 -0.00335 0.000289981 -412.58 1893.03 114.313 117.676 2726.06 2065.58 227284000.0
533 -0.00325 0.000288746 -414.342 1893.02 113.826 117.461 2931.71 2218.39 226622000.0
532 -0.00315 0.000287445 -416.224 1892.86 113.303 117.233 3145.82 2376.15 225916000.0
531 -0.00305 0.000286022 -418.29 1892.78 112.738 116.982 3383.44 2558.47 225160000.0
530 -0.00295 0.000284511 -420.512 1892.63 112.133 116.713 3635.97 2750.56 224352000.0
529 -0.00285 0.000282896 -422.914 1892.42 111.484 116.421 3905.26 2959.48 223487000.0
528 -0.00275 0.000281161 -425.521 1892.05 110.779 116.105 4193.9 3190.41 222553000.0
527 -0.00265 0.000279323 -428.324 1891.78 110.039 115.766 4506.16 3437.64 221573000.0
526 -0.00255 0.000277373 -431.334 1891.33 109.245 115.4 4834.84 3702.23 220519000.0
525 -0.00245 0.000275281 -434.614 1890.84 108.393 115.004 5192.8 3999.68 219403000.0
524 -0.00235 0.000273069 -438.133 1890.31 107.492 114.579 5574.53 4320.8 218220000.0
523 -0.00225 0.000270752 -441.882 1889.59 106.539 114.124 5974.37 4656.01 216960000.0
522 -0.00215 0.000268302 -445.923 1888.81 105.531 113.638 6402.25 5021.56 215631000.0
521 -0.00205 0.000265673 -450.33 1887.89 104.447 113.104 6865.59 5438.65 214205000.0
520 -0.00195 0.000262936 -455.025 1886.82 103.312 112.538 7352.98 5882.7 212716000.0
519 -0.00185 0.000260072 -460.034 1885.43 102.111 111.934 7861.0 6356.5 211141000.0
518 -0.00175 0.000257053 -465.438 1883.93 100.846 111.282 8405.04 6878.35 209476000.0
517 -0.00165 0.000253889 -471.239 1882.22 99.5142 110.583 8982.81 7449.47 207731000.0
516 -0.00155 0.0002506 -477.424 1880.29 98.124 109.837 9589.84 8059.38 205899000.0
515 -0.00145 0.000247198 -483.995 1878.06 96.6772 109.046 10223.1 8709.07 203987000.0
514 -0.00135 0.000243679 -490.986 1875.57 95.1745 108.205 10887.5 9404.67 201995000.0
513 -0.00125 0.000240031 -498.45 1872.74 93.6085 107.307 11583.1 10155.9 199924000.0
512 -0.00115 0.000236281 -506.362 1869.44 91.9835 106.356 12303.3 10955.5 197773000.0
511 -0.00105 0.000232422 -514.769 1865.79 90.3043 105.347 13054.7 11810.8 195550000.0
510 -0.00095 0.000228478 -523.657 1861.65 88.5752 104.279 13829.1 12716.8 193255000.0
509 -0.00085 0.000224432 -533.096 1856.97 86.7876 103.145 14631.1 13687.7 190886000.0
508 -0.00075 0.00022033 -543.023 1851.75 84.9625 101.955 15452.8 14704.2 188467000.0
507 -0.00065 0.00021619 -553.422 1845.93 83.104 100.708 16287.5 15758.6 185994000.0
506 -0.00055 0.000212005 -564.348 1839.38 81.2057 99.3987 17134.7 16862.8 183475000.0
505 -0.00045 0.000207803 -575.761 1832.09 79.2808 98.033 17987.9 18003.2 180919000.0
504 -0.00035 0.000203582 -587.698 1824.05 77.3299 96.6028 18848.8 19183.6 178329000.0
503 -0.00025 0.000199357 -600.155 1815.13 75.3545 95.1115 19708.7 20397.4 175714000.0
502 -0.00015 0.000195168 -613.039 1805.29 73.3712 93.5707 20556.9 21625.7 173086000.0
501 -5e-05 0.000190979 -626.485 1794.6 71.3709 91.9611 21404.1 22886.5 170448000.0
500 5e-05 0.000186853 -640.324 1782.85 69.3723 90.3075 22226.7 24142.4 167810000.0
499 0.00015 0.000182771 -654.622 1770.17 67.3738 88.5967 23032.8 25403.6 165177000.0
498 0.00025 0.000178748 -669.353 1756.28 65.374 86.8368 23806.7 26660.8 162553000.0
497 0.00035 0.000174815 -684.417 1741.29 63.39 85.0352 24542.6 27886.7 159937000.0
496 0.00045 0.00017096 -699.848 1725.23 61.4203 83.1927 25241.7 29087.6 157349000.0
495 0.00055 0.000167205 -715.568 1708.02 59.4722 81.3145 25893.9 30248.2 154778000.0
494 0.00065 0.000163559 -731.519 1689.63 57.5487 79.4088 26489.8 31350.8 152224000.0
493 0.00075 0.000160019 -747.697 1670.15 55.6543 77.4761 27033.8 32396.1 149698000.0
492 0.00085 0.0001566 -764.031 1649.59 53.7947 75.5259 27517.8 33368.3 147187000.0
491 0.00095 0.00015329 -780.521 1627.87 51.9642 73.5564 27938.7 34270.6 144695000.0
490 0.00105 0.000150112 -797.058 1605.15 50.1764 71.5821 28291.6 35081.1 142212000.0
489 0.00115 0.000147037 -813.722 1581.27 48.4176 69.5915 28578.3 35813.5 139737000.0
488 0.00125 0.000144091 -830.358 1556.48 46.7034 67.6048 28796.8 36448.8 137275000.0
487 0.00135 0.000141267 -846.961 1530.82 45.0333 65.6239 28947.8 36987.5 134817000.0
486 0.00145 0.000138549 -863.571 1504.26 43.4005 63.6395 29031.9 37432.4 132356000.0
485 0.00155 0.000135967 -879.977 1476.94 41.8184 61.6809 29042.5 37768.7 129881000.0
484 0.00165 0.000133508 -896.18 1449.06 40.2869 59.7466 28988.1 38003.5 127406000.0
483 0.00175 0.00013115 -912.298 1420.5 38.7954 57.8222 28872.0 38143.5 124913000.0
482 0.00185 0.000128899 -928.225 1391.38 37.348 55.9205 28692.8 38186.9 122402000.0
481 0.00195 0.00012677 -943.814 1362.09 35.9576 54.0597 28460.2 38133.1 119890000.0
480 0.00205 0.00012475 -959.108 1332.4 34.6134 52.2336 28166.9 37984.3 117345000.0
479 0.00215 0.000122821 -974.166 1302.49 33.3131 50.4348 27824.9 37750.9 114782000.0
478 0.00225 0.000121005 -988.782 1272.56 32.0666 48.6894 27434.5 37433.1 112201000.0
477 0.00235 0.000119271 -1003.16 1242.47 30.8595 46.972 27001.5 37042.2 109602000.0
476 0.00245 0.000117625 -1017.21 1212.39 29.6971 45.2962 26529.2 36582.1 106989000.0
475 0.00255 0.000116069 -1030.83 1182.48 28.5813 43.6682 26020.5 36055.5 104357000.0
474 0.00265 0.000114597 -1044.08 1152.84 27.5112 42.0873 25485.0 35473.9 101729000.0
473 0.00275 0.000113207 -1056.9 1123.48 26.4855 40.5559 24920.7 34836.8 99083000.0
472 0.00285 0.000111884 -1069.4 1094.4 25.4983 39.0641 24334.8 34155.5 96439400.0
471 0.00295 0.000110637 -1081.46 1065.79 24.5551 37.6239 23730.5 33431.5 93792800.0
470 0.00305 0.000109461 -1093.07 1037.75 23.6549 36.2363 23114.8 32675.8 91161800.0
469 0.00315 0.000108341 -1104.37 1009.97 22.7863 34.888 22481.8 31891.1 88530000.0
468 0.00325 0.000107289 -1115.21 982.97 21.9616 33.5933 21846.4 31083.1 85924800.0
467 0.00335 0.000106284 -1125.76 956.31 21.1658 32.3336 21200.4 30253.4 83326200.0
466 0.00345 0.000105346 -1135.78 930.481 20.4124 31.1364 20555.9 29415.5 80761700.0
465 0.00355 0.000104449 -1145.53 905.072 19.686 29.9717 19906.8 28562.3 78212700.0
464 0.00365 0.00010361 -1154.81 880.6 18.9997 28.8636 19267.7 27709.6 75714400.0
463 0.00375 0.000102813 -1163.76 856.606 18.3399 27.7949 18626.9 26853.0 73238000.0
462 0.00385 0.000102061 -1172.32 833.463 17.714 26.7721 17997.9 26000.4 70813700.0
461 0.00395 0.000101352 -1180.53 810.942 17.1157 25.792 17374.4 25152.3 68425200.0
460 0.00405 0.000100686 -1188.35 789.374 16.5508 24.8581 16768.2 24314.1 66099800.0
459 0.00415 0.000100044 -1195.97 768.139 16.0029 23.9483 16162.7 23477.9 63799600.0
458 0.00425 9.94415e-05 -1203.22 747.622 15.4817 23.0818 15569.0 22655.8 61549700.0
457 0.00435 9.88713e-05 -1210.15 727.837 14.9856 22.2536 14987.7 21846.8 59346300.0
456 0.00445 9.83364e-05 -1216.74 708.971 14.5182 21.4674 14428.7 21058.8 57224500.0
455 0.00455 9.78265e-05 -1223.07 690.553 14.0677 20.7102 13875.6 20282.5 55133800.0
454 0.00465 9.73488e-05 -1229.09 672.938 13.6419 19.9917 13341.4 19527.7 53111500.0
453 0.00475 9.68962e-05 -1234.81 656.121 13.2392 19.3082 12827.0 18794.7 51160000.0
452 0.00485 9.6463e-05 -1240.37 639.641 12.8489 18.644 12318.3 18070.7 49237800.0
451 0.00495 9.60538e-05 -1245.65 623.882 12.4792 18.0136 11826.9 17369.3 47377600.0
450 0.00505 9.56691e-05 -1250.66 608.811 12.129 17.4151 11354.3 16691.8 45585700.0
449 0.00515 9.53056e-05 -1255.43 594.384 11.7966 16.8455 10898.2 16034.8 43851900.0
448 0.00525 9.49568e-05 -1260.04 580.373 11.4763 16.2945 10451.9 15391.7 42159300.0
447 0.00535 9.46306e-05 -1264.39 567.035 11.1741 15.7752 10024.2 14775.1 40534000.0
446 0.00545 9.43172e-05 -1268.58 554.172 10.8844 15.2746 9609.78 14174.7 38958900.0
445 0.00555 9.40219e-05 -1272.58 541.783 10.6078 14.7972 9208.28 13594.8 37434200.0
444 0.00565 9.37409e-05 -1276.39 529.931 10.3447 14.342 8821.63 13034.2 35961500.0
443 0.00575 9.3478e-05 -1279.98 518.74 10.0978 13.9138 8455.05 12499.5 34560200.0
442 0.00585 9.32289e-05 -1283.4 507.944 9.86133 13.5039 8099.53 11982.5 33200200.0
441 0.00595 9.29911e-05 -1286.68 497.629 9.63644 13.1131 7758.64 11484.7 31895000.0
440 0.00605 9.27651e-05 -1289.82 487.707 9.42135 12.7386 7429.18 11003.5 30633600.0
439 0.00615 9.25508e-05 -1292.8 478.226 9.21686 12.3823 7113.14 10541.0 29420500.0
438 0.00625 9.23496e-05 -1295.62 469.215 9.02353 12.0443 6811.3 10097.5 28257600.0
437 0.00635 9.2157e-05 -1298.32 460.544 8.83832 11.7219 6520.54 9672.28 27140400.0
436 0.00645 9.19744e-05 -1300.9 452.29 8.6627 11.4142 6242.14 9262.26 26065700.0
435 0.00655 9.18024e-05 -1303.34 444.468 8.49697 11.1226 5978.24 8871.2 25044100.0
434 0.00665 9.16377e-05 -1305.68 436.896 8.33723 10.8429 5721.6 8493.73 24052700.0
433 0.00675 9.14804e-05 -1307.93 429.611 8.18414 10.5749 5473.91 8129.46 23095200.0
432 0.00685 9.1335e-05 -1310.01 422.83 8.04217 10.3264 5242.86 7787.69 22195200.0
431 0.00695 9.11948e-05 -1312.03 416.219 7.90426 10.0848 5016.73 7454.68 21318000.0
430 0.00705 9.10595e-05 -1313.97 409.878 7.7723 9.85352 4799.55 7134.85 20475600.0
429 0.00715 9.09341e-05 -1315.78 403.884 7.64809 9.63624 4594.04 6831.59 19675200.0
428 0.00725 9.08134e-05 -1317.54 398.127 7.52907 9.42633 4395.95 6537.7 18902900.0
427 0.00735 9.06959e-05 -1319.23 392.584 7.41463 9.22442 4205.19 6254.97 18161500.0
426 0.00745 9.05882e-05 -1320.82 387.357 7.30724 9.03513 4024.72 5986.88 17455200.0
425 0.00755 9.04847e-05 -1322.33 382.383 7.20515 8.85474 3852.48 5729.87 16779600.0
424 0.00765 9.03843e-05 -1323.78 377.548 7.10616 8.6814 3685.0 5483.21 16125900.0
423 0.00775 9.0291e-05 -1325.15 372.958 7.01252 8.51658 3525.69 5247.04 15502400.0
422 0.00785 9.02017e-05 -1326.47 368.608 6.92388 8.3604 3374.57 5022.52 14908600.0
421 0.00795 9.01168e-05 -1327.71 364.397 6.83834 8.2109 3227.79 4806.66 14334100.0
420 0.00805 9.00371e-05 -1328.9 360.461 6.75849 8.06997 3090.67 4602.08 13793500.0
419 0.00815 8.99596e-05 -1330.04 356.653 6.68133 7.93341 2957.87 4404.0 13271200.0
418 0.00825 8.9886e-05 -1331.12 353.01 6.60767 7.8039 2830.63 4215.07 12769400.0
417 0.00835 8.98162e-05 -1332.16 349.551 6.53785 7.67991 2709.58 4033.63 12291500.0
416 0.00845 8.97499e-05 -1333.16 346.21 6.47058 7.56083 2592.64 3859.07 11830000.0
415 0.00855 8.96849e-05 -1334.11 342.995 6.40584 7.44672 2479.84 3691.9 11385800.0
414 0.00865 8.96248e-05 -1335.0 339.991 6.34549 7.34006 2374.38 3534.38 10968000.0
413 0.00875 8.95679e-05 -1335.87 337.087 6.28729 7.23727 2272.51 3382.33 10564800.0
412 0.00885 8.95143e-05 -1336.66 334.351 6.23253 7.14183 2176.24 3240.12 10182300.0
411 0.00895 8.94607e-05 -1337.46 331.66 6.17868 7.04693 2081.29 3099.1 9806720.0
410 0.00905 8.94115e-05 -1338.2 329.139 6.12834 6.95882 1992.76 2967.88 9456120.0
409 0.00915 8.93636e-05 -1338.9 326.746 6.08051 6.87399 1908.16 2840.92 9118920.0
408 0.00925 8.93202e-05 -1339.57 324.477 6.03537 6.79473 1828.26 2722.15 8800170.0
407 0.00935 8.92761e-05 -1340.22 322.259 5.99116 6.71702 1749.72 2605.37 8487480.0
406 0.00945 8.92344e-05 -1340.85 320.113 5.94847 6.64129 1673.96 2492.31 8187200.0
405 0.00955 8.91947e-05 -1341.45 318.076 5.90799 6.57023 1602.09 2385.58 7901690.0
404 0.00965 8.91572e-05 -1342.0 316.181 5.87032 6.50361 1534.95 2284.69 7632390.0
403 0.00975 8.91225e-05 -1342.54 314.341 5.83388 6.44009 1469.72 2188.55 7373020.0
402 0.00985 8.90876e-05 -1343.06 312.535 5.79811 6.3772 1405.74 2093.82 7118590.0
401 0.00995 8.90552e-05 -1343.55 310.872 5.76515 6.31909 1346.84 2005.71 6882900.0
400 0.01005 8.90251e-05 -1344.0 309.307 5.73419 6.26507 1291.36 1923.19 6659570.0
399 0.01015 8.89951e-05 -1344.46 307.744 5.7033 6.21056 1235.85 1840.41 6438790.0
398 0.01025 8.89672e-05 -1344.88 306.296 5.67468 6.16032 1184.58 1763.92 6232230.0
397 0.01035 8.89391e-05 -1345.29 304.897 5.64697 6.11096 1134.8 1688.64 6032370.0
396 0.01045 8.89136e-05 -1345.69 303.515 5.61977 6.06305 1085.7 1615.72 5836270.0
395 0.01055 8.88891e-05 -1346.06 302.249 5.59479 6.01919 1040.83 1548.5 5655900.0
394 0.01065 8.88661e-05 -1346.41 301.026 5.57071 5.97715 997.232 1484.0 5480680.0
393 0.01075 8.88433e-05 -1346.74 299.868 5.54785 5.93729 955.912 1422.46 5313720.0
392 0.01085 8.88226e-05 -1347.08 298.701 5.52498 5.89697 914.516 1361.03 5148460.0
391 0.01095 8.88019e-05 -1347.38 297.668 5.50458 5.86133 877.832 1305.98 4999580.0
390 0.01105 8.87821e-05 -1347.68 296.621 5.48399 5.82546 840.311 1250.53 4848900.0
389 0.01115 8.87641e-05 -1347.96 295.633 5.46461 5.79142 805.226 1198.14 4706940.0
388 0.01125 8.8746e-05 -1348.24 294.69 5.44608 5.7588 771.586 1147.99 4572190.0
387 0.01135 8.87289e-05 -1348.5 293.8 5.42859 5.72823 740.021 1100.76 4444060.0
386 0.01145 8.87122e-05 -1348.75 292.919 5.41129 5.6977 708.416 1053.66 4317190.0
385 0.01155 8.86972e-05 -1348.99 292.099 5.39522 5.6694 679.264 1009.93 4199080.0
384 0.01165 8.86813e-05 -1349.22 291.274 5.37903 5.64123 649.879 966.882 4082190.0
383 0.01175 8.86663e-05 -1349.45 290.507 5.36396 5.61469 622.5 926.135 3972160.0
382 0.01185 8.86533e-05 -1349.65 289.798 5.35008 5.59039 597.188 888.245 3869100.0
381 0.01195 8.86405e-05 -1349.84 289.126 5.3369 5.56739 573.141 852.178 3771100.0
380 0.01205 8.86274e-05 -1350.04 288.443 5.32351 5.54391 548.808 816.116 3673640.0
379 0.01215 8.86154e-05 -1350.23 287.777 5.31049 5.52116 524.973 781.068 3578160.0
378 0.01225 8.86039e-05 -1350.4 287.166 5.29853 5.50039 503.19 748.871 3490270.0
377 0.01235 8.85918e-05 -1350.57 286.586 5.2871 5.48036 482.505 717.882 3406550.0
376 0.01245 8.8582e-05 -1350.74 286.018 5.27604 5.46079 462.189 687.449 3324460.0
375 0.01255 8.85717e-05 -1350.88 285.5 5.26589 5.44318 443.644 659.801 3248760.0
374 0.01265 8.85632e-05 -1351.02 285.004 5.25622 5.42641 425.989 633.464 3176610.0
373 0.01275 8.85534e-05 -1351.16 284.509 5.24652 5.40948 408.227 607.137 3105040.0
372 0.01285 8.85454e-05 -1351.3 284.046 5.2375 5.39364 391.674 582.174 3037320.0
371 0.01295 8.85366e-05 -1351.42 283.61 5.22895 5.37882 376.077 558.942 2973570.0
370 0.01305 8.85283e-05 -1351.54 283.192 5.22076 5.36466 361.166 536.685 2912530.0
369 0.01315 8.8521e-05 -1351.66 282.763 5.21242 5.34991 345.896 513.867 2850510.0
368 0.01325 8.85127e-05 -1351.78 282.364 5.20457 5.33626 331.453 492.488 2791900.0
367 0.01335 8.85059e-05 -1351.88 281.981 5.19711 5.32338 317.929 472.498 2737220.0
366 0.01345 8.84996e-05 -1351.98 281.634 5.19034 5.31149 305.473 453.745 2685670.0
365 0.01355 8.84933e-05 -1352.08 281.317 5.18413 5.30053 294.163 436.459 2638860.0
364 0.01365 8.84878e-05 -1352.17 280.978 5.17756 5.28933 281.963 418.757 2589000.0
363 0.01375 8.8481e-05 -1352.26 280.646 5.17105 5.27797 270.103 401.176 2541560.0
362 0.01385 8.84751e-05 -1352.36 280.334 5.16495 5.26717 258.874 384.401 2495830.0
361 0.01395 8.847e-05 -1352.44 280.033 5.15912 5.2571 248.276 368.908 2452640.0
360 0.01405 8.84646e-05 -1352.51 279.773 5.15401 5.24832 238.786 354.592 2413210.0
359 0.01415 8.84599e-05 -1352.6 279.49 5.14852 5.23842 228.654 339.365 2372210.0
358 0.01425 8.84546e-05 -1352.66 279.247 5.14374 5.23054 220.12 326.797 2337190.0
357 0.01435 8.84505e-05 -1352.74 278.99 5.13877 5.22176 210.803 312.91 2299100.0
356 0.01445 8.84469e-05 -1352.81 278.754 5.1342 5.21354 202.448 300.222 2264920.0
355 0.01455 8.84416e-05 -1352.86 278.552 5.13017 5.20679 195.016 289.171 2233510.0
354 0.01465 8.84381e-05 -1352.93 278.313 5.12557 5.19852 186.606 276.492 2199920.0
353 0.01475 8.84348e-05 -1352.99 278.12 5.12184 5.19197 179.608 265.849 2170670.0
352 0.01485 8.84303e-05 -1353.04 277.93 5.11807 5.18575 172.873 255.965 2142560.0
351 0.01495 8.84271e-05 -1353.09 277.729 5.11418 5.17895 165.612 245.42 2113290.0
350 0.01505 8.84237e-05 -1353.15 277.536 5.11044 5.17235 158.754 235.117 2085390.0
349 0.01515 8.84203e-05 -1353.2 277.352 5.10685 5.16617 152.156 225.474 2058620.0
348 0.01525 8.84165e-05 -1353.25 277.173 5.10333 5.16002 145.683 216.024 2032370.0
347 0.01535 8.84142e-05 -1353.29 277.02 5.10039 5.15492 140.262 207.898 2009830.0
346 0.01545 8.84111e-05 -1353.34 276.873 5.0975 5.15016 134.894 199.941 1987480.0
345 0.01555 8.84081e-05 -1353.38 276.723 5.09455 5.14522 129.55 192.078 1965470.0
344 0.01565 8.84065e-05 -1353.41 276.585 5.09193 5.14059 124.63 184.664 1944940.0
343 0.01575 8.84035e-05 -1353.45 276.465 5.08955 5.13661 120.282 178.15 1926560.0
342 0.01585 8.84011e-05 -1353.49 276.326 5.08686 5.13193 115.292 170.916 1906430.0
341 0.01595 8.83986e-05 -1353.53 276.189 5.08419 5.12737 110.448 163.8 1886630.0
340 0.01605 8.83962e-05 -1353.56 276.052 5.08152 5.12256 105.543 156.664 1867360.0
339 0.01615 8.8394e-05 -1353.6 275.936 5.07927 5.1186 101.3 150.34 1849870.0
338 0.01625 8.83917e-05 -1353.63 275.82 5.077 5.11473 97.252 144.52 1833450.0
337 0.01635 8.83894e-05 -1353.66 275.722 5.07507 5.11139 93.6092 139.024 1818320.0
336 0.01645 8.83881e-05 -1353.69 275.629 5.07327 5.10821 90.2822 133.97 1804280.0
335 0.01655 8.83861e-05 -1353.71 275.529 5.07133 5.10492 86.6769 128.632 1789430.0
334 0.01665 8.83842e-05 -1353.74 275.437 5.06952 5.10175 83.4387 123.622 1775950.0
333 0.01675 8.8383e-05 -1353.76 275.353 5.0679 5.09899 80.4028 119.066 1763270.0
332 0.01685 8.83814e-05 -1353.79 275.258 5.06606 5.0959 77.049 114.18 1749290.0
331 0.01695 8.83789e-05 -1353.81 275.173 5.06435 5.09304 73.9639 109.699 1737070.0
330 0.01705 8.83787e-05 -1353.83 275.094 5.0629 5.09044 71.0627 105.345 1725030.0
329 0.01715 8.83768e-05 -1353.85 275.016 5.06135 5.08793 68.4132 101.403 1713960.0
328 0.01725 8.83753e-05 -1353.88 274.942 5.0599 5.08543 65.6205 97.4025 1702740.0
327 0.01735 8.83735e-05 -1353.9 274.858 5.05826 5.08252 62.745 93.1492 1690990.0
326 0.01745 8.83724e-05 -1353.92 274.797 5.05706 5.08059 60.4622 89.7389 1681590.0
325 0.01755 8.83718e-05 -1353.93 274.735 5.05589 5.07851 58.2421 86.4424 1672200.0
324 0.01765 8.83702e-05 -1353.95 274.678 5.05474 5.07652 56.207 83.3057 1663500.0
323 0.01775 8.8369e-05 -1353.97 274.613 5.05349 5.07432 53.9844 79.9372 1654320.0
322 0.01785 8.83676e-05 -1353.98 274.556 5.05235 5.07227 51.7994 76.7089 1645370.0
321 0.01795 8.83673e-05 -1354.0 274.497 5.05125 5.07046 49.6946 73.8031 1636800.0
320 0.01805 8.83658e-05 -1354.02 274.446 5.05022 5.06873 48.0052 71.2101 1629730.0
319 0.01815 8.83648e-05 -1354.03 274.406 5.04943 5.06723 46.401 68.5987 1622760.0
318 0.01825 8.83646e-05 -1354.04 274.355 5.04847 5.06561 44.6169 66.005 1615410.0
317 0.01835 8.83633e-05 -1354.06 274.301 5.04742 5.06381 42.7316 63.3241 1607830.0
316 0.01845 8.83623e-05 -1354.07 274.258 5.04656 5.06224 41.1206 60.941 1601190.0
315 0.01855 8.83615e-05 -1354.08 274.215 5.04573 5.06097 39.6067 58.7611 1594900.0
314 0.01865 8.83612e-05 -1354.09 274.177 5.04501 5.05965 38.3216 56.8 1589300.0
313 0.01875 8.83601e-05 -1354.1 274.132 5.04412 5.05824 36.6548 54.4754 1582510.0
312 0.01885 8.83595e-05 -1354.11 274.091 5.04334 5.05694 35.1102 52.2746 1576330.0
311 0.01895 8.83598e-05 -1354.13 274.055 5.04268 5.05576 33.8501 50.2794 1571010.0
310 0.01905 8.83577e-05 -1354.13 274.019 5.0419 5.0544 32.6235 48.4625 1565820.0
309 0.01915 8.83578e-05 -1354.14 273.982 5.04124 5.05322 31.2276 46.3722 1560240.0
308 0.01925 8.83564e-05 -1354.15 273.95 5.04056 5.05215 30.1131 44.7093 1555550.0
307 0.01935 8.83565e-05 -1354.16 273.919 5.04 5.05112 29.0132 43.0502 1550900.0
306 0.01945 8.83561e-05 -1354.17 273.895 5.03953 5.05036 28.0824 41.6285 1546890.0
305 0.01955 8.8356e-05 -1354.17 273.866 5.039 5.04939 27.0966 40.1009 1542680.0
304 0.01965 8.83546e-05 -1354.19 273.842 5.03847 5.04851 26.1992 38.7774 1538810.0
303 0.01975 8.83547e-05 -1354.19 273.811 5.03791 5.04744 25.0974 37.1109 1534320.0
302 0.01985 8.83533e-05 -1354.2 273.785 5.03736 5.04649 24.1707 35.6555 1530430.0
301 0.01995 8.8354e-05 -1354.21 273.759 5.03692 5.04575 23.2509 34.3943 1526690.0
300 0.02005 8.83529e-05 -1354.21 273.732 5.03636 5.04479 22.2991 32.9448 1522730.0
299 0.02015 8.83533e-05 -1354.22 273.713 5.03602 5.0443 21.5251 31.8156 1519440.0
298 0.02025 8.83521e-05 -1354.23 273.686 5.03546 5.04335 20.6676 30.587 1515700.0
297 0.02035 8.83525e-05 -1354.23 273.664 5.03508 5.04265 19.7493 29.2307 1512210.0
296 0.02045 8.83517e-05 -1354.24 273.645 5.03468 5.04202 19.2088 28.407 1509590.0
295 0.02055 8.83516e-05 -1354.24 273.628 5.03437 5.04142 18.5373 27.3126 1506780.0
294 0.02065 8.83511e-05 -1354.25 273.607 5.03395 5.04087 17.7117 26.2293 1503560.0
293 0.02075 8.83503e-05 -1354.25 273.585 5.0335 5.04011 17.0548 25.2691 1500720.0
292 0.02085 8.83503e-05 -1354.26 273.572 5.03326 5.03959 16.4858 24.3292 1498290.0
291 0.02095 8.83498e-05 -1354.26 273.554 5.03291 5.0391 15.9023 23.549 1495770.0
290 0.02105 8.83502e-05 -1354.27 273.54 5.03267 5.03862 15.353 22.6711 1493480.0
289 0.02115 8.83495e-05 -1354.27 273.522 5.03229 5.03801 14.684 21.7542 1490690.0
288 0.02125 8.83497e-05 -1354.27 273.512 5.03213 5.03783 14.3318 21.1665 1489170.0
287 0.02135 8.83486e-05 -1354.28 273.493 5.0317 5.03712 13.6762 20.2537 1486510.0
286 0.02145 8.83488e-05 -1354.28 273.483 5.03154 5.03681 13.2688 19.6117 1484810.0
285 0.02155 8.83483e-05 -1354.29 273.46 5.03109 5.03602 12.5282 18.609 1481900.0
284 0.02165 8.83485e-05 -1354.29 273.45 5.03092 5.03575 12.0856 17.9703 1480120.0
283 0.02175 8.8348e-05 -1354.29 273.442 5.03073 5.03538 11.8686 17.6042 1478930.0
282 0.02185 8.83482e-05 -1354.3 273.43 5.03052 5.03503 11.3126 16.7996 1476730.0
281 0.02195 8.83469e-05 -1354.3 273.414 5.03016 5.03446 10.8999 16.2119 1474830.0
280 0.02205 8.83475e-05 -1354.3 273.405 5.03002 5.03422 10.5056 15.6041 1473350.0
279 0.02215 8.83474e-05 -1354.31 273.39 5.02974 5.03367 9.97126 14.8761 1471210.0
278 0.02225 8.83471e-05 -1354.31 273.379 5.02953 5.03327 9.5856 14.2856 1469570.0
277 0.02235 8.83472e-05 -1354.32 273.371 5.02938 5.03301 9.31014 13.8566 1468290.0
276 0.02245 8.83461e-05 -1354.32 273.365 5.02921 5.03268 9.04099 13.3872 1467070.0
275 0.02255 8.83468e-05 -1354.32 273.352 5.02901 5.03248 8.66126 12.8825 1465610.0
274 0.02265 8.83458e-05 -1354.32 273.346 5.02885 5.03207 8.36488 12.4753 1464320.0
273 0.02275 8.83466e-05 -1354.32 273.335 5.02869 5.03187 8.03586 11.9868 1462980.0
272 0.02285 8.83461e-05 -1354.33 273.332 5.02861 5.03167 7.83548 11.6733 1462120.0
271 0.02295 8.83459e-05 -1354.33 273.324 5.02845 5.03137 7.63391 11.357 1461080.0
270 0.02305 8.83461e-05 -1354.33 273.314 5.02828 5.03111 7.26683 10.7552 1459640.0
269 0.02315 8.8346e-05 -1354.33 273.307 5.02814 5.03077 6.98534 10.3713 1458490.0
268 0.02325 8.83456e-05 -1354.33 273.299 5.02798 5.03058 6.77294 10.0529 1457460.0
267 0.02335 8.83461e-05 -1354.34 273.295 5.02792 5.03051 6.51914 9.70417 1456520.0
266 0.02345 8.83449e-05 -1354.34 273.287 5.0277 5.03016 6.27884 9.39329 1455440.0
265 0.02355 8.83458e-05 -1354.34 273.282 5.02767 5.03005 6.10004 9.03305 1454560.0
264 0.02365 8.83453e-05 -1354.34 273.275 5.02752 5.0298 5.88863 8.70959 1453660.0
263 0.02375 8.83457e-05 -1354.34 273.27 5.02744 5.02963 5.65665 8.35889 1452680.0
262 0.02385 8.83451e-05 -1354.34 273.263 5.02728 5.02939 5.45755 8.08342 1451770.0
261 0.02395 8.8345e-05 -1354.34 273.26 5.02722 5.02929 5.32614 7.89778 1451260.0
260 0.02405 8.83452e-05 -1354.35 273.253 5.0271 5.02916 5.09023 7.56563 1450170.0
259 0.02415 8.83454e-05 -1354.35 273.248 5.02701 5.02896 4.88539 7.25646 1449440.0
258 0.02425 8.8345e-05 -1354.35 273.245 5.02695 5.02891 4.72962 7.04205 1448710.0
257 0.02435 8.83456e-05 -1354.35 273.241 5.0269 5.02879 4.64563 6.85263 1448180.0
256 0.02445 8.83452e-05 -1354.35 273.233 5.02673 5.02847 4.36013 6.54505 1447150.0
255 0.02455 8.83448e-05 -1354.35 273.233 5.02671 5.02847 4.26272 6.36162 1446640.0
254 0.02465 8.83453e-05 -1354.35 273.23 5.02669 5.02828 4.23859 6.22902 1446290.0
253 0.02475 8.83452e-05 -1354.35 273.229 5.02666 5.02825 4.15762 6.07773 1445880.0
252 0.02485 8.83446e-05 -1354.35 273.225 5.02656 5.02806 3.99587 5.91477 1445240.0
251 0.02495 8.83451e-05 -1354.36 273.217 5.02644 5.02789 3.75609 5.58964 1444320.0
250 0.02505 8.8345e-05 -1354.36 273.213 5.02635 5.02773 3.64671 5.44694 1443870.0
249 0.02515 8.83442e-05 -1354.36 273.21 5.02625 5.02756 3.45908 5.19752 1443080.0
248 0.02525 8.83455e-05 -1354.36 273.208 5.02629 5.02764 3.39529 5.06575 1442730.0
247 0.02535 8.83437e-05 -1354.36 273.203 5.02609 5.02721 3.23094 4.83667 1442000.0
246 0.02545 8.83448e-05 -1354.36 273.2 5.02611 5.0273 3.17932 4.73913 1441790.0
245 0.02555 8.83441e-05 -1354.36 273.197 5.02601 5.02721 3.01151 4.53761 1441240.0
244 0.02565 8.83448e-05 -1354.36 273.195 5.026 5.02711 2.91093 4.38282 1440800.0
243 0.02575 8.83448e-05 -1354.36 273.19 5.02592 5.02708 2.84577 4.23596 1440520.0
242 0.02585 8.83437e-05 -1354.36 273.19 5.02585 5.02698 2.78167 4.18668 1440230.0
241 0.02595 8.83448e-05 -1354.36 273.184 5.02581 5.02698 2.66929 4.05795 1439730.0
240 0.02605 8.83441e-05 -1354.36 273.184 5.02578 5.02685 2.59806 3.93522 1439430.0
239 0.02615 8.83445e-05 -1354.36 273.185 5.02581 5.02693 2.5575 3.84459 1439170.0
238 0.02625 8.83443e-05 -1354.37 273.178 5.02568 5.02664 2.42777 3.69129 1438650.0
237 0.02635 8.8344e-05 -1354.37 273.177 5.02564 5.02647 2.40546 3.63778 1438380.0
236 0.02645 8.83446e-05 -1354.37 273.174 5.0256 5.02635 2.22171 3.37436 1437830.0
235 0.02655 8.83433e-05 -1354.37 273.17 5.02546 5.02614 2.11485 3.19718 1437370.0
234 0.02665 8.83444e-05 -1354.37 273.168 5.02549 5.02617 2.07537 3.12521 1437220.0
233 0.02675 8.83438e-05 -1354.37 273.166 5.02542 5.02601 1.99022 3.04082 1436760.0
232 0.02685 8.83445e-05 -1354.37 273.166 5.02547 5.02602 1.9457 2.94519 1436610.0
231 0.02695 8.83428e-05 -1354.37 273.162 5.0253 5.02577 1.86658 2.84192 1436090.0
230 0.02705 8.83445e-05 -1354.37 273.16 5.02535 5.02581 1.79054 2.71187 1435930.0
229 0.02715 8.83441e-05 -1354.37 273.161 5.02535 5.02579 1.74626 2.66586 1435690.0
228 0.02725 8.83437e-05 -1354.37 273.157 5.02524 5.02573 1.67866 2.586 1435460.0
227 0.02735 8.83439e-05 -1354.38 273.158 5.02528 5.02572 1.63985 2.514 1435340.0
226 0.02745 8.83437e-05 -1354.38 273.156 5.02523 5.02559 1.59462 2.43565 1434990.0
225 0.02755 8.8344e-05 -1354.38 273.155 5.02523 5.02553 1.58751 2.43945 1434930.0
224 0.02765 8.83439e-05 -1354.38 273.155 5.02522 5.0256 1.51837 2.33988 1434720.0
223 0.02775 8.8343e-05 -1354.38 273.152 5.02511 5.0254 1.51728 2.32695 1434500.0
222 0.02785 8.83429e-05 -1354.38 273.152 5.02511 5.02542 1.40288 2.1636 1434320.0
221 0.02795 8.83432e-05 -1354.38 273.148 5.02507 5.0252 1.37224 2.07275 1434050.0
220 0.02805 8.83434e-05 -1354.38 273.149 5.02508 5.02521 1.33661 1.98493 1433950.0
219 0.02815 8.83427e-05 -1354.38 273.145 5.02497 5.02513 1.24931 1.88679 1433650.0
218 0.02825 8.83427e-05 -1354.38 273.145 5.02498 5.02498 1.20055 1.77326 1433400.0
217 0.02835 8.8343e-05 -1354.38 273.142 5.02494 5.02493 1.11195 1.64157 1433180.0
216 0.02845 8.83428e-05 -1354.38 273.144 5.02496 5.0249 1.13621 1.62721 1433120.0
215 0.02855 8.83429e-05 -1354.38 273.14 5.0249 5.0248 1.11574 1.60973 1432900.0
214 0.02865 8.83423e-05 -1354.38 273.141 5.02489 5.02487 1.04407 1.50669 1432800.0
213 0.02875 8.83429e-05 -1354.38 273.136 5.02482 5.02473 1.00394 1.46014 1432540.0
212 0.02885 8.83426e-05 -1354.38 273.138 5.02484 5.02479 0.930093 1.38428 1432360.0
211 0.02895 8.8343e-05 -1354.38 273.138 5.02486 5.02485 0.940751 1.42801 1432300.0
210 0.02905 8.83431e-05 -1354.38 273.137 5.02485 5.02494 0.944071 1.42297 1432280.0
209 0.02915 8.83426e-05 -1354.38 273.138 5.02485 5.02491 0.97546 1.46372 1432300.0
208 0.02925 8.8342e-05 -1354.38 273.137 5.02478 5.02483 0.952235 1.42125 1432120.0
207 0.02935 8.83433e-05 -1354.38 273.136 5.02483 5.02479 0.887086 1.33685 1431930.0
206 0.02945 8.83425e-05 -1354.38 273.135 5.02477 5.02471 0.84143 1.26144 1431700.0
205 0.02955 8.83421e-05 -1354.38 273.135 5.02476 5.02464 0.823882 1.20841 1431680.0
204 0.02965 8.83425e-05 -1354.38 273.132 5.02473 5.02452 0.826831 1.20455 1431580.0
203 0.02975 8.83428e-05 -1354.39 273.134 5.02477 5.02463 0.79185 1.13401 1431490.0
202 0.02985 8.83423e-05 -1354.38 273.134 5.02474 5.02453 0.795417 1.13614 1431390.0
201 0.02995 8.83426e-05 -1354.38 273.134 5.02476 5.02461 0.792477 1.1574 1431390.0
200 0.03005 8.83431e-05 -1354.38 273.135 5.02481 5.02461 0.807785 1.18608 1431350.0
199 0.03015 8.83423e-05 -1354.38 273.131 5.0247 5.02452 0.758438 1.10729 1431160.0
198 0.03025 8.83425e-05 -1354.38 273.132 5.02473 5.02459 0.731388 1.11744 1431080.0
197 0.03035 8.83429e-05 -1354.39 273.131 5.02473 5.02459 0.712611 1.08117 1430950.0
196 0.03045 8.83428e-05 -1354.38 273.131 5.02473 5.02457 0.724425 1.08132 1430930.0
195 0.03055 8.83424e-05 -1354.38 273.131 5.0247 5.02459 0.670088 1.00345 1430840.0
194 0.03065 8.83431e-05 -1354.38 273.129 5.0247 5.02451 0.641214 0.961514 1430710.0
193 0.03075 8.83428e-05 -1354.39 273.126 5.02463 5.02448 0.593421 0.853689 1430590.0
192 0.03085 8.83426e-05 -1354.38 273.127 5.02464 5.02442 0.582335 0.85986 1430540.0
191 0.03095 8.83421e-05 -1354.39 273.13 5.02465 5.02437 0.591099 0.899342 1430500.0
190 0.03105 8.8343e-05 -1354.39 273.126 5.02464 5.02449 0.585702 0.869487 1430500.0
189 0.03115 8.83427e-05 -1354.38 273.124 5.02459 5.02445 0.519439 0.87629 1430320.0
188 0.03125 8.83425e-05 -1354.38 273.127 5.02463 5.02449 0.543742 0.908759 1430360.0
187 0.03135 8.83421e-05 -1354.38 273.125 5.02457 5.02439 0.530763 0.871238 1430250.0
186 0.03145 8.83429e-05 -1354.39 273.127 5.02464 5.02449 0.520899 0.862972 1430240.0
185 0.03155 8.83428e-05 -1354.39 273.127 5.02465 5.0245 0.518956 0.869972 1430120.0
184 0.03165 8.83424e-05 -1354.38 273.125 5.02458 5.02436 0.541029 0.886465 1430020.0
183 0.03175 8.83424e-05 -1354.39 273.126 5.02461 5.02436 0.510423 0.779959 1430080.0
182 0.03185 8.83427e-05 -1354.39 273.124 5.02458 5.02427 0.519855 0.825546 1429880.0
181 0.03195 8.8343e-05 -1354.39 273.124 5.02461 5.02422 0.498308 0.765937 1429820.0
180 0.03205 8.83428e-05 -1354.39 273.123 5.02458 5.02418 0.470768 0.724285 1429740.0
179 0.03215 8.83422e-05 -1354.39 273.126 5.0246 5.02425 0.494466 0.771193 1429780.0
178 0.03225 8.83433e-05 -1354.39 273.126 5.02466 5.02431 0.498004 0.742436 1429850.0
177 0.03235 8.83426e-05 -1354.38 273.123 5.02456 5.02419 0.501968 0.777607 1429740.0
176 0.03245 8.83433e-05 -1354.39 273.126 5.02466 5.02438 0.465415 0.705724 1429820.0
175 0.03255 8.83425e-05 -1354.39 273.122 5.02455 5.02415 0.491864 0.717874 1429620.0
174 0.03265 8.83428e-05 -1354.39 273.123 5.02458 5.0242 0.420105 0.615874 1429600.0
173 0.03275 8.83428e-05 -1354.39 273.12 5.02453 5.02407 0.406775 0.602958 1429510.0
172 0.03285 8.83422e-05 -1354.39 273.123 5.02454 5.02408 0.416791 0.617347 1429510.0
171 0.03295 8.83429e-05 -1354.39 273.121 5.02455 5.02408 0.417756 0.615714 1429420.0
170 0.03305 8.83425e-05 -1354.39 273.122 5.02455 5.02418 0.397138 0.560331 1429470.0
169 0.03315 8.83427e-05 -1354.39 273.124 5.02458 5.02415 0.437101 0.629233 1429490.0
168 0.03325 8.8343e-05 -1354.39 273.123 5.02458 5.02424 0.419919 0.592027 1429460.0
167 0.03335 8.83428e-05 -1354.39 273.121 5.02454 5.02404 0.410983 0.562862 1429330.0
166 0.03345 8.83423e-05 -1354.39 273.119 5.02448 5.02393 0.416466 0.549942 1429280.0
165 0.03355 8.83425e-05 -1354.39 273.124 5.02457 5.0241 0.417926 0.552002 1429410.0
164 0.03365 8.83424e-05 -1354.39 273.122 5.02453 5.02403 0.417436 0.578759 1429350.0
163 0.03375 8.83418e-05 -1354.39 273.122 5.0245 5.02401 0.391429 0.551568 1429290.0
162 0.03385 8.83427e-05 -1354.39 273.12 5.02451 5.02406 0.359464 0.524257 1429250.0
161 0.03395 8.83423e-05 -1354.39 273.121 5.02451 5.02404 0.381387 0.531576 1429230.0
160 0.03405 8.83425e-05 -1354.39 273.123 5.02456 5.02401 0.372538 0.529332 1429250.0
159 0.03415 8.83421e-05 -1354.39 273.12 5.02449 5.02406 0.351871 0.543009 1429180.0
158 0.03425 8.83426e-05 -1354.39 273.121 5.02453 5.02416 0.387559 0.613117 1429240.0
157 0.03435 8.83424e-05 -1354.39 273.123 5.02454 5.02412 0.382826 0.592199 1429190.0
156 0.03445 8.83416e-05 -1354.39 273.12 5.02444 5.02409 0.377452 0.61248 1429220.0
155 0.03455 8.83426e-05 -1354.39 273.119 5.02449 5.02404 0.366747 0.567886 1429090.0
154 0.03465 8.83423e-05 -1354.39 273.122 5.02453 5.02402 0.323309 0.488586 1429090.0
153 0.03475 8.83418e-05 -1354.39 273.118 5.02442 5.02384 0.322887 0.490394 1428970.0
152 0.03485 8.83424e-05 -1354.39 273.121 5.02451 5.02403 0.338884 0.510963 1429060.0
151 0.03495 8.83424e-05 -1354.39 273.12 5.0245 5.02399 0.341409 0.500344 1429040.0
150 0.03505 8.83415e-05 -1354.39 273.12 5.02444 5.02396 0.350083 0.48481 1428980.0
149 0.03515 8.83426e-05 -1354.39 273.119 5.02448 5.02397 0.331027 0.46836 1429000.0
148 0.03525 8.8342e-05 -1354.39 273.121 5.02449 5.024 0.331119 0.458911 1429000.0
147 0.03535 8.83424e-05 -1354.39 273.121 5.02451 5.02406 0.358562 0.518009 1429030.0
146 0.03545 8.83431e-05 -1354.39 273.122 5.02458 5.02416 0.378571 0.528555 1429090.0
145 0.03555 8.83417e-05 -1354.39 273.119 5.02444 5.02404 0.376094 0.544152 1429000.0
144 0.03565 8.83428e-05 -1354.39 273.122 5.02455 5.02413 0.373967 0.528766 1429040.0
143 0.03575 8.83422e-05 -1354.39 273.12 5.02449 5.02408 0.383784 0.562997 1429040.0
142 0.03585 8.83424e-05 -1354.39 273.122 5.02453 5.02407 0.373671 0.539321 1429060.0
141 0.03595 8.83426e-05 -1354.39 273.121 5.02453 5.02409 0.360355 0.500461 1429010.0
140 0.03605 8.83428e-05 -1354.39 273.12 5.02451 5.0241 0.35616 0.525947 1429010.0
139 0.03615 8.83421e-05 -1354.39 273.121 5.0245 5.0241 0.372191 0.532227 1429030.0
138 0.03625 8.83428e-05 -1354.39 273.122 5.02455 5.02416 0.375896 0.55414 1429070.0
137 0.03635 8.83425e-05 -1354.39 273.122 5.02453 5.02402 0.371684 0.564429 1428990.0
136 0.03645 8.83418e-05 -1354.39 273.12 5.02446 5.02391 0.40456 0.60316 1428970.0
135 0.03655 8.8342e-05 -1354.39 273.119 5.02445 5.0239 0.379813 0.571753 1428950.0
134 0.03665 8.83422e-05 -1354.39 273.122 5.02452 5.024 0.36588 0.547003 1428950.0
133 0.03675 8.83422e-05 -1354.39 273.12 5.02449 5.02403 0.374869 0.543909 1429000.0
132 0.03685 8.83424e-05 -1354.39 273.122 5.02454 5.02403 0.374082 0.549019 1428950.0
131 0.03695 8.83417e-05 -1354.39 273.118 5.02442 5.02393 0.337749 0.518044 1428850.0
130 0.03705 8.83426e-05 -1354.39 273.119 5.02448 5.02384 0.314205 0.469062 1428790.0
129 0.03715 8.83423e-05 -1354.39 273.119 5.02447 5.02382 0.324107 0.463976 1428730.0
128 0.03725 8.8342e-05 -1354.39 273.118 5.02444 5.02382 0.316303 0.494849 1428720.0
127 0.03735 8.8342e-05 -1354.39 273.117 5.02442 5.02388 0.311751 0.474272 1428780.0
126 0.03745 8.83423e-05 -1354.39 273.12 5.02448 5.024 0.31715 0.504667 1428770.0
125 0.03755 8.83423e-05 -1354.39 273.117 5.02443 5.02399 0.293584 0.473783 1428730.0
124 0.03765 8.83422e-05 -1354.39 273.119 5.02446 5.02391 0.306 0.469899 1428740.0
123 0.03775 8.83417e-05 -1354.39 273.118 5.02443 5.02394 0.294592 0.449988 1428700.0
122 0.03785 8.83424e-05 -1354.39 273.118 5.02445 5.02393 0.251524 0.384726 1428670.0
121 0.03795 8.83425e-05 -1354.39 273.117 5.02445 5.02392 0.249044 0.373732 1428630.0
120 0.03805 8.8342e-05 -1354.39 273.116 5.0244 5.02377 0.217068 0.319312 1428520.0
119 0.03815 8.8342e-05 -1354.39 273.116 5.0244 5.02384 0.216621 0.307373 1428560.0
118 0.03825 8.83418e-05 -1354.39 273.116 5.02438 5.02376 0.227587 0.355137 1428470.0
117 0.03835 8.83425e-05 -1354.39 273.118 5.02446 5.02391 0.228168 0.325502 1428570.0
116 0.03845 8.83417e-05 -1354.39 273.116 5.02439 5.02379 0.216478 0.282033 1428480.0
115 0.03855 8.83424e-05 -1354.39 273.116 5.02442 5.02379 0.214872 0.29295 1428460.0
114 0.03865 8.83415e-05 -1354.39 273.117 5.0244 5.02364 0.21715 0.264729 1428400.0
113 0.03875 8.83425e-05 -1354.39 273.115 5.02441 5.0237 0.213619 0.288339 1428410.0
112 0.03885 8.83416e-05 -1354.39 273.114 5.02434 5.02363 0.220708 0.278582 1428400.0
111 0.03895 8.83428e-05 -1354.39 273.116 5.02444 5.02365 0.266 0.331731 1428450.0
110 0.03905 8.8342e-05 -1354.39 273.118 5.02444 5.02363 0.210083 0.234214 1428390.0
109 0.03915 8.83424e-05 -1354.39 273.115 5.0244 5.02352 0.22057 0.251256 1428330.0
108 0.03925 8.83415e-05 -1354.39 273.116 5.02437 5.02348 0.212397 0.246406 1428300.0
107 0.03935 8.83425e-05 -1354.39 273.115 5.02441 5.02361 0.232303 0.272609 1428380.0
106 0.03945 8.83424e-05 -1354.39 273.117 5.02445 5.02362 0.230766 0.268707 1428360.0
105 0.03955 8.83425e-05 -1354.39 273.116 5.02443 5.02361 0.226102 0.253454 1428300.0
104 0.03965 8.83419e-05 -1354.39 273.115 5.02437 5.02351 0.22833 0.27322 1428250.0
103 0.03975 8.83419e-05 -1354.39 273.116 5.0244 5.0235 0.219192 0.270253 1428260.0
102 0.03985 8.83422e-05 -1354.4 273.115 5.0244 5.02342 0.190466 0.213458 1428200.0
101 0.03995 8.83415e-05 -1354.39 273.116 5.02437 5.02352 0.214092 0.232781 1428220.0
100 0.04005 8.83428e-05 -1354.39 273.115 5.02443 5.02352 0.229745 0.258653 1428270.0
99 0.04015 8.83415e-05 -1354.39 273.114 5.02433 5.02344 0.204639 0.244611 1428200.0
98 0.04025 8.83419e-05 -1354.39 273.118 5.02442 5.02363 0.211467 0.243532 1428310.0
97 0.04035 8.83422e-05 -1354.39 273.114 5.02438 5.02348 0.221705 0.260145 1428250.0
96 0.04045 8.83417e-05 -1354.4 273.115 5.02436 5.02344 0.194008 0.185264 1428180.0
95 0.04055 8.83415e-05 -1354.4 273.114 5.02434 5.02331 0.181403 0.161276 1428150.0
94 0.04065 8.83424e-05 -1354.4 273.114 5.02438 5.02341 0.185594 0.152606 1428170.0
93 0.04075 8.83411e-05 -1354.4 273.115 5.02433 5.02325 0.184437 0.111427 1428080.0
92 0.04085 8.8342e-05 -1354.39 273.115 5.02438 5.02342 0.202245 0.179239 1428180.0
91 0.04095 8.83417e-05 -1354.39 273.115 5.02435 5.02353 0.249421 0.277333 1428280.0
90 0.04105 8.83426e-05 -1354.39 273.117 5.02446 5.02378 0.233528 0.295257 1428360.0
89 0.04115 8.83418e-05 -1354.39 273.115 5.02437 5.02364 0.255784 0.338535 1428290.0
88 0.04125 8.83415e-05 -1354.39 273.117 5.0244 5.02362 0.223594 0.275454 1428310.0
87 0.04135 8.83418e-05 -1354.39 273.113 5.02434 5.02354 0.270359 0.299384 1428230.0
86 0.04145 8.83413e-05 -1354.39 273.118 5.0244 5.02374 0.259612 0.301215 1428340.0
85 0.04155 8.83425e-05 -1354.39 273.117 5.02446 5.02375 0.271049 0.338694 1428320.0
84 0.04165 8.8342e-05 -1354.39 273.116 5.02439 5.02369 0.289064 0.329465 1428270.0
83 0.04175 8.83416e-05 -1354.39 273.118 5.02441 5.02368 0.279623 0.288641 1428320.0
82 0.04185 8.83418e-05 -1354.39 273.119 5.02444 5.02358 0.248757 0.216559 1428240.0
81 0.04195 8.83425e-05 -1354.39 273.117 5.02444 5.02355 0.271843 0.192957 1428210.0
80 0.04205 8.83422e-05 -1354.39 273.115 5.02439 5.02347 0.248244 0.153941 1428120.0
79 0.04215 8.83419e-05 -1354.39 273.117 5.02441 5.0236 0.248501 0.184795 1428160.0
78 0.04225 8.83422e-05 -1354.39 273.119 5.02447 5.02362 0.253035 0.191377 1428170.0
77 0.04235 8.83419e-05 -1354.39 273.118 5.02443 5.02355 0.295798 0.237904 1428130.0
76 0.04245 8.83426e-05 -1354.39 273.117 5.02445 5.02356 0.28057 0.218889 1428160.0
75 0.04255 8.83416e-05 -1354.39 273.117 5.0244 5.02354 0.285024 0.226326 1428110.0
74 0.04265 8.83423e-05 -1354.39 273.117 5.02443 5.02345 0.228217 0.149149 1428000.0
73 0.04275 8.83423e-05 -1354.39 273.117 5.02443 5.0234 0.224663 0.170705 1427980.0
72 0.04285 8.83419e-05 -1354.39 273.116 5.02439 5.02346 0.231121 0.217488 1427980.0
71 0.04295 8.83422e-05 -1354.39 273.115 5.0244 5.02339 0.213779 0.16845 1427950.0
70 0.04305 8.83419e-05 -1354.39 273.118 5.02443 5.02341 0.220654 0.173841 1427960.0
69 0.04315 8.83414e-05 -1354.4 273.113 5.02432 5.02324 0.241688 0.210437 1427850.0
68 0.04325 8.83425e-05 -1354.4 273.117 5.02444 5.02334 0.19336 0.147545 1427920.0
67 0.04335 8.83421e-05 -1354.39 273.117 5.02442 5.0233 0.243325 0.249696 1427930.0
66 0.04345 8.8342e-05 -1354.4 273.115 5.02438 5.02321 0.235592 0.269716 1427860.0
65 0.04355 8.83419e-05 -1354.4 273.117 5.0244 5.0233 0.225405 0.25268 1427880.0
64 0.04365 8.83427e-05 -1354.39 273.115 5.02443 5.02333 0.209991 0.267826 1427910.0
63 0.04375 8.83417e-05 -1354.4 273.118 5.02441 5.02332 0.225369 0.270768 1427950.0
62 0.04385 8.8342e-05 -1354.39 273.117 5.02442 5.02329 0.236869 0.279875 1427890.0
61 0.04395 8.8342e-05 -1354.39 273.118 5.02444 5.02333 0.250342 0.285636 1427900.0
60 0.04405 8.83424e-05 -1354.39 273.117 5.02445 5.02336 0.228954 0.267523 1427910.0
59 0.04415 8.83416e-05 -1354.39 273.119 5.02442 5.02339 0.247164 0.273201 1427910.0
58 0.04425 8.83422e-05 -1354.39 273.117 5.02443 5.02344 0.240687 0.281066 1427920.0
57 0.04435 8.83417e-05 -1354.4 273.118 5.02441 5.02336 0.234948 0.289981 1427870.0
56 0.04445 8.83418e-05 -1354.39 273.116 5.02439 5.02335 0.24319 0.31643 1427840.0
55 0.04455 8.83426e-05 -1354.39 273.118 5.02448 5.02344 0.2293 0.361872 1427870.0
54 0.04465 8.83417e-05 -1354.39 273.118 5.02442 5.02337 0.237561 0.364241 1427840.0
53 0.04475 8.83421e-05 -1354.39 273.116 5.0244 5.02336 0.22769 0.390129 1427790.0
52 0.04485 8.83419e-05 -1354.39 273.12 5.02447 5.02348 0.223621 0.377379 1427870.0
51 0.04495 8.83424e-05 -1354.39 273.117 5.02444 5.02349 0.250915 0.413662 1427850.0
50 0.04505 8.83421e-05 -1354.39 273.117 5.02443 5.02354 0.266183 0.42623 1427840.0
49 0.04515 8.83427e-05 -1354.39 273.119 5.02449 5.02355 0.236541 0.376251 1427810.0
48 0.04525 8.83429e-05 -1354.4 273.117 5.02446 5.02354 0.240851 0.365655 1427790.0
47 0.04535 8.83421e-05 -1354.39 273.119 5.02445 5.02352 0.248775 0.385999 1427770.0
46 0.04545 8.83425e-05 -1354.39 273.116 5.02442 5.02354 0.255967 0.428217 1427800.0
45 0.04555 8.83423e-05 -1354.39 273.119 5.02447 5.02363 0.240325 0.419101 1427830.0
44 0.04565 8.83422e-05 -1354.39 273.117 5.02443 5.02353 0.221154 0.389672 1427810.0
43 0.04575 8.83424e-05 -1354.4 273.117 5.02444 5.02356 0.24076 0.417577 1427780.0
42 0.04585 8.83424e-05 -1354.39 273.117 5.02445 5.02364 0.227949 0.400285 1427840.0
41 0.04595 8.83421e-05 -1354.39 273.118 5.02444 5.02367 0.223163 0.452379 1427840.0
40 0.04605 8.83426e-05 -1354.39 273.116 5.02443 5.0237 0.232423 0.445486 1427820.0
39 0.04615 8.83425e-05 -1354.4 273.117 5.02444 5.02364 0.226922 0.425812 1427760.0
38 0.04625 8.83424e-05 -1354.39 273.115 5.02439 5.02346 0.201117 0.387923 1427640.0
37 0.04635 8.83419e-05 -1354.4 273.116 5.0244 5.0235 0.164481 0.335838 1427620.0
36 0.04645 8.83425e-05 -1354.4 273.114 5.02439 5.02335 0.177011 0.348257 1427510.0
35 0.04655 8.83413e-05 -1354.4 273.117 5.02438 5.02327 0.153217 0.329276 1427500.0
34 0.04665 8.83421e-05 -1354.4 273.116 5.02441 5.02338 0.185953 0.329675 1427520.0
33 0.04675 8.83421e-05 -1354.4 273.115 5.02439 5.0234 0.209467 0.410564 1427550.0
32 0.04685 8.83424e-05 -1354.4 273.117 5.02445 5.02351 0.201836 0.431062 1427590.0
31 0.04695 8.83419e-05 -1354.4 273.116 5.0244 5.02345 0.211658 0.431174 1427530.0
30 0.04705 8.83424e-05 -1354.39 273.117 5.02444 5.02346 0.240782 0.459844 1427560.0
29 0.04715 8.83417e-05 -1354.4 273.116 5.02438 5.02345 0.235432 0.494652 1427500.0
28 0.04725 8.83419e-05 -1354.4 273.119 5.02444 5.02343 0.205076 0.436864 1427500.0
27 0.04735 8.83415e-05 -1354.39 273.114 5.02433 5.0234 0.200453 0.450362 1427450.0
26 0.04745 8.83425e-05 -1354.4 273.115 5.02441 5.02345 0.210045 0.448808 1427470.0
25 0.04755 8.83419e-05 -1354.4 273.118 5.02443 5.02345 0.197031 0.437235 1427470.0
24 0.04765 8.83416e-05 -1354.4 273.115 5.02435 5.02334 0.216282 0.442668 1427420.0
23 0.04775 8.83423e-05 -1354.4 273.117 5.02443 5.02347 0.239299 0.485612 1427500.0
22 0.04785 8.8342e-05 -1354.4 273.118 5.02444 5.02355 0.223887 0.477335 1427510.0
21 0.04795 8.83416e-05 -1354.4 273.117 5.02439 5.02348 0.212644 0.46603 1427440.0
20 0.04805 8.83424e-05 -1354.4 273.117 5.02444 5.02366 0.226212 0.457927 1427500.0
19 0.04815 8.83421e-05 -1354.39 273.118 5.02445 5.02365 0.212335 0.468663 1427530.0
18 0.04825 8.83423e-05 -1354.39 273.117 5.02443 5.02362 0.225035 0.483196 1427520.0
17 0.04835 8.83412e-05 -1354.4 273.118 5.02438 5.02359 0.222122 0.458042 1427490.0
16 0.04845 8.83422e-05 -1354.4 273.118 5.02445 5.02359 0.238298 0.428859 1427470.0
15 0.04855 8.83418e-05 -1354.4 273.117 5.02441 5.0235 0.21279 0.376532 1427420.0
14 0.04865 8.83423e-05 -1354.4 273.118 5.02444 5.02352 0.212371 0.387601 1427420.0
13 0.04875 8.8342e-05 -1354.4 273.115 5.02439 5.02339 0.204519 0.400848 1427340.0
12 0.04885 8.83413e-05 -1354.4 273.118 5.0244 5.02339 0.193847 0.404261 1427330.0
11 0.04895 8.83421e-05 -1354.4 273.115 5.02438 5.0233 0.175915 0.407911 1427270.0
10 0.04905 8.83412e-05 -1354.4 273.114 5.02433 5.02314 0.199629 0.431596 1427160.0
9 0.04915 8.83417e-05 -1354.4 273.116 5.02438 5.0232 0.156948 0.387527 1427170.0
8 0.04925 8.83412e-05 -1354.4 273.114 5.02432 5.02304 0.184986 0.414469 1427070.0
7 0.04935 8.83427e-05 -1354.4 273.117 5.02445 5.02319 0.129251 0.325193 1427070.0
6 0.04945 8.83404e-05 -1354.4 273.113 5.02425 5.02288 0.111076 0.28527 1426850.0
5 0.04955 8.83421e-05 -1354.4 273.112 5.02434 5.02295 0.0617311 0.216759 1426820.0
4 0.04965 8.83414e-05 -1354.4 273.113 5.0243 5.02285 0.08489 0.234133 1426720.0
3 0.04975 8.83414e-05 -1354.4 273.113 5.0243 5.02292 0.0153988 0.149313 1426680.0
2 0.04985 8.83413e-05 -1354.4 273.109 5.02422 5.02274 -0.00821233 0.0811793 1426520.0
1 0.04995 8.83413e-05 -1354.4 273.11 5.02425 5.02279 -0.0639362 -0.041441 1426430.0
