TITLE = "DSMC"
VARIABLES = "ID" "X" "rho" "v1" "Ttrans" "p" "p1" "q1" "mv1v1v1" "mvvv1v1"
ZONE T="Ma=6.8", I=800, J=1, K=1, F=POINT
1 -0.04995 8.83403e-05 2093.17 273.113 5.02425 5.02296 -0.0768505 -0.118303 1427300.0
2 -0.04985 8.83417e-05 2093.17 273.112 5.0243 5.02291 -0.103934 -0.17458 1427300.0
3 -0.04975 8.83412e-05 2093.17 273.112 5.02428 5.02294 -0.106282 -0.165912 1427300.0
4 -0.04965 8.83417e-05 2093.17 273.113 5.02433 5.02309 -0.106663 -0.182682 1427420.0
5 -0.04955 8.83412e-05 2093.17 273.114 5.02432 5.02302 -0.12317 -0.214918 1427400.0
6 -0.04945 8.83403e-05 2093.17 273.111 5.02421 5.02303 -0.14295 -0.283156 1427470.0
7 -0.04935 8.83419e-05 2093.17 273.116 5.0244 5.02317 -0.122303 -0.247537 1427500.0
8 -0.04925 8.83411e-05 2093.17 273.114 5.02431 5.02312 -0.128225 -0.260648 1427560.0
9 -0.04915 8.83418e-05 2093.17 273.113 5.02433 5.02311 -0.132164 -0.271658 1427590.0
10 -0.04905 8.83414e-05 2093.17 273.114 5.02432 5.02312 -0.157904 -0.307883 1427640.0
11 -0.04895 8.83409e-05 2093.17 273.114 5.02429 5.02309 -0.14559 -0.290077 1427660.0
12 -0.04885 8.83408e-05 2093.17 273.113 5.02427 5.02308 -0.161823 -0.305577 1427670.0
13 -0.04875 8.83417e-05 2093.17 273.115 5.02437 5.02317 -0.154843 -0.323123 1427750.0
14 -0.04865 8.83415e-05 2093.17 273.112 5.0243 5.02321 -0.18394 -0.388769 1427820.0
15 -0.04855 8.83417e-05 2093.17 273.114 5.02434 5.02323 -0.195895 -0.414464 1427930.0
16 -0.04845 8.8341e-05 2093.17 273.114 5.0243 5.02313 -0.197367 -0.404455 1427910.0
17 -0.04835 8.83411e-05 2093.17 273.115 5.02433 5.02321 -0.19143 -0.386729 1427970.0
18 -0.04825 8.8341e-05 2093.17 273.116 5.02434 5.02322 -0.232059 -0.450159 1428100.0
19 -0.04815 8.83416e-05 2093.17 273.114 5.02433 5.02322 -0.222786 -0.433843 1428100.0
20 -0.04805 8.83414e-05 2093.17 273.117 5.02438 5.02337 -0.267946 -0.481426 1428240.0
21 -0.04795 8.83409e-05 2093.17 273.116 5.02433 5.0232 -0.256421 -0.478914 1428170.0
22 -0.04785 8.8342e-05 2093.17 273.115 5.02438 5.02332 -0.236826 -0.449228 1428180.0
23 -0.04775 8.8341e-05 2093.17 273.115 5.02433 5.02321 -0.25867 -0.493452 1428340.0
24 -0.04765 8.83413e-05 2093.17 273.117 5.02437 5.02329 -0.25873 -0.502262 1428230.0
25 -0.04755 8.83421e-05 2093.17 273.116 5.0244 5.0234 -0.285762 -0.538164 1428510.0
26 -0.04745 8.83412e-05 2093.17 273.115 5.02434 5.02336 -0.289059 -0.545324 1428360.0
27 -0.04735 8.83406e-05 2093.17 273.116 5.02432 5.02332 -0.272724 -0.526563 1428470.0
28 -0.04725 8.83415e-05 2093.17 273.116 5.02438 5.02347 -0.294987 -0.551448 1428520.0
29 -0.04715 8.83409e-05 2093.17 273.118 5.02438 5.02352 -0.357276 -0.613213 1428830.0
30 -0.04705 8.83416e-05 2093.17 273.117 5.0244 5.02353 -0.328306 -0.573831 1428820.0
31 -0.04695 8.83421e-05 2093.17 273.119 5.02445 5.02355 -0.347529 -0.61323 1428750.0
32 -0.04685 8.8341e-05 2093.17 273.118 5.02438 5.0236 -0.342368 -0.581496 1428900.0
33 -0.04675 8.83417e-05 2093.17 273.118 5.02441 5.02355 -0.384743 -0.643224 1428930.0
34 -0.04665 8.83408e-05 2093.17 273.118 5.02437 5.02354 -0.405654 -0.676258 1429110.0
35 -0.04655 8.8342e-05 2093.17 273.118 5.02443 5.02362 -0.367172 -0.629567 1428980.0
36 -0.04645 8.83413e-05 2093.17 273.12 5.02444 5.02362 -0.34889 -0.60092 1429040.0
37 -0.04635 8.83414e-05 2093.17 273.12 5.02443 5.02365 -0.392487 -0.698716 1429170.0
38 -0.04625 8.83415e-05 2093.17 273.118 5.02441 5.02364 -0.381334 -0.65859 1429180.0
39 -0.04615 8.83415e-05 2093.17 273.118 5.02441 5.02362 -0.405621 -0.705359 1429170.0
40 -0.04605 8.83412e-05 2093.17 273.12 5.02442 5.02362 -0.388194 -0.681934 1429320.0
41 -0.04595 8.83419e-05 2093.17 273.119 5.02446 5.02365 -0.38145 -0.684862 1429270.0
42 -0.04585 8.83409e-05 2093.17 273.118 5.02437 5.02356 -0.381113 -0.656732 1429170.0
43 -0.04575 8.83418e-05 2093.17 273.12 5.02445 5.02361 -0.383618 -0.685925 1429370.0
44 -0.04565 8.83423e-05 2093.17 273.12 5.02449 5.02367 -0.40173 -0.687601 1429400.0
45 -0.04555 8.83408e-05 2093.17 273.121 5.02442 5.02361 -0.429196 -0.715293 1429580.0
46 -0.04545 8.83411e-05 2093.17 273.12 5.02442 5.02359 -0.485152 -0.789915 1429620.0
47 -0.04535 8.83421e-05 2093.17 273.121 5.02449 5.02368 -0.518828 -0.831045 1429920.0
48 -0.04525 8.83419e-05 2093.17 273.12 5.02447 5.02377 -0.445671 -0.763218 1429750.0
49 -0.04515 8.83403e-05 2093.17 273.122 5.02441 5.02374 -0.451466 -0.777978 1429740.0
50 -0.04505 8.83422e-05 2093.17 273.118 5.02444 5.02376 -0.492968 -0.848102 1429910.0
51 -0.04495 8.83407e-05 2093.17 273.12 5.02441 5.02369 -0.44635 -0.756406 1429810.0
52 -0.04485 8.83416e-05 2093.17 273.121 5.02447 5.02376 -0.451711 -0.763438 1429880.0
53 -0.04475 8.83416e-05 2093.17 273.124 5.02453 5.02378 -0.558832 -0.848278 1430190.0
54 -0.04465 8.83407e-05 2093.17 273.119 5.02438 5.02371 -0.498869 -0.822863 1430020.0
55 -0.04455 8.83424e-05 2093.17 273.12 5.0245 5.02387 -0.486169 -0.809861 1429990.0
56 -0.04445 8.83409e-05 2093.17 273.124 5.02448 5.02383 -0.512741 -0.823011 1430210.0
57 -0.04435 8.83419e-05 2093.17 273.121 5.02449 5.02388 -0.508614 -0.842627 1430230.0
58 -0.04425 8.8341e-05 2093.17 273.12 5.02441 5.02378 -0.512735 -0.813461 1430250.0
59 -0.04415 8.83408e-05 2093.17 273.123 5.02446 5.02387 -0.559466 -0.873812 1430520.0
60 -0.04405 8.83425e-05 2093.16 273.121 5.02452 5.02389 -0.569091 -0.909755 1430570.0
61 -0.04395 8.83407e-05 2093.17 273.122 5.02443 5.02383 -0.539539 -0.849485 1430520.0
62 -0.04385 8.8341e-05 2093.16 273.123 5.02447 5.02385 -0.603785 -0.937559 1430820.0
63 -0.04375 8.83418e-05 2093.17 273.122 5.0245 5.02386 -0.5885 -0.896712 1430710.0
64 -0.04365 8.83421e-05 2093.17 273.123 5.02454 5.02391 -0.647868 -0.992796 1431070.0
65 -0.04355 8.83414e-05 2093.16 273.123 5.0245 5.02384 -0.621599 -0.939766 1430910.0
66 -0.04345 8.83406e-05 2093.16 273.123 5.02445 5.0238 -0.642584 -0.973871 1430880.0
67 -0.04335 8.8341e-05 2093.17 273.124 5.02449 5.02389 -0.711607 -1.03298 1431400.0
68 -0.04325 8.83423e-05 2093.17 273.126 5.0246 5.02402 -0.767013 -1.10646 1431540.0
69 -0.04315 8.83413e-05 2093.17 273.124 5.02451 5.02399 -0.759171 -1.10646 1431550.0
70 -0.04305 8.83413e-05 2093.16 273.127 5.02456 5.02405 -0.772017 -1.15018 1431710.0
71 -0.04295 8.83417e-05 2093.17 273.124 5.02454 5.02401 -0.78896 -1.16451 1431860.0
72 -0.04285 8.83417e-05 2093.16 273.125 5.02455 5.02412 -0.833843 -1.20927 1432020.0
73 -0.04275 8.8341e-05 2093.17 273.129 5.02457 5.02417 -0.825085 -1.23693 1432070.0
74 -0.04265 8.83413e-05 2093.17 273.124 5.0245 5.02405 -0.833421 -1.25762 1432100.0
75 -0.04255 8.83414e-05 2093.16 273.13 5.02461 5.02415 -0.885451 -1.33063 1432440.0
76 -0.04245 8.83412e-05 2093.17 273.125 5.02452 5.02403 -0.955938 -1.40044 1432560.0
77 -0.04235 8.83423e-05 2093.16 273.13 5.02467 5.02418 -0.936783 -1.3779 1432490.0
78 -0.04225 8.83417e-05 2093.17 273.129 5.02462 5.02421 -0.933428 -1.41999 1432720.0
79 -0.04215 8.83415e-05 2093.16 273.128 5.0246 5.02413 -0.952928 -1.44778 1432670.0
80 -0.04205 8.83401e-05 2093.16 273.13 5.02454 5.02417 -1.01582 -1.50896 1433050.0
81 -0.04195 8.8343e-05 2093.16 273.13 5.02471 5.02431 -1.07882 -1.58339 1433270.0
82 -0.04185 8.83413e-05 2093.17 273.131 5.02464 5.02424 -1.0837 -1.63259 1433390.0
83 -0.04175 8.83413e-05 2093.16 273.132 5.02466 5.02423 -1.14285 -1.69435 1433720.0
84 -0.04165 8.83415e-05 2093.16 273.133 5.02469 5.02428 -1.2194 -1.7377 1434160.0
85 -0.04155 8.83419e-05 2093.16 273.133 5.02471 5.02416 -1.18895 -1.69083 1434000.0
86 -0.04145 8.83408e-05 2093.17 273.134 5.02466 5.02425 -1.1753 -1.71131 1434100.0
87 -0.04135 8.83424e-05 2093.16 273.134 5.02475 5.02429 -1.20521 -1.74715 1434400.0
88 -0.04125 8.83414e-05 2093.17 273.132 5.02467 5.02427 -1.19051 -1.75383 1434320.0
89 -0.04115 8.83415e-05 2093.17 273.137 5.02476 5.02428 -1.13598 -1.69744 1434120.0
90 -0.04105 8.83417e-05 2093.16 273.13 5.02463 5.02425 -1.16444 -1.74874 1434330.0
91 -0.04095 8.83414e-05 2093.16 273.136 5.02473 5.02429 -1.25404 -1.86063 1434820.0
92 -0.04085 8.83416e-05 2093.16 273.133 5.0247 5.02426 -1.27 -1.85556 1434690.0
93 -0.04075 8.83406e-05 2093.16 273.135 5.02467 5.02433 -1.36087 -1.99537 1435310.0
94 -0.04065 8.83421e-05 2093.16 273.137 5.02479 5.02439 -1.3932 -1.98339 1435570.0
95 -0.04055 8.83417e-05 2093.16 273.137 5.02476 5.02442 -1.3882 -2.01969 1435640.0
96 -0.04045 8.83414e-05 2093.16 273.138 5.02478 5.02454 -1.43491 -2.10068 1436020.0
97 -0.04035 8.83418e-05 2093.16 273.136 5.02476 5.02444 -1.43808 -2.0923 1435820.0
98 -0.04025 8.83409e-05 2093.17 273.139 5.02477 5.02445 -1.53776 -2.23627 1436520.0
99 -0.04015 8.83418e-05 2093.16 273.139 5.02482 5.02448 -1.4918 -2.17799 1436370.0
100 -0.04005 8.83417e-05 2093.16 273.139 5.0248 5.02454 -1.56663 -2.26025 1436750.0
101 -0.03995 8.8342e-05 2093.16 273.141 5.02486 5.0246 -1.62127 -2.35339 1437010.0
102 -0.03985 8.83414e-05 2093.16 273.142 5.02483 5.02466 -1.66662 -2.38867 1437480.0
103 -0.03975 8.83415e-05 2093.16 273.141 5.02483 5.02459 -1.75577 -2.49318 1437830.0
104 -0.03965 8.83412e-05 2093.16 273.144 5.02487 5.02463 -1.78834 -2.5489 1438190.0
105 -0.03955 8.83413e-05 2093.16 273.144 5.02488 5.02469 -1.88558 -2.68719 1438490.0
106 -0.03945 8.83423e-05 2093.16 273.145 5.02495 5.02474 -1.88683 -2.65829 1438810.0
107 -0.03935 8.83415e-05 2093.16 273.145 5.02491 5.02476 -1.80178 -2.57779 1438550.0
108 -0.03925 8.83416e-05 2093.16 273.143 5.02487 5.02471 -1.8331 -2.64165 1438720.0
109 -0.03915 8.83413e-05 2093.16 273.148 5.02494 5.02486 -1.93263 -2.75245 1439160.0
110 -0.03905 8.83421e-05 2093.16 273.147 5.02498 5.02496 -2.04465 -2.91443 1439890.0
111 -0.03895 8.83415e-05 2093.16 273.149 5.02499 5.02491 -1.99997 -2.86815 1439810.0
112 -0.03885 8.83421e-05 2093.16 273.149 5.02502 5.02494 -2.09408 -3.01537 1440430.0
113 -0.03875 8.83417e-05 2093.16 273.147 5.02496 5.02487 -2.06578 -2.9624 1440320.0
114 -0.03865 8.83421e-05 2093.16 273.151 5.02505 5.02498 -2.07165 -2.98885 1440510.0
115 -0.03855 8.83413e-05 2093.16 273.152 5.02502 5.02497 -2.1782 -3.18458 1441080.0
116 -0.03845 8.83418e-05 2093.16 273.15 5.02501 5.02495 -2.21178 -3.13829 1441190.0
117 -0.03835 8.83424e-05 2093.16 273.152 5.02509 5.02491 -2.31507 -3.28004 1441830.0
118 -0.03825 8.83414e-05 2093.16 273.157 5.02512 5.02505 -2.4165 -3.44565 1442460.0
119 -0.03815 8.8342e-05 2093.16 273.155 5.02512 5.02515 -2.47964 -3.49479 1442810.0
120 -0.03805 8.83421e-05 2093.16 273.156 5.02515 5.02526 -2.55871 -3.66454 1443280.0
121 -0.03795 8.83414e-05 2093.16 273.158 5.02514 5.02519 -2.54521 -3.63479 1443320.0
122 -0.03785 8.83419e-05 2093.16 273.157 5.02514 5.02528 -2.57061 -3.70612 1443640.0
123 -0.03775 8.83416e-05 2093.16 273.159 5.02517 5.02531 -2.6251 -3.78646 1443900.0
124 -0.03765 8.83418e-05 2093.16 273.16 5.02519 5.02537 -2.66334 -3.8095 1444360.0
125 -0.03755 8.83419e-05 2093.16 273.157 5.02514 5.02534 -2.6666 -3.85994 1444380.0
126 -0.03745 8.83418e-05 2093.16 273.162 5.02523 5.02545 -2.66326 -3.89547 1444670.0
127 -0.03735 8.83421e-05 2093.16 273.159 5.02519 5.02542 -2.77759 -4.07393 1445250.0
128 -0.03725 8.83413e-05 2093.16 273.163 5.02523 5.02552 -2.81223 -4.10319 1445530.0
129 -0.03715 8.8342e-05 2093.16 273.163 5.02527 5.02557 -2.97798 -4.31548 1446420.0
130 -0.03705 8.83413e-05 2093.16 273.168 5.02531 5.02569 -3.03723 -4.42093 1446900.0
131 -0.03695 8.83427e-05 2093.16 273.168 5.0254 5.02577 -3.24016 -4.66561 1447650.0
132 -0.03685 8.83415e-05 2093.16 273.17 5.02536 5.02576 -3.19503 -4.67615 1447660.0
133 -0.03675 8.83423e-05 2093.16 273.17 5.0254 5.0258 -3.27791 -4.83963 1448460.0
134 -0.03665 8.83423e-05 2093.15 273.173 5.02547 5.0259 -3.44389 -4.98108 1449020.0
135 -0.03655 8.83417e-05 2093.16 273.178 5.02552 5.02592 -3.62034 -5.21829 1449990.0
136 -0.03645 8.83416e-05 2093.15 273.178 5.02551 5.02597 -3.6986 -5.36466 1450560.0
137 -0.03635 8.83424e-05 2093.15 273.18 5.02559 5.02601 -3.76221 -5.42099 1450900.0
138 -0.03625 8.83411e-05 2093.15 273.18 5.02553 5.02595 -3.80081 -5.55739 1451360.0
139 -0.03615 8.8343e-05 2093.15 273.182 5.02566 5.02615 -3.92913 -5.73232 1452230.0
140 -0.03605 8.83413e-05 2093.15 273.185 5.02563 5.02604 -4.03563 -5.84976 1452730.0
141 -0.03595 8.83431e-05 2093.15 273.189 5.02581 5.02628 -4.14379 -5.99416 1453450.0
142 -0.03585 8.83412e-05 2093.15 273.188 5.02568 5.02623 -4.23864 -6.16176 1454290.0
143 -0.03575 8.83421e-05 2093.16 273.188 5.02573 5.02632 -4.22862 -6.17662 1454330.0
144 -0.03565 8.83422e-05 2093.15 273.19 5.02577 5.02632 -4.28014 -6.24097 1454710.0
145 -0.03555 8.8343e-05 2093.15 273.194 5.02589 5.02647 -4.45296 -6.53939 1455910.0
146 -0.03545 8.83421e-05 2093.15 273.196 5.02587 5.02649 -4.60671 -6.68575 1456760.0
147 -0.03535 8.83413e-05 2093.15 273.195 5.02582 5.02647 -4.74493 -6.90196 1457420.0
148 -0.03525 8.83432e-05 2093.15 273.199 5.02599 5.02662 -4.78945 -6.99898 1457860.0
149 -0.03515 8.83417e-05 2093.15 273.203 5.02597 5.02666 -4.98651 -7.38572 1459290.0
150 -0.03505 8.83426e-05 2093.15 273.204 5.02605 5.02684 -5.12731 -7.51482 1459940.0
151 -0.03495 8.83418e-05 2093.15 273.209 5.0261 5.02693 -5.30101 -7.68625 1461050.0
152 -0.03485 8.83423e-05 2093.15 273.205 5.02605 5.0269 -5.31782 -7.73201 1461410.0
153 -0.03475 8.83425e-05 2093.15 273.212 5.02619 5.02701 -5.46489 -7.99883 1462480.0
154 -0.03465 8.83425e-05 2093.15 273.214 5.02623 5.02711 -5.64652 -8.19573 1463460.0
155 -0.03455 8.83417e-05 2093.15 273.217 5.02624 5.02709 -5.85111 -8.43841 1464670.0
156 -0.03445 8.83428e-05 2093.15 273.219 5.02633 5.02718 -6.00641 -8.7222 1465500.0
157 -0.03435 8.83421e-05 2093.15 273.224 5.02639 5.02741 -6.16762 -8.96162 1466820.0
158 -0.03425 8.83428e-05 2093.15 273.225 5.02645 5.02753 -6.42265 -9.37893 1468370.0
159 -0.03415 8.83422e-05 2093.15 273.231 5.02653 5.02766 -6.59596 -9.64051 1469110.0
160 -0.03405 8.83429e-05 2093.14 273.232 5.02659 5.0278 -6.69177 -9.84585 1470280.0
161 -0.03395 8.83418e-05 2093.14 273.235 5.02657 5.02778 -6.78188 -9.90615 1470780.0
162 -0.03385 8.83425e-05 2093.14 273.235 5.02661 5.02784 -6.94588 -10.2493 1472000.0
163 -0.03375 8.8343e-05 2093.14 273.24 5.02673 5.02801 -7.13503 -10.4469 1472790.0
164 -0.03365 8.83417e-05 2093.14 273.243 5.02673 5.02809 -7.36452 -10.9059 1474760.0
165 -0.03355 8.83431e-05 2093.14 273.248 5.02689 5.02824 -7.4773 -11.0335 1475310.0
166 -0.03345 8.83421e-05 2093.14 273.253 5.02693 5.02849 -7.89779 -11.6782 1477780.0
167 -0.03335 8.83431e-05 2093.14 273.254 5.027 5.02847 -8.03943 -11.8773 1478700.0
168 -0.03325 8.83428e-05 2093.14 273.261 5.02712 5.02868 -8.30936 -12.2718 1480420.0
169 -0.03315 8.83423e-05 2093.14 273.267 5.0272 5.02886 -8.60787 -12.5532 1481900.0
170 -0.03305 8.83429e-05 2093.14 273.265 5.02719 5.0288 -8.54726 -12.6684 1481980.0
171 -0.03295 8.83418e-05 2093.14 273.272 5.02725 5.02896 -8.95271 -13.309 1484500.0
172 -0.03285 8.83435e-05 2093.14 273.279 5.02748 5.0293 -9.40876 -13.8789 1486680.0
173 -0.03275 8.83432e-05 2093.14 273.284 5.02756 5.0295 -9.65371 -14.293 1488410.0
174 -0.03265 8.8342e-05 2093.14 273.289 5.02758 5.02953 -9.84697 -14.6054 1489820.0
175 -0.03255 8.83447e-05 2093.13 273.291 5.02777 5.02979 -10.1793 -15.1236 1491950.0
176 -0.03245 8.83417e-05 2093.13 273.299 5.02775 5.02985 -10.4066 -15.5304 1493030.0
177 -0.03235 8.83431e-05 2093.13 273.301 5.02785 5.03011 -10.7618 -16.0566 1495440.0
178 -0.03225 8.83436e-05 2093.13 273.31 5.02807 5.03036 -11.034 -16.464 1497210.0
179 -0.03215 8.8343e-05 2093.13 273.31 5.02803 5.03035 -11.1553 -16.581 1498000.0
180 -0.03205 8.83429e-05 2093.13 273.315 5.02812 5.03038 -11.4879 -17.0564 1500310.0
181 -0.03195 8.83423e-05 2093.13 273.317 5.02811 5.03053 -11.6089 -17.3165 1501540.0
182 -0.03185 8.83441e-05 2093.13 273.323 5.02832 5.03064 -11.8726 -17.5139 1502790.0
183 -0.03175 8.83427e-05 2093.13 273.333 5.02844 5.03103 -12.4447 -18.4341 1506830.0
184 -0.03165 8.83432e-05 2093.13 273.337 5.02854 5.03116 -12.6918 -18.8357 1508180.0
185 -0.03155 8.83428e-05 2093.13 273.343 5.02862 5.03132 -13.0933 -19.435 1510330.0
186 -0.03145 8.83438e-05 2093.12 273.353 5.02885 5.03168 -13.5501 -20.1318 1513670.0
187 -0.03135 8.83425e-05 2093.12 273.358 5.02888 5.03176 -13.9075 -20.6127 1515470.0
188 -0.03125 8.83431e-05 2093.12 273.367 5.02907 5.03205 -14.3098 -21.1644 1518190.0
189 -0.03115 8.83432e-05 2093.12 273.374 5.02921 5.0323 -14.8216 -21.8238 1521160.0
190 -0.03105 8.83443e-05 2093.12 273.377 5.02933 5.03245 -14.9941 -22.2472 1523060.0
191 -0.03095 8.83433e-05 2093.12 273.389 5.0295 5.03274 -15.6466 -23.1108 1526430.0
192 -0.03085 8.83432e-05 2093.12 273.4 5.02969 5.0332 -16.3146 -24.1893 1530760.0
193 -0.03075 8.83438e-05 2093.11 273.417 5.03004 5.03373 -17.1284 -25.3133 1535120.0
194 -0.03065 8.83438e-05 2093.11 273.422 5.03014 5.03394 -17.6506 -26.0749 1538300.0
195 -0.03055 8.83435e-05 2093.11 273.431 5.03028 5.03423 -18.0421 -26.7317 1540830.0
196 -0.03045 8.83437e-05 2093.11 273.435 5.03036 5.03444 -18.2691 -27.1453 1542780.0
197 -0.03035 8.83433e-05 2093.11 273.441 5.03045 5.03449 -18.6605 -27.6439 1545260.0
198 -0.03025 8.83436e-05 2093.11 273.459 5.0308 5.03504 -19.6132 -28.8725 1550680.0
199 -0.03015 8.83445e-05 2093.1 273.468 5.03101 5.03531 -20.0556 -29.5533 1553510.0
200 -0.03005 8.83441e-05 2093.1 273.473 5.03109 5.03562 -20.4198 -30.2914 1556390.0
201 -0.02995 8.83439e-05 2093.1 273.491 5.03141 5.03616 -21.5091 -31.7208 1562010.0
202 -0.02985 8.83448e-05 2093.1 273.502 5.03165 5.03666 -22.1095 -32.7157 1565970.0
203 -0.02975 8.83437e-05 2093.1 273.515 5.03183 5.037 -22.7644 -33.6599 1569990.0
204 -0.02965 8.83453e-05 2093.09 273.523 5.03208 5.03726 -23.2393 -34.2758 1573090.0
205 -0.02955 8.83439e-05 2093.09 273.531 5.03215 5.03753 -23.8321 -35.1633 1577300.0
206 -0.02945 8.83448e-05 2093.09 273.544 5.03244 5.03795 -24.4969 -36.1451 1581160.0
207 -0.02935 8.83447e-05 2093.09 273.56 5.03271 5.03837 -25.4384 -37.5335 1587070.0
208 -0.02925 8.83448e-05 2093.09 273.574 5.03298 5.03886 -26.2121 -38.6541 1592000.0
209 -0.02915 8.83451e-05 2093.08 273.587 5.03324 5.0393 -26.9159 -39.68 1596170.0
210 -0.02905 8.83449e-05 2093.08 273.599 5.03345 5.03969 -27.7669 -41.0016 1601820.0
211 -0.02895 8.83451e-05 2093.08 273.62 5.03385 5.04037 -28.6935 -42.3394 1606780.0
212 -0.02885 8.83451e-05 2093.07 273.631 5.03405 5.04077 -29.4163 -43.455 1611630.0
213 -0.02875 8.83456e-05 2093.07 273.653 5.03448 5.04156 -30.8997 -45.627 1620500.0
214 -0.02865 8.83454e-05 2093.07 273.672 5.03482 5.04203 -31.821 -46.7755 1625190.0
215 -0.02855 8.83458e-05 2093.07 273.683 5.03505 5.04243 -32.3609 -47.8369 1629890.0
216 -0.02845 8.83462e-05 2093.06 273.705 5.03548 5.04304 -33.7119 -49.6526 1637400.0
217 -0.02835 8.83454e-05 2093.06 273.718 5.03566 5.04344 -34.481 -50.8891 1643100.0
218 -0.02825 8.83459e-05 2093.06 273.734 5.03599 5.04387 -35.5201 -52.0688 1649110.0
219 -0.02815 8.8346e-05 2093.06 273.754 5.03636 5.04455 -36.5752 -53.7411 1655760.0
220 -0.02805 8.83463e-05 2093.05 273.775 5.03676 5.04517 -37.5565 -55.2805 1661810.0
221 -0.02795 8.8346e-05 2093.05 273.787 5.03698 5.04572 -38.3641 -56.5929 1668020.0
222 -0.02785 8.83469e-05 2093.04 273.81 5.03745 5.04644 -39.7529 -58.5793 1675980.0
223 -0.02775 8.83468e-05 2093.04 273.828 5.03778 5.04702 -40.7946 -60.1599 1682490.0
224 -0.02765 8.83466e-05 2093.03 273.861 5.03837 5.04818 -42.7042 -62.7573 1692750.0
225 -0.02755 8.83469e-05 2093.03 273.894 5.039 5.0491 -44.6107 -65.2891 1704120.0
226 -0.02745 8.83473e-05 2093.03 273.918 5.03945 5.04995 -45.847 -67.2485 1711680.0
227 -0.02735 8.83478e-05 2093.02 273.935 5.03979 5.05054 -46.8873 -68.8169 1718740.0
228 -0.02725 8.83479e-05 2093.02 273.965 5.04035 5.05152 -48.5841 -71.324 1728730.0
229 -0.02715 8.8348e-05 2093.01 273.987 5.04076 5.05233 -49.8143 -73.292 1737260.0
230 -0.02705 8.83476e-05 2093.01 274.01 5.04116 5.05303 -51.1111 -75.2949 1745360.0
231 -0.02695 8.83489e-05 2093.0 274.036 5.04172 5.05394 -52.6801 -77.6554 1755510.0
232 -0.02685 8.83478e-05 2093.0 274.066 5.04221 5.05482 -54.2992 -79.8621 1764870.0
233 -0.02675 8.83482e-05 2093.0 274.088 5.04263 5.05548 -55.5947 -82.0234 1773630.0
234 -0.02665 8.83492e-05 2092.99 274.114 5.04318 5.05642 -57.2154 -84.3731 1783810.0
235 -0.02655 8.83486e-05 2092.99 274.149 5.04378 5.05753 -59.0719 -87.0689 1795120.0
236 -0.02645 8.83493e-05 2092.98 274.171 5.04422 5.05834 -60.2489 -89.2008 1803210.0
237 -0.02635 8.83498e-05 2092.98 274.204 5.04487 5.05952 -62.4079 -92.2858 1816030.0
238 -0.02625 8.83491e-05 2092.97 274.253 5.04573 5.06096 -64.9711 -95.7974 1830630.0
239 -0.02615 8.83501e-05 2092.96 274.286 5.04639 5.0621 -67.1374 -98.8935 1843800.0
240 -0.02605 8.83502e-05 2092.96 274.325 5.04712 5.06325 -69.1759 -101.803 1856210.0
241 -0.02595 8.83505e-05 2092.95 274.362 5.0478 5.06468 -71.2037 -105.175 1869320.0
242 -0.02585 8.83512e-05 2092.94 274.389 5.04835 5.06539 -72.8486 -107.55 1880100.0
243 -0.02575 8.8351e-05 2092.94 274.434 5.04915 5.06673 -75.386 -111.311 1895730.0
244 -0.02565 8.83505e-05 2092.93 274.47 5.04979 5.06809 -77.6734 -114.713 1909400.0
245 -0.02555 8.83521e-05 2092.92 274.522 5.05083 5.06958 -80.3242 -118.516 1925540.0
246 -0.02545 8.83523e-05 2092.91 274.564 5.05163 5.07111 -82.9299 -122.122 1941110.0
247 -0.02535 8.83532e-05 2092.91 274.606 5.05245 5.07253 -85.2525 -126.03 1956180.0
248 -0.02525 8.83523e-05 2092.9 274.645 5.05311 5.07387 -87.4464 -129.559 1970700.0
249 -0.02515 8.83531e-05 2092.89 274.682 5.05384 5.07503 -89.7055 -132.766 1984950.0
250 -0.02505 8.83539e-05 2092.88 274.728 5.05474 5.07636 -92.2179 -136.42 2001100.0
251 -0.02495 8.8353e-05 2092.87 274.779 5.05562 5.07801 -95.2924 -140.739 2019600.0
252 -0.02485 8.83544e-05 2092.86 274.833 5.0567 5.0798 -98.3577 -145.118 2037860.0
253 -0.02475 8.83544e-05 2092.86 274.886 5.05768 5.08167 -101.173 -149.711 2055920.0
254 -0.02465 8.83551e-05 2092.85 274.929 5.05851 5.08312 -103.805 -153.684 2072090.0
255 -0.02455 8.83558e-05 2092.84 274.992 5.0597 5.08526 -107.442 -159.014 2094300.0
256 -0.02445 8.83556e-05 2092.83 275.049 5.06073 5.08692 -110.644 -163.477 2113490.0
257 -0.02435 8.83564e-05 2092.81 275.116 5.06203 5.0893 -114.518 -169.321 2137670.0
258 -0.02425 8.83564e-05 2092.81 275.171 5.06304 5.09092 -117.663 -173.91 2156800.0
259 -0.02415 8.83572e-05 2092.79 275.249 5.06451 5.0934 -122.065 -179.994 2182560.0
260 -0.02405 8.83576e-05 2092.78 275.318 5.0658 5.09582 -126.052 -186.19 2207490.0
261 -0.02395 8.83587e-05 2092.77 275.381 5.06702 5.09783 -129.551 -191.369 2228760.0
262 -0.02385 8.83583e-05 2092.76 275.44 5.06809 5.09983 -133.072 -196.925 2251830.0
263 -0.02375 8.83585e-05 2092.74 275.518 5.06954 5.10242 -137.428 -203.323 2277400.0
264 -0.02365 8.8361e-05 2092.73 275.602 5.07122 5.10535 -142.304 -210.786 2307390.0
265 -0.02355 8.83601e-05 2092.72 275.666 5.07235 5.10745 -146.05 -216.448 2331180.0
266 -0.02345 8.83598e-05 2092.7 275.757 5.07401 5.11021 -151.024 -223.625 2361090.0
267 -0.02335 8.83618e-05 2092.69 275.852 5.07587 5.11344 -156.533 -231.617 2393530.0
268 -0.02325 8.83624e-05 2092.67 275.924 5.07723 5.116 -160.75 -238.425 2421300.0
269 -0.02315 8.8363e-05 2092.66 275.996 5.07859 5.11821 -164.842 -244.558 2448040.0
270 -0.02305 8.83626e-05 2092.64 276.093 5.08035 5.12154 -170.271 -252.85 2480300.0
271 -0.02295 8.83646e-05 2092.62 276.187 5.08219 5.12469 -175.596 -260.764 2512670.0
272 -0.02285 8.83647e-05 2092.61 276.289 5.08408 5.12785 -181.559 -269.293 2549510.0
273 -0.02275 8.83657e-05 2092.59 276.396 5.0861 5.13142 -187.58 -278.179 2586270.0
274 -0.02265 8.83665e-05 2092.57 276.499 5.08805 5.135 -193.581 -287.299 2623030.0
275 -0.02255 8.83675e-05 2092.55 276.602 5.08999 5.13832 -199.419 -295.852 2658310.0
276 -0.02245 8.8368e-05 2092.53 276.717 5.09214 5.14185 -205.878 -304.993 2697130.0
277 -0.02235 8.83684e-05 2092.51 276.816 5.09398 5.14504 -211.648 -313.814 2735140.0
278 -0.02225 8.83708e-05 2092.49 276.929 5.0962 5.14875 -218.231 -323.133 2774330.0
279 -0.02215 8.83698e-05 2092.47 277.072 5.09878 5.15349 -226.195 -335.035 2821120.0
280 -0.02205 8.83725e-05 2092.44 277.208 5.10143 5.15809 -233.964 -346.276 2866540.0
281 -0.02195 8.8372e-05 2092.43 277.306 5.10321 5.16171 -239.861 -356.149 2906130.0
282 -0.02185 8.83729e-05 2092.4 277.434 5.10562 5.16587 -246.927 -367.033 2950200.0
283 -0.02175 8.8375e-05 2092.38 277.581 5.10844 5.1706 -255.497 -379.133 3000930.0
284 -0.02165 8.83756e-05 2092.35 277.725 5.11112 5.17548 -263.627 -391.455 3051100.0
285 -0.02155 8.83769e-05 2092.33 277.868 5.11383 5.18028 -271.77 -403.77 3100700.0
286 -0.02145 8.83775e-05 2092.3 278.009 5.11646 5.1848 -279.667 -415.197 3148150.0
287 -0.02135 8.83791e-05 2092.28 278.151 5.11918 5.18958 -288.068 -428.261 3202950.0
288 -0.02125 8.838e-05 2092.24 278.335 5.12261 5.1956 -298.473 -443.09 3261980.0
289 -0.02115 8.83813e-05 2092.21 278.504 5.12581 5.20115 -308.098 -457.326 3321690.0
290 -0.02105 8.8383e-05 2092.18 278.689 5.1293 5.20711 -318.828 -472.414 3384470.0
291 -0.02095 8.83838e-05 2092.15 278.871 5.13271 5.21294 -329.078 -487.728 3447760.0
292 -0.02085 8.83851e-05 2092.12 279.042 5.13593 5.21876 -339.041 -502.709 3508480.0
293 -0.02075 8.83867e-05 2092.09 279.208 5.13907 5.22424 -348.378 -516.841 3566630.0
294 -0.02065 8.83883e-05 2092.05 279.4 5.1427 5.23078 -359.262 -533.666 3633650.0
295 -0.02055 8.83887e-05 2092.02 279.59 5.14621 5.23701 -370.265 -549.986 3700800.0
296 -0.02045 8.83922e-05 2091.98 279.817 5.1506 5.24453 -383.181 -568.74 3778650.0
297 -0.02035 8.83922e-05 2091.95 279.996 5.1539 5.25023 -393.313 -584.289 3842990.0
298 -0.02025 8.83938e-05 2091.91 280.219 5.1581 5.25778 -406.307 -603.687 3921550.0
299 -0.02015 8.83959e-05 2091.86 280.475 5.16292 5.26641 -420.745 -624.99 4006580.0
300 -0.02005 8.83983e-05 2091.82 280.713 5.16745 5.27456 -434.444 -645.88 4090540.0
301 -0.01995 8.83995e-05 2091.78 280.958 5.17203 5.28263 -448.276 -666.346 4173800.0
302 -0.01985 8.84018e-05 2091.73 281.191 5.17646 5.29034 -461.736 -686.452 4256890.0
303 -0.01975 8.84037e-05 2091.68 281.46 5.18152 5.29924 -477.11 -709.516 4350490.0
304 -0.01965 8.84055e-05 2091.64 281.736 5.1867 5.30827 -492.801 -732.479 4443890.0
305 -0.01955 8.84069e-05 2091.59 282.032 5.19224 5.31779 -509.722 -756.77 4544900.0
306 -0.01945 8.84109e-05 2091.53 282.319 5.19776 5.32771 -526.125 -781.904 4645200.0
307 -0.01935 8.84121e-05 2091.48 282.621 5.20339 5.33755 -543.58 -807.522 4750300.0
308 -0.01925 8.84141e-05 2091.43 282.912 5.20886 5.34712 -559.956 -832.365 4852320.0
309 -0.01915 8.84172e-05 2091.37 283.255 5.21536 5.35869 -579.644 -861.217 4968420.0
310 -0.01905 8.84196e-05 2091.31 283.573 5.22135 5.36931 -597.735 -888.605 5079370.0
311 -0.01895 8.84214e-05 2091.25 283.904 5.22756 5.38027 -616.99 -917.484 5197670.0
312 -0.01885 8.84242e-05 2091.19 284.263 5.23433 5.39207 -637.081 -946.61 5317120.0
313 -0.01875 8.84281e-05 2091.12 284.615 5.24105 5.40374 -657.031 -976.694 5438300.0
314 -0.01865 8.84299e-05 2091.06 285.004 5.24832 5.41652 -679.902 -1009.93 5577560.0
315 -0.01855 8.84331e-05 2090.98 285.393 5.25566 5.42969 -701.626 -1042.91 5707130.0
316 -0.01845 8.84358e-05 2090.91 285.799 5.2633 5.44305 -724.848 -1076.95 5845910.0
317 -0.01835 8.84393e-05 2090.84 286.196 5.27081 5.45634 -747.468 -1111.06 5984270.0
318 -0.01825 8.84424e-05 2090.76 286.644 5.27927 5.47154 -773.149 -1149.92 6139180.0
319 -0.01815 8.84459e-05 2090.68 287.088 5.28764 5.48659 -798.55 -1188.1 6292540.0
320 -0.01805 8.84493e-05 2090.59 287.552 5.29639 5.5019 -824.862 -1226.83 6449450.0
321 -0.01795 8.84526e-05 2090.51 288.032 5.30544 5.51744 -852.133 -1266.73 6613890.0
322 -0.01785 8.84568e-05 2090.42 288.522 5.31472 5.5341 -880.365 -1309.01 6783540.0
323 -0.01775 8.84604e-05 2090.33 289.03 5.32429 5.55137 -909.315 -1352.79 6958710.0
324 -0.01765 8.84647e-05 2090.23 289.56 5.33431 5.56926 -939.313 -1397.49 7135680.0
325 -0.01755 8.84686e-05 2090.14 290.085 5.34422 5.58676 -969.333 -1442.6 7319070.0
326 -0.01745 8.84722e-05 2090.04 290.653 5.3549 5.60575 -1001.68 -1490.81 7513540.0
327 -0.01735 8.84767e-05 2089.93 291.218 5.36559 5.62435 -1034.05 -1538.58 7709210.0
328 -0.01725 8.84814e-05 2089.83 291.813 5.37684 5.64453 -1068.04 -1589.57 7912840.0
329 -0.01715 8.84862e-05 2089.71 292.473 5.38928 5.66633 -1105.72 -1644.71 8137900.0
330 -0.01705 8.84914e-05 2089.59 293.118 5.40149 5.68773 -1142.34 -1699.15 8356740.0
331 -0.01695 8.84955e-05 2089.47 293.773 5.41381 5.71001 -1179.48 -1755.43 8579870.0
332 -0.01685 8.85017e-05 2089.36 294.43 5.4263 5.73242 -1217.24 -1812.89 8810910.0
333 -0.01675 8.85067e-05 2089.23 295.121 5.43933 5.75535 -1256.43 -1870.92 9045740.0
334 -0.01665 8.85114e-05 2089.1 295.84 5.45289 5.77931 -1297.42 -1932.08 9292650.0
335 -0.01655 8.85177e-05 2088.97 296.606 5.46739 5.80492 -1341.15 -1996.69 9553380.0
336 -0.01645 8.85235e-05 2088.82 297.432 5.48297 5.83275 -1388.25 -2067.05 9834270.0
337 -0.01635 8.85304e-05 2088.67 298.235 5.4982 5.86011 -1433.91 -2135.8 10106700.0
338 -0.01625 8.85365e-05 2088.52 299.068 5.51394 5.88805 -1481.76 -2207.43 10396800.0
339 -0.01615 8.85422e-05 2088.36 299.935 5.53028 5.91702 -1530.66 -2280.22 10686700.0
340 -0.01605 8.85504e-05 2088.2 300.841 5.54749 5.94705 -1582.64 -2356.68 10998600.0
341 -0.01595 8.85568e-05 2088.04 301.75 5.56466 5.97788 -1634.09 -2434.5 11307600.0
342 -0.01585 8.85646e-05 2087.85 302.751 5.58362 6.0118 -1691.26 -2519.36 11645000.0
343 -0.01575 8.85715e-05 2087.68 303.715 5.60182 6.0443 -1746.2 -2602.13 11976600.0
344 -0.01565 8.85794e-05 2087.49 304.762 5.62164 6.07985 -1805.89 -2691.28 12330600.0
345 -0.01555 8.85882e-05 2087.3 305.81 5.64154 6.11522 -1865.59 -2781.1 12690100.0
346 -0.01545 8.85962e-05 2087.1 306.902 5.6622 6.15142 -1927.49 -2872.37 13058000.0
347 -0.01535 8.86055e-05 2086.88 308.132 5.68547 6.19252 -1997.7 -2974.94 13469900.0
348 -0.01525 8.86142e-05 2086.66 309.318 5.70793 6.23272 -2064.91 -3075.73 13869600.0
349 -0.01515 8.86243e-05 2086.45 310.503 5.73045 6.27323 -2132.49 -3178.52 14276700.0
350 -0.01505 8.86333e-05 2086.22 311.762 5.75427 6.31564 -2203.89 -3285.04 14702800.0
351 -0.01495 8.86432e-05 2085.98 313.107 5.77972 6.36064 -2280.55 -3398.23 15154800.0
352 -0.01485 8.86542e-05 2085.73 314.467 5.80556 6.40618 -2357.83 -3512.9 15615500.0
353 -0.01475 8.86645e-05 2085.48 315.883 5.83238 6.45399 -2438.49 -3633.21 16096500.0
354 -0.01465 8.86766e-05 2085.21 317.339 5.86006 6.50354 -2521.35 -3757.4 16587700.0
355 -0.01455 8.86862e-05 2084.94 318.793 5.88756 6.55222 -2603.95 -3880.87 17084000.0
356 -0.01445 8.86994e-05 2084.66 320.369 5.91753 6.60546 -2693.04 -4013.1 17609200.0
357 -0.01435 8.87121e-05 2084.35 322.044 5.94933 6.66226 -2788.53 -4155.01 18172900.0
358 -0.01425 8.87242e-05 2084.06 323.668 5.98014 6.71814 -2880.72 -4295.56 18726100.0
359 -0.01415 8.87396e-05 2083.74 325.355 6.01235 6.77632 -2976.7 -4440.79 19296500.0
360 -0.01405 8.87531e-05 2083.39 327.29 6.04903 6.84173 -3086.56 -4602.43 19937300.0
361 -0.01395 8.87666e-05 2083.05 329.123 6.08383 6.90349 -3190.23 -4757.14 20550600.0
362 -0.01385 8.87816e-05 2082.71 331.016 6.11986 6.96751 -3297.71 -4917.22 21189500.0
363 -0.01375 8.87972e-05 2082.36 332.952 6.15673 7.03301 -3407.64 -5081.55 21844200.0
364 -0.01365 8.8813e-05 2081.97 335.069 6.19699 7.10567 -3527.94 -5262.23 22555800.0
365 -0.01355 8.88299e-05 2081.57 337.234 6.23822 7.17889 -3650.35 -5443.74 23274000.0
366 -0.01345 8.88475e-05 2081.17 339.461 6.28066 7.25475 -3777.04 -5633.19 24025400.0
367 -0.01335 8.88645e-05 2080.75 341.747 6.32416 7.33283 -3906.37 -5826.76 24787000.0
368 -0.01325 8.88845e-05 2080.31 344.171 6.37045 7.41465 -4044.11 -6029.75 25596900.0
369 -0.01315 8.89031e-05 2079.85 346.674 6.41811 7.49938 -4185.22 -6239.3 26424100.0
370 -0.01305 8.89227e-05 2079.37 349.266 6.46753 7.58838 -4332.77 -6460.17 27294400.0
371 -0.01295 8.89438e-05 2078.9 351.817 6.51633 7.67535 -4476.55 -6676.45 28147300.0
372 -0.01285 8.89639e-05 2078.39 354.587 6.56912 7.77043 -4633.11 -6910.74 29066600.0
373 -0.01275 8.89878e-05 2077.87 357.412 6.62323 7.86745 -4793.46 -7151.39 30013000.0
374 -0.01265 8.901e-05 2077.32 360.411 6.68046 7.96984 -4962.22 -7402.52 30997800.0
375 -0.01255 8.90342e-05 2076.75 363.48 6.73918 8.07554 -5136.26 -7663.06 32020500.0
376 -0.01245 8.90608e-05 2076.16 366.69 6.80074 8.18628 -5318.38 -7935.59 33088400.0
377 -0.01235 8.90855e-05 2075.55 369.979 6.86363 8.29776 -5502.67 -8208.4 34162900.0
378 -0.01225 8.91121e-05 2074.93 373.379 6.92878 8.41383 -5696.04 -8495.84 35303500.0
379 -0.01215 8.91398e-05 2074.28 376.896 6.99621 8.53503 -5893.73 -8791.8 36457300.0
380 -0.01205 8.91686e-05 2073.6 380.571 7.06671 8.66198 -6101.22 -9102.73 37672400.0
381 -0.01195 8.91986e-05 2072.91 384.337 7.13905 8.79065 -6313.96 -9418.46 38918200.0
382 -0.01185 8.92304e-05 2072.17 388.289 7.21503 8.9268 -6536.22 -9750.01 40212900.0
383 -0.01175 8.92632e-05 2071.39 392.45 7.29502 9.07099 -6770.63 -10100.6 41577800.0
384 -0.01165 8.92972e-05 2070.61 396.721 7.37722 9.21746 -7011.72 -10457.3 42980900.0
385 -0.01155 8.93326e-05 2069.79 401.066 7.46098 9.36889 -7255.44 -10824.0 44400400.0
386 -0.01145 8.93662e-05 2068.95 405.564 7.54749 9.52464 -7508.41 -11203.7 45882400.0
387 -0.01135 8.94059e-05 2068.07 410.314 7.63928 9.68803 -7775.75 -11600.2 47437600.0
388 -0.01125 8.94455e-05 2067.16 415.212 7.73388 9.85786 -8050.96 -12010.6 49035700.0
389 -0.01115 8.94846e-05 2066.22 420.289 7.83188 10.0324 -8335.99 -12433.5 50694800.0
390 -0.01105 8.95277e-05 2065.24 425.558 7.93389 10.2156 -8631.37 -12874.3 52406400.0
391 -0.01095 8.95717e-05 2064.21 431.034 8.03992 10.4053 -8938.13 -13330.5 54185000.0
392 -0.01085 8.96177e-05 2063.14 436.752 8.15076 10.6058 -9259.43 -13811.9 56047600.0
393 -0.01075 8.96653e-05 2062.05 442.566 8.26365 10.8085 -9584.06 -14296.7 57924800.0
394 -0.01065 8.97147e-05 2060.89 448.735 8.38346 11.0229 -9930.14 -14809.8 59926600.0
395 -0.01055 8.97655e-05 2059.71 455.035 8.50597 11.2431 -10281.9 -15334.6 61958500.0
396 -0.01045 8.98202e-05 2058.47 461.626 8.63443 11.4733 -10649.6 -15881.2 64073200.0
397 -0.01035 8.98756e-05 2057.17 468.512 8.76864 11.7138 -11034.4 -16451.9 66289000.0
398 -0.01025 8.99334e-05 2055.86 475.516 8.90544 11.9578 -11424.4 -17030.3 68535500.0
399 -0.01015 8.99917e-05 2054.51 482.673 9.04536 12.2094 -11823.6 -17628.0 70849500.0
400 -0.01005 9.00535e-05 2053.08 490.188 9.19249 12.474 -12242.4 -18253.7 73267900.0
401 -0.00995 9.01188e-05 2051.6 498.007 9.34589 12.7485 -12676.7 -18898.4 75758700.0
402 -0.00985 9.0185e-05 2050.07 506.095 9.50465 13.034 -13125.5 -19568.1 78337600.0
403 -0.00975 9.02556e-05 2048.44 514.668 9.67322 13.3366 -13602.3 -20275.9 81067500.0
404 -0.00965 9.03297e-05 2046.78 523.393 9.84529 13.6431 -14084.3 -20988.0 83817800.0
405 -0.00955 9.04039e-05 2045.06 532.452 10.0239 13.9644 -14586.9 -21737.0 86700300.0
406 -0.00945 9.0485e-05 2043.24 542.013 10.2131 14.3026 -15114.9 -22517.3 89697400.0
407 -0.00935 9.05662e-05 2041.39 551.661 10.4042 14.6458 -15648.0 -23312.3 92755700.0
408 -0.00925 9.06515e-05 2039.43 561.915 10.6076 15.0091 -16213.3 -24146.9 95963300.0
409 -0.00915 9.07417e-05 2037.42 572.43 10.8168 15.3834 -16792.1 -25004.5 99256500.0
410 -0.00905 9.08355e-05 2035.3 583.44 11.0362 15.7769 -17397.7 -25902.5 102691000.0
411 -0.00895 9.09308e-05 2033.13 594.701 11.2611 16.1808 -18016.3 -26821.9 106208000.0
412 -0.00885 9.10315e-05 2030.88 606.377 11.4949 16.5981 -18655.0 -27766.0 109821000.0
413 -0.00875 9.11371e-05 2028.52 618.586 11.7399 17.036 -19324.5 -28756.6 113617000.0
414 -0.00865 9.12437e-05 2026.13 630.919 11.988 17.4814 -19997.6 -29759.7 117435000.0
415 -0.00855 9.13569e-05 2023.57 644.033 12.2523 17.955 -20712.5 -30818.3 121471000.0
416 -0.00845 9.14747e-05 2020.97 657.45 12.5237 18.4393 -21443.5 -31898.1 125598000.0
417 -0.00835 9.15995e-05 2018.21 671.604 12.8108 18.9507 -22212.0 -33029.4 129910000.0
418 -0.00825 9.17292e-05 2015.33 686.35 13.1106 19.4861 -23011.8 -34207.1 134390000.0
419 -0.00815 9.18615e-05 2012.41 701.289 13.4153 20.0284 -23819.8 -35399.0 138935000.0
420 -0.00805 9.20027e-05 2009.32 716.958 13.7361 20.6014 -24664.8 -36645.6 143660000.0
421 -0.00795 9.21463e-05 2006.13 733.187 14.069 21.1958 -25538.5 -37935.1 148550000.0
422 -0.00785 9.23e-05 2002.8 750.007 14.4157 21.8132 -26442.9 -39265.1 153598000.0
423 -0.00775 9.24575e-05 1999.35 767.424 14.7757 22.4546 -27375.9 -40638.6 158801000.0
424 -0.00765 9.26231e-05 1995.76 785.487 15.1505 23.1205 -28340.2 -42053.6 164159000.0
425 -0.00755 9.27919e-05 1992.08 804.032 15.5365 23.8037 -29329.4 -43503.4 169673000.0
426 -0.00745 9.29741e-05 1988.18 823.548 15.9449 24.5278 -30366.2 -45018.4 175399000.0
427 -0.00735 9.31605e-05 1984.17 843.606 16.3659 25.274 -31427.7 -46573.5 181280000.0
428 -0.00725 9.33575e-05 1979.95 864.483 16.8064 26.056 -32531.1 -48187.7 187368000.0
429 -0.00715 9.35606e-05 1975.63 885.833 17.259 26.8576 -33652.4 -49830.2 193557000.0
430 -0.00705 9.37751e-05 1971.07 908.303 17.7373 27.7044 -34830.9 -51548.9 200031000.0
431 -0.00695 9.39991e-05 1966.35 931.6 18.2357 28.5826 -36048.6 -53315.1 206701000.0
432 -0.00685 9.42306e-05 1961.5 955.328 18.7462 29.4821 -37282.7 -55112.7 213478000.0
433 -0.00675 9.44703e-05 1956.47 979.856 19.2765 30.4146 -38552.6 -56956.7 220428000.0
434 -0.00665 9.47229e-05 1951.23 1005.35 19.8309 31.3883 -39867.0 -58862.6 227611000.0
435 -0.00655 9.49906e-05 1945.69 1032.15 20.4171 32.4172 -41245.8 -60851.8 235105000.0
436 -0.00645 9.52642e-05 1940.08 1059.19 21.0122 33.4589 -42625.3 -62846.5 242614000.0
437 -0.00635 9.55514e-05 1934.19 1087.35 21.6359 34.5519 -44056.3 -64914.1 250382000.0
438 -0.00625 9.58545e-05 1928.05 1116.72 22.2908 35.6918 -45544.0 -67044.6 258430000.0
439 -0.00615 9.61666e-05 1921.75 1146.63 22.9625 36.8614 -47047.9 -69205.8 266571000.0
440 -0.00605 9.64955e-05 1915.15 1177.81 23.6675 38.0863 -48605.5 -71432.6 274960000.0
441 -0.00595 9.68386e-05 1908.34 1209.71 24.395 39.3511 -50191.1 -73705.6 283512000.0
442 -0.00585 9.7195e-05 1901.27 1242.75 25.1535 40.6617 -51821.8 -76026.4 292281000.0
443 -0.00575 9.75694e-05 1893.94 1276.82 25.9426 42.0228 -53491.7 -78395.9 301236000.0
444 -0.00565 9.7964e-05 1886.27 1312.12 26.7677 43.448 -55209.3 -80835.3 310433000.0
445 -0.00555 9.83781e-05 1878.28 1348.66 27.6293 44.9301 -56973.1 -83322.9 319837000.0
446 -0.00545 9.88044e-05 1870.09 1385.84 28.5142 46.4486 -58750.0 -85832.2 329329000.0
447 -0.00535 9.92559e-05 1861.56 1424.4 29.4415 48.0333 -60584.3 -88404.7 339110000.0
448 -0.00525 9.97226e-05 1852.79 1463.84 30.3989 49.6605 -62436.9 -90990.7 348976000.0
449 -0.00515 0.000100212 1843.65 1504.52 31.3971 51.3557 -64331.9 -93630.4 359063000.0
450 -0.00505 0.000100724 1834.25 1546.14 32.4303 53.102 -66252.7 -96295.1 369297000.0
451 -0.00495 0.000101262 1824.44 1589.12 33.5098 54.9212 -68209.0 -98990.7 379668000.0
452 -0.00485 0.000101828 1814.23 1633.45 34.6371 56.8165 -70207.6 -101732.0 390272000.0
453 -0.00475 0.000102419 1803.7 1678.58 35.8008 58.7707 -72212.7 -104483.0 400930000.0
454 -0.00465 0.000103033 1792.86 1724.92 37.0094 60.7801 -74245.6 -107237.0 411739000.0
455 -0.00455 0.000103678 1781.65 1772.41 38.2667 62.8599 -76304.1 -110005.0 422695000.0
456 -0.00445 0.000104348 1770.12 1820.78 39.5649 65.0016 -78368.1 -112772.0 433730000.0
457 -0.00435 0.000105056 1758.13 1870.33 40.9173 67.2247 -80442.2 -115534.0 444815000.0
458 -0.00425 0.000105799 1745.68 1921.28 42.3296 69.533 -82540.8 -118297.0 456050000.0
459 -0.00415 0.000106572 1732.94 1973.09 43.7882 71.898 -84639.3 -121033.0 467362000.0
460 -0.00405 0.000107381 1719.79 2025.66 45.2964 74.3374 -86721.2 -123736.0 478660000.0
461 -0.00395 0.000108229 1706.23 2079.2 46.8607 76.8517 -88794.1 -126399.0 489985000.0
462 -0.00385 0.00010912 1692.19 2134.04 48.4926 79.4559 -90871.6 -129026.0 501399000.0
463 -0.00375 0.000110052 1677.78 2189.62 50.1806 82.1312 -92924.7 -131589.0 512806000.0
464 -0.00365 0.000111031 1662.86 2246.27 51.9368 84.8964 -94956.8 -134087.0 524217000.0
465 -0.00355 0.000112052 1647.62 2303.44 53.7482 87.7237 -96948.7 -136495.0 535581000.0
466 -0.00345 0.000113124 1631.89 2361.36 55.627 90.6408 -98898.6 -138815.0 546907000.0
467 -0.00335 0.000114244 1615.78 2419.82 57.5687 93.6288 -100796.0 -141023.0 558153000.0
468 -0.00325 0.000115417 1599.23 2478.89 59.5793 96.6969 -102640.0 -143120.0 569363000.0
469 -0.00315 0.000116646 1582.26 2538.5 61.6622 99.8452 -104422.0 -145081.0 580503000.0
470 -0.00305 0.000117929 1564.93 2598.29 63.8084 103.06 -106122.0 -146900.0 591531000.0
471 -0.00295 0.000119266 1547.26 2658.41 66.0248 106.337 -107751.0 -148562.0 602503000.0
472 -0.00285 0.000120679 1529.0 2719.11 68.3327 109.722 -109288.0 -150045.0 613341000.0
473 -0.00275 0.00012215 1510.45 2779.71 70.7072 113.162 -110728.0 -151347.0 624094000.0
474 -0.00265 0.000123686 1491.54 2839.98 73.1489 116.668 -112039.0 -152451.0 634663000.0
475 -0.00255 0.00012529 1472.31 2900.09 75.6653 120.235 -113242.0 -153356.0 645169000.0
476 -0.00245 0.000126962 1452.77 2959.9 78.2563 123.857 -114312.0 -154035.0 655503000.0
477 -0.00235 0.00012871 1432.87 3019.34 80.9271 127.547 -115250.0 -154490.0 665762000.0
478 -0.00225 0.000130542 1412.6 3078.47 83.6866 131.306 -116049.0 -154697.0 675918000.0
479 -0.00215 0.000132448 1392.11 3136.67 86.5134 135.105 -116684.0 -154650.0 685911000.0
480 -0.00205 0.00013444 1371.31 3194.22 89.4256 138.961 -117162.0 -154342.0 695823000.0
481 -0.00195 0.000136516 1350.28 3250.84 92.4165 142.861 -117473.0 -153770.0 705642000.0
482 -0.00185 0.000138677 1329.05 3306.41 95.4844 146.797 -117612.0 -152935.0 715394000.0
483 -0.00175 0.00014093 1307.62 3360.74 98.63 150.772 -117567.0 -151825.0 725094000.0
484 -0.00165 0.000143271 1286.05 3414.02 101.858 154.769 -117351.0 -150440.0 734756000.0
485 -0.00155 0.000145707 1264.36 3465.8 105.161 158.794 -116946.0 -148791.0 744420000.0
486 -0.00145 0.000148241 1242.55 3516.08 108.542 162.836 -116344.0 -146855.0 754017000.0
487 -0.00135 0.000150859 1220.77 3564.79 111.989 166.876 -115574.0 -144685.0 763720000.0
488 -0.00125 0.000153584 1198.91 3611.93 115.519 170.93 -114607.0 -142230.0 773413000.0
489 -0.00115 0.000156398 1177.12 3657.14 119.109 174.973 -113451.0 -139549.0 783174000.0
490 -0.00105 0.000159313 1155.36 3700.73 122.775 179.012 -112127.0 -136633.0 793062000.0
491 -0.00095 0.000162325 1133.7 3742.51 126.508 183.03 -110619.0 -133475.0 802993000.0
492 -0.00085 0.000165449 1112.06 3782.31 130.314 187.046 -108920.0 -130086.0 813050000.0
493 -0.00075 0.000168656 1090.67 3820.09 134.167 191.013 -107065.0 -126522.0 823215000.0
494 -0.00065 0.000171956 1069.51 3855.85 138.072 194.944 -105051.0 -122796.0 833532000.0
495 -0.00055 0.000175353 1048.51 3889.73 142.038 198.838 -102878.0 -118886.0 843989000.0
496 -0.00045 0.000178847 1027.8 3921.52 146.052 202.688 -100565.0 -114845.0 854592000.0
497 -0.00035 0.00018243 1007.36 3951.41 150.112 206.485 -98117.6 -110683.0 865359000.0
498 -0.00025 0.0001861 987.23 3979.26 154.212 210.226 -95539.5 -106407.0 876245000.0
499 -0.00015 0.000189867 967.369 4005.14 158.356 213.916 -92829.9 -102010.0 887238000.0
500 -5e-05 0.000193751 947.714 4029.06 162.561 217.572 -89980.7 -97474.5 898367000.0
501 5e-05 0.000197802 928.329 4050.53 166.845 221.117 -86954.6 -92711.9 909271000.0
502 0.00015 0.000201879 909.912 4069.27 171.072 224.441 -83912.9 -88119.4 920121000.0
503 0.00025 0.000205934 892.303 4086.24 175.236 227.618 -80886.4 -83710.6 931025000.0
504 0.00035 0.000210007 875.298 4101.69 179.377 230.689 -77866.2 -79405.2 942009000.0
505 0.00045 0.000214083 858.905 4115.94 183.494 233.655 -74867.4 -75228.9 953075000.0
506 0.00055 0.000218179 843.043 4128.43 187.572 236.523 -71848.8 -71126.3 964077000.0
507 0.00065 0.00022226 827.821 4139.63 191.599 239.282 -68862.7 -67179.6 975044000.0
508 0.00075 0.000226319 813.205 4149.94 195.584 241.934 -65937.0 -63385.2 986014000.0
509 0.00085 0.000230334 799.261 4158.88 199.482 244.462 -63057.8 -59771.0 996799000.0
510 0.00095 0.000234347 785.785 4166.96 203.352 246.913 -60210.1 -56248.1 1007540000.0
511 0.00105 0.00023832 772.89 4173.8 207.139 249.258 -57406.8 -52872.2 1018080000.0
512 0.00115 0.000242227 760.605 4179.79 210.837 251.494 -54678.2 -49680.0 1028440000.0
513 0.00125 0.00024609 748.858 4185.12 214.473 253.637 -52023.5 -46617.9 1038630000.0
514 0.00135 0.000249865 737.699 4189.9 218.011 255.671 -49459.6 -43741.2 1048600000.0
515 0.00145 0.000253597 727.007 4193.88 221.478 257.624 -46954.5 -40973.1 1058340000.0
516 0.00155 0.00025724 716.853 4197.12 224.833 259.476 -44522.6 -38365.8 1067770000.0
517 0.00165 0.000260802 707.213 4199.9 228.097 261.245 -42180.7 -35904.0 1076990000.0
518 0.00175 0.000264263 698.077 4202.32 231.257 262.915 -39934.2 -33588.1 1085880000.0
519 0.00185 0.00026763 689.418 4204.05 234.3 264.504 -37761.3 -31410.2 1094490000.0
520 0.00195 0.000270886 681.242 4205.73 237.246 266.002 -35696.8 -29373.7 1102810000.0
521 0.00205 0.000274048 673.496 4207.18 240.097 267.428 -33725.2 -27458.1 1110840000.0
522 0.00215 0.00027709 666.207 4207.94 242.806 268.769 -31823.0 -25674.5 1118510000.0
523 0.00225 0.000280023 659.323 4208.54 245.411 270.031 -30015.1 -24005.7 1125860000.0
524 0.00235 0.000282853 652.815 4209.08 247.923 271.233 -28293.2 -22436.6 1132980000.0
525 0.00245 0.000285569 646.691 4209.15 250.308 272.359 -26643.3 -20971.0 1139700000.0
526 0.00255 0.000288152 640.97 4209.37 252.585 273.415 -25106.4 -19640.8 1146190000.0
527 0.00265 0.000290651 635.539 4209.31 254.772 274.418 -23624.4 -18353.3 1152340000.0
528 0.00275 0.000293034 630.439 4209.07 256.846 275.361 -22219.3 -17158.5 1158230000.0
529 0.00285 0.000295282 625.703 4208.78 258.799 276.237 -20902.9 -16082.4 1163800000.0
530 0.00295 0.000297441 621.226 4208.49 260.674 277.068 -19661.0 -15062.0 1169140000.0
531 0.00305 0.00029949 617.028 4208.01 262.439 277.843 -18478.2 -14111.9 1174180000.0
532 0.00315 0.000301423 613.124 4207.44 264.098 278.56 -17367.6 -13242.5 1178910000.0
533 0.00325 0.000303306 609.374 4206.8 265.707 279.262 -16290.8 -12377.0 1183500000.0
534 0.00335 0.000305043 605.941 4206.07 267.183 279.894 -15301.1 -11623.5 1187750000.0
535 0.00345 0.000306701 602.717 4205.39 268.591 280.497 -14363.1 -10905.1 1191810000.0
536 0.00355 0.000308264 599.692 4204.76 269.919 281.054 -13489.2 -10232.5 1195620000.0
537 0.00365 0.000309733 596.894 4204.02 271.158 281.579 -12663.3 -9621.02 1199250000.0
538 0.00375 0.000311107 594.287 4203.36 272.318 282.058 -11904.2 -9068.1 1202630000.0
539 0.00385 0.000312423 591.827 4202.74 273.429 282.519 -11171.8 -8515.2 1205870000.0
540 0.00395 0.000313656 589.522 4201.97 274.458 282.946 -10490.7 -8017.46 1208890000.0
541 0.00405 0.000314815 587.382 4201.25 275.425 283.343 -9844.3 -7542.21 1211720000.0
542 0.00415 0.000315919 585.359 4200.54 276.345 283.721 -9236.99 -7090.39 1214420000.0
543 0.00425 0.000316956 583.466 4199.87 277.207 284.074 -8665.94 -6665.12 1216980000.0
544 0.00435 0.000317911 581.735 4199.1 277.992 284.396 -8139.06 -6291.76 1219330000.0
545 0.00445 0.000318809 580.125 4198.49 278.737 284.695 -7645.11 -5936.66 1221570000.0
546 0.00455 0.000319648 578.617 4197.67 279.415 284.975 -7176.98 -5610.23 1223660000.0
547 0.00465 0.000320443 577.205 4197.05 280.069 285.24 -6740.55 -5288.48 1225660000.0
548 0.00475 0.000321168 575.917 4196.49 280.664 285.476 -6345.49 -5025.32 1227490000.0
549 0.00485 0.000321866 574.686 4195.89 281.235 285.709 -5962.84 -4748.42 1229260000.0
550 0.00495 0.00032254 573.499 4195.32 281.786 285.928 -5594.19 -4459.53 1230930000.0
551 0.00505 0.000323163 572.41 4194.53 282.277 286.133 -5239.47 -4196.89 1232480000.0
552 0.00515 0.000323736 571.41 4193.91 282.735 286.317 -4919.53 -3968.42 1233920000.0
553 0.00525 0.000324283 570.46 4193.26 283.169 286.496 -4616.64 -3746.33 1235300000.0
554 0.00535 0.000324774 569.609 4192.74 283.562 286.652 -4346.05 -3553.24 1236570000.0
555 0.00545 0.000325239 568.804 4192.18 283.931 286.806 -4087.78 -3364.39 1237790000.0
556 0.00555 0.000325686 568.038 4191.6 284.281 286.947 -3836.55 -3175.55 1238900000.0
557 0.00565 0.000326099 567.328 4191.12 284.609 287.082 -3607.06 -2996.68 1240000000.0
558 0.00575 0.000326461 566.705 4190.69 284.896 287.195 -3408.18 -2866.69 1240950000.0
559 0.00585 0.000326826 566.077 4190.2 285.182 287.31 -3200.32 -2701.43 1241900000.0
560 0.00595 0.000327184 565.469 4189.59 285.452 287.425 -2996.09 -2534.33 1242790000.0
561 0.00605 0.000327495 564.942 4189.27 285.701 287.523 -2823.16 -2406.33 1243620000.0
562 0.00615 0.000327787 564.448 4188.77 285.923 287.619 -2654.6 -2284.48 1244420000.0
563 0.00625 0.000328051 563.992 4188.33 286.122 287.701 -2502.16 -2183.94 1245140000.0
564 0.00635 0.000328305 563.564 4187.93 286.317 287.78 -2355.96 -2067.32 1245820000.0
565 0.00645 0.000328541 563.169 4187.55 286.497 287.855 -2221.75 -1966.66 1246470000.0
566 0.00655 0.000328766 562.787 4187.33 286.678 287.925 -2101.17 -1872.29 1247090000.0
567 0.00665 0.000328989 562.41 4186.95 286.846 287.996 -1974.9 -1762.4 1247680000.0
568 0.00675 0.000329172 562.102 4186.62 286.983 288.052 -1866.32 -1687.07 1248190000.0
569 0.00685 0.000329358 561.79 4186.31 287.125 288.113 -1760.61 -1591.31 1248720000.0
570 0.00695 0.000329525 561.506 4185.99 287.248 288.162 -1662.33 -1514.6 1249160000.0
571 0.00705 0.000329682 561.244 4185.64 287.361 288.215 -1566.23 -1443.71 1249630000.0
572 0.00715 0.000329836 560.993 4185.29 287.47 288.259 -1474.07 -1363.9 1250030000.0
573 0.00725 0.000329989 560.733 4185.05 287.587 288.309 -1388.68 -1285.43 1250450000.0
574 0.00735 0.000330119 560.512 4184.77 287.681 288.351 -1307.16 -1213.04 1250820000.0
575 0.00745 0.00033022 560.342 4184.43 287.746 288.379 -1242.73 -1183.95 1251130000.0
576 0.00755 0.000330337 560.156 4184.22 287.834 288.417 -1176.85 -1119.95 1251490000.0
577 0.00765 0.00033045 559.964 4183.91 287.91 288.453 -1101.11 -1054.88 1251820000.0
578 0.00775 0.000330542 559.804 4183.62 287.971 288.479 -1041.77 -1013.2 1252060000.0
579 0.00785 0.000330631 559.663 4183.5 288.04 288.507 -992.749 -965.483 1252340000.0
580 0.00795 0.000330743 559.474 4183.21 288.117 288.542 -924.356 -894.12 1252610000.0
581 0.00805 0.000330825 559.34 4182.97 288.173 288.567 -870.688 -848.742 1252850000.0
582 0.00815 0.000330901 559.211 4182.76 288.224 288.593 -824.732 -814.047 1253090000.0
583 0.00825 0.000330984 559.076 4182.6 288.285 288.619 -776.404 -762.52 1253300000.0
584 0.00835 0.000331061 558.95 4182.39 288.338 288.642 -724.69 -703.32 1253530000.0
585 0.00845 0.000331115 558.853 4182.13 288.368 288.653 -685.491 -683.043 1253660000.0
586 0.00855 0.00033117 558.768 4181.95 288.403 288.674 -651.104 -656.286 1253880000.0
587 0.00865 0.000331235 558.658 4181.67 288.44 288.698 -604.462 -618.658 1254070000.0
588 0.00875 0.000331276 558.592 4181.67 288.475 288.707 -582.377 -599.413 1254220000.0
589 0.00885 0.000331327 558.508 4181.52 288.51 288.722 -552.485 -562.116 1254360000.0
590 0.00895 0.000331365 558.439 4181.45 288.538 288.735 -527.774 -542.41 1254510000.0
591 0.00905 0.000331391 558.396 4181.27 288.549 288.74 -509.512 -536.341 1254620000.0
592 0.00915 0.000331435 558.33 4181.12 288.576 288.756 -474.223 -504.982 1254770000.0
593 0.00925 0.00033149 558.236 4180.96 288.613 288.775 -443.107 -470.66 1254910000.0
594 0.00935 0.000331524 558.179 4180.89 288.638 288.784 -422.177 -449.655 1255020000.0
595 0.00945 0.000331548 558.14 4180.91 288.661 288.791 -408.06 -438.047 1255130000.0
596 0.00955 0.000331611 558.032 4180.8 288.707 288.811 -376.505 -383.273 1255270000.0
597 0.00965 0.000331637 557.994 4180.67 288.721 288.822 -356.114 -366.623 1255380000.0
598 0.00975 0.000331642 557.985 4180.54 288.717 288.817 -342.929 -373.562 1255420000.0
599 0.00985 0.000331688 557.905 4180.48 288.752 288.836 -318.975 -335.687 1255560000.0
600 0.00995 0.000331707 557.881 4180.3 288.756 288.839 -300.646 -315.615 1255630000.0
601 0.01005 0.000331727 557.843 4180.18 288.765 288.844 -285.261 -307.413 1255690000.0
602 0.01015 0.00033175 557.805 4180.14 288.783 288.856 -272.638 -292.192 1255800000.0
603 0.01025 0.000331766 557.78 4180.01 288.788 288.858 -257.742 -278.985 1255830000.0
604 0.01035 0.000331775 557.762 4179.99 288.795 288.858 -252.616 -282.773 1255870000.0
605 0.01045 0.000331805 557.714 4179.86 288.811 288.872 -230.665 -259.108 1255990000.0
606 0.01055 0.000331838 557.664 4179.82 288.837 288.881 -211.79 -227.251 1256060000.0
607 0.01065 0.000331839 557.658 4179.71 288.831 288.882 -205.629 -230.796 1256100000.0
608 0.01075 0.00033185 557.641 4179.82 288.848 288.884 -206.168 -224.689 1256140000.0
609 0.01085 0.000331887 557.577 4179.68 288.87 288.898 -181.756 -190.605 1256210000.0
610 0.01095 0.000331894 557.568 4179.66 288.875 288.896 -176.466 -191.34 1256250000.0
611 0.01105 0.000331892 557.57 4179.57 288.867 288.897 -172.399 -196.777 1256280000.0
612 0.01115 0.000331911 557.545 4179.52 288.88 288.903 -156.224 -178.874 1256340000.0
613 0.01125 0.000331925 557.514 4179.39 288.884 288.908 -147.277 -168.765 1256380000.0
614 0.01135 0.000331911 557.544 4179.49 288.878 288.902 -157.692 -185.951 1256390000.0
615 0.01145 0.000331916 557.532 4179.51 288.884 288.902 -154.813 -184.044 1256430000.0
616 0.01155 0.000331928 557.511 4179.34 288.883 288.909 -143.356 -183.349 1256490000.0
617 0.01165 0.000331941 557.493 4179.31 288.892 288.912 -135.624 -171.25 1256520000.0
618 0.01175 0.000331969 557.443 4179.21 288.909 288.92 -115.038 -136.556 1256560000.0
619 0.01185 0.00033197 557.446 4179.32 288.918 288.922 -120.43 -138.509 1256610000.0
620 0.01195 0.000331973 557.437 4179.47 288.931 288.92 -125.526 -137.937 1256630000.0
621 0.01205 0.000331979 557.428 4179.35 288.928 288.925 -117.084 -135.995 1256690000.0
622 0.01215 0.000331995 557.403 4179.23 288.934 288.927 -102.026 -120.305 1256680000.0
623 0.01225 0.000332006 557.38 4179.19 288.94 288.932 -95.2554 -114.592 1256740000.0
624 0.01235 0.00033202 557.36 4179.13 288.949 288.935 -87.4357 -101.35 1256740000.0
625 0.01245 0.000332022 557.356 4179.11 288.949 288.936 -83.7358 -99.0347 1256750000.0
626 0.01255 0.000332031 557.339 4179.08 288.955 288.939 -77.2526 -89.7556 1256800000.0
627 0.01265 0.000332028 557.345 4178.96 288.943 288.938 -74.1176 -95.0199 1256770000.0
628 0.01275 0.000332037 557.33 4178.92 288.949 288.942 -69.2758 -85.8317 1256800000.0
629 0.01285 0.000332045 557.32 4178.8 288.947 288.943 -53.4965 -70.9397 1256810000.0
630 0.01295 0.000332045 557.317 4178.83 288.949 288.945 -59.5175 -76.0018 1256840000.0
631 0.01305 0.000332042 557.321 4178.76 288.942 288.942 -54.463 -69.3743 1256820000.0
632 0.01315 0.000332049 557.31 4178.77 288.949 288.946 -52.003 -62.8835 1256870000.0
633 0.01325 0.000332057 557.3 4178.65 288.948 288.946 -42.5006 -57.992 1256870000.0
634 0.01335 0.000332038 557.332 4178.83 288.943 288.943 -57.8127 -84.4645 1256900000.0
635 0.01345 0.000332041 557.324 4178.74 288.939 288.941 -53.2627 -75.4544 1256880000.0
636 0.01355 0.000332039 557.326 4178.75 288.939 288.943 -58.9137 -84.1202 1256910000.0
637 0.01365 0.000332046 557.322 4178.84 288.951 288.943 -55.041 -69.065 1256910000.0
638 0.01375 0.00033203 557.346 4178.8 288.935 288.938 -60.2158 -95.0538 1256920000.0
639 0.01385 0.000332039 557.327 4178.9 288.949 288.94 -65.1885 -91.0369 1256950000.0
640 0.01395 0.000332062 557.295 4178.84 288.964 288.949 -48.9946 -54.7239 1257000000.0
641 0.01405 0.000332088 557.245 4178.85 288.988 288.955 -38.303 -27.5486 1257010000.0
642 0.01415 0.000332074 557.274 4178.75 288.968 288.951 -36.5845 -40.5077 1257020000.0
643 0.01425 0.00033207 557.277 4178.72 288.964 288.949 -38.0918 -45.1177 1257020000.0
644 0.01435 0.000332071 557.275 4178.77 288.968 288.955 -41.7722 -46.9754 1257050000.0
645 0.01445 0.000332073 557.272 4178.78 288.97 288.952 -38.7348 -42.935 1257030000.0
646 0.01455 0.000332075 557.274 4178.59 288.959 288.953 -29.3886 -43.662 1257010000.0
647 0.01465 0.000332077 557.263 4178.69 288.967 288.953 -31.8052 -41.1557 1257030000.0
648 0.01475 0.000332068 557.283 4178.58 288.952 288.95 -30.9844 -51.1052 1257020000.0
649 0.01485 0.000332088 557.246 4178.65 288.975 288.956 -25.0389 -27.2732 1257040000.0
650 0.01495 0.000332094 557.239 4178.64 288.979 288.959 -18.111 -17.1076 1257080000.0
651 0.01505 0.000332089 557.251 4178.67 288.976 288.955 -28.2332 -35.7458 1257050000.0
652 0.01515 0.000332091 557.24 4178.67 288.978 288.96 -23.427 -27.2896 1257090000.0
653 0.01525 0.000332109 557.217 4178.69 288.995 288.963 -15.5291 -7.69435 1257100000.0
654 0.01535 0.000332119 557.196 4178.54 288.993 288.966 -5.33004 5.62567 1257090000.0
655 0.01545 0.000332115 557.208 4178.45 288.984 288.966 1.88392 4.54279 1257090000.0
656 0.01555 0.000332101 557.227 4178.36 288.965 288.957 -0.734434 -11.9868 1257050000.0
657 0.01565 0.0003321 557.229 4178.44 288.97 288.959 -8.44366 -13.183 1257070000.0
658 0.01575 0.000332114 557.208 4178.43 288.982 288.967 2.73956 8.11084 1257110000.0
659 0.01585 0.000332112 557.21 4178.47 288.982 288.962 -4.15515 3.47056 1257080000.0
660 0.01595 0.00033211 557.211 4178.44 288.979 288.963 -0.0330902 5.89815 1257110000.0
661 0.01605 0.000332108 557.217 4178.54 288.983 288.961 -11.072 -7.07373 1257100000.0
662 0.01615 0.000332104 557.221 4178.59 288.984 288.963 -9.60805 -6.09845 1257100000.0
663 0.01625 0.000332121 557.194 4178.48 288.991 288.966 2.33182 15.3494 1257090000.0
664 0.01635 0.000332122 557.2 4178.44 288.989 288.968 6.1545 17.0411 1257110000.0
665 0.01645 0.000332112 557.202 4178.37 288.975 288.962 4.97711 6.95867 1257070000.0
666 0.01655 0.000332117 557.203 4178.52 288.99 288.967 -0.161495 -0.790232 1257130000.0
667 0.01665 0.000332115 557.203 4178.3 288.974 288.966 8.33689 2.80712 1257110000.0
668 0.01675 0.000332122 557.193 4178.29 288.979 288.967 13.2761 18.6608 1257130000.0
669 0.01685 0.000332114 557.208 4178.37 288.977 288.964 8.03239 15.6836 1257150000.0
670 0.01695 0.000332106 557.223 4178.28 288.964 288.962 6.49236 -1.16441 1257150000.0
671 0.01705 0.000332106 557.215 4178.22 288.96 288.964 8.48053 0.851328 1257140000.0
672 0.01715 0.000332105 557.222 4178.37 288.97 288.959 1.27339 -3.02755 1257110000.0
673 0.01725 0.000332089 557.247 4178.31 288.951 288.96 -0.123746 -17.0529 1257130000.0
674 0.01735 0.000332087 557.25 4178.41 288.957 288.954 -8.35943 -17.8437 1257120000.0
675 0.01745 0.000332092 557.24 4178.38 288.959 288.957 -3.22213 -10.1577 1257130000.0
676 0.01755 0.000332113 557.211 4178.43 288.981 288.963 1.28868 13.2214 1257140000.0
677 0.01765 0.000332116 557.203 4178.32 288.976 288.965 14.6381 24.7774 1257150000.0
678 0.01775 0.000332098 557.23 4178.29 288.958 288.958 3.2619 -2.29173 1257130000.0
679 0.01785 0.000332099 557.228 4178.33 288.962 288.962 2.2679 -5.10728 1257170000.0
680 0.01795 0.000332107 557.215 4178.28 288.965 288.963 8.91643 12.7659 1257160000.0
681 0.01805 0.000332103 557.227 4178.36 288.968 288.962 3.73527 8.07316 1257180000.0
682 0.01815 0.000332097 557.233 4178.55 288.975 288.962 -11.8062 -11.4937 1257190000.0
683 0.01825 0.000332112 557.205 4178.42 288.979 288.964 2.08567 12.5282 1257170000.0
684 0.01835 0.000332103 557.227 4178.54 288.98 288.963 -5.02569 6.67556 1257200000.0
685 0.01845 0.000332104 557.22 4178.48 288.976 288.962 -3.93497 5.68111 1257200000.0
686 0.01855 0.000332112 557.208 4178.47 288.983 288.966 0.472604 11.8785 1257220000.0
687 0.01865 0.000332119 557.194 4178.41 288.984 288.964 7.65238 20.2423 1257170000.0
688 0.01875 0.000332124 557.195 4178.46 288.992 288.971 10.6483 30.5725 1257210000.0
689 0.01885 0.000332106 557.215 4178.49 288.979 288.963 -1.83227 4.35727 1257190000.0
690 0.01895 0.000332121 557.195 4178.42 288.987 288.967 10.365 22.9536 1257190000.0
691 0.01905 0.000332105 557.215 4178.45 288.975 288.963 -1.14235 -2.16379 1257180000.0
692 0.01915 0.000332129 557.187 4178.34 288.989 288.97 20.0044 31.1184 1257200000.0
693 0.01925 0.000332129 557.18 4178.41 288.993 288.971 12.8292 28.2327 1257210000.0
694 0.01935 0.000332103 557.22 4178.49 288.976 288.961 0.768797 5.51918 1257180000.0
695 0.01945 0.000332097 557.238 4178.44 288.968 288.961 -4.87591 -5.96096 1257190000.0
696 0.01955 0.000332111 557.212 4178.33 288.971 288.962 6.09909 6.7215 1257180000.0
697 0.01965 0.000332117 557.193 4178.42 288.984 288.966 10.0865 26.8648 1257190000.0
698 0.01975 0.000332114 557.212 4178.5 288.987 288.967 2.20197 17.8709 1257210000.0
699 0.01985 0.000332104 557.221 4178.43 288.973 288.961 -2.28048 3.25428 1257150000.0
700 0.01995 0.000332107 557.222 4178.5 288.98 288.963 1.02331 14.0512 1257180000.0
701 0.02005 0.00033213 557.177 4178.31 288.987 288.97 17.3635 36.6934 1257190000.0
702 0.02015 0.000332119 557.2 4178.36 288.981 288.963 12.7001 19.4514 1257160000.0
703 0.02025 0.000332123 557.194 4178.35 288.984 288.966 11.7538 21.0911 1257170000.0
704 0.02035 0.000332101 557.23 4178.29 288.96 288.96 7.26993 -11.3676 1257170000.0
705 0.02045 0.000332093 557.243 4178.26 288.951 288.96 4.75274 -17.0007 1257170000.0
706 0.02055 0.000332102 557.226 4178.27 288.96 288.962 10.6869 -5.96928 1257170000.0
707 0.02065 0.000332118 557.196 4178.31 288.977 288.967 11.6571 13.9633 1257180000.0
708 0.02075 0.000332125 557.191 4178.27 288.979 288.968 22.8483 29.2565 1257180000.0
709 0.02085 0.000332133 557.176 4178.31 288.99 288.971 19.0147 32.8533 1257190000.0
710 0.02095 0.000332122 557.185 4178.3 288.979 288.966 19.5536 22.2003 1257180000.0
711 0.02105 0.000332135 557.169 4178.31 288.992 288.972 25.3807 40.9755 1257220000.0
712 0.02115 0.000332128 557.184 4178.33 288.987 288.968 15.9123 30.6348 1257210000.0
713 0.02125 0.000332119 557.198 4178.31 288.978 288.967 15.569 19.4184 1257200000.0
714 0.02135 0.000332105 557.223 4178.35 288.968 288.963 7.45254 -1.52898 1257190000.0
715 0.02145 0.0003321 557.227 4178.37 288.965 288.959 4.64472 -1.17487 1257190000.0
716 0.02155 0.000332106 557.216 4178.57 288.985 288.961 -3.5037 2.00305 1257190000.0
717 0.02165 0.000332098 557.24 4178.53 288.975 288.961 -4.22964 -9.81186 1257220000.0
718 0.02175 0.000332096 557.229 4178.54 288.973 288.957 -8.33093 -13.8848 1257200000.0
719 0.02185 0.000332078 557.272 4178.64 288.964 288.953 -19.4159 -38.0671 1257190000.0
720 0.02195 0.000332083 557.256 4178.63 288.969 288.957 -17.8206 -32.7811 1257220000.0
721 0.02205 0.000332102 557.228 4178.67 288.987 288.961 -9.11703 -1.86041 1257240000.0
722 0.02215 0.000332105 557.224 4178.66 288.989 288.961 -10.9436 -3.8473 1257250000.0
723 0.02225 0.000332098 557.234 4178.8 288.993 288.96 -17.7818 -6.60618 1257270000.0
724 0.02235 0.000332093 557.24 4178.62 288.977 288.959 -12.7162 -17.3181 1257250000.0
725 0.02245 0.000332093 557.243 4178.65 288.978 288.959 -13.2492 -17.2775 1257250000.0
726 0.02255 0.000332087 557.251 4178.6 288.97 288.957 -11.8003 -29.9678 1257260000.0
727 0.02265 0.000332085 557.255 4178.66 288.972 288.958 -15.4057 -28.0361 1257270000.0
728 0.02275 0.000332087 557.25 4178.77 288.982 288.956 -23.1088 -27.3724 1257260000.0
729 0.02285 0.000332099 557.233 4178.69 288.987 288.96 -13.0897 -12.4031 1257270000.0
730 0.02295 0.000332107 557.216 4178.64 288.989 288.967 -5.04869 0.470421 1257280000.0
731 0.02305 0.000332095 557.242 4178.58 288.975 288.96 -7.88123 -9.64342 1257250000.0
732 0.02315 0.000332089 557.249 4178.65 288.975 288.96 -14.1389 -12.4888 1257250000.0
733 0.02325 0.000332089 557.246 4178.62 288.973 288.958 -9.03275 -10.6685 1257230000.0
734 0.02335 0.000332084 557.258 4178.57 288.965 288.956 -9.8716 -23.6367 1257210000.0
735 0.02345 0.000332075 557.27 4178.65 288.962 288.954 -18.7433 -40.5034 1257250000.0
736 0.02355 0.00033209 557.248 4178.65 288.976 288.962 -14.1318 -24.9871 1257260000.0
737 0.02365 0.000332113 557.208 4178.62 288.994 288.965 1.01438 10.1595 1257250000.0
738 0.02375 0.000332124 557.191 4178.51 288.996 288.973 9.94327 20.4083 1257280000.0
739 0.02385 0.00033212 557.194 4178.48 288.99 288.969 11.9405 21.8106 1257260000.0
740 0.02395 0.000332108 557.217 4178.58 288.987 288.967 -0.391943 10.8532 1257250000.0
741 0.02405 0.000332092 557.243 4178.5 288.967 288.959 -4.65736 -2.86349 1257210000.0
742 0.02415 0.00033212 557.194 4178.53 288.994 288.967 6.47158 22.6315 1257220000.0
743 0.02425 0.000332125 557.19 4178.6 289.002 288.972 8.15449 26.3246 1257260000.0
744 0.02435 0.00033211 557.212 4178.65 288.993 288.966 -1.83945 11.7276 1257250000.0
745 0.02445 0.00033212 557.198 4178.62 289.0 288.966 4.53327 26.9356 1257240000.0
746 0.02455 0.000332118 557.193 4178.58 288.995 288.966 6.62303 19.7763 1257240000.0
747 0.02465 0.000332117 557.207 4178.59 288.995 288.972 5.18706 15.937 1257270000.0
748 0.02475 0.000332114 557.205 4178.58 288.992 288.967 2.53662 7.33872 1257240000.0
749 0.02485 0.000332111 557.209 4178.59 288.99 288.964 1.68885 12.4637 1257220000.0
750 0.02495 0.000332128 557.181 4178.57 289.003 288.969 12.0671 28.9796 1257220000.0
751 0.02505 0.000332131 557.18 4178.46 288.999 288.971 18.986 31.9858 1257220000.0
752 0.02515 0.000332119 557.195 4178.58 288.996 288.97 9.30202 20.2293 1257230000.0
753 0.02525 0.000332119 557.201 4178.59 288.997 288.968 7.86342 25.9013 1257230000.0
754 0.02535 0.000332119 557.192 4178.56 288.995 288.971 4.82741 18.962 1257220000.0
755 0.02545 0.000332129 557.18 4178.56 289.004 288.973 13.7294 35.3311 1257220000.0
756 0.02555 0.000332127 557.184 4178.51 288.998 288.971 14.5007 32.279 1257200000.0
757 0.02565 0.000332118 557.205 4178.56 288.994 288.968 6.14151 18.358 1257170000.0
758 0.02575 0.000332096 557.233 4178.66 288.981 288.961 -7.43275 -4.01256 1257180000.0
759 0.02585 0.000332092 557.246 4178.6 288.974 288.96 -8.23407 -10.1127 1257150000.0
760 0.02595 0.000332083 557.26 4178.72 288.975 288.959 -15.8682 -14.8983 1257180000.0
761 0.02605 0.000332095 557.236 4178.61 288.977 288.96 -5.67696 -9.07833 1257140000.0
762 0.02615 0.00033209 557.25 4178.65 288.975 288.959 -11.6467 -17.469 1257180000.0
763 0.02625 0.000332087 557.245 4178.57 288.968 288.957 -7.72448 -21.4684 1257170000.0
764 0.02635 0.000332104 557.226 4178.59 288.984 288.965 -0.485932 -4.25624 1257200000.0
765 0.02645 0.00033211 557.217 4178.64 288.993 288.965 -3.7111 7.93991 1257200000.0
766 0.02655 0.000332116 557.201 4178.63 288.998 288.966 3.79915 21.9085 1257200000.0
767 0.02665 0.000332106 557.218 4178.61 288.987 288.963 -2.11038 4.00952 1257220000.0
768 0.02675 0.000332102 557.227 4178.71 288.99 288.962 -10.8722 -6.35162 1257210000.0
769 0.02685 0.000332119 557.201 4178.66 289.002 288.97 1.57436 11.8766 1257230000.0
770 0.02695 0.000332115 557.201 4178.64 288.997 288.966 3.97676 15.1736 1257220000.0
771 0.02705 0.000332114 557.21 4178.7 289.0 288.965 -4.50719 7.59313 1257210000.0
772 0.02715 0.000332116 557.203 4178.65 288.999 288.968 2.3098 17.3777 1257230000.0
773 0.02725 0.000332111 557.209 4178.73 289.0 288.965 -4.07851 9.75786 1257240000.0
774 0.02735 0.000332102 557.225 4178.75 288.993 288.964 -12.3644 -5.98647 1257220000.0
775 0.02745 0.000332103 557.229 4178.59 288.983 288.964 0.587305 5.62856 1257240000.0
776 0.02755 0.000332104 557.223 4178.67 288.99 288.962 -7.70765 7.47772 1257200000.0
777 0.02765 0.000332105 557.22 4178.61 288.986 288.965 -0.151407 10.0635 1257210000.0
778 0.02775 0.000332098 557.234 4178.55 288.976 288.962 -3.27845 0.565566 1257220000.0
779 0.02785 0.000332094 557.241 4178.47 288.966 288.962 3.01635 -3.78771 1257210000.0
780 0.02795 0.000332081 557.264 4178.63 288.967 288.958 -13.1258 -22.1348 1257220000.0
781 0.02805 0.000332093 557.242 4178.65 288.978 288.96 -8.44098 -4.78245 1257220000.0
782 0.02815 0.0003321 557.23 4178.72 288.989 288.965 -7.38445 9.03203 1257250000.0
783 0.02825 0.000332081 557.26 4178.67 288.969 288.954 -17.6863 -19.7131 1257200000.0
784 0.02835 0.000332085 557.256 4178.68 288.973 288.956 -13.0555 -15.7659 1257200000.0
785 0.02845 0.000332092 557.242 4178.55 288.971 288.958 -2.88334 -5.86802 1257210000.0
786 0.02855 0.000332076 557.273 4178.58 288.958 288.951 -10.8991 -29.8879 1257180000.0
787 0.02865 0.000332088 557.248 4178.58 288.969 288.955 -6.40884 -16.8203 1257180000.0
788 0.02875 0.000332097 557.228 4178.48 288.97 288.962 4.02539 -10.3131 1257210000.0
789 0.02885 0.000332101 557.233 4178.54 288.978 288.962 0.815342 -1.58713 1257200000.0
790 0.02895 0.000332105 557.22 4178.43 288.973 288.964 13.3524 10.4055 1257210000.0
791 0.02905 0.000332114 557.209 4178.49 288.985 288.967 12.2091 16.3816 1257240000.0
792 0.02915 0.000332093 557.237 4178.59 288.975 288.958 -2.23503 -7.00833 1257230000.0
793 0.02925 0.000332119 557.194 4178.64 289.001 288.966 5.5938 20.6332 1257240000.0
794 0.02935 0.000332118 557.205 4178.62 288.998 288.968 7.58032 18.8554 1257260000.0
795 0.02945 0.000332091 557.243 4178.7 288.98 288.96 -12.3598 -15.4707 1257230000.0
796 0.02955 0.000332089 557.244 4178.67 288.976 288.957 -10.2208 -14.6019 1257190000.0
797 0.02965 0.000332092 557.243 4178.7 288.981 288.959 -12.4082 -5.43385 1257200000.0
798 0.02975 0.000332104 557.222 4178.69 288.991 288.965 -1.51239 16.0704 1257220000.0
799 0.02985 0.0003321 557.229 4178.6 288.981 288.959 -1.90179 9.65518 1257190000.0
800 0.02995 0.0003321 557.23 4178.66 288.986 288.96 -2.72357 16.4196 1257220000.0
