TITLE = "DSMC"
VARIABLES = "ID" "X" "rho" "v1" "Ttrans" "p" "p1" "q1" "mv1v1v1" "mvvv1v1"
ZONE T="Ma=6.8", I=800, J=1, K=1, F=POINT
1 -0.04995 8.83417e-05 2093.17 273.112 5.02431 5.0233 -0.0881352 -0.161468 1427120.0
2 -0.04985 8.83414e-05 2093.17 273.11 5.02425 5.02333 -0.0507861 -0.142784 1427030.0
3 -0.04975 8.83408e-05 2093.17 273.11 5.02422 5.02338 -0.0872749 -0.230538 1427150.0
4 -0.04965 8.83413e-05 2093.17 273.111 5.02427 5.02353 -0.092198 -0.228419 1427250.0
5 -0.04955 8.8341e-05 2093.17 273.111 5.02425 5.02355 -0.1127 -0.297043 1427340.0
6 -0.04945 8.83419e-05 2093.17 273.111 5.0243 5.02354 -0.0984593 -0.265758 1427260.0
7 -0.04935 8.83418e-05 2093.17 273.111 5.02429 5.02357 -0.107095 -0.282413 1427330.0
8 -0.04925 8.83403e-05 2093.17 273.111 5.02421 5.0235 -0.124344 -0.313682 1427320.0
9 -0.04915 8.83416e-05 2093.17 273.113 5.02432 5.0236 -0.112272 -0.297264 1427400.0
10 -0.04905 8.83417e-05 2093.17 273.11 5.02427 5.02353 -0.123018 -0.28108 1427370.0
11 -0.04895 8.83415e-05 2093.17 273.111 5.02428 5.02355 -0.153316 -0.315499 1427490.0
12 -0.04885 8.83405e-05 2093.17 273.115 5.0243 5.02357 -0.143923 -0.293856 1427530.0
13 -0.04875 8.83417e-05 2093.17 273.112 5.0243 5.02359 -0.118244 -0.271966 1427480.0
14 -0.04865 8.83411e-05 2093.17 273.114 5.02431 5.02364 -0.154522 -0.317361 1427640.0
15 -0.04855 8.8342e-05 2093.17 273.111 5.0243 5.02367 -0.146673 -0.288803 1427640.0
16 -0.04845 8.83415e-05 2093.17 273.114 5.02433 5.02369 -0.186196 -0.353298 1427770.0
17 -0.04835 8.83411e-05 2093.17 273.111 5.02426 5.02359 -0.162868 -0.32616 1427740.0
18 -0.04825 8.83413e-05 2093.17 273.113 5.02431 5.02367 -0.178363 -0.372206 1427820.0
19 -0.04815 8.83409e-05 2093.17 273.112 5.02426 5.02361 -0.172653 -0.385379 1427810.0
20 -0.04805 8.83414e-05 2093.17 273.114 5.02433 5.02372 -0.185783 -0.412793 1427880.0
21 -0.04795 8.83419e-05 2093.17 273.113 5.02434 5.0237 -0.190209 -0.372282 1427970.0
22 -0.04785 8.83412e-05 2093.17 273.113 5.0243 5.02362 -0.203149 -0.44281 1427910.0
23 -0.04775 8.83409e-05 2093.17 273.111 5.02425 5.02362 -0.203841 -0.433522 1427990.0
24 -0.04765 8.83415e-05 2093.17 273.114 5.02434 5.02364 -0.193204 -0.408769 1428000.0
25 -0.04755 8.8341e-05 2093.17 273.114 5.0243 5.02364 -0.229163 -0.47451 1428210.0
26 -0.04745 8.83416e-05 2093.17 273.112 5.0243 5.02364 -0.274569 -0.526543 1428270.0
27 -0.04735 8.83413e-05 2093.17 273.115 5.02434 5.02369 -0.291909 -0.514006 1428390.0
28 -0.04725 8.83418e-05 2093.17 273.115 5.02437 5.02368 -0.29091 -0.530999 1428460.0
29 -0.04715 8.83417e-05 2093.17 273.113 5.02432 5.02362 -0.271903 -0.498289 1428400.0
30 -0.04705 8.83409e-05 2093.17 273.116 5.02434 5.02365 -0.331441 -0.582566 1428580.0
31 -0.04695 8.8341e-05 2093.17 273.111 5.02426 5.02359 -0.297666 -0.516926 1428580.0
32 -0.04685 8.8341e-05 2093.17 273.116 5.02434 5.02373 -0.324995 -0.548764 1428610.0
33 -0.04675 8.83418e-05 2093.17 273.115 5.02437 5.02374 -0.325492 -0.581408 1428670.0
34 -0.04665 8.8341e-05 2093.17 273.113 5.02429 5.02366 -0.316293 -0.574 1428580.0
35 -0.04655 8.83413e-05 2093.17 273.117 5.02437 5.02381 -0.350966 -0.628382 1428810.0
36 -0.04645 8.83417e-05 2093.17 273.115 5.02437 5.02379 -0.304627 -0.569482 1428600.0
37 -0.04635 8.83407e-05 2093.17 273.115 5.0243 5.02373 -0.358699 -0.647854 1428790.0
38 -0.04625 8.83414e-05 2093.17 273.117 5.02438 5.02377 -0.32346 -0.589105 1428740.0
39 -0.04615 8.83413e-05 2093.17 273.117 5.02438 5.02391 -0.360857 -0.6589 1428970.0
40 -0.04605 8.83414e-05 2093.17 273.115 5.02435 5.0239 -0.34884 -0.643112 1428880.0
41 -0.04595 8.83414e-05 2093.17 273.115 5.02435 5.0239 -0.357901 -0.687412 1428900.0
42 -0.04585 8.8341e-05 2093.17 273.115 5.02432 5.02389 -0.367495 -0.710906 1429000.0
43 -0.04575 8.83416e-05 2093.17 273.116 5.02437 5.02393 -0.355735 -0.705191 1428980.0
44 -0.04565 8.8341e-05 2093.17 273.117 5.02435 5.02395 -0.326871 -0.659556 1429060.0
45 -0.04555 8.83415e-05 2093.17 273.115 5.02435 5.02399 -0.35136 -0.692416 1429090.0
46 -0.04545 8.8341e-05 2093.17 273.115 5.02433 5.02397 -0.390203 -0.727782 1429160.0
47 -0.04535 8.83417e-05 2093.17 273.115 5.02436 5.0241 -0.385076 -0.714586 1429320.0
48 -0.04525 8.83407e-05 2093.17 273.117 5.02434 5.02403 -0.386878 -0.734766 1429290.0
49 -0.04515 8.83422e-05 2093.17 273.118 5.02444 5.02405 -0.383909 -0.710242 1429320.0
50 -0.04505 8.83412e-05 2093.17 273.115 5.02434 5.02401 -0.388462 -0.723491 1429350.0
51 -0.04495 8.83416e-05 2093.17 273.117 5.0244 5.0241 -0.378984 -0.713749 1429360.0
52 -0.04485 8.83409e-05 2093.17 273.117 5.02435 5.024 -0.426809 -0.797407 1429550.0
53 -0.04475 8.83419e-05 2093.17 273.12 5.02447 5.0242 -0.435658 -0.795191 1429610.0
54 -0.04465 8.83403e-05 2093.17 273.117 5.02432 5.02409 -0.500203 -0.886767 1429920.0
55 -0.04455 8.83424e-05 2093.17 273.117 5.02445 5.02424 -0.497422 -0.873193 1429960.0
56 -0.04445 8.8341e-05 2093.17 273.12 5.02442 5.02422 -0.480704 -0.862831 1429950.0
57 -0.04435 8.83421e-05 2093.17 273.117 5.02442 5.02429 -0.511629 -0.888872 1430150.0
58 -0.04425 8.83414e-05 2093.17 273.122 5.02447 5.02428 -0.530113 -0.898897 1430250.0
59 -0.04415 8.83418e-05 2093.17 273.119 5.02445 5.02428 -0.557577 -0.956027 1430470.0
60 -0.04405 8.83403e-05 2093.17 273.119 5.02437 5.02425 -0.553254 -0.905852 1430390.0
61 -0.04395 8.83419e-05 2093.17 273.121 5.02448 5.02424 -0.618304 -0.994689 1430730.0
62 -0.04385 8.83419e-05 2093.17 273.122 5.02451 5.0243 -0.614486 -1.04109 1430660.0
63 -0.04375 8.83411e-05 2093.17 273.119 5.02441 5.02426 -0.588546 -1.0053 1430740.0
64 -0.04365 8.83413e-05 2093.17 273.122 5.02447 5.02433 -0.621427 -1.03601 1430780.0
65 -0.04355 8.83423e-05 2093.17 273.121 5.0245 5.02432 -0.674303 -1.12746 1431120.0
66 -0.04345 8.83416e-05 2093.17 273.123 5.0245 5.02437 -0.642989 -1.04357 1430950.0
67 -0.04335 8.83417e-05 2093.17 273.121 5.02447 5.02429 -0.629228 -1.02896 1430880.0
68 -0.04325 8.8341e-05 2093.17 273.122 5.02446 5.02422 -0.649538 -1.0667 1430970.0
69 -0.04315 8.8341e-05 2093.17 273.12 5.02442 5.02423 -0.661806 -1.07949 1430940.0
70 -0.04305 8.83413e-05 2093.17 273.121 5.02446 5.02421 -0.669482 -1.04988 1431120.0
71 -0.04295 8.83411e-05 2093.17 273.122 5.02446 5.02432 -0.702956 -1.09585 1431250.0
72 -0.04285 8.8342e-05 2093.17 273.125 5.02457 5.02438 -0.690455 -1.09577 1431340.0
73 -0.04275 8.83415e-05 2093.17 273.122 5.02449 5.02428 -0.721158 -1.10323 1431460.0
74 -0.04265 8.83407e-05 2093.17 273.123 5.02445 5.02429 -0.729996 -1.15113 1431570.0
75 -0.04255 8.83415e-05 2093.17 273.123 5.0245 5.02428 -0.812446 -1.23596 1431880.0
76 -0.04245 8.83416e-05 2093.17 273.127 5.02458 5.02441 -0.869657 -1.31475 1432320.0
77 -0.04235 8.83414e-05 2093.17 273.127 5.02457 5.0245 -0.892602 -1.36972 1432570.0
78 -0.04225 8.83416e-05 2093.17 273.125 5.02454 5.02442 -0.828712 -1.30675 1432330.0
79 -0.04215 8.83407e-05 2093.17 273.126 5.02452 5.02439 -0.852411 -1.35366 1432350.0
80 -0.04205 8.83419e-05 2093.17 273.124 5.02454 5.02433 -0.807988 -1.30886 1432220.0
81 -0.04195 8.83414e-05 2093.17 273.126 5.02454 5.02438 -0.90524 -1.39971 1432670.0
82 -0.04185 8.83408e-05 2093.17 273.126 5.02451 5.02442 -0.899081 -1.4275 1432710.0
83 -0.04175 8.83408e-05 2093.17 273.128 5.02455 5.02448 -0.954158 -1.50415 1432930.0
84 -0.04165 8.83423e-05 2093.17 273.126 5.0246 5.02447 -0.9848 -1.54569 1433120.0
85 -0.04155 8.83414e-05 2093.17 273.127 5.02456 5.02446 -0.999356 -1.54542 1433210.0
86 -0.04145 8.83403e-05 2093.17 273.13 5.02456 5.02446 -1.0809 -1.65013 1433700.0
87 -0.04135 8.83413e-05 2093.17 273.128 5.02458 5.0245 -1.07175 -1.66622 1433600.0
88 -0.04125 8.83419e-05 2093.17 273.127 5.0246 5.02452 -1.02284 -1.63371 1433620.0
89 -0.04115 8.83413e-05 2093.17 273.13 5.02462 5.02443 -1.07429 -1.65972 1433750.0
90 -0.04105 8.83408e-05 2093.17 273.128 5.02456 5.02447 -1.09455 -1.68411 1433840.0
91 -0.04095 8.83417e-05 2093.17 273.131 5.02465 5.02446 -1.12306 -1.71476 1434070.0
92 -0.04085 8.83416e-05 2093.17 273.13 5.02463 5.02443 -1.20486 -1.82594 1434470.0
93 -0.04075 8.83416e-05 2093.17 273.131 5.02466 5.02451 -1.19556 -1.77167 1434480.0
94 -0.04065 8.83407e-05 2093.17 273.131 5.02459 5.02451 -1.1989 -1.81136 1434720.0
95 -0.04055 8.83419e-05 2093.16 273.132 5.02468 5.02454 -1.16321 -1.74621 1434480.0
96 -0.04045 8.83423e-05 2093.17 273.13 5.02467 5.02456 -1.23252 -1.84388 1434800.0
97 -0.04035 8.83413e-05 2093.17 273.133 5.02467 5.02455 -1.264 -1.90159 1435120.0
98 -0.04025 8.83418e-05 2093.16 273.134 5.02472 5.02461 -1.34086 -1.99248 1435590.0
99 -0.04015 8.8341e-05 2093.17 273.135 5.02469 5.02455 -1.38214 -2.05151 1435750.0
100 -0.04005 8.83419e-05 2093.17 273.135 5.02474 5.02466 -1.46863 -2.20536 1436190.0
101 -0.03995 8.83415e-05 2093.17 273.137 5.02475 5.02475 -1.42505 -2.15036 1436030.0
102 -0.03985 8.83419e-05 2093.17 273.134 5.02472 5.02471 -1.43447 -2.16892 1436170.0
103 -0.03975 8.83413e-05 2093.17 273.136 5.02473 5.02466 -1.42868 -2.1527 1435980.0
104 -0.03965 8.8342e-05 2093.16 273.136 5.02477 5.02476 -1.46734 -2.22526 1436380.0
105 -0.03955 8.83421e-05 2093.16 273.138 5.0248 5.02484 -1.62406 -2.40592 1437090.0
106 -0.03945 8.83413e-05 2093.16 273.14 5.0248 5.02476 -1.55709 -2.33535 1436840.0
107 -0.03935 8.83419e-05 2093.17 273.137 5.02477 5.02477 -1.56088 -2.35859 1436840.0
108 -0.03925 8.83417e-05 2093.16 273.138 5.02479 5.02481 -1.62276 -2.48585 1437190.0
109 -0.03915 8.83414e-05 2093.16 273.141 5.02482 5.02491 -1.76868 -2.73129 1438030.0
110 -0.03905 8.83418e-05 2093.16 273.143 5.02489 5.02497 -1.86734 -2.83777 1438540.0
111 -0.03895 8.8342e-05 2093.16 273.144 5.02492 5.025 -1.88442 -2.86218 1438470.0
112 -0.03885 8.83416e-05 2093.16 273.144 5.02489 5.02496 -1.94161 -2.95796 1439030.0
113 -0.03875 8.83411e-05 2093.16 273.143 5.02485 5.02487 -1.86181 -2.84604 1438510.0
114 -0.03865 8.83421e-05 2093.16 273.144 5.02492 5.02498 -1.97865 -3.00931 1439230.0
115 -0.03855 8.83415e-05 2093.16 273.144 5.02488 5.02497 -1.96339 -2.98279 1439100.0
116 -0.03845 8.83415e-05 2093.16 273.148 5.02496 5.02504 -2.1197 -3.17192 1440050.0
117 -0.03835 8.83416e-05 2093.16 273.15 5.025 5.02519 -2.23978 -3.35601 1440830.0
118 -0.03825 8.83417e-05 2093.16 273.148 5.02498 5.02514 -2.28933 -3.43258 1440940.0
119 -0.03815 8.83407e-05 2093.16 273.152 5.02499 5.02523 -2.34734 -3.55246 1441380.0
120 -0.03805 8.83422e-05 2093.16 273.149 5.02501 5.02516 -2.25889 -3.43796 1441200.0
121 -0.03795 8.83413e-05 2093.16 273.152 5.02502 5.02518 -2.3286 -3.51107 1441530.0
122 -0.03785 8.83412e-05 2093.16 273.152 5.02501 5.02509 -2.32247 -3.51409 1441480.0
123 -0.03775 8.83417e-05 2093.16 273.151 5.02503 5.02513 -2.39174 -3.59203 1442160.0
124 -0.03765 8.83413e-05 2093.16 273.153 5.02504 5.02521 -2.52836 -3.80442 1442750.0
125 -0.03755 8.8342e-05 2093.16 273.156 5.02513 5.02523 -2.5893 -3.822 1443050.0
126 -0.03745 8.83416e-05 2093.16 273.156 5.02511 5.02529 -2.58017 -3.82363 1443170.0
127 -0.03735 8.83419e-05 2093.16 273.16 5.02521 5.02537 -2.79498 -4.13773 1444400.0
128 -0.03725 8.83412e-05 2093.16 273.16 5.02516 5.02542 -2.84247 -4.18197 1444610.0
129 -0.03715 8.83422e-05 2093.16 273.16 5.02522 5.0255 -2.8478 -4.23784 1444960.0
130 -0.03705 8.83414e-05 2093.16 273.163 5.02524 5.02548 -2.92938 -4.36048 1445260.0
131 -0.03695 8.83415e-05 2093.16 273.162 5.02522 5.02557 -3.04071 -4.55794 1446110.0
132 -0.03685 8.83425e-05 2093.16 273.166 5.02534 5.02575 -3.16103 -4.69706 1446630.0
133 -0.03675 8.83407e-05 2093.16 273.166 5.02525 5.02564 -3.22874 -4.81737 1447130.0
134 -0.03665 8.83421e-05 2093.16 273.168 5.02537 5.02578 -3.35662 -4.96541 1447860.0
135 -0.03655 8.83419e-05 2093.16 273.173 5.02545 5.02594 -3.45441 -5.12379 1448610.0
136 -0.03645 8.83423e-05 2093.16 273.171 5.02543 5.02596 -3.52518 -5.2506 1449150.0
137 -0.03635 8.83413e-05 2093.16 273.171 5.02537 5.0259 -3.56191 -5.32027 1449430.0
138 -0.03625 8.83426e-05 2093.16 273.176 5.02554 5.02602 -3.65619 -5.43894 1449980.0
139 -0.03615 8.83417e-05 2093.16 273.173 5.02543 5.02601 -3.74902 -5.60736 1450680.0
140 -0.03605 8.83417e-05 2093.16 273.179 5.02555 5.02615 -3.85763 -5.74484 1451540.0
141 -0.03595 8.83424e-05 2093.16 273.18 5.02559 5.02623 -4.05372 -5.99994 1452280.0
142 -0.03585 8.83422e-05 2093.16 273.18 5.02558 5.02622 -4.19266 -6.22675 1453300.0
143 -0.03575 8.83414e-05 2093.16 273.187 5.02567 5.02644 -4.23587 -6.31236 1453870.0
144 -0.03565 8.83427e-05 2093.16 273.185 5.0257 5.02657 -4.34966 -6.50394 1454250.0
145 -0.03555 8.83424e-05 2093.16 273.19 5.02579 5.02667 -4.61461 -6.86976 1455620.0
146 -0.03545 8.83415e-05 2093.15 273.195 5.02582 5.0268 -4.81132 -7.15388 1456820.0
147 -0.03535 8.8342e-05 2093.15 273.193 5.02582 5.02678 -4.82411 -7.1694 1457170.0
148 -0.03525 8.8342e-05 2093.15 273.193 5.02581 5.02678 -4.90716 -7.312 1457800.0
149 -0.03515 8.83423e-05 2093.16 273.199 5.02595 5.02689 -5.01495 -7.45681 1458520.0
150 -0.03505 8.83418e-05 2093.15 273.202 5.02597 5.02695 -5.26416 -7.73127 1459900.0
151 -0.03495 8.83425e-05 2093.15 273.2 5.02597 5.02697 -5.27829 -7.75558 1460100.0
152 -0.03485 8.83418e-05 2093.15 273.207 5.02606 5.02708 -5.52214 -8.05791 1461490.0
153 -0.03475 8.83429e-05 2093.15 273.206 5.02611 5.02718 -5.57781 -8.16647 1462000.0
154 -0.03465 8.83424e-05 2093.15 273.209 5.02614 5.02725 -5.65162 -8.42051 1463020.0
155 -0.03455 8.83418e-05 2093.15 273.209 5.0261 5.02717 -5.68425 -8.45765 1463140.0
156 -0.03445 8.83426e-05 2093.15 273.213 5.02623 5.02732 -5.86364 -8.73395 1464480.0
157 -0.03435 8.83425e-05 2093.15 273.216 5.02627 5.02755 -6.09639 -9.07711 1465780.0
158 -0.03425 8.83418e-05 2093.15 273.217 5.02624 5.02753 -6.2256 -9.21589 1466710.0
159 -0.03415 8.83429e-05 2093.15 273.221 5.02638 5.02768 -6.44439 -9.506 1468020.0
160 -0.03405 8.83421e-05 2093.15 273.228 5.02647 5.02787 -6.6544 -9.82411 1469000.0
161 -0.03395 8.83423e-05 2093.15 273.229 5.02649 5.02793 -6.8986 -10.1952 1470870.0
162 -0.03385 8.83424e-05 2093.15 273.232 5.02655 5.02798 -7.06028 -10.3859 1471680.0
163 -0.03375 8.83416e-05 2093.15 273.238 5.02662 5.02816 -7.396 -10.8359 1473750.0
164 -0.03365 8.8342e-05 2093.14 273.24 5.02668 5.02825 -7.52176 -11.1035 1474500.0
165 -0.03355 8.83427e-05 2093.15 273.246 5.02682 5.02844 -7.83097 -11.4574 1476430.0
166 -0.03345 8.83427e-05 2093.14 273.253 5.02696 5.02861 -8.20592 -11.9532 1478530.0
167 -0.03335 8.83411e-05 2093.14 273.254 5.0269 5.02864 -8.35846 -12.199 1479680.0
168 -0.03325 8.83435e-05 2093.14 273.26 5.02713 5.0289 -8.57055 -12.5669 1481060.0
169 -0.03315 8.8342e-05 2093.14 273.266 5.02715 5.02904 -8.91645 -13.1025 1483250.0
170 -0.03305 8.83421e-05 2093.14 273.267 5.02718 5.02916 -9.05932 -13.2947 1484190.0
171 -0.03295 8.83421e-05 2093.14 273.275 5.02733 5.02947 -9.48529 -13.8856 1486550.0
172 -0.03285 8.83436e-05 2093.14 273.277 5.02746 5.02957 -9.50126 -13.9889 1487320.0
173 -0.03275 8.83421e-05 2093.14 273.279 5.0274 5.02958 -9.73353 -14.3267 1488910.0
174 -0.03265 8.83424e-05 2093.14 273.283 5.02749 5.02962 -9.96186 -14.6973 1489980.0
175 -0.03255 8.83427e-05 2093.14 273.285 5.02755 5.02993 -10.1567 -15.1277 1491520.0
176 -0.03245 8.83424e-05 2093.14 273.295 5.02771 5.03022 -10.5844 -15.7106 1493940.0
177 -0.03235 8.8343e-05 2093.13 273.296 5.02777 5.03015 -10.6433 -15.7689 1494750.0
178 -0.03225 8.83421e-05 2093.13 273.306 5.02791 5.03039 -11.1667 -16.4257 1497700.0
179 -0.03215 8.8344e-05 2093.13 273.311 5.0281 5.03067 -11.6403 -17.1475 1500910.0
180 -0.03205 8.83426e-05 2093.13 273.319 5.02817 5.03081 -12.0019 -17.516 1502300.0
181 -0.03195 8.83428e-05 2093.13 273.332 5.02841 5.03125 -12.6129 -18.4613 1506200.0
182 -0.03185 8.83433e-05 2093.13 273.339 5.02858 5.03154 -13.0528 -19.0573 1508630.0
183 -0.03175 8.83439e-05 2093.13 273.342 5.02868 5.03176 -13.4435 -19.6865 1511500.0
184 -0.03165 8.83431e-05 2093.12 273.354 5.02883 5.0321 -13.8922 -20.2328 1513880.0
185 -0.03155 8.83427e-05 2093.12 273.36 5.02892 5.03229 -14.2873 -20.8967 1516360.0
186 -0.03145 8.83442e-05 2093.12 273.367 5.02915 5.03261 -14.7567 -21.6919 1519460.0
187 -0.03135 8.83438e-05 2093.12 273.378 5.02931 5.03292 -15.2146 -22.3856 1521930.0
188 -0.03125 8.83431e-05 2093.12 273.378 5.02929 5.03287 -15.33 -22.4977 1523530.0
189 -0.03115 8.83442e-05 2093.12 273.383 5.02944 5.03315 -15.6698 -23.1022 1525920.0
190 -0.03105 8.83436e-05 2093.12 273.391 5.02955 5.03329 -15.9814 -23.5752 1527800.0
191 -0.03095 8.8344e-05 2093.11 273.399 5.02973 5.03358 -16.6033 -24.3519 1531430.0
192 -0.03085 8.83442e-05 2093.12 273.407 5.02988 5.03381 -16.8606 -24.9354 1533570.0
193 -0.03075 8.83437e-05 2093.11 273.412 5.02995 5.03395 -17.3069 -25.5663 1536500.0
194 -0.03065 8.83438e-05 2093.11 273.423 5.03016 5.03438 -17.8285 -26.3952 1539560.0
195 -0.03055 8.83448e-05 2093.11 273.434 5.03042 5.0348 -18.5271 -27.5998 1543710.0
196 -0.03045 8.83445e-05 2093.11 273.446 5.03062 5.03521 -19.2407 -28.4992 1547710.0
197 -0.03035 8.83448e-05 2093.11 273.463 5.03093 5.03569 -20.169 -29.7226 1552830.0
198 -0.03025 8.83441e-05 2093.1 273.47 5.03103 5.03587 -20.5224 -30.3512 1555730.0
199 -0.03015 8.83448e-05 2093.1 273.483 5.03131 5.0364 -21.3835 -31.6379 1560640.0
200 -0.03005 8.83447e-05 2093.1 273.491 5.03145 5.0366 -21.7697 -32.2708 1563630.0
201 -0.02995 8.83446e-05 2093.1 273.506 5.03172 5.03722 -22.666 -33.5069 1568670.0
202 -0.02985 8.83452e-05 2093.09 273.521 5.03204 5.0375 -23.4139 -34.5283 1573240.0
203 -0.02975 8.83445e-05 2093.09 273.535 5.03226 5.03799 -24.1832 -35.5356 1577700.0
204 -0.02965 8.83455e-05 2093.09 273.547 5.03252 5.03838 -25.0447 -36.8289 1582710.0
205 -0.02955 8.83446e-05 2093.09 273.564 5.03279 5.03884 -25.8976 -38.0299 1588080.0
206 -0.02945 8.83449e-05 2093.09 273.575 5.03302 5.03922 -26.4406 -38.8403 1591640.0
207 -0.02935 8.83455e-05 2093.08 273.591 5.03333 5.03974 -27.4449 -40.1516 1597710.0
208 -0.02925 8.83451e-05 2093.08 273.604 5.03354 5.04018 -28.1671 -41.282 1602030.0
209 -0.02915 8.83449e-05 2093.08 273.619 5.03382 5.04076 -28.9858 -42.617 1607400.0
210 -0.02905 8.83459e-05 2093.07 273.632 5.03411 5.04127 -29.905 -43.861 1613070.0
211 -0.02895 8.83453e-05 2093.07 273.654 5.03448 5.0419 -30.9032 -45.3944 1618890.0
212 -0.02885 8.83451e-05 2093.07 273.669 5.03475 5.04249 -31.9715 -46.8315 1625460.0
213 -0.02875 8.83468e-05 2093.06 273.69 5.03523 5.04311 -32.9919 -48.2545 1631370.0
214 -0.02865 8.83453e-05 2093.06 273.709 5.0355 5.04369 -34.1529 -49.9398 1638500.0
215 -0.02855 8.83476e-05 2093.06 273.727 5.03596 5.0444 -35.1028 -51.5222 1644580.0
216 -0.02845 8.83455e-05 2093.05 273.746 5.0362 5.04502 -36.2478 -53.2411 1651420.0
217 -0.02835 8.83469e-05 2093.05 273.752 5.03637 5.04508 -36.5037 -53.6435 1654000.0
218 -0.02825 8.83468e-05 2093.05 273.766 5.03662 5.04565 -37.3808 -55.1491 1659920.0
219 -0.02815 8.83462e-05 2093.05 273.789 5.03701 5.04646 -38.5263 -57.0306 1667540.0
220 -0.02805 8.8347e-05 2093.04 273.813 5.03751 5.04715 -40.0511 -58.9949 1675870.0
221 -0.02795 8.83468e-05 2093.04 273.837 5.03795 5.04805 -41.4121 -61.0423 1683730.0
222 -0.02785 8.8347e-05 2093.03 273.853 5.03824 5.04861 -42.2468 -62.5262 1689850.0
223 -0.02775 8.8348e-05 2093.03 273.871 5.03864 5.04927 -43.3817 -64.2629 1697080.0
224 -0.02765 8.83474e-05 2093.03 273.893 5.039 5.04988 -44.5267 -65.8995 1704330.0
225 -0.02755 8.8348e-05 2093.02 273.916 5.03945 5.05066 -45.9912 -68.0366 1713460.0
226 -0.02745 8.83467e-05 2093.02 273.948 5.03998 5.05142 -47.5549 -70.0631 1722220.0
227 -0.02735 8.83487e-05 2093.01 273.971 5.04052 5.05243 -49.1404 -72.6137 1732350.0
228 -0.02725 8.83478e-05 2093.01 273.998 5.04096 5.05313 -50.4559 -74.4929 1740710.0
229 -0.02715 8.83489e-05 2093.01 274.02 5.04143 5.05399 -51.8956 -76.7679 1749630.0
230 -0.02705 8.83483e-05 2093.0 274.053 5.042 5.05497 -53.7016 -79.3108 1760330.0
231 -0.02695 8.83482e-05 2093.0 274.086 5.04259 5.05584 -55.5199 -81.6588 1771180.0
232 -0.02685 8.83492e-05 2092.99 274.112 5.04313 5.05687 -56.9227 -84.026 1779930.0
233 -0.02675 8.83497e-05 2092.99 274.131 5.04351 5.05757 -58.0338 -85.8569 1788370.0
234 -0.02665 8.83495e-05 2092.98 274.166 5.04415 5.05862 -59.9541 -88.6957 1799410.0
235 -0.02655 8.83498e-05 2092.98 274.196 5.04472 5.0597 -61.9599 -91.703 1812430.0
236 -0.02645 8.83499e-05 2092.97 274.237 5.04547 5.06094 -64.1405 -94.612 1824860.0
237 -0.02635 8.835e-05 2092.97 274.266 5.046 5.06184 -65.6101 -96.9817 1834310.0
238 -0.02625 8.8351e-05 2092.96 274.311 5.04689 5.06346 -68.3047 -101.038 1850520.0
239 -0.02615 8.83506e-05 2092.95 274.341 5.04743 5.06452 -70.03 -103.757 1860830.0
240 -0.02605 8.8351e-05 2092.94 274.37 5.04799 5.06552 -71.6454 -106.536 1872480.0
241 -0.02595 8.83513e-05 2092.94 274.416 5.04885 5.06695 -74.2646 -110.072 1887060.0
242 -0.02585 8.83516e-05 2092.93 274.452 5.04952 5.06804 -76.2137 -112.997 1899330.0
243 -0.02575 8.83519e-05 2092.92 274.495 5.05033 5.06944 -78.8145 -116.711 1915580.0
244 -0.02565 8.83519e-05 2092.92 274.525 5.05089 5.07024 -80.3273 -119.019 1926050.0
245 -0.02555 8.83525e-05 2092.91 274.575 5.05184 5.07183 -83.117 -122.859 1941720.0
246 -0.02545 8.83532e-05 2092.9 274.622 5.05275 5.07351 -86.0582 -127.337 1960850.0
247 -0.02535 8.8353e-05 2092.89 274.665 5.05353 5.07498 -88.2289 -130.92 1973620.0
248 -0.02525 8.83534e-05 2092.88 274.709 5.05436 5.07636 -90.9892 -134.895 1991460.0
249 -0.02515 8.83542e-05 2092.88 274.754 5.05523 5.07775 -93.3109 -138.263 2006050.0
250 -0.02505 8.83535e-05 2092.87 274.806 5.05616 5.07944 -96.2791 -142.592 2023620.0
251 -0.02495 8.8355e-05 2092.86 274.86 5.05723 5.0813 -99.6763 -147.531 2044150.0
252 -0.02485 8.83544e-05 2092.85 274.914 5.05819 5.08296 -102.366 -151.596 2060720.0
253 -0.02475 8.83549e-05 2092.84 274.972 5.05927 5.08502 -105.881 -156.878 2082260.0
254 -0.02465 8.83565e-05 2092.83 275.032 5.06047 5.08678 -109.058 -161.24 2101270.0
255 -0.02455 8.83561e-05 2092.82 275.085 5.06144 5.08873 -112.329 -166.336 2121750.0
256 -0.02445 8.83564e-05 2092.81 275.153 5.0627 5.09085 -115.989 -171.88 2144070.0
257 -0.02435 8.83573e-05 2092.8 275.213 5.06385 5.09272 -119.491 -176.751 2165350.0
258 -0.02425 8.8358e-05 2092.78 275.292 5.06535 5.0953 -123.828 -182.992 2191220.0
259 -0.02415 8.83583e-05 2092.77 275.354 5.06651 5.09747 -127.525 -188.791 2213800.0
260 -0.02405 8.83582e-05 2092.76 275.419 5.0677 5.09953 -131.139 -194.092 2236300.0
261 -0.02395 8.83598e-05 2092.75 275.487 5.06904 5.10173 -135.007 -199.891 2260150.0
262 -0.02385 8.83593e-05 2092.73 275.571 5.07057 5.10447 -139.85 -206.791 2288770.0
263 -0.02375 8.83606e-05 2092.72 275.648 5.07205 5.10691 -143.927 -212.872 2313810.0
264 -0.02365 8.83606e-05 2092.7 275.727 5.0735 5.1095 -148.593 -219.74 2342090.0
265 -0.02355 8.83616e-05 2092.69 275.825 5.07537 5.11277 -154.157 -227.635 2374200.0
266 -0.02345 8.83627e-05 2092.67 275.89 5.07661 5.11515 -157.913 -234.102 2399770.0
267 -0.02335 8.83631e-05 2092.66 275.966 5.07805 5.11757 -162.136 -240.33 2425840.0
268 -0.02325 8.83631e-05 2092.64 276.066 5.07989 5.12042 -167.719 -247.81 2458090.0
269 -0.02315 8.83643e-05 2092.63 276.162 5.08172 5.1236 -173.217 -255.954 2491630.0
270 -0.02305 8.83656e-05 2092.61 276.25 5.08342 5.12684 -178.422 -264.167 2524790.0
271 -0.02295 8.83652e-05 2092.6 276.335 5.08495 5.12939 -182.931 -270.854 2552470.0
272 -0.02285 8.83665e-05 2092.58 276.437 5.08691 5.13292 -188.969 -279.908 2589350.0
273 -0.02275 8.83669e-05 2092.56 276.554 5.08907 5.1366 -195.466 -289.209 2627740.0
274 -0.02265 8.83683e-05 2092.54 276.666 5.09123 5.14028 -201.795 -298.478 2665780.0
275 -0.02255 8.83687e-05 2092.52 276.771 5.09317 5.14384 -207.727 -307.457 2702200.0
276 -0.02245 8.83688e-05 2092.5 276.878 5.09515 5.14716 -213.745 -316.389 2740020.0
277 -0.02235 8.83706e-05 2092.48 276.985 5.09723 5.15096 -220.05 -326.343 2779970.0
278 -0.02225 8.83715e-05 2092.46 277.122 5.0998 5.15532 -227.731 -337.033 2823920.0
279 -0.02215 8.83723e-05 2092.43 277.255 5.10229 5.15952 -235.088 -347.517 2867700.0
280 -0.02205 8.83734e-05 2092.41 277.382 5.1047 5.16395 -242.416 -358.926 2913300.0
281 -0.02195 8.83741e-05 2092.39 277.498 5.10687 5.16765 -249.018 -368.815 2955420.0
282 -0.02185 8.83743e-05 2092.37 277.608 5.1089 5.17134 -255.022 -378.352 2993830.0
283 -0.02175 8.83771e-05 2092.34 277.768 5.112 5.17673 -264.522 -392.199 3050410.0
284 -0.02165 8.83772e-05 2092.31 277.932 5.11503 5.18229 -273.323 -405.696 3102020.0
285 -0.02155 8.8378e-05 2092.28 278.106 5.11828 5.18804 -283.335 -420.064 3160810.0
286 -0.02145 8.83801e-05 2092.25 278.254 5.12113 5.19302 -291.888 -433.124 3214390.0
287 -0.02135 8.83806e-05 2092.23 278.396 5.12377 5.19769 -299.901 -445.2 3264370.0
288 -0.02125 8.83817e-05 2092.2 278.544 5.12657 5.20236 -308.271 -457.537 3316520.0
289 -0.02115 8.83836e-05 2092.17 278.725 5.12999 5.20825 -318.509 -472.538 3377780.0
290 -0.02105 8.8385e-05 2092.13 278.918 5.13364 5.21468 -329.502 -488.52 3441930.0
291 -0.02095 8.83866e-05 2092.1 279.126 5.13755 5.22154 -341.135 -505.701 3511470.0
292 -0.02085 8.83873e-05 2092.07 279.295 5.1407 5.22681 -350.661 -519.82 3571030.0
293 -0.02075 8.83889e-05 2092.04 279.48 5.14421 5.23279 -361.374 -535.23 3636580.0
294 -0.02065 8.83905e-05 2092.0 279.681 5.14801 5.23946 -372.648 -552.322 3705350.0
295 -0.02055 8.8393e-05 2091.96 279.92 5.15255 5.24743 -386.318 -572.021 3784680.0
296 -0.02045 8.83936e-05 2091.92 280.141 5.15664 5.25482 -398.582 -590.651 3858380.0
297 -0.02035 8.83961e-05 2091.88 280.375 5.16109 5.26246 -412.059 -610.011 3939620.0
298 -0.02025 8.83982e-05 2091.84 280.6 5.16535 5.26975 -424.79 -628.727 4017130.0
299 -0.02015 8.8399e-05 2091.8 280.806 5.16921 5.27625 -436.171 -645.954 4088240.0
300 -0.02005 8.84008e-05 2091.76 281.042 5.17364 5.28438 -449.809 -667.144 4172840.0
301 -0.01995 8.8403e-05 2091.72 281.288 5.17831 5.29217 -463.481 -686.731 4254360.0
302 -0.01985 8.84054e-05 2091.66 281.565 5.18356 5.30184 -479.458 -711.151 4351310.0
303 -0.01975 8.8407e-05 2091.62 281.821 5.18835 5.30998 -493.82 -732.305 4439350.0
304 -0.01965 8.84082e-05 2091.58 282.058 5.19279 5.3179 -507.291 -753.383 4524430.0
305 -0.01955 8.84111e-05 2091.52 282.368 5.19867 5.32817 -524.828 -779.112 4628530.0
306 -0.01945 8.84135e-05 2091.46 282.681 5.20458 5.33849 -542.419 -804.816 4731490.0
307 -0.01935 8.84154e-05 2091.41 282.977 5.21013 5.34818 -559.291 -830.215 4836430.0
308 -0.01925 8.84177e-05 2091.36 283.281 5.21587 5.35851 -576.46 -856.358 4940690.0
309 -0.01915 8.84207e-05 2091.29 283.642 5.22269 5.37082 -597.195 -887.256 5064140.0
310 -0.01905 8.84238e-05 2091.23 283.99 5.22928 5.38222 -616.669 -915.711 5179150.0
311 -0.01895 8.84255e-05 2091.16 284.36 5.2362 5.39426 -637.495 -945.921 5302620.0
312 -0.01885 8.84293e-05 2091.1 284.703 5.24274 5.40585 -657.263 -975.721 5422200.0
313 -0.01875 8.84311e-05 2091.03 285.089 5.24996 5.41837 -678.935 -1007.27 5551540.0
314 -0.01865 8.84352e-05 2090.96 285.495 5.25767 5.43222 -701.905 -1041.79 5688230.0
315 -0.01855 8.84367e-05 2090.89 285.868 5.26463 5.44456 -723.001 -1073.75 5816870.0
316 -0.01845 8.84413e-05 2090.81 286.292 5.27271 5.45893 -747.202 -1109.93 5962850.0
317 -0.01835 8.8444e-05 2090.73 286.738 5.28109 5.47343 -772.495 -1146.58 6113830.0
318 -0.01825 8.84464e-05 2090.66 287.157 5.28895 5.48745 -795.922 -1182.15 6255010.0
319 -0.01815 8.84509e-05 2090.58 287.605 5.29746 5.50225 -821.355 -1220.02 6410190.0
320 -0.01805 8.84548e-05 2090.49 288.097 5.30676 5.51883 -849.046 -1261.31 6572720.0
321 -0.01795 8.84586e-05 2090.4 288.589 5.31605 5.53506 -877.502 -1303.33 6746230.0
322 -0.01785 8.84622e-05 2090.31 289.11 5.32588 5.55265 -906.677 -1347.11 6919610.0
323 -0.01775 8.84663e-05 2090.21 289.619 5.33549 5.56924 -935.512 -1389.53 7092910.0
324 -0.01765 8.84695e-05 2090.11 290.168 5.34581 5.58769 -966.582 -1435.87 7277680.0
325 -0.01755 8.84748e-05 2090.01 290.71 5.3561 5.60626 -997.286 -1482.8 7463820.0
326 -0.01745 8.84792e-05 2089.92 291.274 5.36676 5.62449 -1029.34 -1529.59 7656520.0
327 -0.01735 8.84826e-05 2089.81 291.869 5.37793 5.64467 -1062.66 -1580.12 7856110.0
328 -0.01725 8.8489e-05 2089.69 292.503 5.39001 5.66586 -1098.85 -1633.42 8071080.0
329 -0.01715 8.84931e-05 2089.58 293.1 5.40125 5.68587 -1132.57 -1684.54 8276540.0
330 -0.01705 8.84982e-05 2089.46 293.788 5.41425 5.70879 -1171.33 -1741.75 8504900.0
331 -0.01695 8.85034e-05 2089.33 294.489 5.42748 5.73183 -1211.08 -1799.85 8741320.0
332 -0.01685 8.85093e-05 2089.2 295.224 5.4414 5.7561 -1252.69 -1860.43 8986670.0
333 -0.01675 8.85146e-05 2089.07 295.959 5.45528 5.78079 -1294.42 -1922.84 9236880.0
334 -0.01665 8.85207e-05 2088.93 296.671 5.46877 5.80512 -1334.65 -1984.29 9479890.0
335 -0.01655 8.85269e-05 2088.8 297.442 5.48337 5.83065 -1378.02 -2048.51 9738310.0
336 -0.01645 8.85316e-05 2088.65 298.25 5.49855 5.85783 -1423.83 -2117.34 10013900.0
337 -0.01635 8.85404e-05 2088.49 299.147 5.51564 5.88789 -1474.63 -2191.65 10310200.0
338 -0.01625 8.8545e-05 2088.33 300.025 5.53211 5.91731 -1523.96 -2265.54 10603500.0
339 -0.01615 8.85534e-05 2088.17 300.857 5.54798 5.94561 -1571.24 -2337.49 10891700.0
340 -0.01605 8.85602e-05 2088.01 301.767 5.5652 5.97571 -1622.78 -2414.03 11200400.0
341 -0.01595 8.85662e-05 2087.84 302.72 5.58315 6.00749 -1676.33 -2493.4 11516900.0
342 -0.01585 8.8575e-05 2087.65 303.769 5.60306 6.04275 -1735.62 -2581.27 11867100.0
343 -0.01575 8.85838e-05 2087.46 304.818 5.62295 6.0779 -1794.95 -2669.02 12218200.0
344 -0.01565 8.85907e-05 2087.27 305.842 5.64229 6.11248 -1852.87 -2756.17 12565400.0
345 -0.01555 8.86e-05 2087.07 306.941 5.66317 6.14975 -1914.86 -2849.36 12933600.0
346 -0.01545 8.86087e-05 2086.86 308.071 5.68456 6.18803 -1978.62 -2945.16 13312400.0
347 -0.01535 8.86174e-05 2086.64 309.294 5.70768 6.22946 -2047.92 -3048.47 13723100.0
348 -0.01525 8.86272e-05 2086.43 310.46 5.72983 6.26866 -2113.55 -3146.98 14115300.0
349 -0.01515 8.86374e-05 2086.18 311.78 5.75487 6.31356 -2188.49 -3258.7 14557300.0
350 -0.01505 8.8647e-05 2085.94 313.118 5.78018 6.35814 -2263.4 -3369.28 14996200.0
351 -0.01495 8.86581e-05 2085.7 314.443 5.80537 6.40331 -2338.51 -3482.67 15446300.0
352 -0.01485 8.86682e-05 2085.45 315.818 5.83141 6.44938 -2416.01 -3598.43 15908200.0
353 -0.01475 8.86806e-05 2085.17 317.309 5.85977 6.49968 -2500.52 -3723.63 16405100.0
354 -0.01465 8.86914e-05 2084.91 318.764 5.88736 6.54878 -2582.82 -3846.93 16897400.0
355 -0.01455 8.87029e-05 2084.63 320.345 5.91732 6.60098 -2671.54 -3976.6 17417900.0
356 -0.01445 8.87164e-05 2084.32 321.986 5.94855 6.65703 -2764.18 -4115.28 17962900.0
357 -0.01435 8.87303e-05 2084.0 323.716 5.98145 6.71559 -2861.53 -4259.24 18530400.0
358 -0.01425 8.87424e-05 2083.69 325.439 6.0141 6.77407 -2958.99 -4405.42 19110000.0
359 -0.01415 8.87575e-05 2083.37 327.177 6.04724 6.83232 -3056.68 -4550.5 19689100.0
360 -0.01405 8.8771e-05 2083.02 329.04 6.0826 6.8968 -3161.83 -4710.11 20309900.0
361 -0.01395 8.87868e-05 2082.67 330.979 6.11954 6.96118 -3271.26 -4870.41 20954500.0
362 -0.01385 8.88018e-05 2082.31 332.945 6.15693 7.02805 -3381.77 -5035.74 21605900.0
363 -0.01375 8.8818e-05 2081.95 334.93 6.19477 7.09558 -3493.45 -5204.41 22270900.0
364 -0.01365 8.8834e-05 2081.54 337.116 6.23632 7.17003 -3616.79 -5387.58 22992700.0
365 -0.01355 8.88524e-05 2081.12 339.433 6.28047 7.24854 -3746.87 -5579.36 23746300.0
366 -0.01345 8.88702e-05 2080.71 341.64 6.32258 7.32344 -3871.71 -5766.56 24490600.0
367 -0.01335 8.8889e-05 2080.29 343.908 6.36591 7.40078 -3998.59 -5957.63 25238500.0
368 -0.01325 8.89063e-05 2079.85 346.368 6.41268 7.48338 -4137.05 -6162.28 26054300.0
369 -0.01315 8.89276e-05 2079.38 348.9 6.46111 7.57 -4279.72 -6375.53 26890400.0
370 -0.01305 8.89479e-05 2078.9 351.512 6.51097 7.65813 -4426.61 -6593.19 27754600.0
371 -0.01295 8.8969e-05 2078.39 354.257 6.56337 7.75196 -4580.28 -6822.91 28649900.0
372 -0.01285 8.89922e-05 2077.86 357.119 6.61812 7.84911 -4741.82 -7061.9 29596600.0
373 -0.01275 8.90148e-05 2077.33 360.023 6.67363 7.94833 -4904.91 -7305.76 30554100.0
374 -0.01265 8.90395e-05 2076.76 363.088 6.73232 8.05353 -5076.91 -7562.39 31556900.0
375 -0.01255 8.90646e-05 2076.18 366.194 6.79181 8.15996 -5250.58 -7822.46 32573500.0
376 -0.01245 8.90906e-05 2075.56 369.512 6.85537 8.27354 -5436.68 -8098.73 33654400.0
377 -0.01235 8.91179e-05 2074.93 372.933 6.92095 8.39114 -5628.98 -8386.01 34777900.0
378 -0.01225 8.91457e-05 2074.29 376.379 6.98707 8.50904 -5821.53 -8673.7 35903900.0
379 -0.01215 8.91743e-05 2073.62 379.982 7.05622 8.63269 -6023.76 -8976.03 37088200.0
380 -0.01205 8.92041e-05 2072.92 383.742 7.12844 8.76183 -6234.17 -9289.53 38312300.0
381 -0.01195 8.92364e-05 2072.18 387.666 7.20392 8.89746 -6453.82 -9618.27 39590600.0
382 -0.01185 8.92679e-05 2071.44 391.685 7.28119 9.03522 -6678.57 -9952.52 40896900.0
383 -0.01175 8.9301e-05 2070.66 395.86 7.36152 9.17815 -6911.98 -10299.4 42255300.0
384 -0.01165 8.93368e-05 2069.86 400.146 7.44421 9.32612 -7151.96 -10658.0 43654000.0
385 -0.01155 8.93728e-05 2069.01 404.697 7.53191 9.48271 -7405.15 -11033.6 45111500.0
386 -0.01145 8.94103e-05 2068.13 409.37 7.62208 9.64522 -7666.78 -11425.6 46635200.0
387 -0.01135 8.94494e-05 2067.24 414.138 7.71422 9.80975 -7932.67 -11822.4 48180200.0
388 -0.01125 8.94894e-05 2066.31 419.151 7.81109 9.98284 -8211.59 -12236.7 49789900.0
389 -0.01115 8.9532e-05 2065.33 424.32 7.91119 10.1624 -8499.46 -12666.3 51454000.0
390 -0.01105 8.95756e-05 2064.34 429.616 8.01383 10.346 -8795.31 -13108.4 53177100.0
391 -0.01095 8.96215e-05 2063.28 435.225 8.12262 10.5409 -9106.36 -13570.8 54962600.0
392 -0.01085 8.96673e-05 2062.22 440.896 8.23266 10.737 -9422.76 -14042.7 56804900.0
393 -0.01075 8.97153e-05 2061.11 446.743 8.34631 10.9406 -9745.99 -14525.8 58667500.0
394 -0.01065 8.97687e-05 2059.89 453.224 8.47242 11.1661 -10107.9 -15060.5 60744200.0
395 -0.01055 8.98215e-05 2058.68 459.631 8.59724 11.3887 -10461.5 -15585.9 62773600.0
396 -0.01045 8.9876e-05 2057.43 466.274 8.72679 11.6203 -10830.3 -16134.9 64900200.0
397 -0.01035 8.99331e-05 2056.14 473.099 8.86015 11.8587 -11207.9 -16697.2 67069900.0
398 -0.01025 8.99914e-05 2054.77 480.336 9.00152 12.111 -11608.6 -17290.2 69367200.0
399 -0.01015 9.00559e-05 2053.34 487.903 9.14988 12.3761 -12027.0 -17909.0 71750600.0
400 -0.01005 9.01192e-05 2051.88 495.598 9.30073 12.6456 -12452.0 -18540.8 74188100.0
401 -0.00995 9.01858e-05 2050.36 503.472 9.45547 12.9248 -12886.2 -19193.1 76683800.0
402 -0.00985 9.02543e-05 2048.79 511.712 9.61752 13.2144 -13340.3 -19868.0 79284200.0
403 -0.00975 9.03277e-05 2047.14 520.322 9.7873 13.5191 -13813.8 -20572.9 81982900.0
404 -0.00965 9.0404e-05 2045.41 529.415 9.96675 13.8382 -14314.1 -21308.4 84816900.0
405 -0.00955 9.0483e-05 2043.63 538.699 10.1504 14.1668 -14824.3 -22065.9 87723800.0
406 -0.00945 9.05641e-05 2041.8 548.228 10.3392 14.5049 -15346.3 -22842.5 90693400.0
407 -0.00935 9.06491e-05 2039.88 558.221 10.5375 14.8597 -15894.7 -23655.4 93809600.0
408 -0.00925 9.07383e-05 2037.91 568.478 10.7417 15.224 -16455.2 -24486.1 96990300.0
409 -0.00915 9.08285e-05 2035.85 579.214 10.9555 15.6032 -17042.5 -25350.5 100320000.0
410 -0.00905 9.09248e-05 2033.7 590.27 11.1764 15.9989 -17644.4 -26244.8 103723000.0
411 -0.00895 9.10231e-05 2031.5 601.668 11.4046 16.4065 -18265.1 -27165.2 107235000.0
412 -0.00885 9.11278e-05 2029.18 613.652 11.6451 16.835 -18918.2 -28128.8 110923000.0
413 -0.00875 9.12347e-05 2026.79 625.953 11.8925 17.2751 -19585.3 -29113.7 114685000.0
414 -0.00865 9.13474e-05 2024.3 638.701 12.1496 17.7347 -20276.0 -30136.9 118575000.0
415 -0.00855 9.14626e-05 2021.73 651.846 12.4153 18.2086 -20987.3 -31189.6 122584000.0
416 -0.00845 9.15845e-05 2019.07 665.459 12.6915 18.7007 -21722.6 -32277.6 126719000.0
417 -0.00835 9.17101e-05 2016.29 679.663 12.9802 19.2147 -22487.0 -33405.0 131003000.0
418 -0.00825 9.1845e-05 2013.34 694.604 13.285 19.7574 -23290.9 -34587.2 135486000.0
419 -0.00815 9.19812e-05 2010.33 709.923 13.5982 20.3131 -24112.9 -35795.0 140079000.0
420 -0.00805 9.21256e-05 2007.18 725.869 13.9254 20.8937 -24965.6 -37045.4 144819000.0
421 -0.00795 9.22777e-05 2003.9 742.397 14.266 21.5 -25849.0 -38346.0 149735000.0
422 -0.00785 9.24319e-05 2000.55 759.325 14.6157 22.1188 -26750.5 -39669.4 154759000.0
423 -0.00775 9.25925e-05 1997.06 776.868 14.9793 22.7631 -27682.7 -41037.5 159939000.0
424 -0.00765 9.27632e-05 1993.4 795.165 15.3604 23.4378 -28652.9 -42458.4 165314000.0
425 -0.00755 9.29396e-05 1989.61 814.025 15.7546 24.1372 -29648.1 -43919.2 170819000.0
426 -0.00745 9.31234e-05 1985.69 833.574 16.1649 24.8614 -30677.8 -45424.9 176513000.0
427 -0.00735 9.33157e-05 1981.59 853.8 16.5913 25.6167 -31738.6 -46979.5 182358000.0
428 -0.00725 9.35167e-05 1977.34 874.9 17.0379 26.4031 -32844.9 -48588.9 188443000.0
429 -0.00715 9.37269e-05 1972.9 896.701 17.5017 27.2214 -33981.0 -50244.9 194676000.0
430 -0.00705 9.39456e-05 1968.32 919.103 17.9809 28.0674 -35144.4 -51944.4 201055000.0
431 -0.00695 9.41748e-05 1963.51 942.591 18.4853 28.9537 -36360.4 -53706.6 207693000.0
432 -0.00685 9.44107e-05 1958.61 966.497 19.0017 29.859 -37592.6 -55495.0 214429000.0
433 -0.00675 9.4662e-05 1953.41 991.675 19.5486 30.818 -38885.9 -57364.1 221456000.0
434 -0.00665 9.49215e-05 1948.06 1017.49 20.1125 31.8041 -40204.1 -59267.8 228618000.0
435 -0.00655 9.51926e-05 1942.52 1044.08 20.6969 32.828 -41557.0 -61226.0 235969000.0
436 -0.00645 9.54754e-05 1936.78 1071.6 21.3056 33.8873 -42951.1 -63229.7 243523000.0
437 -0.00635 9.57696e-05 1930.8 1099.97 21.9372 34.9894 -44378.7 -65288.6 251248000.0
438 -0.00625 9.60796e-05 1924.6 1129.41 22.5971 36.1354 -45853.1 -67401.5 259196000.0
439 -0.00615 9.64013e-05 1918.16 1159.72 23.2812 37.3227 -47361.6 -69563.4 267326000.0
440 -0.00605 9.67379e-05 1911.49 1190.85 23.9896 38.5551 -48902.5 -71778.1 275632000.0
441 -0.00595 9.70911e-05 1904.54 1223.24 24.7322 39.8359 -50494.0 -74040.3 284154000.0
442 -0.00585 9.74573e-05 1897.37 1256.48 25.5 41.1598 -52119.2 -76352.1 292876000.0
443 -0.00575 9.78417e-05 1889.93 1290.77 26.2993 42.5327 -53782.4 -78706.3 301769000.0
444 -0.00565 9.82454e-05 1882.16 1326.27 27.1341 43.966 -55490.2 -81119.7 310874000.0
445 -0.00555 9.8667e-05 1874.11 1362.86 28.0023 45.4529 -57236.8 -83581.0 320181000.0
446 -0.00545 9.91089e-05 1865.76 1400.54 28.9053 46.9916 -59020.1 -86077.3 329649000.0
447 -0.00535 9.95641e-05 1857.24 1438.85 29.8323 48.5649 -60820.4 -88596.9 339257000.0
448 -0.00525 0.000100048 1848.23 1478.72 30.8082 50.2263 -62669.8 -91181.5 349060000.0
449 -0.00515 0.000100549 1839.02 1519.37 31.8136 51.9263 -64539.8 -93782.7 359009000.0
450 -0.00505 0.00010108 1829.38 1561.59 32.8702 53.7051 -66462.2 -96429.8 369175000.0
451 -0.00495 0.000101626 1819.55 1604.33 33.9523 55.5194 -68385.0 -99078.1 379400000.0
452 -0.00485 0.000102201 1809.31 1648.41 35.0822 57.4089 -70345.5 -101764.0 389816000.0
453 -0.00475 0.000102804 1798.69 1693.7 36.2591 59.367 -72331.3 -104464.0 400347000.0
454 -0.00465 0.000103436 1787.72 1740.26 37.4848 61.3943 -74350.7 -107185.0 411078000.0
455 -0.00455 0.000104095 1776.39 1787.79 38.754 63.4835 -76379.9 -109902.0 421869000.0
456 -0.00445 0.000104789 1764.63 1836.5 40.0751 65.6527 -78424.0 -112627.0 432769000.0
457 -0.00435 0.000105507 1752.61 1885.83 41.4336 67.8702 -80460.7 -115327.0 443694000.0
458 -0.00425 0.000106264 1740.13 1936.41 42.8505 70.1726 -82510.7 -118020.0 454717000.0
459 -0.00415 0.000107062 1727.17 1988.37 44.3304 72.5637 -84577.9 -120702.0 465860000.0
460 -0.00405 0.000107887 1713.95 2040.81 45.8502 75.0015 -86620.2 -123334.0 476992000.0
461 -0.00395 0.000108762 1700.17 2094.78 47.4443 77.5448 -88676.3 -125940.0 488216000.0
462 -0.00385 0.000109669 1686.1 2149.17 49.0824 80.1396 -90694.0 -128473.0 499367000.0
463 -0.00375 0.000110622 1671.58 2204.54 50.7845 82.8199 -92701.8 -130965.0 510614000.0
464 -0.00365 0.000111619 1656.65 2260.68 52.5467 85.5739 -94673.2 -133370.0 521783000.0
465 -0.00355 0.000112663 1641.29 2317.56 54.373 88.4076 -96611.6 -135694.0 532945000.0
466 -0.00345 0.000113754 1625.56 2374.89 56.2576 91.3088 -98496.5 -137917.0 544035000.0
467 -0.00335 0.000114896 1609.38 2432.98 58.2121 94.2926 -100335.0 -140030.0 555078000.0
468 -0.00325 0.000116095 1592.79 2491.63 60.2375 97.3552 -102123.0 -142032.0 566113000.0
469 -0.00315 0.000117343 1575.83 2550.56 62.3252 100.482 -103835.0 -143886.0 577004000.0
470 -0.00305 0.000118654 1558.41 2609.99 64.4897 103.694 -105477.0 -145603.0 587859000.0
471 -0.00295 0.000120024 1540.64 2669.45 66.7207 106.972 -107023.0 -147151.0 598559000.0
472 -0.00285 0.000121463 1522.38 2729.33 69.0351 110.341 -108486.0 -148532.0 609204000.0
473 -0.00275 0.000122958 1503.87 2788.85 71.4085 113.753 -109834.0 -149724.0 619689000.0
474 -0.00265 0.000124523 1484.96 2848.46 73.8637 117.242 -111080.0 -150724.0 630103000.0
475 -0.00255 0.000126161 1465.71 2907.78 76.3935 120.794 -112199.0 -151508.0 640371000.0
476 -0.00245 0.000127865 1446.15 2966.8 78.9968 124.398 -113195.0 -152074.0 650534000.0
477 -0.00235 0.000129652 1426.23 3025.44 81.6841 128.073 -114054.0 -152412.0 660603000.0
478 -0.00225 0.000131514 1406.04 3083.47 84.4466 131.798 -114768.0 -152511.0 670571000.0
479 -0.00215 0.000133461 1385.53 3140.83 87.2909 135.58 -115324.0 -152351.0 680408000.0
480 -0.00205 0.000135482 1364.85 3197.24 90.2045 139.393 -115725.0 -151953.0 690190000.0
481 -0.00195 0.000137588 1343.97 3252.53 93.1907 143.245 -115951.0 -151292.0 699850000.0
482 -0.00185 0.000139786 1322.83 3307.22 96.2712 147.143 -116027.0 -150367.0 709522000.0
483 -0.00175 0.00014207 1301.59 3360.41 99.4177 151.063 -115917.0 -149181.0 719110000.0
484 -0.00165 0.000144445 1280.16 3412.36 102.643 155.012 -115626.0 -147726.0 728684000.0
485 -0.00155 0.000146914 1258.65 3462.96 105.945 158.98 -115156.0 -146003.0 738232000.0
486 -0.00145 0.000149478 1237.07 3512.23 109.327 162.959 -114514.0 -144023.0 747826000.0
487 -0.00135 0.000152132 1215.48 3559.83 112.777 166.944 -113691.0 -141802.0 757476000.0
488 -0.00125 0.000154887 1193.86 3605.56 116.294 170.929 -112664.0 -139317.0 767089000.0
489 -0.00115 0.000157735 1172.31 3649.46 119.874 174.906 -111461.0 -136610.0 776794000.0
490 -0.00105 0.000160669 1150.9 3691.64 123.516 178.856 -110099.0 -133699.0 786613000.0
491 -0.00095 0.000163704 1129.57 3732.13 127.229 182.79 -108568.0 -130563.0 796530000.0
492 -0.00085 0.00016683 1108.4 3770.5 130.991 186.694 -106866.0 -127242.0 806545000.0
493 -0.00075 0.00017005 1087.41 3807.1 134.816 190.567 -105010.0 -123743.0 816701000.0
494 -0.00065 0.000173354 1066.68 3841.71 138.684 194.391 -103009.0 -120095.0 826986000.0
495 -0.00055 0.000176756 1046.15 3874.5 142.613 198.18 -100867.0 -116290.0 837416000.0
496 -0.00045 0.000180234 1025.97 3905.2 146.571 201.906 -98598.0 -112387.0 847969000.0
497 -0.00035 0.000183784 1006.15 3933.99 150.56 205.564 -96211.8 -108395.0 858661000.0
498 -0.00025 0.000187429 986.592 3960.83 154.594 209.174 -93702.1 -104289.0 869443000.0
499 -0.00015 0.000191126 967.495 3985.95 158.643 212.703 -91120.8 -100171.0 880427000.0
500 -5e-05 0.000194887 948.826 4009.27 162.711 216.148 -88460.6 -96018.6 891464000.0
501 5e-05 0.000198704 930.61 4030.66 166.783 219.518 -85726.0 -91865.4 902629000.0
502 0.00015 0.000202568 912.853 4050.27 170.854 222.796 -82929.2 -87708.0 913795000.0
503 0.00025 0.000206471 895.603 4068.38 174.924 225.988 -80104.6 -83600.9 925077000.0
504 0.00035 0.00021041 878.835 4085.0 178.99 229.086 -77250.4 -79529.8 936360000.0
505 0.00045 0.000214362 862.631 4100.01 183.022 232.086 -74381.8 -75553.9 947674000.0
506 0.00055 0.000218333 846.946 4113.8 187.039 234.989 -71517.5 -71642.6 958952000.0
507 0.00065 0.000222312 831.783 4126.24 191.024 237.794 -68655.3 -67821.0 970168000.0
508 0.00075 0.000226285 817.184 4137.32 194.96 240.497 -65808.4 -64110.8 981315000.0
509 0.00085 0.000230242 803.138 4147.41 198.853 243.101 -62998.3 -60523.5 992369000.0
510 0.00095 0.000234174 789.659 4156.27 202.681 245.6 -60223.9 -57066.1 1003270000.0
511 0.00105 0.000238075 776.721 4164.28 206.454 248.0 -57498.5 -53725.9 1014030000.0
512 0.00115 0.000241926 764.347 4171.13 210.139 250.293 -54818.5 -50546.9 1024580000.0
513 0.00125 0.000245726 752.531 4177.3 213.755 252.488 -52211.9 -47513.2 1034940000.0
514 0.00135 0.000249476 741.226 4182.85 217.305 254.588 -49673.2 -44598.7 1045090000.0
515 0.00145 0.000253156 730.452 4187.47 220.755 256.591 -47197.1 -41841.7 1054970000.0
516 0.00155 0.000256751 720.217 4191.55 224.108 258.494 -44805.1 -39234.1 1064620000.0
517 0.00165 0.000260275 710.474 4195.01 227.372 260.311 -42487.0 -36756.1 1073990000.0
518 0.00175 0.0002637 701.244 4198.1 230.533 262.027 -40262.8 -34428.1 1083030000.0
519 0.00185 0.000267046 692.458 4200.59 233.596 263.664 -38107.8 -32224.5 1091810000.0
520 0.00195 0.000270284 684.166 4202.76 236.551 265.213 -36052.3 -30161.4 1100300000.0
521 0.00205 0.000273416 676.331 4204.53 239.393 266.672 -34077.5 -28224.9 1108430000.0
522 0.00215 0.000276443 668.92 4206.02 242.129 268.053 -32192.8 -26412.4 1116270000.0
523 0.00225 0.000279368 661.927 4207.04 244.75 269.366 -30379.2 -24712.1 1123830000.0
524 0.00235 0.000282186 655.306 4207.94 247.272 270.6 -28656.2 -23111.2 1131020000.0
525 0.00245 0.000284889 649.097 4208.57 249.678 271.764 -27019.1 -21628.3 1137940000.0
526 0.00255 0.000287492 643.215 4208.97 251.984 272.863 -25450.3 -20224.5 1144540000.0
527 0.00265 0.000289962 637.742 4209.35 254.171 273.888 -23987.6 -18960.6 1150840000.0
528 0.00275 0.000292319 632.596 4209.46 256.244 274.853 -22588.0 -17771.5 1156810000.0
529 0.00285 0.000294594 627.708 4209.42 258.235 275.77 -21254.9 -16629.4 1162530000.0
530 0.00295 0.000296757 623.132 4209.35 260.127 276.628 -19989.9 -15566.3 1167970000.0
531 0.00305 0.00029881 618.851 4209.1 261.912 277.43 -18798.9 -14584.0 1173110000.0
532 0.00315 0.000300772 614.814 4208.82 263.613 278.187 -17672.1 -13657.3 1178000000.0
533 0.00325 0.000302625 611.058 4208.42 265.212 278.897 -16607.6 -12809.9 1182660000.0
534 0.00335 0.000304372 607.543 4208.01 266.718 279.557 -15613.5 -12026.6 1187040000.0
535 0.00345 0.000306024 604.263 4207.78 268.15 280.17 -14687.0 -11299.4 1191170000.0
536 0.00355 0.000307606 601.162 4207.22 269.501 280.758 -13792.2 -10606.3 1195100000.0
537 0.00365 0.000309099 598.254 4206.62 270.77 281.302 -12947.0 -9951.82 1198800000.0
538 0.00375 0.000310488 595.58 4206.06 271.951 281.808 -12168.3 -9367.74 1202310000.0
539 0.00385 0.000311822 593.031 4205.35 273.073 282.288 -11412.0 -8784.9 1205620000.0
540 0.00395 0.000313062 590.679 4204.88 274.128 282.729 -10728.1 -8273.29 1208730000.0
541 0.00405 0.00031423 588.484 4204.33 275.115 283.141 -10080.4 -7790.04 1211660000.0
542 0.00415 0.000315331 586.436 4203.81 276.045 283.531 -9478.02 -7344.23 1214450000.0
543 0.00425 0.000316365 584.518 4203.13 276.905 283.892 -8900.12 -6929.0 1217020000.0
544 0.00435 0.000317325 582.741 4202.68 277.716 284.224 -8372.24 -6540.88 1219480000.0
545 0.00445 0.000318258 581.037 4202.07 278.492 284.55 -7857.39 -6144.59 1221820000.0
546 0.00455 0.0003191 579.508 4201.5 279.191 284.838 -7392.68 -5818.04 1223970000.0
547 0.00465 0.000319905 578.046 4200.77 279.846 285.111 -6942.52 -5494.41 1226000000.0
548 0.00475 0.000320659 576.692 4200.14 280.464 285.37 -6517.58 -5187.06 1227920000.0
549 0.00485 0.000321364 575.425 4199.61 281.045 285.608 -6130.64 -4904.55 1229710000.0
550 0.00495 0.00032203 574.225 4198.96 281.584 285.833 -5756.01 -4629.39 1231410000.0
551 0.00505 0.000322655 573.129 4198.34 282.089 286.041 -5408.5 -4374.41 1233000000.0
552 0.00515 0.000323232 572.102 4197.93 282.566 286.236 -5092.28 -4145.12 1234510000.0
553 0.00525 0.000323785 571.115 4197.24 283.002 286.419 -4773.04 -3906.29 1235920000.0
554 0.00535 0.000324307 570.197 4196.81 283.43 286.591 -4492.75 -3689.82 1237230000.0
555 0.00545 0.000324773 569.389 4196.19 283.795 286.75 -4220.54 -3500.44 1238490000.0
556 0.00555 0.000325225 568.586 4195.7 284.157 286.897 -3968.11 -3306.57 1239660000.0
557 0.00565 0.000325623 567.895 4195.33 284.48 287.028 -3747.78 -3152.32 1240730000.0
558 0.00575 0.000326042 567.167 4194.83 284.812 287.167 -3512.98 -2950.74 1241790000.0
559 0.00585 0.000326399 566.546 4194.28 285.086 287.285 -3307.42 -2802.82 1242750000.0
560 0.00595 0.000326739 565.958 4193.86 285.355 287.393 -3112.44 -2654.04 1243640000.0
561 0.00605 0.000327058 565.409 4193.51 285.609 287.5 -2938.42 -2514.34 1244530000.0
562 0.00615 0.000327354 564.894 4192.95 285.829 287.597 -2758.46 -2389.71 1245320000.0
563 0.00625 0.000327634 564.411 4192.58 286.049 287.684 -2601.47 -2269.56 1246050000.0
564 0.00635 0.000327907 563.946 4192.1 286.254 287.775 -2437.32 -2138.4 1246790000.0
565 0.00645 0.000328152 563.514 4191.83 286.45 287.853 -2302.93 -2029.24 1247480000.0
566 0.00655 0.000328382 563.127 4191.43 286.623 287.928 -2169.22 -1929.53 1248130000.0
567 0.00665 0.000328592 562.766 4191.12 286.785 287.999 -2046.85 -1838.36 1248730000.0
568 0.00675 0.000328788 562.433 4190.83 286.937 288.059 -1936.18 -1749.78 1249280000.0
569 0.00685 0.000328976 562.108 4190.49 287.077 288.123 -1825.27 -1662.0 1249830000.0
570 0.00695 0.000329158 561.794 4190.05 287.207 288.176 -1711.76 -1562.2 1250270000.0
571 0.00705 0.000329316 561.524 4189.77 287.324 288.229 -1616.55 -1493.8 1250750000.0
572 0.00715 0.000329465 561.275 4189.67 287.448 288.28 -1539.53 -1427.7 1251210000.0
573 0.00725 0.000329621 561.006 4189.25 287.555 288.329 -1440.12 -1343.25 1251610000.0
574 0.00735 0.000329759 560.769 4188.97 287.656 288.37 -1357.29 -1270.27 1251980000.0
575 0.00745 0.000329877 560.572 4188.78 287.745 288.408 -1286.39 -1211.49 1252360000.0
576 0.00755 0.000329999 560.369 4188.57 287.838 288.447 -1217.24 -1153.38 1252710000.0
577 0.00765 0.000330103 560.186 4188.09 287.896 288.481 -1139.11 -1105.49 1253030000.0
578 0.00775 0.000330205 560.015 4188.0 287.979 288.515 -1086.83 -1053.28 1253350000.0
579 0.00785 0.000330299 559.85 4187.84 288.05 288.542 -1029.72 -1001.11 1253630000.0
580 0.00795 0.000330395 559.694 4187.53 288.112 288.577 -965.041 -945.018 1253930000.0
581 0.00805 0.000330475 559.557 4187.42 288.174 288.599 -920.69 -906.181 1254150000.0
582 0.00815 0.000330556 559.42 4187.24 288.232 288.627 -871.513 -860.592 1254410000.0
583 0.00825 0.000330629 559.292 4187.03 288.282 288.646 -822.146 -820.253 1254620000.0
584 0.00835 0.000330693 559.187 4186.9 288.328 288.671 -783.362 -790.976 1254860000.0
585 0.00845 0.000330759 559.071 4186.7 288.372 288.691 -740.903 -746.8 1255050000.0
586 0.00855 0.000330821 558.971 4186.56 288.417 288.711 -702.335 -713.335 1255250000.0
587 0.00865 0.000330872 558.878 4186.58 288.462 288.727 -680.759 -695.382 1255430000.0
588 0.00875 0.000330931 558.782 4186.34 288.497 288.749 -636.175 -657.461 1255610000.0
589 0.00885 0.000330977 558.704 4186.33 288.537 288.761 -614.021 -634.062 1255770000.0
590 0.00895 0.000331028 558.617 4186.09 288.564 288.779 -578.578 -595.923 1255920000.0
591 0.00905 0.00033108 558.532 4186.03 288.606 288.792 -549.712 -566.268 1256070000.0
592 0.00915 0.000331127 558.448 4185.95 288.641 288.805 -518.99 -530.14 1256200000.0
593 0.00925 0.000331168 558.385 4185.78 288.666 288.82 -489.987 -506.831 1256340000.0
594 0.00935 0.000331214 558.302 4185.55 288.69 288.835 -459.437 -469.187 1256490000.0
595 0.00945 0.000331232 558.27 4185.4 288.695 288.841 -437.602 -464.752 1256570000.0
596 0.00955 0.000331273 558.203 4185.34 288.726 288.851 -415.243 -437.477 1256680000.0
597 0.00965 0.000331322 558.126 4185.14 288.755 288.872 -380.425 -395.99 1256810000.0
598 0.00975 0.000331349 558.074 4185.06 288.774 288.879 -364.265 -377.388 1256900000.0
599 0.00985 0.000331361 558.057 4184.98 288.778 288.882 -352.374 -372.487 1256990000.0
600 0.00995 0.000331386 558.014 4184.79 288.787 288.887 -332.197 -365.787 1257050000.0
601 0.01005 0.000331426 557.946 4184.79 288.822 288.899 -310.396 -336.253 1257160000.0
602 0.01015 0.000331445 557.914 4184.57 288.824 288.911 -287.093 -323.372 1257260000.0
603 0.01025 0.000331459 557.885 4184.52 288.833 288.913 -278.71 -316.808 1257310000.0
604 0.01035 0.000331493 557.835 4184.63 288.869 288.923 -268.111 -279.866 1257420000.0
605 0.01045 0.000331495 557.836 4184.56 288.866 288.924 -263.827 -290.974 1257480000.0
606 0.01055 0.000331506 557.804 4184.53 288.874 288.925 -254.351 -282.443 1257510000.0
607 0.01065 0.000331544 557.75 4184.38 288.896 288.938 -231.452 -250.102 1257580000.0
608 0.01075 0.000331537 557.761 4184.29 288.884 288.938 -227.317 -263.681 1257630000.0
609 0.01085 0.000331547 557.739 4184.2 288.887 288.937 -216.082 -256.359 1257630000.0
610 0.01095 0.000331582 557.682 4184.21 288.918 288.953 -199.782 -221.638 1257740000.0
611 0.01105 0.000331588 557.673 4184.24 288.925 288.954 -194.86 -215.088 1257790000.0
612 0.01115 0.00033161 557.637 4183.75 288.911 288.959 -161.052 -192.825 1257790000.0
613 0.01125 0.000331607 557.634 4183.89 288.918 288.96 -173.83 -207.617 1257860000.0
614 0.01135 0.000331634 557.597 4183.95 288.945 288.968 -158.801 -173.315 1257910000.0
615 0.01145 0.000331624 557.609 4183.82 288.928 288.964 -157.26 -195.349 1257900000.0
616 0.01155 0.000331644 557.578 4183.75 288.94 288.973 -147.389 -181.767 1257970000.0
617 0.01165 0.000331658 557.552 4183.83 288.958 288.974 -136.136 -161.439 1258000000.0
618 0.01175 0.000331679 557.52 4183.58 288.959 288.98 -114.918 -140.48 1258050000.0
619 0.01185 0.000331685 557.51 4183.49 288.958 288.983 -110.784 -147.289 1258100000.0
620 0.01195 0.000331705 557.475 4183.65 288.986 288.99 -109.538 -127.108 1258160000.0
621 0.01205 0.000331698 557.49 4183.76 288.988 288.988 -117.068 -133.528 1258190000.0
622 0.01215 0.000331709 557.473 4183.74 288.996 288.992 -111.546 -126.502 1258250000.0
623 0.01225 0.000331721 557.451 4183.66 289.001 288.996 -100.951 -110.842 1258290000.0
624 0.01235 0.000331717 557.453 4183.6 288.993 288.993 -101.798 -120.519 1258280000.0
625 0.01245 0.000331735 557.423 4183.62 289.01 289.0 -92.35 -102.131 1258320000.0
626 0.01255 0.00033174 557.419 4183.56 289.01 289.002 -86.3218 -98.7769 1258350000.0
627 0.01265 0.000331746 557.41 4183.56 289.016 289.004 -83.7729 -88.2512 1258370000.0
628 0.01275 0.000331756 557.389 4183.62 289.029 289.005 -84.4983 -82.8808 1258380000.0
629 0.01285 0.000331766 557.372 4183.44 289.025 289.009 -68.9389 -69.4853 1258410000.0
630 0.01295 0.000331758 557.393 4183.37 289.013 289.008 -67.9326 -80.6566 1258420000.0
631 0.01305 0.000331761 557.378 4183.3 289.011 289.006 -64.8719 -80.1546 1258410000.0
632 0.01315 0.00033176 557.382 4183.24 289.006 289.006 -59.4842 -83.1706 1258430000.0
633 0.01325 0.000331768 557.369 4183.3 289.017 289.009 -55.564 -71.3771 1258440000.0
634 0.01335 0.00033177 557.365 4183.32 289.02 289.012 -60.512 -77.1318 1258470000.0
635 0.01345 0.000331772 557.364 4183.41 289.029 289.012 -61.7784 -78.4585 1258500000.0
636 0.01355 0.000331767 557.369 4183.48 289.028 289.009 -68.3122 -81.0235 1258510000.0
637 0.01365 0.000331761 557.378 4183.39 289.017 289.007 -64.4238 -88.2391 1258500000.0
638 0.01375 0.000331768 557.366 4183.31 289.018 289.009 -59.6602 -88.5209 1258520000.0
639 0.01385 0.000331796 557.32 4183.23 289.037 289.018 -39.3478 -57.7409 1258560000.0
640 0.01395 0.000331796 557.318 4183.29 289.041 289.016 -44.742 -67.3509 1258550000.0
641 0.01405 0.000331804 557.307 4183.33 289.05 289.021 -42.6309 -60.1037 1258590000.0
642 0.01415 0.000331814 557.286 4183.42 289.066 289.025 -43.8725 -46.9899 1258610000.0
643 0.01425 0.000331791 557.331 4183.36 289.041 289.019 -51.4442 -69.3219 1258620000.0
644 0.01435 0.000331808 557.297 4183.46 289.063 289.023 -46.5748 -46.3024 1258620000.0
645 0.01445 0.000331816 557.286 4183.29 289.058 289.026 -37.5285 -43.9491 1258630000.0
646 0.01455 0.000331809 557.301 4183.27 289.051 289.024 -37.106 -45.4544 1258630000.0
647 0.01465 0.000331813 557.289 4183.23 289.052 289.025 -37.743 -39.8183 1258630000.0
648 0.01475 0.000331794 557.323 4183.19 289.032 289.02 -44.5355 -60.3772 1258620000.0
649 0.01485 0.000331797 557.317 4183.27 289.04 289.019 -42.9317 -50.9601 1258610000.0
650 0.01495 0.000331798 557.317 4183.09 289.029 289.019 -29.4555 -40.6637 1258610000.0
651 0.01505 0.000331793 557.323 4183.07 289.022 289.018 -36.9128 -52.2707 1258600000.0
652 0.01515 0.000331805 557.305 4183.02 289.03 289.022 -21.8761 -29.0203 1258610000.0
653 0.01525 0.000331812 557.288 4182.9 289.028 289.023 -14.9221 -22.8957 1258620000.0
654 0.01535 0.000331802 557.307 4182.98 289.025 289.019 -24.1822 -37.2878 1258610000.0
655 0.01545 0.000331802 557.311 4183.08 289.031 289.021 -29.0491 -39.891 1258610000.0
656 0.01555 0.000331794 557.325 4183.09 289.025 289.019 -34.818 -54.8214 1258640000.0
657 0.01565 0.000331794 557.32 4183.22 289.034 289.016 -44.6149 -57.0401 1258630000.0
658 0.01575 0.0003318 557.309 4183.21 289.038 289.019 -39.9121 -48.0966 1258650000.0
659 0.01585 0.00033181 557.3 4183.06 289.037 289.023 -23.531 -34.4562 1258660000.0
660 0.01595 0.000331805 557.306 4183.0 289.029 289.021 -25.8453 -42.2656 1258660000.0
661 0.01605 0.000331813 557.296 4183.05 289.038 289.026 -23.8742 -27.2761 1258710000.0
662 0.01615 0.000331823 557.271 4183.05 289.047 289.026 -20.9505 -11.1007 1258700000.0
663 0.01625 0.000331831 557.265 4182.98 289.049 289.028 -8.38193 8.52298 1258710000.0
664 0.01635 0.000331825 557.271 4182.79 289.031 289.026 -5.9916 -3.15542 1258700000.0
665 0.01645 0.000331813 557.295 4182.91 289.029 289.024 -14.6772 -17.1431 1258710000.0
666 0.01655 0.000331804 557.306 4182.91 289.021 289.018 -23.2534 -34.6909 1258700000.0
667 0.01665 0.000331801 557.313 4183.01 289.026 289.02 -25.987 -38.3867 1258730000.0
668 0.01675 0.000331797 557.319 4183.06 289.026 289.017 -32.3912 -40.0499 1258710000.0
669 0.01685 0.000331807 557.309 4183.03 289.032 289.019 -28.2472 -31.6094 1258720000.0
670 0.01695 0.000331813 557.293 4183.05 289.038 289.02 -25.1452 -26.9196 1258730000.0
671 0.01705 0.000331811 557.299 4183.09 289.04 289.022 -27.0318 -39.9228 1258760000.0
672 0.01715 0.000331833 557.26 4183.02 289.054 289.031 -14.0158 -20.1959 1258780000.0
673 0.01725 0.00033182 557.284 4183.11 289.049 289.023 -23.0384 -28.3564 1258780000.0
674 0.01735 0.000331839 557.249 4182.99 289.057 289.029 -11.639 -8.36072 1258790000.0
675 0.01745 0.000331818 557.284 4182.96 289.037 289.022 -15.2353 -28.7918 1258750000.0
676 0.01755 0.000331825 557.268 4183.0 289.046 289.025 -12.8655 -18.976 1258760000.0
677 0.01765 0.000331833 557.259 4182.94 289.049 289.026 -10.2483 -19.8083 1258750000.0
678 0.01775 0.000331821 557.276 4182.95 289.04 289.022 -15.7411 -36.6325 1258750000.0
679 0.01785 0.000331821 557.281 4183.09 289.048 289.023 -25.7634 -40.8218 1258760000.0
680 0.01795 0.000331829 557.264 4182.95 289.046 289.026 -11.4519 -29.7497 1258740000.0
681 0.01805 0.000331839 557.254 4182.95 289.054 289.03 -7.39836 -18.1001 1258770000.0
682 0.01815 0.000331839 557.247 4182.94 289.055 289.031 -7.32789 -16.9086 1258770000.0
683 0.01825 0.000331836 557.257 4182.99 289.055 289.029 -8.03911 -18.9858 1258780000.0
684 0.01835 0.000331828 557.269 4183.02 289.05 289.026 -16.4456 -25.1357 1258750000.0
685 0.01845 0.000331804 557.309 4183.0 289.027 289.018 -28.3717 -55.871 1258740000.0
686 0.01855 0.000331811 557.293 4182.96 289.031 289.018 -22.9042 -47.3719 1258730000.0
687 0.01865 0.000331824 557.278 4183.03 289.047 289.028 -16.2824 -25.7935 1258770000.0
688 0.01875 0.000331832 557.263 4182.9 289.045 289.029 -6.07737 -14.6022 1258770000.0
689 0.01885 0.000331825 557.27 4182.98 289.044 289.025 -13.5125 -21.3691 1258770000.0
690 0.01895 0.000331819 557.286 4183.02 289.042 289.025 -20.8593 -35.4925 1258760000.0
691 0.01905 0.000331842 557.246 4183.05 289.064 289.031 -9.0669 -1.04839 1258780000.0
692 0.01915 0.000331832 557.26 4183.03 289.054 289.028 -11.6729 -13.4383 1258790000.0
693 0.01925 0.000331829 557.267 4182.88 289.041 289.027 -10.8537 -24.3001 1258770000.0
694 0.01935 0.000331834 557.257 4182.91 289.048 289.03 -5.614 -21.983 1258790000.0
695 0.01945 0.000331836 557.255 4182.86 289.046 289.026 -2.564 -19.7168 1258770000.0
696 0.01955 0.000331834 557.259 4183.01 289.054 289.03 -13.136 -26.2875 1258820000.0
697 0.01965 0.000331836 557.252 4183.05 289.059 289.028 -13.2314 -21.6176 1258810000.0
698 0.01975 0.000331821 557.282 4183.16 289.054 289.025 -28.0398 -45.8659 1258790000.0
699 0.01985 0.000331831 557.261 4183.08 289.057 289.026 -14.7283 -27.0628 1258790000.0
700 0.01995 0.000331833 557.26 4183.16 289.064 289.029 -21.6163 -23.2983 1258830000.0
701 0.02005 0.000331828 557.266 4183.14 289.058 289.026 -20.2508 -24.3084 1258800000.0
702 0.02015 0.000331828 557.27 4183.04 289.051 289.027 -16.907 -24.8027 1258810000.0
703 0.02025 0.000331839 557.249 4182.95 289.054 289.031 -6.11032 -7.51139 1258800000.0
704 0.02035 0.000331837 557.253 4182.79 289.042 289.028 3.14594 -4.39549 1258790000.0
705 0.02045 0.000331826 557.274 4182.79 289.032 289.028 -0.358812 -11.0783 1258800000.0
706 0.02055 0.000331818 557.281 4183.03 289.042 289.024 -19.6872 -24.2717 1258800000.0
707 0.02065 0.000331819 557.291 4183.0 289.041 289.025 -21.3107 -27.0171 1258790000.0
708 0.02075 0.000331832 557.259 4182.91 289.046 289.027 -5.34508 -4.57936 1258780000.0
709 0.02085 0.000331831 557.264 4182.82 289.039 289.027 -5.31827 -17.8527 1258770000.0
710 0.02095 0.000331838 557.256 4182.97 289.055 289.031 -9.62589 -9.47713 1258790000.0
711 0.02105 0.000331837 557.255 4182.93 289.052 289.029 -2.74885 -1.82961 1258780000.0
712 0.02115 0.00033184 557.249 4182.81 289.046 289.031 2.78561 -4.85316 1258780000.0
713 0.02125 0.00033183 557.27 4182.72 289.03 289.028 3.42856 -12.3919 1258770000.0
714 0.02135 0.000331826 557.272 4182.82 289.034 289.025 -5.54674 -18.6304 1258770000.0
715 0.02145 0.000331824 557.277 4182.67 289.023 289.023 3.34934 -17.8584 1258750000.0
716 0.02155 0.000331818 557.289 4182.82 289.027 289.024 -9.17421 -28.0477 1258760000.0
717 0.02165 0.000331822 557.283 4182.85 289.033 289.024 -10.6751 -19.7421 1258770000.0
718 0.02175 0.000331822 557.279 4182.85 289.033 289.023 -7.58148 -23.3469 1258750000.0
719 0.02185 0.000331831 557.264 4182.75 289.034 289.028 2.60789 -11.6417 1258770000.0
720 0.02195 0.00033184 557.253 4182.75 289.042 289.035 3.85377 -6.11266 1258800000.0
721 0.02205 0.000331832 557.26 4182.67 289.029 289.029 4.90675 -15.4683 1258750000.0
722 0.02215 0.000331826 557.268 4182.71 289.027 289.026 0.223398 -16.3989 1258750000.0
723 0.02225 0.000331817 557.29 4182.68 289.016 289.024 0.131625 -23.2975 1258750000.0
724 0.02235 0.000331818 557.288 4182.82 289.028 289.023 -11.9192 -30.8039 1258750000.0
725 0.02245 0.000331822 557.275 4182.85 289.032 289.023 -9.16718 -22.3854 1258750000.0
726 0.02255 0.000331837 557.255 4182.83 289.045 289.03 -0.428868 -6.62809 1258790000.0
727 0.02265 0.000331819 557.284 4182.87 289.032 289.023 -13.839 -23.8966 1258750000.0
728 0.02275 0.00033183 557.267 4182.83 289.039 289.027 -4.62543 -13.8029 1258770000.0
729 0.02285 0.00033184 557.248 4182.84 289.048 289.033 2.45988 4.99531 1258800000.0
730 0.02295 0.000331848 557.235 4182.66 289.043 289.034 15.2994 15.8757 1258780000.0
731 0.02305 0.000331832 557.257 4182.84 289.041 289.026 -3.24938 -7.54288 1258770000.0
732 0.02315 0.000331838 557.255 4182.8 289.043 289.031 3.14254 2.00564 1258790000.0
733 0.02325 0.00033183 557.262 4182.77 289.035 289.026 0.81311 -9.46746 1258770000.0
734 0.02335 0.000331845 557.238 4182.78 289.048 289.031 5.26238 5.47083 1258790000.0
735 0.02345 0.000331832 557.26 4182.83 289.04 289.028 -1.5514 -6.60411 1258790000.0
736 0.02355 0.000331834 557.259 4182.81 289.04 289.027 -0.59365 2.10088 1258780000.0
737 0.02365 0.000331824 557.275 4182.89 289.037 289.023 -11.0385 -14.8893 1258770000.0
738 0.02375 0.000331824 557.276 4183.03 289.047 289.026 -14.0771 -9.25481 1258790000.0
739 0.02385 0.000331847 557.233 4182.99 289.065 289.032 -5.08761 15.391 1258820000.0
740 0.02395 0.000331846 557.24 4182.9 289.057 289.031 -0.87604 16.9478 1258800000.0
741 0.02405 0.000331838 557.247 4182.82 289.045 289.029 2.97439 6.17947 1258800000.0
742 0.02415 0.000331847 557.236 4182.88 289.056 289.032 3.21044 14.4898 1258800000.0
743 0.02425 0.000331866 557.205 4182.87 289.072 289.037 10.5273 30.4081 1258820000.0
744 0.02435 0.000331855 557.223 4182.88 289.064 289.035 5.2903 14.3864 1258830000.0
745 0.02445 0.000331857 557.218 4182.69 289.052 289.035 15.4779 8.15965 1258800000.0
746 0.02455 0.000331846 557.236 4182.76 289.048 289.034 11.0897 2.70364 1258800000.0
747 0.02465 0.000331842 557.245 4182.72 289.041 289.029 6.86615 0.652773 1258780000.0
748 0.02475 0.00033184 557.245 4182.81 289.046 289.032 3.10014 0.924656 1258780000.0
749 0.02485 0.000331839 557.248 4182.75 289.04 289.031 3.89081 -0.458669 1258770000.0
750 0.02495 0.000331844 557.243 4182.83 289.05 289.032 6.1103 12.4671 1258770000.0
751 0.02505 0.000331845 557.236 4182.79 289.049 289.03 6.35047 8.50934 1258760000.0
752 0.02515 0.000331854 557.225 4182.79 289.056 289.038 10.0969 13.8303 1258790000.0
753 0.02525 0.000331866 557.205 4182.54 289.049 289.038 29.8724 26.6261 1258770000.0
754 0.02535 0.000331863 557.205 4182.76 289.062 289.039 15.1314 28.2204 1258800000.0
755 0.02545 0.000331844 557.232 4182.85 289.052 289.034 3.8747 3.48941 1258800000.0
756 0.02555 0.000331836 557.258 4182.88 289.047 289.032 -1.81131 -6.57169 1258790000.0
757 0.02565 0.000331838 557.244 4182.76 289.041 289.029 3.88823 -5.62161 1258760000.0
758 0.02575 0.000331839 557.246 4182.76 289.041 289.031 5.15346 -3.71968 1258770000.0
759 0.02585 0.000331838 557.249 4182.8 289.043 289.031 1.57762 -13.1184 1258770000.0
760 0.02595 0.000331842 557.241 4182.83 289.049 289.033 1.27559 -8.78601 1258800000.0
761 0.02605 0.000331845 557.237 4182.83 289.052 289.031 3.78017 -7.13187 1258770000.0
762 0.02615 0.000331833 557.262 4182.86 289.043 289.028 -2.9693 -20.0928 1258780000.0
763 0.02625 0.000331838 557.248 4182.94 289.053 289.033 -7.06399 -13.8502 1258810000.0
764 0.02635 0.00033183 557.262 4182.8 289.036 289.027 -3.30236 -16.8231 1258780000.0
765 0.02645 0.000331837 557.253 4182.86 289.047 289.031 1.1258 -2.24285 1258800000.0
766 0.02655 0.000331818 557.279 4182.89 289.032 289.025 -12.9372 -27.0782 1258800000.0
767 0.02665 0.000331811 557.293 4182.86 289.024 289.02 -15.2887 -31.5356 1258770000.0
768 0.02675 0.000331818 557.281 4182.9 289.033 289.026 -12.8138 -18.5196 1258790000.0
769 0.02685 0.000331831 557.257 4182.91 289.045 289.028 -7.65008 -1.19397 1258780000.0
770 0.02695 0.000331828 557.263 4182.87 289.04 289.028 -6.85744 3.1738 1258780000.0
771 0.02705 0.000331819 557.281 4182.85 289.03 289.027 -7.84525 -5.75837 1258770000.0
772 0.02715 0.000331828 557.265 4182.73 289.03 289.029 4.36482 6.816 1258800000.0
773 0.02725 0.000331821 557.276 4182.91 289.036 289.025 -11.1849 -7.35472 1258770000.0
774 0.02735 0.000331831 557.263 4182.84 289.04 289.028 -5.25886 -6.18634 1258790000.0
775 0.02745 0.000331827 557.264 4182.88 289.039 289.027 -5.712 -8.57303 1258790000.0
776 0.02755 0.000331816 557.285 4182.87 289.029 289.024 -10.2791 -17.727 1258780000.0
777 0.02765 0.000331839 557.249 4182.83 289.047 289.031 -0.479557 9.39276 1258800000.0
778 0.02775 0.000331821 557.275 4182.85 289.032 289.024 -7.42479 -12.9934 1258790000.0
779 0.02785 0.00033182 557.279 4182.81 289.028 289.028 -5.98985 -16.5306 1258810000.0
780 0.02795 0.00033182 557.275 4182.78 289.026 289.023 -3.30867 -8.34135 1258770000.0
781 0.02805 0.000331824 557.275 4182.8 289.031 289.029 -2.56069 -4.14384 1258780000.0
782 0.02815 0.000331817 557.279 4182.87 289.03 289.022 -10.5813 -18.0263 1258750000.0
783 0.02825 0.000331808 557.297 4182.9 289.024 289.022 -16.6228 -23.0281 1258770000.0
784 0.02835 0.000331819 557.279 4182.87 289.031 289.026 -6.1758 -8.92361 1258780000.0
785 0.02845 0.000331817 557.285 4182.84 289.028 289.024 -8.9638 -14.7689 1258790000.0
786 0.02855 0.000331833 557.257 4182.88 289.044 289.031 -3.57864 4.73551 1258800000.0
787 0.02865 0.000331824 557.269 4182.85 289.035 289.024 -5.08902 -4.17024 1258770000.0
788 0.02875 0.000331812 557.292 4182.96 289.032 289.022 -19.0551 -26.1113 1258770000.0
789 0.02885 0.000331821 557.275 4182.77 289.026 289.025 -3.5289 -13.0837 1258770000.0
790 0.02895 0.000331816 557.287 4182.88 289.029 289.025 -12.6 -24.2731 1258770000.0
791 0.02905 0.000331824 557.27 4182.87 289.036 289.029 -4.94997 -12.9849 1258780000.0
792 0.02915 0.000331831 557.254 4182.98 289.05 289.029 -8.45143 -7.79202 1258800000.0
793 0.02925 0.000331834 557.259 4182.9 289.047 289.033 -2.70782 -8.46145 1258820000.0
794 0.02935 0.000331827 557.271 4182.82 289.035 289.033 -1.36099 -15.8376 1258820000.0
795 0.02945 0.000331838 557.251 4182.8 289.043 289.032 0.175498 0.633308 1258800000.0
796 0.02955 0.000331841 557.242 4182.77 289.044 289.029 7.0735 8.10356 1258770000.0
797 0.02965 0.000331841 557.246 4182.74 289.042 289.033 8.62301 1.74208 1258800000.0
798 0.02975 0.00033184 557.246 4182.84 289.048 289.031 -0.279305 -0.497814 1258800000.0
799 0.02985 0.000331843 557.241 4182.88 289.054 289.034 4.15672 8.00954 1258810000.0
800 0.02995 0.000331838 557.25 4182.79 289.043 289.032 1.57421 -3.76847 1258790000.0
