TITLE = "DSMC"
VARIABLES = "ID" "X" "rho" "v1" "Ttrans" "p" "p1" "q1" "mv1v1v1" "mvvv1v1"
ZONE T="Ma=7.6", I=800, J=1, K=1, F=POINT
1 -0.04995 8.83407e-05 2339.42 273.112 5.02424 5.02314 -0.201527 -0.307053 1427900.0
2 -0.04985 8.83415e-05 2339.42 273.111 5.02428 5.02316 -0.235308 -0.380232 1428100.0
3 -0.04975 8.83419e-05 2339.42 273.116 5.02439 5.0234 -0.252397 -0.361925 1428210.0
4 -0.04965 8.83416e-05 2339.42 273.111 5.02429 5.02332 -0.243529 -0.438054 1428210.0
5 -0.04955 8.83413e-05 2339.42 273.114 5.02433 5.02334 -0.271696 -0.469249 1428330.0
6 -0.04945 8.83416e-05 2339.42 273.112 5.0243 5.02331 -0.255211 -0.433478 1428250.0
7 -0.04935 8.83421e-05 2339.42 273.113 5.02435 5.02342 -0.26812 -0.429967 1428330.0
8 -0.04925 8.8341e-05 2339.42 273.115 5.02433 5.02339 -0.26889 -0.469972 1428380.0
9 -0.04915 8.83407e-05 2339.42 273.114 5.02429 5.02336 -0.289047 -0.523498 1428430.0
10 -0.04905 8.83432e-05 2339.42 273.112 5.0244 5.02355 -0.266737 -0.471996 1428430.0
11 -0.04895 8.83404e-05 2339.42 273.114 5.02428 5.02349 -0.334857 -0.616282 1428750.0
12 -0.04885 8.83418e-05 2339.42 273.115 5.02436 5.02355 -0.3244 -0.583354 1428730.0
13 -0.04875 8.8342e-05 2339.42 273.114 5.02437 5.02362 -0.334756 -0.620301 1428870.0
14 -0.04865 8.83415e-05 2339.42 273.113 5.02432 5.02362 -0.361921 -0.6666 1429040.0
15 -0.04855 8.83416e-05 2339.42 273.115 5.02435 5.02362 -0.35501 -0.673692 1429030.0
16 -0.04845 8.83412e-05 2339.42 273.116 5.02435 5.02367 -0.403285 -0.692717 1429350.0
17 -0.04835 8.83417e-05 2339.42 273.116 5.02438 5.02378 -0.427521 -0.753147 1429410.0
18 -0.04825 8.83416e-05 2339.42 273.113 5.02433 5.02371 -0.404319 -0.719122 1429420.0
19 -0.04815 8.83424e-05 2339.42 273.116 5.02442 5.02386 -0.48344 -0.794278 1429770.0
20 -0.04805 8.83413e-05 2339.42 273.117 5.02437 5.02389 -0.503532 -0.869964 1430010.0
21 -0.04795 8.83416e-05 2339.42 273.114 5.02434 5.0238 -0.452879 -0.815056 1429720.0
22 -0.04785 8.83416e-05 2339.42 273.116 5.02438 5.02385 -0.465353 -0.819155 1429920.0
23 -0.04775 8.83413e-05 2339.42 273.117 5.02437 5.02381 -0.564828 -0.94731 1430300.0
24 -0.04765 8.83422e-05 2339.42 273.119 5.02446 5.02395 -0.619503 -1.00759 1430720.0
25 -0.04755 8.83412e-05 2339.42 273.119 5.0244 5.02394 -0.622456 -1.03084 1430620.0
26 -0.04745 8.83417e-05 2339.42 273.117 5.0244 5.02398 -0.621245 -1.05084 1430810.0
27 -0.04735 8.83417e-05 2339.42 273.116 5.02438 5.02403 -0.608234 -1.0279 1430900.0
28 -0.04725 8.83416e-05 2339.42 273.12 5.02445 5.02403 -0.668745 -1.08676 1431030.0
29 -0.04715 8.83413e-05 2339.42 273.121 5.02446 5.0241 -0.713204 -1.13354 1431440.0
30 -0.04705 8.83415e-05 2339.42 273.12 5.02444 5.02401 -0.800969 -1.28265 1431740.0
31 -0.04695 8.83422e-05 2339.42 273.121 5.02449 5.02414 -0.788 -1.30558 1431920.0
32 -0.04685 8.83421e-05 2339.42 273.12 5.02447 5.02412 -0.724372 -1.19968 1431560.0
33 -0.04675 8.83417e-05 2339.42 273.121 5.02447 5.02412 -0.749638 -1.20366 1431650.0
34 -0.04665 8.83414e-05 2339.42 273.119 5.02442 5.02412 -0.721236 -1.20785 1431720.0
35 -0.04655 8.83417e-05 2339.42 273.121 5.02447 5.0242 -0.711446 -1.20976 1431690.0
36 -0.04645 8.83414e-05 2339.42 273.12 5.02445 5.02413 -0.762764 -1.25351 1431850.0
37 -0.04635 8.83429e-05 2339.41 273.12 5.02453 5.0243 -0.827492 -1.35729 1432390.0
38 -0.04625 8.8341e-05 2339.41 273.119 5.0244 5.02423 -0.814338 -1.32756 1432160.0
39 -0.04615 8.83418e-05 2339.41 273.123 5.02451 5.02429 -0.784308 -1.30191 1432250.0
40 -0.04605 8.8342e-05 2339.42 273.122 5.02451 5.02429 -0.843231 -1.38672 1432690.0
41 -0.04595 8.83414e-05 2339.41 273.123 5.02449 5.02435 -0.870142 -1.43968 1432790.0
42 -0.04585 8.83415e-05 2339.41 273.123 5.02451 5.02436 -0.867777 -1.42758 1432780.0
43 -0.04575 8.83419e-05 2339.41 273.121 5.02448 5.0243 -0.889584 -1.48146 1433080.0
44 -0.04565 8.83418e-05 2339.42 273.121 5.02449 5.02435 -0.867637 -1.4499 1432960.0
45 -0.04555 8.83421e-05 2339.41 273.123 5.02452 5.02436 -0.874222 -1.47662 1433060.0
46 -0.04545 8.83419e-05 2339.41 273.122 5.02451 5.02435 -0.909716 -1.48633 1433290.0
47 -0.04535 8.83421e-05 2339.42 273.122 5.02451 5.02438 -0.9063 -1.53176 1433260.0
48 -0.04525 8.83422e-05 2339.41 273.122 5.02451 5.02445 -0.873691 -1.47688 1433340.0
49 -0.04515 8.83419e-05 2339.41 273.124 5.02454 5.02446 -0.949115 -1.56422 1433710.0
50 -0.04505 8.83412e-05 2339.41 273.123 5.02449 5.0245 -1.06988 -1.70109 1434240.0
51 -0.04495 8.83419e-05 2339.41 273.125 5.02457 5.02459 -1.07014 -1.75337 1434450.0
52 -0.04485 8.83422e-05 2339.41 273.126 5.02459 5.0246 -1.11003 -1.79414 1434580.0
53 -0.04475 8.83422e-05 2339.42 273.126 5.02459 5.02472 -1.11531 -1.83563 1434700.0
54 -0.04465 8.83418e-05 2339.41 273.125 5.02456 5.02457 -1.19484 -1.94529 1435120.0
55 -0.04455 8.83419e-05 2339.41 273.126 5.02457 5.02467 -1.15276 -1.88141 1434970.0
56 -0.04445 8.83422e-05 2339.41 273.129 5.02464 5.02469 -1.26882 -2.02862 1435880.0
57 -0.04435 8.83418e-05 2339.41 273.128 5.02462 5.02466 -1.33922 -2.08462 1435910.0
58 -0.04425 8.83411e-05 2339.41 273.131 5.02461 5.02474 -1.38044 -2.21161 1436660.0
59 -0.04415 8.83419e-05 2339.41 273.131 5.02466 5.02476 -1.40222 -2.20685 1436640.0
60 -0.04405 8.83419e-05 2339.41 273.129 5.02463 5.02467 -1.39205 -2.19931 1436620.0
61 -0.04395 8.83421e-05 2339.41 273.128 5.02463 5.02477 -1.35959 -2.19167 1436610.0
62 -0.04385 8.83417e-05 2339.41 273.131 5.02466 5.02475 -1.41193 -2.24136 1436900.0
63 -0.04375 8.83412e-05 2339.41 273.131 5.02463 5.02461 -1.48609 -2.31057 1437080.0
64 -0.04365 8.83418e-05 2339.41 273.131 5.02467 5.02474 -1.50502 -2.33344 1437530.0
65 -0.04355 8.83422e-05 2339.41 273.131 5.02468 5.02476 -1.44624 -2.29996 1437300.0
66 -0.04345 8.83425e-05 2339.41 273.135 5.02477 5.02482 -1.46099 -2.27514 1437550.0
67 -0.04335 8.83408e-05 2339.41 273.129 5.02457 5.02451 -1.60635 -2.51212 1438040.0
68 -0.04325 8.83424e-05 2339.41 273.133 5.02474 5.02482 -1.52472 -2.41416 1438010.0
69 -0.04315 8.83417e-05 2339.41 273.134 5.0247 5.02471 -1.60636 -2.50882 1438550.0
70 -0.04305 8.83423e-05 2339.41 273.134 5.02474 5.02476 -1.61822 -2.47556 1438490.0
71 -0.04295 8.83403e-05 2339.41 273.136 5.02467 5.02467 -1.7184 -2.60023 1439120.0
72 -0.04285 8.83427e-05 2339.41 273.134 5.02476 5.02484 -1.76034 -2.67333 1439330.0
73 -0.04275 8.83414e-05 2339.41 273.136 5.02474 5.0248 -1.75424 -2.67676 1439420.0
74 -0.04265 8.83428e-05 2339.41 273.138 5.02485 5.02489 -1.83333 -2.79119 1440090.0
75 -0.04255 8.83416e-05 2339.41 273.137 5.02477 5.02484 -1.81031 -2.73394 1439930.0
76 -0.04245 8.83419e-05 2339.41 273.135 5.02475 5.02482 -1.85386 -2.82117 1440120.0
77 -0.04235 8.83419e-05 2339.41 273.139 5.02482 5.02486 -1.89288 -2.83616 1440450.0
78 -0.04225 8.83416e-05 2339.41 273.138 5.02479 5.02486 -1.93028 -2.94043 1440780.0
79 -0.04215 8.83417e-05 2339.41 273.14 5.02483 5.02495 -1.98339 -2.98802 1441160.0
80 -0.04205 8.83419e-05 2339.41 273.139 5.02481 5.02501 -2.08543 -3.12881 1441840.0
81 -0.04195 8.83417e-05 2339.41 273.145 5.02491 5.02509 -2.21673 -3.25943 1442590.0
82 -0.04185 8.83415e-05 2339.41 273.143 5.02486 5.02504 -2.24282 -3.34189 1442770.0
83 -0.04175 8.83419e-05 2339.41 273.145 5.02493 5.0252 -2.38661 -3.56077 1443640.0
84 -0.04165 8.83416e-05 2339.41 273.143 5.02488 5.02504 -2.32358 -3.48993 1443430.0
85 -0.04155 8.83424e-05 2339.41 273.144 5.02494 5.0253 -2.35923 -3.53063 1443750.0
86 -0.04145 8.83418e-05 2339.41 273.147 5.02495 5.02519 -2.41216 -3.63683 1444120.0
87 -0.04135 8.83422e-05 2339.41 273.145 5.02495 5.02529 -2.50831 -3.78288 1444930.0
88 -0.04125 8.83416e-05 2339.41 273.147 5.02495 5.02531 -2.53125 -3.8078 1444960.0
89 -0.04115 8.83415e-05 2339.41 273.149 5.02498 5.02534 -2.57109 -3.9012 1445430.0
90 -0.04105 8.83421e-05 2339.41 273.149 5.025 5.02539 -2.6816 -4.00057 1445780.0
91 -0.04095 8.8342e-05 2339.41 273.153 5.02508 5.02547 -2.82787 -4.19986 1446700.0
92 -0.04085 8.83413e-05 2339.41 273.153 5.02504 5.02548 -2.84424 -4.27517 1446960.0
93 -0.04075 8.83417e-05 2339.41 273.155 5.0251 5.02557 -2.97951 -4.40628 1447570.0
94 -0.04065 8.83425e-05 2339.41 273.154 5.02513 5.02562 -3.0148 -4.4614 1448040.0
95 -0.04055 8.83413e-05 2339.41 273.159 5.02515 5.02567 -3.1507 -4.62179 1449010.0
96 -0.04045 8.83422e-05 2339.41 273.157 5.02516 5.02577 -3.12436 -4.60421 1448940.0
97 -0.04035 8.83419e-05 2339.41 273.157 5.02515 5.02571 -3.18797 -4.73036 1449230.0
98 -0.04025 8.83417e-05 2339.41 273.164 5.02526 5.02595 -3.4531 -5.06914 1451060.0
99 -0.04015 8.83424e-05 2339.41 273.164 5.02531 5.02596 -3.51352 -5.14188 1451140.0
100 -0.04005 8.83419e-05 2339.41 273.164 5.02528 5.02592 -3.60711 -5.2652 1452030.0
101 -0.03995 8.83415e-05 2339.41 273.168 5.02533 5.02604 -3.87106 -5.64241 1453400.0
102 -0.03985 8.83424e-05 2339.41 273.169 5.0254 5.02614 -3.9701 -5.84101 1454130.0
103 -0.03975 8.83421e-05 2339.41 273.174 5.02547 5.02632 -4.21971 -6.15239 1455620.0
104 -0.03965 8.83416e-05 2339.4 273.174 5.02545 5.02625 -4.1913 -6.15825 1455710.0
105 -0.03955 8.83416e-05 2339.41 273.175 5.02547 5.02628 -4.36763 -6.39865 1456820.0
106 -0.03945 8.83425e-05 2339.4 273.176 5.02554 5.02632 -4.21616 -6.20321 1456140.0
107 -0.03935 8.83417e-05 2339.4 273.176 5.02549 5.02629 -4.36155 -6.42717 1457110.0
108 -0.03925 8.83419e-05 2339.41 273.177 5.02551 5.02633 -4.49201 -6.55458 1457790.0
109 -0.03915 8.83414e-05 2339.4 273.181 5.02555 5.02643 -4.54822 -6.73392 1458550.0
110 -0.03905 8.83428e-05 2339.41 273.18 5.02563 5.02655 -4.55313 -6.73622 1458520.0
111 -0.03895 8.8342e-05 2339.4 273.181 5.02559 5.0265 -4.74562 -7.04622 1460020.0
112 -0.03885 8.83423e-05 2339.4 273.188 5.02574 5.02679 -4.99655 -7.28238 1461190.0
113 -0.03875 8.83421e-05 2339.4 273.188 5.02572 5.02675 -5.09061 -7.39236 1461830.0
114 -0.03865 8.83419e-05 2339.4 273.193 5.0258 5.02689 -5.32131 -7.74709 1463450.0
115 -0.03855 8.83422e-05 2339.4 273.191 5.0258 5.0269 -5.44127 -7.95264 1464490.0
116 -0.03845 8.83425e-05 2339.4 273.197 5.02592 5.0271 -5.72574 -8.31592 1465790.0
117 -0.03835 8.83424e-05 2339.4 273.203 5.02602 5.02728 -5.84797 -8.52755 1467080.0
118 -0.03825 8.83421e-05 2339.4 273.204 5.02603 5.02727 -6.18928 -8.97968 1469000.0
119 -0.03815 8.83424e-05 2339.4 273.202 5.026 5.02727 -6.0709 -8.91763 1468750.0
120 -0.03805 8.83418e-05 2339.4 273.207 5.02607 5.02742 -6.3272 -9.30012 1470630.0
121 -0.03795 8.83425e-05 2339.4 273.208 5.02612 5.02743 -6.41954 -9.34566 1471090.0
122 -0.03785 8.83422e-05 2339.4 273.211 5.02615 5.02745 -6.58263 -9.64282 1472650.0
123 -0.03775 8.83425e-05 2339.4 273.214 5.02623 5.02759 -6.76115 -9.83557 1473400.0
124 -0.03765 8.83423e-05 2339.4 273.22 5.02633 5.0278 -7.16328 -10.4194 1476120.0
125 -0.03755 8.83423e-05 2339.4 273.222 5.02637 5.0278 -7.37605 -10.7639 1477290.0
126 -0.03745 8.83428e-05 2339.4 273.227 5.02649 5.02805 -7.51907 -10.9685 1478660.0
127 -0.03735 8.83423e-05 2339.4 273.226 5.02644 5.02797 -7.60406 -11.0807 1479050.0
128 -0.03725 8.83418e-05 2339.4 273.23 5.02649 5.02805 -7.89129 -11.4848 1481320.0
129 -0.03715 8.8342e-05 2339.4 273.233 5.02655 5.0282 -7.90577 -11.5663 1481570.0
130 -0.03705 8.83425e-05 2339.4 273.237 5.02666 5.02832 -8.23439 -11.978 1483650.0
131 -0.03695 8.83426e-05 2339.39 273.238 5.02669 5.02838 -8.29874 -12.1503 1484470.0
132 -0.03685 8.83426e-05 2339.4 273.238 5.02668 5.02839 -8.39662 -12.3683 1485490.0
133 -0.03675 8.83422e-05 2339.39 273.244 5.02676 5.0285 -8.72957 -12.7492 1487460.0
134 -0.03665 8.83426e-05 2339.4 273.25 5.02689 5.02877 -9.1632 -13.2926 1490200.0
135 -0.03655 8.8342e-05 2339.39 273.253 5.02691 5.02879 -9.27317 -13.5709 1491290.0
136 -0.03645 8.83428e-05 2339.39 273.259 5.02707 5.02904 -9.68102 -14.1522 1493620.0
137 -0.03635 8.83429e-05 2339.39 273.262 5.02713 5.02913 -9.85857 -14.419 1495250.0
138 -0.03625 8.83425e-05 2339.39 273.265 5.02716 5.02919 -10.0433 -14.6864 1496650.0
139 -0.03615 8.83425e-05 2339.39 273.264 5.02714 5.0292 -9.96105 -14.6156 1496700.0
140 -0.03605 8.83428e-05 2339.39 273.269 5.02726 5.02948 -10.3565 -15.2196 1499350.0
141 -0.03595 8.83418e-05 2339.39 273.274 5.0273 5.02948 -10.5894 -15.5007 1501230.0
142 -0.03585 8.83419e-05 2339.39 273.278 5.02738 5.02963 -10.9477 -16.0192 1503320.0
143 -0.03575 8.83425e-05 2339.39 273.284 5.02752 5.02983 -11.2469 -16.5042 1505320.0
144 -0.03565 8.83426e-05 2339.39 273.291 5.02766 5.03015 -11.6928 -17.2144 1508700.0
145 -0.03555 8.83424e-05 2339.39 273.29 5.02763 5.0301 -11.7444 -17.3228 1508990.0
146 -0.03545 8.8343e-05 2339.39 273.298 5.0278 5.03038 -12.069 -17.869 1511780.0
147 -0.03535 8.83427e-05 2339.39 273.301 5.02784 5.03045 -12.4619 -18.3946 1514070.0
148 -0.03525 8.83425e-05 2339.38 273.304 5.02789 5.03048 -12.5316 -18.5218 1514890.0
149 -0.03515 8.83426e-05 2339.39 273.31 5.028 5.03075 -12.9478 -19.138 1517670.0
150 -0.03505 8.8342e-05 2339.39 273.314 5.02804 5.03075 -13.0552 -19.37 1519220.0
151 -0.03495 8.83434e-05 2339.38 273.32 5.02823 5.03099 -13.4698 -19.8403 1521000.0
152 -0.03485 8.83426e-05 2339.38 273.327 5.02832 5.0312 -14.0446 -20.696 1525580.0
153 -0.03475 8.83427e-05 2339.38 273.337 5.0285 5.03153 -14.6474 -21.4706 1528870.0
154 -0.03465 8.83422e-05 2339.38 273.344 5.0286 5.03171 -15.1938 -22.2596 1532280.0
155 -0.03455 8.83428e-05 2339.38 273.349 5.02873 5.03183 -15.2947 -22.409 1533730.0
156 -0.03445 8.83434e-05 2339.38 273.349 5.02877 5.03197 -15.4904 -22.8372 1535890.0
157 -0.03435 8.83421e-05 2339.38 273.358 5.02886 5.03207 -15.9561 -23.4392 1538490.0
158 -0.03425 8.83433e-05 2339.38 273.36 5.02896 5.03222 -16.1476 -23.8851 1540530.0
159 -0.03415 8.83434e-05 2339.37 273.367 5.0291 5.03243 -16.5073 -24.4942 1542750.0
160 -0.03405 8.83418e-05 2339.38 273.379 5.02923 5.03269 -17.2214 -25.4392 1547440.0
161 -0.03395 8.8343e-05 2339.37 273.389 5.02947 5.03307 -17.8688 -26.3088 1551610.0
162 -0.03385 8.8344e-05 2339.37 273.397 5.02968 5.03349 -18.481 -27.235 1555980.0
163 -0.03375 8.83431e-05 2339.37 273.4 5.02969 5.03342 -18.6632 -27.4053 1557090.0
164 -0.03365 8.83429e-05 2339.37 273.411 5.02987 5.03381 -19.3495 -28.4483 1561850.0
165 -0.03355 8.83436e-05 2339.37 273.422 5.03011 5.0341 -19.976 -29.4384 1566330.0
166 -0.03345 8.83436e-05 2339.37 273.428 5.03023 5.0344 -20.4808 -30.1178 1569520.0
167 -0.03335 8.83436e-05 2339.37 273.436 5.03037 5.03461 -20.8121 -30.7894 1572260.0
168 -0.03325 8.83438e-05 2339.36 273.443 5.03051 5.03479 -21.4189 -31.4891 1576150.0
169 -0.03315 8.8343e-05 2339.36 273.455 5.03069 5.03512 -22.0895 -32.5121 1581090.0
170 -0.03305 8.83437e-05 2339.36 273.469 5.03099 5.03573 -22.9871 -33.7556 1586170.0
171 -0.03295 8.83443e-05 2339.36 273.476 5.03115 5.03591 -23.4255 -34.502 1589790.0
172 -0.03285 8.83435e-05 2339.36 273.491 5.03139 5.03639 -24.4653 -36.1215 1596200.0
173 -0.03275 8.8344e-05 2339.36 273.501 5.03159 5.03688 -25.0699 -37.0858 1600520.0
174 -0.03265 8.83442e-05 2339.35 273.516 5.03189 5.03726 -25.842 -38.1296 1605670.0
175 -0.03255 8.83434e-05 2339.35 273.529 5.03209 5.03763 -26.8326 -39.4704 1612170.0
176 -0.03245 8.83442e-05 2339.35 273.537 5.03228 5.03804 -27.3774 -40.2392 1616460.0
177 -0.03235 8.83443e-05 2339.35 273.543 5.03239 5.03821 -27.7713 -40.951 1619350.0
178 -0.03225 8.83445e-05 2339.35 273.553 5.03257 5.03839 -28.299 -41.797 1623300.0
179 -0.03215 8.83443e-05 2339.34 273.565 5.03278 5.03881 -29.0579 -43.048 1629180.0
180 -0.03205 8.8344e-05 2339.34 273.576 5.03297 5.03912 -29.754 -44.0394 1634040.0
181 -0.03195 8.83445e-05 2339.34 273.588 5.03322 5.03961 -30.5231 -45.2286 1639480.0
182 -0.03185 8.83438e-05 2339.34 273.602 5.03345 5.04007 -31.4905 -46.6569 1646330.0
183 -0.03175 8.83449e-05 2339.34 273.61 5.03365 5.04027 -31.9046 -47.2801 1649150.0
184 -0.03165 8.83447e-05 2339.33 273.627 5.03395 5.04094 -33.1663 -49.0221 1657640.0
185 -0.03155 8.83449e-05 2339.33 273.647 5.03434 5.0416 -34.2605 -50.7061 1664690.0
186 -0.03145 8.83443e-05 2339.33 273.66 5.03455 5.04202 -35.2174 -52.257 1671240.0
187 -0.03135 8.83455e-05 2339.33 273.678 5.03494 5.04268 -36.3645 -53.9176 1678480.0
188 -0.03125 8.83444e-05 2339.33 273.691 5.03512 5.04294 -37.0531 -54.8598 1684070.0
189 -0.03115 8.83444e-05 2339.33 273.708 5.03542 5.04349 -38.1667 -56.4069 1691810.0
190 -0.03105 8.83459e-05 2339.32 273.721 5.03576 5.044 -39.0316 -57.9141 1697520.0
191 -0.03095 8.83446e-05 2339.32 273.743 5.03607 5.04472 -40.4961 -60.1319 1707950.0
192 -0.03085 8.83456e-05 2339.31 273.761 5.03647 5.04528 -41.5492 -61.6362 1714210.0
193 -0.03075 8.83454e-05 2339.31 273.791 5.037 5.04621 -43.5044 -64.2247 1725970.0
194 -0.03065 8.83461e-05 2339.31 273.801 5.03724 5.04649 -44.1874 -65.1544 1732160.0
195 -0.03055 8.83453e-05 2339.31 273.826 5.03764 5.04721 -45.6644 -67.2087 1741840.0
196 -0.03045 8.83456e-05 2339.3 273.851 5.03813 5.04804 -47.3548 -69.7246 1752930.0
197 -0.03035 8.83456e-05 2339.3 273.866 5.0384 5.04843 -48.258 -70.898 1759130.0
198 -0.03025 8.83465e-05 2339.29 273.889 5.03888 5.04936 -49.7532 -73.2561 1769830.0
199 -0.03015 8.83456e-05 2339.29 273.915 5.03931 5.05018 -51.2467 -75.6507 1779720.0
200 -0.03005 8.83465e-05 2339.29 273.936 5.03974 5.05079 -52.6675 -77.4785 1789310.0
201 -0.02995 8.8347e-05 2339.28 273.958 5.04018 5.05157 -54.0786 -79.6438 1798750.0
202 -0.02985 8.83456e-05 2339.28 273.982 5.04053 5.05226 -55.4551 -81.6945 1808650.0
203 -0.02975 8.83466e-05 2339.28 274.002 5.04097 5.05297 -56.9937 -84.1044 1820410.0
204 -0.02965 8.83476e-05 2339.27 274.032 5.04157 5.05393 -58.8271 -86.4608 1831760.0
205 -0.02955 8.83464e-05 2339.27 274.052 5.04188 5.05452 -60.0678 -88.4741 1840570.0
206 -0.02945 8.83475e-05 2339.26 274.083 5.04251 5.05561 -62.1349 -91.6905 1855070.0
207 -0.02935 8.83475e-05 2339.26 274.111 5.04302 5.0566 -63.8609 -94.3788 1867340.0
208 -0.02925 8.8347e-05 2339.26 274.134 5.04341 5.05724 -65.3858 -96.5704 1877000.0
209 -0.02915 8.83484e-05 2339.25 274.154 5.04386 5.05806 -66.549 -98.5882 1886930.0
210 -0.02905 8.83483e-05 2339.25 274.186 5.04444 5.0589 -68.5996 -101.245 1900030.0
211 -0.02895 8.83478e-05 2339.24 274.217 5.04498 5.05994 -70.5659 -104.266 1913080.0
212 -0.02885 8.83482e-05 2339.24 274.252 5.04565 5.06114 -72.8882 -107.718 1928940.0
213 -0.02875 8.83492e-05 2339.23 274.284 5.04629 5.06228 -74.6956 -110.399 1941410.0
214 -0.02865 8.8348e-05 2339.23 274.311 5.04672 5.0631 -76.479 -113.23 1953560.0
215 -0.02855 8.83491e-05 2339.22 274.344 5.0474 5.0643 -78.646 -116.585 1968910.0
216 -0.02845 8.83491e-05 2339.22 274.382 5.04809 5.06538 -80.9351 -119.61 1983330.0
217 -0.02835 8.83496e-05 2339.21 274.426 5.04894 5.06691 -84.0256 -124.25 2004630.0
218 -0.02825 8.83502e-05 2339.2 274.463 5.04965 5.06818 -86.198 -127.511 2019320.0
219 -0.02815 8.83498e-05 2339.2 274.506 5.05041 5.06929 -88.8463 -130.904 2036390.0
220 -0.02805 8.83498e-05 2339.19 274.542 5.05108 5.07056 -91.225 -134.726 2053740.0
221 -0.02795 8.835e-05 2339.19 274.579 5.05176 5.07184 -93.6218 -138.389 2070290.0
222 -0.02785 8.8351e-05 2339.18 274.619 5.05257 5.07323 -96.1895 -142.161 2087650.0
223 -0.02775 8.83515e-05 2339.17 274.673 5.05359 5.07491 -99.4339 -146.696 2108270.0
224 -0.02765 8.83517e-05 2339.16 274.73 5.05465 5.07679 -103.197 -152.265 2133270.0
225 -0.02755 8.83509e-05 2339.16 274.764 5.05523 5.07801 -105.384 -155.781 2149060.0
226 -0.02745 8.8352e-05 2339.15 274.812 5.05617 5.07941 -108.414 -159.844 2168960.0
227 -0.02735 8.83518e-05 2339.14 274.857 5.05698 5.08096 -111.386 -164.438 2191020.0
228 -0.02725 8.83516e-05 2339.13 274.923 5.05819 5.08289 -115.269 -169.674 2213410.0
229 -0.02715 8.8353e-05 2339.12 274.972 5.05918 5.08455 -118.78 -174.736 2239550.0
230 -0.02705 8.83533e-05 2339.12 275.018 5.06004 5.086 -121.445 -179.003 2257710.0
231 -0.02695 8.83528e-05 2339.11 275.088 5.0613 5.08845 -125.923 -185.758 2287360.0
232 -0.02685 8.83546e-05 2339.1 275.141 5.06237 5.09021 -129.303 -190.748 2310270.0
233 -0.02675 8.83543e-05 2339.09 275.192 5.06329 5.09173 -132.531 -195.576 2333910.0
234 -0.02665 8.83543e-05 2339.08 275.252 5.0644 5.09361 -136.304 -201.018 2359420.0
235 -0.02655 8.83546e-05 2339.07 275.307 5.06543 5.09551 -139.852 -206.67 2383830.0
236 -0.02645 8.83559e-05 2339.06 275.387 5.06697 5.09839 -145.105 -214.655 2418940.0
237 -0.02635 8.83549e-05 2339.05 275.455 5.06817 5.10036 -149.112 -220.099 2445320.0
238 -0.02625 8.83562e-05 2339.04 275.528 5.06958 5.10285 -153.779 -227.005 2476530.0
239 -0.02615 8.83566e-05 2339.02 275.602 5.07096 5.10532 -158.652 -234.058 2507880.0
240 -0.02605 8.83572e-05 2339.01 275.673 5.0723 5.10746 -163.066 -240.586 2540360.0
241 -0.02595 8.83563e-05 2339.0 275.744 5.07358 5.10976 -167.65 -247.43 2571040.0
242 -0.02585 8.83585e-05 2338.99 275.812 5.07495 5.11212 -171.865 -253.725 2600090.0
243 -0.02575 8.83583e-05 2338.98 275.887 5.07632 5.11455 -176.582 -261.034 2632400.0
244 -0.02565 8.8359e-05 2338.97 275.966 5.0778 5.11716 -181.729 -268.674 2667810.0
245 -0.02555 8.83586e-05 2338.96 276.043 5.0792 5.11963 -186.709 -276.291 2703480.0
246 -0.02545 8.83595e-05 2338.95 276.113 5.08055 5.12192 -191.173 -282.913 2733150.0
247 -0.02535 8.83604e-05 2338.93 276.22 5.08255 5.12566 -197.838 -292.874 2776680.0
248 -0.02525 8.83617e-05 2338.92 276.295 5.08402 5.12817 -202.52 -299.942 2809200.0
249 -0.02515 8.83611e-05 2338.9 276.388 5.08568 5.13109 -208.656 -309.27 2851670.0
250 -0.02505 8.83611e-05 2338.88 276.495 5.08766 5.13455 -215.269 -318.556 2894370.0
251 -0.02495 8.83633e-05 2338.86 276.609 5.08988 5.13841 -222.655 -329.599 2943750.0
252 -0.02485 8.83632e-05 2338.85 276.692 5.0914 5.14085 -227.739 -336.857 2979460.0
253 -0.02475 8.83638e-05 2338.83 276.794 5.09332 5.14432 -234.484 -347.131 3024960.0
254 -0.02465 8.83647e-05 2338.82 276.904 5.09539 5.14797 -241.264 -356.988 3070190.0
255 -0.02455 8.83652e-05 2338.8 277.007 5.09732 5.15134 -247.861 -366.894 3115520.0
256 -0.02445 8.83648e-05 2338.78 277.115 5.09928 5.15471 -254.848 -377.469 3164010.0
257 -0.02435 8.8367e-05 2338.76 277.238 5.10166 5.15868 -262.556 -388.604 3215790.0
258 -0.02425 8.83673e-05 2338.74 277.376 5.10424 5.16355 -271.159 -401.652 3271030.0
259 -0.02415 8.83687e-05 2338.72 277.495 5.1065 5.16741 -279.022 -413.209 3325850.0
260 -0.02405 8.83685e-05 2338.7 277.622 5.10883 5.17136 -287.006 -424.649 3379190.0
261 -0.02395 8.83691e-05 2338.68 277.734 5.11092 5.17509 -293.968 -435.708 3427850.0
262 -0.02385 8.83705e-05 2338.66 277.899 5.11403 5.18056 -304.611 -451.074 3497040.0
263 -0.02375 8.83707e-05 2338.64 278.051 5.11685 5.18541 -314.135 -465.19 3561050.0
264 -0.02365 8.83729e-05 2338.61 278.207 5.11984 5.19071 -324.045 -479.553 3626230.0
265 -0.02355 8.83727e-05 2338.58 278.371 5.12285 5.1958 -334.372 -494.446 3694850.0
266 -0.02345 8.83741e-05 2338.56 278.518 5.12564 5.2006 -343.827 -508.303 3759240.0
267 -0.02335 8.83747e-05 2338.53 278.692 5.12887 5.20618 -355.071 -524.496 3833460.0
268 -0.02325 8.8376e-05 2338.52 278.817 5.13125 5.2107 -362.859 -537.692 3891550.0
269 -0.02315 8.83768e-05 2338.49 278.974 5.13419 5.21566 -372.877 -552.66 3961620.0
270 -0.02305 8.83783e-05 2338.46 279.167 5.13783 5.22189 -385.036 -569.961 4040280.0
271 -0.02295 8.83786e-05 2338.43 279.351 5.14123 5.22803 -396.938 -587.724 4119150.0
272 -0.02285 8.83803e-05 2338.4 279.544 5.14488 5.23446 -409.12 -605.548 4199980.0
273 -0.02275 8.83814e-05 2338.37 279.729 5.14835 5.2406 -420.699 -623.359 4279040.0
274 -0.02265 8.83823e-05 2338.34 279.908 5.15169 5.24647 -432.195 -640.509 4357900.0
275 -0.02255 8.83832e-05 2338.31 280.112 5.1555 5.2534 -445.188 -660.067 4445830.0
276 -0.02245 8.83857e-05 2338.27 280.306 5.15922 5.2599 -457.482 -678.746 4528970.0
277 -0.02235 8.83855e-05 2338.24 280.524 5.16322 5.26698 -471.251 -699.088 4620770.0
278 -0.02225 8.83874e-05 2338.2 280.754 5.16756 5.27433 -485.784 -720.004 4718680.0
279 -0.02215 8.83885e-05 2338.17 280.978 5.17176 5.28153 -500.13 -740.931 4813570.0
280 -0.02205 8.83903e-05 2338.13 281.211 5.17614 5.28922 -514.95 -762.868 4915750.0
281 -0.02195 8.83913e-05 2338.09 281.456 5.18071 5.29717 -530.397 -785.458 5015480.0
282 -0.02185 8.83924e-05 2338.05 281.714 5.18554 5.30574 -547.055 -810.2 5128270.0
283 -0.02175 8.83949e-05 2338.01 281.97 5.19039 5.31432 -563.366 -834.967 5239280.0
284 -0.02165 8.83971e-05 2337.97 282.247 5.19563 5.32356 -580.672 -860.684 5351910.0
285 -0.02155 8.83976e-05 2337.92 282.522 5.20071 5.33261 -598.336 -886.905 5471310.0
286 -0.02145 8.83999e-05 2337.88 282.797 5.20591 5.34157 -615.674 -912.379 5588050.0
287 -0.02135 8.84014e-05 2337.84 283.068 5.21098 5.35 -632.788 -937.379 5704310.0
288 -0.02125 8.84031e-05 2337.78 283.391 5.21703 5.36136 -653.618 -969.344 5844400.0
289 -0.02115 8.84043e-05 2337.74 283.678 5.22239 5.37056 -671.605 -996.035 5964870.0
290 -0.02105 8.84078e-05 2337.69 283.983 5.22821 5.38049 -690.924 -1024.27 6095610.0
291 -0.02095 8.84085e-05 2337.64 284.311 5.23429 5.39156 -711.833 -1056.53 6238200.0
292 -0.02085 8.84122e-05 2337.58 284.691 5.2415 5.40428 -735.991 -1091.34 6392880.0
293 -0.02075 8.84124e-05 2337.53 285.012 5.24742 5.41447 -756.292 -1121.89 6533000.0
294 -0.02065 8.8415e-05 2337.47 285.326 5.25337 5.42492 -776.31 -1152.32 6671510.0
295 -0.02055 8.8418e-05 2337.41 285.735 5.26107 5.43879 -802.269 -1190.85 6839870.0
296 -0.02045 8.84199e-05 2337.35 286.113 5.26815 5.45121 -826.457 -1226.67 7003690.0
297 -0.02035 8.84228e-05 2337.28 286.513 5.27568 5.4646 -851.546 -1264.25 7169960.0
298 -0.02025 8.84244e-05 2337.22 286.916 5.2832 5.47796 -877.317 -1302.55 7341640.0
299 -0.02015 8.84267e-05 2337.15 287.352 5.29136 5.49249 -905.134 -1344.07 7528910.0
300 -0.02005 8.84294e-05 2337.08 287.735 5.29859 5.50554 -929.224 -1381.23 7690660.0
301 -0.01995 8.84325e-05 2337.02 288.17 5.30678 5.5199 -956.68 -1422.47 7876930.0
302 -0.01985 8.84358e-05 2336.94 288.651 5.31584 5.53556 -987.515 -1467.0 8079090.0
303 -0.01975 8.84379e-05 2336.86 289.119 5.32458 5.55094 -1017.09 -1511.15 8276310.0
304 -0.01965 8.84414e-05 2336.79 289.615 5.33393 5.56724 -1048.47 -1557.33 8485770.0
305 -0.01955 8.8444e-05 2336.7 290.125 5.34347 5.58399 -1081.17 -1605.37 8702890.0
306 -0.01945 8.84471e-05 2336.62 290.659 5.35349 5.60132 -1114.71 -1654.13 8922830.0
307 -0.01935 8.84513e-05 2336.53 291.199 5.3637 5.6195 -1148.99 -1705.77 9151870.0
308 -0.01925 8.84542e-05 2336.44 291.764 5.37428 5.63835 -1185.14 -1759.81 9393650.0
309 -0.01915 8.84566e-05 2336.36 292.289 5.38408 5.65512 -1218.31 -1808.58 9617450.0
310 -0.01905 8.84611e-05 2336.26 292.913 5.39586 5.67609 -1257.99 -1867.24 9880240.0
311 -0.01895 8.84655e-05 2336.16 293.509 5.40711 5.69584 -1295.59 -1923.21 10128100.0
312 -0.01885 8.8468e-05 2336.05 294.184 5.41969 5.71874 -1338.4 -1987.55 10408900.0
313 -0.01875 8.84727e-05 2335.95 294.783 5.43102 5.73852 -1376.62 -2044.79 10668800.0
314 -0.01865 8.8477e-05 2335.84 295.519 5.44484 5.76219 -1423.03 -2110.73 10968200.0
315 -0.01855 8.84809e-05 2335.74 296.14 5.45653 5.78302 -1462.61 -2171.22 11239100.0
316 -0.01845 8.84852e-05 2335.62 296.886 5.47054 5.80777 -1509.89 -2241.0 11548600.0
317 -0.01835 8.84902e-05 2335.5 297.623 5.48443 5.83279 -1556.54 -2311.4 11859400.0
318 -0.01825 8.84943e-05 2335.38 298.402 5.49905 5.85805 -1606.09 -2383.14 12185200.0
319 -0.01815 8.84998e-05 2335.25 299.164 5.51341 5.8837 -1654.0 -2455.78 12504700.0
320 -0.01805 8.85037e-05 2335.12 299.99 5.52889 5.9111 -1707.24 -2534.66 12859100.0
321 -0.01795 8.85099e-05 2334.98 300.835 5.54485 5.93988 -1760.31 -2614.88 13209400.0
322 -0.01785 8.8515e-05 2334.83 301.724 5.56157 5.96934 -1816.57 -2697.42 13575300.0
323 -0.01775 8.85204e-05 2334.68 302.669 5.57932 6.00062 -1876.5 -2785.59 13967500.0
324 -0.01765 8.85266e-05 2334.54 303.541 5.59578 6.03048 -1932.09 -2871.15 14345500.0
325 -0.01755 8.85317e-05 2334.39 304.455 5.61296 6.06116 -1989.93 -2958.64 14731800.0
326 -0.01745 8.85381e-05 2334.24 305.42 5.63115 6.0931 -2051.14 -3049.04 15137600.0
327 -0.01735 8.85441e-05 2334.08 306.431 5.65018 6.12602 -2115.17 -3142.28 15559800.0
328 -0.01725 8.85497e-05 2333.91 307.455 5.66942 6.16059 -2179.88 -3239.76 15987300.0
329 -0.01715 8.85575e-05 2333.72 308.57 5.69047 6.19825 -2250.66 -3345.42 16453600.0
330 -0.01705 8.85638e-05 2333.55 309.637 5.71056 6.23398 -2318.16 -3447.16 16903800.0
331 -0.01695 8.85707e-05 2333.37 310.762 5.73175 6.27144 -2389.52 -3553.18 17376300.0
332 -0.01685 8.85782e-05 2333.17 311.975 5.75461 6.31195 -2466.31 -3666.6 17880300.0
333 -0.01675 8.85856e-05 2332.98 313.147 5.77671 6.35144 -2540.92 -3779.2 18377700.0
334 -0.01665 8.85926e-05 2332.79 314.359 5.79953 6.39201 -2616.85 -3893.54 18881100.0
335 -0.01655 8.86011e-05 2332.57 315.716 5.82512 6.43727 -2703.58 -4021.36 19451200.0
336 -0.01645 8.86093e-05 2332.35 317.055 5.85038 6.48256 -2788.29 -4148.45 20008900.0
337 -0.01635 8.8619e-05 2332.11 318.491 5.87751 6.53106 -2878.94 -4283.82 20600100.0
338 -0.01625 8.86269e-05 2331.88 319.922 5.90445 6.57851 -2969.73 -4417.79 21197500.0
339 -0.01615 8.8636e-05 2331.64 321.384 5.93204 6.62803 -3061.95 -4556.76 21805000.0
340 -0.01605 8.86451e-05 2331.4 322.876 5.96019 6.67809 -3156.81 -4698.85 22436300.0
341 -0.01595 8.8655e-05 2331.15 324.449 5.9899 6.73029 -3255.96 -4844.85 23083500.0
342 -0.01585 8.86649e-05 2330.87 326.113 6.02129 6.7863 -3361.56 -5001.96 23775700.0
343 -0.01575 8.86755e-05 2330.59 327.826 6.05364 6.84403 -3470.13 -5164.23 24488500.0
344 -0.01565 8.86884e-05 2330.29 329.671 6.0886 6.906 -3586.63 -5334.97 25237900.0
345 -0.01555 8.86983e-05 2330.01 331.445 6.12205 6.96576 -3698.6 -5502.95 25976700.0
346 -0.01545 8.87104e-05 2329.69 333.369 6.15843 7.03041 -3820.24 -5683.31 26769100.0
347 -0.01535 8.87217e-05 2329.38 335.291 6.19472 7.09513 -3941.87 -5864.89 27569900.0
348 -0.01525 8.87361e-05 2329.04 337.321 6.23323 7.16379 -4070.22 -6055.85 28407900.0
349 -0.01515 8.87468e-05 2328.7 339.407 6.27254 7.23404 -4202.38 -6252.12 29267700.0
350 -0.01505 8.8761e-05 2328.37 341.459 6.31146 7.30397 -4331.31 -6447.21 30118500.0
351 -0.01495 8.8776e-05 2328.0 343.688 6.35375 7.37959 -4472.43 -6657.56 31038100.0
352 -0.01485 8.87886e-05 2327.63 345.938 6.39624 7.45455 -4614.21 -6867.36 31965800.0
353 -0.01475 8.8804e-05 2327.26 348.226 6.43967 7.53205 -4759.03 -7084.36 32919900.0
354 -0.01465 8.88179e-05 2326.86 350.675 6.48596 7.61479 -4913.1 -7313.83 33922100.0
355 -0.01455 8.88338e-05 2326.44 353.176 6.5334 7.69997 -5071.62 -7551.42 34959900.0
356 -0.01445 8.8851e-05 2326.02 355.764 6.58256 7.78705 -5234.66 -7793.4 36021600.0
357 -0.01435 8.88668e-05 2325.57 358.5 6.63434 7.8802 -5407.08 -8050.46 37140500.0
358 -0.01425 8.88856e-05 2325.11 361.274 6.68711 7.97509 -5582.06 -8313.37 38281500.0
359 -0.01415 8.89038e-05 2324.64 364.146 6.74164 8.07214 -5763.31 -8582.14 39457400.0
360 -0.01405 8.8922e-05 2324.15 367.113 6.79796 8.17263 -5950.64 -8861.13 40677000.0
361 -0.01395 8.89402e-05 2323.67 370.054 6.85381 8.27231 -6135.21 -9138.7 41890000.0
362 -0.01385 8.8961e-05 2323.13 373.317 6.91587 8.38447 -6341.93 -9447.37 43225000.0
363 -0.01375 8.89814e-05 2322.6 376.545 6.97728 8.49343 -6544.24 -9747.5 44536900.0
364 -0.01365 8.90022e-05 2322.05 379.866 7.04045 8.60661 -6753.63 -10061.4 45905000.0
365 -0.01355 8.90245e-05 2321.48 383.346 7.10674 8.72485 -6973.58 -10388.6 47337800.0
366 -0.01345 8.9048e-05 2320.88 386.918 7.17486 8.84709 -7196.84 -10722.7 48778400.0
367 -0.01335 8.90706e-05 2320.26 390.635 7.24562 8.97439 -7430.79 -11073.7 50298800.0
368 -0.01325 8.90942e-05 2319.64 394.434 7.31802 9.10463 -7670.12 -11432.7 51857200.0
369 -0.01315 8.91208e-05 2318.97 398.474 7.39518 9.24225 -7923.8 -11809.0 53492700.0
370 -0.01305 8.91476e-05 2318.29 402.59 7.47382 9.38292 -8182.32 -12193.3 55159800.0
371 -0.01295 8.91746e-05 2317.56 406.996 7.5579 9.53207 -8459.79 -12601.4 56943700.0
372 -0.01285 8.92024e-05 2316.83 411.472 7.6434 9.68426 -8740.36 -13016.2 58748400.0
373 -0.01275 8.92321e-05 2316.08 415.886 7.72797 9.83728 -9017.6 -13435.6 60552600.0
374 -0.01265 8.92617e-05 2315.31 420.56 7.81741 9.9975 -9310.76 -13873.4 62450600.0
375 -0.01255 8.92936e-05 2314.48 425.533 7.91266 10.1681 -9623.29 -14337.1 64458700.0
376 -0.01245 8.93259e-05 2313.64 430.531 8.00852 10.3412 -9935.52 -14805.1 66463300.0
377 -0.01235 8.93582e-05 2312.8 435.576 8.10528 10.5149 -10251.3 -15280.1 68514700.0
378 -0.01225 8.93933e-05 2311.89 440.994 8.20932 10.7018 -10591.0 -15786.9 70703200.0
379 -0.01215 8.94285e-05 2310.96 446.521 8.31549 10.8934 -10936.3 -16304.2 72920700.0
380 -0.01205 8.9467e-05 2309.99 452.369 8.42801 11.0939 -11302.3 -16845.3 75262900.0
381 -0.01195 8.95063e-05 2308.99 458.386 8.54388 11.3013 -11678.4 -17403.6 77666800.0
382 -0.01185 8.95451e-05 2307.97 464.454 8.66072 11.5103 -12057.1 -17968.3 80103500.0
383 -0.01175 8.95866e-05 2306.9 470.883 8.78468 11.7321 -12458.5 -18563.8 82668700.0
384 -0.01165 8.96308e-05 2305.78 477.556 8.91357 11.9634 -12875.1 -19183.5 85330300.0
385 -0.01155 8.96758e-05 2304.61 484.484 9.04741 12.2033 -13307.4 -19825.0 88088400.0
386 -0.01145 8.97207e-05 2303.43 491.552 9.184 12.4465 -13746.9 -20474.9 90892400.0
387 -0.01135 8.97709e-05 2302.2 498.824 9.32509 12.7004 -14200.0 -21151.8 93788000.0
388 -0.01125 8.98182e-05 2300.93 506.32 9.47021 12.9621 -14666.0 -21848.5 96761600.0
389 -0.01115 8.98715e-05 2299.62 514.152 9.62241 13.2336 -15153.0 -22570.3 99864100.0
390 -0.01105 8.99246e-05 2298.23 522.343 9.78147 13.5197 -15661.4 -23327.2 103094000.0
391 -0.01095 8.99797e-05 2296.82 530.733 9.94467 13.8113 -16182.6 -24099.3 106409000.0
392 -0.01085 9.00384e-05 2295.34 539.457 10.1147 14.116 -16723.3 -24902.0 109836000.0
393 -0.01075 9.00964e-05 2293.83 548.384 10.2887 14.4259 -17276.6 -25720.4 113355000.0
394 -0.01065 9.01581e-05 2292.28 557.53 10.4675 14.7462 -17842.9 -26563.7 116960000.0
395 -0.01055 9.02237e-05 2290.63 567.271 10.6581 15.0875 -18444.5 -27455.3 120758000.0
396 -0.01045 9.02902e-05 2288.94 577.116 10.8511 15.4368 -19053.0 -28368.4 124618000.0
397 -0.01035 9.03591e-05 2287.19 587.384 11.0526 15.7973 -19686.7 -29307.9 128623000.0
398 -0.01025 9.043e-05 2285.39 597.938 11.26 16.168 -20337.6 -30272.2 132740000.0
399 -0.01015 9.05052e-05 2283.49 609.065 11.4791 16.5598 -21022.4 -31283.8 137040000.0
400 -0.01005 9.05821e-05 2281.56 620.364 11.702 16.9582 -21717.8 -32314.6 141431000.0
401 -0.00995 9.06607e-05 2279.56 632.014 11.9321 17.3701 -22433.2 -33378.0 145949000.0
402 -0.00985 9.07445e-05 2277.47 644.136 12.1722 17.8005 -23176.3 -34480.7 150615000.0
403 -0.00975 9.08325e-05 2275.28 656.861 12.4246 18.2538 -23956.8 -35637.5 155508000.0
404 -0.00965 9.092e-05 2273.07 669.621 12.6782 18.7077 -24736.7 -36795.6 160408000.0
405 -0.00955 9.10123e-05 2270.78 682.997 12.9446 19.1808 -25554.6 -38001.5 165547000.0
406 -0.00945 9.11091e-05 2268.34 697.068 13.2253 19.6848 -26412.8 -39273.1 170903000.0
407 -0.00935 9.12099e-05 2265.86 711.348 13.5112 20.1968 -27281.0 -40560.5 176324000.0
408 -0.00925 9.1314e-05 2263.29 726.169 13.8085 20.7272 -28185.1 -41896.4 181984000.0
409 -0.00915 9.14218e-05 2260.58 741.784 14.122 21.2855 -29131.3 -43285.0 187845000.0
410 -0.00905 9.15344e-05 2257.82 757.596 14.4408 21.8538 -30089.5 -44700.8 193819000.0
411 -0.00895 9.16501e-05 2254.97 773.909 14.7704 22.4423 -31077.1 -46161.3 199970000.0
412 -0.00885 9.17727e-05 2251.95 791.169 15.12 23.0654 -32119.8 -47693.5 206417000.0
413 -0.00875 9.18998e-05 2248.85 808.807 15.4785 23.7052 -33181.4 -49258.6 212976000.0
414 -0.00865 9.2031e-05 2245.64 827.035 15.85 24.3661 -34279.2 -50872.7 219770000.0
415 -0.00855 9.21666e-05 2242.33 845.814 16.2337 25.0492 -35404.5 -52528.8 226718000.0
416 -0.00845 9.23093e-05 2238.87 865.368 16.6348 25.7637 -36576.7 -54252.3 233940000.0
417 -0.00835 9.2456e-05 2235.33 885.326 17.0454 26.4937 -37767.3 -56003.5 241276000.0
418 -0.00825 9.26083e-05 2231.64 906.078 17.4737 27.254 -39004.6 -57818.3 248879000.0
419 -0.00815 9.27681e-05 2227.81 927.578 17.9192 28.0446 -40283.1 -59691.7 256722000.0
420 -0.00805 9.29327e-05 2223.85 949.783 18.3807 28.8616 -41598.6 -61615.1 264772000.0
421 -0.00795 9.31042e-05 2219.75 972.564 18.8563 29.7069 -42946.0 -63595.0 273026000.0
422 -0.00785 9.3283e-05 2215.5 996.185 19.3514 30.5837 -44336.2 -65629.3 281510000.0
423 -0.00775 9.34698e-05 2211.08 1020.69 19.8671 31.4954 -45779.1 -67733.4 290307000.0
424 -0.00765 9.36644e-05 2206.46 1046.18 20.4056 32.4465 -47269.2 -69901.2 299326000.0
425 -0.00755 9.3867e-05 2201.72 1072.18 20.9581 33.4245 -48787.4 -72120.6 308553000.0
426 -0.00745 9.4076e-05 2196.83 1099.08 21.5316 34.4352 -50354.5 -74401.8 318069000.0
427 -0.00735 9.42961e-05 2191.72 1126.93 22.129 35.4873 -51966.2 -76741.2 327784000.0
428 -0.00725 9.45213e-05 2186.46 1155.6 22.7461 36.5723 -53623.1 -79147.0 337810000.0
429 -0.00715 9.47627e-05 2180.92 1185.66 23.3974 37.7169 -55353.4 -81646.6 348192000.0
430 -0.00705 9.5009e-05 2175.23 1216.29 24.0642 38.8887 -57104.3 -84183.1 358703000.0
431 -0.00695 9.52672e-05 2169.36 1247.74 24.7535 40.0988 -58896.3 -86777.4 369452000.0
432 -0.00685 9.55351e-05 2163.27 1280.42 25.4734 41.3551 -60753.0 -89447.0 380563000.0
433 -0.00675 9.58162e-05 2156.91 1314.27 26.2237 42.6667 -62663.9 -92192.3 391939000.0
434 -0.00665 9.61076e-05 2150.41 1348.83 26.9951 44.0081 -64605.3 -94976.3 403517000.0
435 -0.00655 9.64134e-05 2143.56 1384.95 27.8061 45.42 -66624.6 -97865.1 415500000.0
436 -0.00645 9.67307e-05 2136.54 1421.76 28.6391 46.8673 -68670.2 -100791.0 427647000.0
437 -0.00635 9.70587e-05 2129.3 1459.51 29.4992 48.3592 -70751.9 -103765.0 439978000.0
438 -0.00625 9.74013e-05 2121.82 1498.53 30.3949 49.9031 -72897.0 -106808.0 452672000.0
439 -0.00615 9.77584e-05 2114.07 1538.49 31.3198 51.501 -75075.6 -109907.0 465554000.0
440 -0.00605 9.81321e-05 2106.04 1579.79 32.2834 53.1585 -77314.6 -113074.0 478747000.0
441 -0.00595 9.85217e-05 2097.67 1622.42 33.2863 54.8832 -79601.6 -116303.0 492177000.0
442 -0.00585 9.89299e-05 2089.06 1666.08 34.3237 56.6589 -81933.8 -119581.0 505871000.0
443 -0.00575 9.93517e-05 2080.16 1710.94 35.3981 58.4942 -84304.6 -122908.0 519775000.0
444 -0.00565 9.97934e-05 2070.96 1756.98 36.5123 60.3919 -86724.5 -126290.0 533966000.0
445 -0.00555 0.000100254 2061.45 1804.25 37.6675 62.352 -89179.4 -129704.0 548316000.0
446 -0.00545 0.000100736 2051.59 1852.87 38.8686 64.3856 -91683.2 -133176.0 562938000.0
447 -0.00535 0.000101239 2041.4 1902.75 40.1143 66.4861 -94224.5 -136679.0 577752000.0
448 -0.00525 0.000101763 2030.9 1953.79 41.4034 68.6515 -96801.4 -140218.0 592807000.0
449 -0.00515 0.000102308 2020.07 2006.02 42.7379 70.8857 -99403.2 -143775.0 607987000.0
450 -0.00505 0.000102872 2008.98 2059.13 44.1115 73.173 -102024.0 -147342.0 623339000.0
451 -0.00495 0.000103468 1997.38 2114.0 45.5492 75.5622 -104690.0 -150942.0 638875000.0
452 -0.00485 0.000104094 1985.43 2170.1 47.0406 78.028 -107380.0 -154551.0 654570000.0
453 -0.00475 0.000104738 1973.19 2227.0 48.5731 80.5521 -110069.0 -158150.0 670361000.0
454 -0.00465 0.000105418 1960.48 2285.4 50.1701 83.1726 -112786.0 -161752.0 686278000.0
455 -0.00455 0.000106123 1947.44 2344.88 51.8205 85.8611 -115514.0 -165334.0 702350000.0
456 -0.00445 0.00010686 1934.02 2405.4 53.527 88.6289 -118234.0 -168885.0 718434000.0
457 -0.00435 0.000107628 1920.21 2467.07 55.294 91.4747 -120956.0 -172394.0 734596000.0
458 -0.00425 0.00010843 1906.01 2529.55 57.1167 94.4022 -123655.0 -175859.0 750759000.0
459 -0.00415 0.000109269 1891.35 2593.53 59.0145 97.4231 -126364.0 -179275.0 767051000.0
460 -0.00405 0.000110144 1876.34 2658.08 60.9674 100.518 -129029.0 -182609.0 783244000.0
461 -0.00395 0.000111063 1860.82 2724.05 63.0023 103.72 -131689.0 -185881.0 799547000.0
462 -0.00385 0.000112017 1844.99 2790.16 65.0851 106.984 -134271.0 -189033.0 815628000.0
463 -0.00375 0.000113007 1828.82 2857.22 67.2387 110.318 -136826.0 -192084.0 831788000.0
464 -0.00365 0.000114049 1812.09 2925.25 69.4744 113.765 -139328.0 -195018.0 847858000.0
465 -0.00355 0.000115137 1794.98 2993.92 71.7839 117.292 -141765.0 -197806.0 863814000.0
466 -0.00345 0.000116272 1777.43 3063.21 74.1689 120.907 -144130.0 -200448.0 879711000.0
467 -0.00335 0.000117458 1759.54 3132.77 76.6266 124.599 -146405.0 -202919.0 895448000.0
468 -0.00325 0.000118695 1741.16 3202.88 79.1667 128.386 -148592.0 -205222.0 911111000.0
469 -0.00315 0.000119979 1722.55 3272.87 81.7716 132.223 -150662.0 -207311.0 926548000.0
470 -0.00305 0.000121325 1703.45 3343.35 84.4696 136.159 -152629.0 -209192.0 941878000.0
471 -0.00295 0.000122728 1683.95 3413.68 87.2442 140.178 -154458.0 -210847.0 957006000.0
472 -0.00285 0.000124194 1664.08 3484.25 90.1114 144.275 -156165.0 -212255.0 972023000.0
473 -0.00275 0.000125715 1643.93 3554.29 93.0486 148.423 -157716.0 -213409.0 986815000.0
474 -0.00265 0.000127306 1623.4 3624.31 96.0827 152.66 -159126.0 -214305.0 1001530000.0
475 -0.00255 0.000128965 1602.52 3693.81 99.2008 156.962 -160362.0 -214909.0 1016020000.0
476 -0.00245 0.000130686 1581.41 3762.59 102.397 161.313 -161420.0 -215227.0 1030360000.0
477 -0.00235 0.000132479 1560.01 3830.46 105.674 165.723 -162283.0 -215245.0 1044520000.0
478 -0.00225 0.000134353 1538.23 3897.97 109.058 170.212 -162962.0 -214932.0 1058570000.0
479 -0.00215 0.000136295 1516.33 3964.35 112.518 174.725 -163447.0 -214312.0 1072500000.0
480 -0.00205 0.000138312 1494.21 4029.66 116.064 179.285 -163729.0 -213383.0 1086390000.0
481 -0.00195 0.000140409 1471.9 4093.49 119.69 183.883 -163781.0 -212120.0 1100130000.0
482 -0.00185 0.000142585 1449.44 4156.33 123.411 188.511 -163633.0 -210521.0 1113830000.0
483 -0.00175 0.000144846 1426.81 4217.47 127.212 193.176 -163243.0 -208590.0 1127480000.0
484 -0.00165 0.000147195 1404.05 4277.15 131.104 197.869 -162627.0 -206320.0 1141110000.0
485 -0.00155 0.000149618 1381.31 4335.21 135.072 202.554 -161802.0 -203740.0 1154770000.0
486 -0.00145 0.000152135 1358.46 4391.42 139.125 207.266 -160732.0 -200834.0 1168460000.0
487 -0.00135 0.000154736 1335.61 4445.82 143.256 211.972 -159431.0 -197611.0 1182170000.0
488 -0.00125 0.000157421 1312.85 4498.12 147.456 216.669 -157921.0 -194125.0 1196060000.0
489 -0.00115 0.000160182 1290.21 4548.31 151.717 221.333 -156179.0 -190358.0 1209990000.0
490 -0.00105 0.00016305 1267.51 4597.01 156.087 226.009 -154230.0 -186269.0 1224090000.0
491 -0.00095 0.000165997 1245.0 4643.45 160.514 230.651 -152073.0 -181962.0 1238410000.0
492 -0.00085 0.000169027 1222.69 4687.61 164.997 235.25 -149714.0 -177422.0 1252840000.0
493 -0.00075 0.000172143 1200.57 4729.61 169.545 239.813 -147159.0 -172668.0 1267490000.0
494 -0.00065 0.000175343 1178.65 4769.41 174.15 244.334 -144411.0 -167714.0 1282320000.0
495 -0.00055 0.000178605 1157.13 4807.06 178.79 248.772 -141520.0 -162644.0 1297350000.0
496 -0.00045 0.00018195 1135.86 4842.54 183.483 253.16 -138464.0 -157417.0 1312620000.0
497 -0.00035 0.000185367 1114.92 4875.72 188.209 257.479 -135250.0 -152073.0 1328030000.0
498 -0.00025 0.000188849 1094.36 4906.94 192.973 261.722 -131922.0 -146651.0 1343690000.0
499 -0.00015 0.0001924 1074.17 4935.92 197.762 265.887 -128459.0 -141151.0 1359470000.0
500 -5e-05 0.000196018 1054.33 4963.04 202.588 269.98 -124891.0 -135582.0 1375450000.0
501 5e-05 0.00019969 1034.96 4988.22 207.43 273.984 -121241.0 -130008.0 1391610000.0
502 0.00015 0.000203383 1016.16 5011.46 212.25 277.864 -117554.0 -124519.0 1407870000.0
503 0.00025 0.000207135 997.76 5032.69 217.082 281.669 -113776.0 -119006.0 1424210000.0
504 0.00035 0.000210902 979.94 5052.29 221.891 285.35 -109991.0 -113604.0 1440590000.0
505 0.00045 0.000214699 962.606 5070.06 226.68 288.93 -106163.0 -108254.0 1456970000.0
506 0.00055 0.000218508 945.831 5086.36 231.443 292.401 -102336.0 -103024.0 1473410000.0
507 0.00065 0.000222346 929.506 5101.09 236.19 295.777 -98493.2 -97855.8 1489750000.0
508 0.00075 0.000226167 913.798 5114.58 240.885 299.029 -94696.4 -92867.5 1506080000.0
509 0.00085 0.00022998 898.652 5126.6 245.522 302.162 -90925.8 -88021.4 1522250000.0
510 0.00095 0.000233783 884.033 5137.4 250.108 305.193 -87194.4 -83320.7 1538300000.0
511 0.00105 0.000237566 869.959 5147.17 254.638 308.108 -83513.0 -78757.6 1554140000.0
512 0.00115 0.00024132 856.426 5155.72 259.091 310.919 -79888.5 -74369.2 1569790000.0
513 0.00125 0.000245038 843.432 5163.45 263.477 313.61 -76336.9 -70138.2 1585150000.0
514 0.00135 0.000248695 831.034 5170.28 267.763 316.187 -72885.4 -66133.1 1600280000.0
515 0.00145 0.00025228 819.219 5176.1 271.929 318.637 -69530.5 -62342.5 1615020000.0
516 0.00155 0.000255812 807.914 5181.2 276.008 320.987 -66246.4 -58706.7 1629420000.0
517 0.00165 0.000259288 797.085 5185.43 279.986 323.243 -63047.0 -55229.2 1643520000.0
518 0.00175 0.000262687 786.765 5189.34 283.87 325.388 -59963.7 -51936.9 1657240000.0
519 0.00185 0.000266005 776.96 5192.64 287.639 327.43 -56992.4 -48830.4 1670590000.0
520 0.00195 0.000269252 767.582 5195.1 291.288 329.379 -54087.6 -45852.0 1683450000.0
521 0.00205 0.000272408 758.7 5197.42 294.834 331.236 -51313.0 -43055.3 1695970000.0
522 0.00215 0.000275446 750.327 5199.27 298.229 332.982 -48665.3 -40471.0 1708040000.0
523 0.00225 0.000278412 742.335 5200.64 301.518 334.651 -46100.7 -37996.0 1719680000.0
524 0.00235 0.000281292 734.735 5201.71 304.701 336.237 -43635.4 -35636.3 1730880000.0
525 0.00245 0.00028406 727.566 5202.37 307.739 337.732 -41276.1 -33450.1 1741600000.0
526 0.00255 0.000286727 720.81 5203.01 310.666 339.147 -39046.8 -31407.9 1751960000.0
527 0.00265 0.000289282 714.446 5203.41 313.458 340.48 -36920.8 -29509.2 1761860000.0
528 0.00275 0.000291734 708.435 5203.58 316.125 341.738 -34896.5 -27735.5 1771330000.0
529 0.00285 0.000294111 702.715 5203.63 318.704 342.94 -32955.7 -26024.9 1780450000.0
530 0.00295 0.000296375 697.342 5203.47 321.148 344.06 -31111.0 -24432.1 1789030000.0
531 0.00305 0.000298536 692.297 5203.17 323.47 345.121 -29362.8 -22963.9 1797300000.0
532 0.00315 0.000300604 687.54 5202.65 325.679 346.123 -27699.6 -21583.8 1805180000.0
533 0.00325 0.000302565 683.081 5202.2 327.774 347.055 -26139.9 -20309.1 1812610000.0
534 0.00335 0.000304444 678.856 5201.68 329.778 347.942 -24647.1 -19082.4 1819780000.0
535 0.00345 0.000306243 674.88 5200.92 331.678 348.782 -23224.4 -17941.7 1826570000.0
536 0.00355 0.000307948 671.142 5200.24 333.481 349.563 -21884.1 -16868.9 1832940000.0
537 0.00365 0.000309551 667.661 5199.67 335.18 350.301 -20642.8 -15909.4 1839100000.0
538 0.00375 0.000311084 664.37 5198.66 336.775 350.991 -19434.6 -14966.6 1844840000.0
539 0.00385 0.000312525 661.31 5197.83 338.28 351.633 -18310.9 -14116.9 1850260000.0
540 0.00395 0.00031389 658.431 5197.17 339.714 352.242 -17269.2 -13329.5 1855490000.0
541 0.00405 0.000315185 655.728 5196.4 341.066 352.811 -16270.8 -12571.8 1860370000.0
542 0.00415 0.000316411 653.184 5195.53 342.335 353.345 -15325.6 -11854.8 1864990000.0
543 0.00425 0.000317575 650.79 5194.76 343.544 353.848 -14439.2 -11188.8 1869390000.0
544 0.00435 0.000318669 648.553 5193.94 344.672 354.321 -13598.7 -10577.0 1873540000.0
545 0.00445 0.000319719 646.434 5193.03 345.747 354.772 -12795.3 -9964.27 1877470000.0
546 0.00455 0.000320681 644.485 5192.21 346.733 355.18 -12063.1 -9441.91 1881150000.0
547 0.00465 0.000321601 642.644 5191.45 347.676 355.572 -11362.6 -8911.05 1884640000.0
548 0.00475 0.000322447 640.959 5190.87 348.553 355.929 -10730.5 -8448.15 1887960000.0
549 0.00485 0.000323273 639.316 5189.84 349.376 356.272 -10088.2 -7971.25 1891060000.0
550 0.00495 0.000324042 637.8 5188.89 350.143 356.593 -9489.02 -7524.56 1894000000.0
551 0.00505 0.00032476 636.395 5188.22 350.873 356.889 -8948.76 -7131.03 1896750000.0
552 0.00515 0.000325443 635.05 5187.29 351.549 357.17 -8419.68 -6742.69 1899340000.0
553 0.00525 0.000326057 633.863 5186.78 352.177 357.428 -7958.54 -6420.2 1901850000.0
554 0.00535 0.000326655 632.701 5186.12 352.778 357.667 -7507.25 -6080.95 1904120000.0
555 0.00545 0.000327207 631.631 5185.32 353.319 357.896 -7077.52 -5780.48 1906330000.0
556 0.00555 0.000327735 630.613 5184.54 353.837 358.114 -6670.12 -5475.84 1908420000.0
557 0.00565 0.000328229 629.664 5183.77 354.317 358.309 -6282.23 -5183.28 1910300000.0
558 0.00575 0.00032869 628.785 5183.32 354.784 358.499 -5937.82 -4926.76 1912170000.0
559 0.00585 0.000329145 627.912 5182.67 355.23 358.682 -5591.61 -4648.97 1913930000.0
560 0.00595 0.000329566 627.116 5182.08 355.645 358.851 -5269.78 -4387.09 1915600000.0
561 0.00605 0.000329941 626.394 5181.5 356.01 358.995 -4981.49 -4181.22 1917070000.0
562 0.00615 0.000330298 625.727 5180.85 356.35 359.144 -4695.58 -3977.34 1918510000.0
563 0.00625 0.00033063 625.088 5180.18 356.662 359.277 -4433.7 -3799.18 1919880000.0
564 0.00635 0.000330953 624.486 5179.67 356.975 359.408 -4177.74 -3595.05 1921190000.0
565 0.00645 0.000331248 623.927 5179.0 357.248 359.523 -3945.4 -3422.36 1922350000.0
566 0.00655 0.000331524 623.413 5178.47 357.509 359.633 -3719.46 -3259.83 1923470000.0
567 0.00665 0.000331776 622.932 5177.94 357.743 359.737 -3522.06 -3127.35 1924600000.0
568 0.00675 0.000332018 622.479 5177.73 357.99 359.829 -3342.4 -2966.38 1925570000.0
569 0.00685 0.000332246 622.052 5177.26 358.203 359.919 -3162.14 -2825.33 1926560000.0
570 0.00695 0.000332463 621.648 5176.81 358.406 360.006 -2990.57 -2689.19 1927490000.0
571 0.00705 0.000332675 621.248 5176.29 358.599 360.086 -2811.42 -2548.01 1928300000.0
572 0.00715 0.000332864 620.897 5176.06 358.786 360.166 -2675.69 -2439.12 1929200000.0
573 0.00725 0.00033305 620.553 5175.59 358.953 360.235 -2522.28 -2309.19 1929910000.0
574 0.00735 0.000333216 620.24 5175.19 359.106 360.298 -2389.2 -2204.3 1930600000.0
575 0.00745 0.000333382 619.93 5174.87 359.262 360.367 -2251.58 -2076.43 1931340000.0
576 0.00755 0.000333524 619.672 5174.61 359.397 360.418 -2144.7 -2001.64 1931930000.0
577 0.00765 0.000333668 619.398 5174.3 359.531 360.481 -2028.24 -1896.83 1932610000.0
578 0.00775 0.000333798 619.164 5173.92 359.645 360.527 -1918.53 -1807.95 1933130000.0
579 0.00785 0.00033391 618.944 5173.69 359.749 360.571 -1826.54 -1739.05 1933670000.0
580 0.00795 0.000334031 618.73 5173.47 359.864 360.621 -1735.35 -1662.93 1934230000.0
581 0.00805 0.000334141 618.523 5173.24 359.967 360.663 -1650.39 -1578.54 1934720000.0
582 0.00815 0.000334232 618.354 5172.87 360.038 360.699 -1566.36 -1518.71 1935150000.0
583 0.00825 0.000334332 618.171 5172.54 360.124 360.739 -1476.2 -1443.82 1935600000.0
584 0.00835 0.000334435 617.98 5172.28 360.217 360.779 -1390.86 -1352.91 1936020000.0
585 0.00845 0.000334517 617.831 5172.03 360.287 360.816 -1326.26 -1295.31 1936450000.0
586 0.00855 0.000334597 617.675 5171.66 360.348 360.84 -1249.31 -1220.91 1936750000.0
587 0.00865 0.000334672 617.542 5171.46 360.414 360.874 -1179.52 -1164.25 1937130000.0
588 0.00875 0.000334726 617.443 5171.21 360.455 360.891 -1132.89 -1138.95 1937400000.0
589 0.00885 0.000334792 617.316 5170.98 360.51 360.919 -1074.56 -1087.54 1937730000.0
590 0.00895 0.000334859 617.199 5170.78 360.568 360.943 -1017.43 -1029.66 1938040000.0
591 0.00905 0.000334912 617.097 5170.56 360.61 360.965 -967.064 -986.34 1938280000.0
592 0.00915 0.00033496 617.006 5170.41 360.651 360.985 -931.595 -963.371 1938570000.0
593 0.00925 0.000335021 616.901 5170.07 360.693 361.005 -864.269 -910.426 1938780000.0
594 0.00935 0.000335066 616.815 5169.96 360.734 361.025 -827.479 -873.648 1939050000.0
595 0.00945 0.00033511 616.729 5169.84 360.773 361.04 -791.336 -836.575 1939230000.0
596 0.00955 0.00033517 616.623 5169.74 360.83 361.063 -742.384 -780.951 1939490000.0
597 0.00965 0.00033521 616.553 5169.57 360.862 361.085 -713.064 -754.439 1939720000.0
598 0.00975 0.000335238 616.492 5169.34 360.876 361.089 -675.323 -728.632 1939840000.0
599 0.00985 0.000335272 616.444 5169.22 360.904 361.104 -645.243 -702.316 1940060000.0
600 0.00995 0.000335314 616.359 5169.1 360.941 361.119 -612.681 -659.75 1940220000.0
601 0.01005 0.00033535 616.288 5169.04 360.975 361.13 -583.03 -616.441 1940370000.0
602 0.01015 0.000335383 616.238 5168.89 361.001 361.146 -552.079 -587.142 1940540000.0
603 0.01025 0.000335399 616.203 5168.77 361.01 361.154 -532.542 -584.987 1940700000.0
604 0.01035 0.000335411 616.18 5169.0 361.039 361.156 -541.324 -588.396 1940810000.0
605 0.01045 0.000335437 616.129 5168.79 361.052 361.166 -509.358 -550.169 1940930000.0
606 0.01055 0.000335465 616.08 5168.43 361.057 361.179 -474.455 -530.642 1941070000.0
607 0.01065 0.00033549 616.039 5168.32 361.076 361.188 -446.646 -498.34 1941200000.0
608 0.01075 0.000335504 616.008 5168.25 361.086 361.192 -434.88 -488.999 1941300000.0
609 0.01085 0.00033553 615.96 5167.93 361.092 361.2 -391.579 -456.426 1941390000.0
610 0.01095 0.000335562 615.905 5167.73 361.112 361.218 -361.171 -421.994 1941550000.0
611 0.01105 0.00033558 615.866 5167.87 361.141 361.222 -362.362 -408.588 1941640000.0
612 0.01115 0.000335598 615.833 5167.84 361.159 361.228 -346.137 -389.449 1941740000.0
613 0.01125 0.000335618 615.8 5167.89 361.183 361.238 -334.365 -364.135 1941870000.0
614 0.01135 0.000335629 615.779 5167.85 361.192 361.242 -324.669 -356.159 1941910000.0
615 0.01145 0.000335647 615.751 5167.85 361.212 361.247 -314.309 -344.38 1941960000.0
616 0.01155 0.000335676 615.686 5167.64 361.229 361.26 -279.059 -296.778 1942070000.0
617 0.01165 0.0003357 615.653 5167.52 361.247 361.269 -256.489 -264.571 1942130000.0
618 0.01175 0.000335686 615.664 5167.53 361.232 361.262 -266.303 -293.117 1942180000.0
619 0.01185 0.000335699 615.653 5167.27 361.228 361.268 -237.32 -273.238 1942230000.0
620 0.01195 0.000335703 615.647 5167.36 361.238 361.271 -245.735 -282.182 1942320000.0
621 0.01205 0.000335728 615.597 5167.34 361.263 361.278 -223.501 -235.491 1942400000.0
622 0.01215 0.000335726 615.598 5167.16 361.249 361.277 -214.277 -250.049 1942430000.0
623 0.01225 0.000335715 615.62 5167.06 361.23 361.273 -215.682 -271.635 1942450000.0
624 0.01235 0.000335733 615.59 5167.08 361.25 361.282 -206.231 -248.762 1942570000.0
625 0.01245 0.000335746 615.56 5167.05 361.263 361.281 -200.183 -237.116 1942570000.0
626 0.01255 0.000335761 615.531 5167.03 361.277 361.291 -184.501 -214.832 1942660000.0
627 0.01265 0.000335749 615.553 5167.14 361.273 361.287 -197.079 -242.761 1942700000.0
628 0.01275 0.000335753 615.551 5167.05 361.271 361.29 -189.661 -238.373 1942740000.0
629 0.01285 0.000335755 615.544 5166.96 361.266 361.291 -185.535 -238.889 1942760000.0
630 0.01295 0.000335766 615.516 5166.87 361.272 361.294 -169.3 -214.469 1942810000.0
631 0.01305 0.00033578 615.496 5166.66 361.272 361.3 -145.229 -200.529 1942850000.0
632 0.01315 0.000335796 615.473 5166.74 361.295 361.308 -143.445 -185.072 1942910000.0
633 0.01325 0.000335791 615.473 5166.67 361.284 361.305 -141.219 -188.401 1942930000.0
634 0.01335 0.000335807 615.444 5166.67 361.302 361.313 -131.538 -154.207 1942980000.0
635 0.01345 0.000335802 615.457 5166.69 361.298 361.31 -131.928 -162.991 1943020000.0
636 0.01355 0.000335795 615.464 5166.62 361.285 361.307 -133.164 -169.169 1943030000.0
637 0.01365 0.000335807 615.451 5166.59 361.296 361.312 -125.288 -136.506 1943080000.0
638 0.01375 0.000335809 615.44 5166.71 361.307 361.308 -129.97 -145.298 1943060000.0
639 0.01385 0.000335833 615.396 5166.7 361.332 361.321 -108.704 -102.556 1943150000.0
640 0.01395 0.000335844 615.379 5166.6 361.336 361.322 -102.308 -94.2897 1943150000.0
641 0.01405 0.00033585 615.371 5166.5 361.336 361.327 -87.1052 -80.1353 1943160000.0
642 0.01415 0.000335854 615.357 5166.5 361.34 361.331 -88.0819 -88.9199 1943220000.0
643 0.01425 0.000335848 615.371 5166.39 361.326 361.327 -81.3807 -90.1692 1943190000.0
644 0.01435 0.000335849 615.367 5166.37 361.326 361.322 -84.8443 -104.571 1943170000.0
645 0.01445 0.00033586 615.35 5166.4 361.34 361.329 -79.3597 -89.575 1943240000.0
646 0.01455 0.000335853 615.362 5166.58 361.345 361.33 -94.3332 -100.72 1943280000.0
647 0.01465 0.000335865 615.341 5166.5 361.352 361.333 -75.4284 -78.1924 1943290000.0
648 0.01475 0.000335882 615.306 5166.52 361.372 361.337 -70.329 -61.0438 1943290000.0
649 0.01485 0.000335881 615.318 5166.3 361.355 361.341 -57.9804 -64.1888 1943320000.0
650 0.01495 0.00033587 615.331 5166.21 361.337 361.331 -58.2078 -78.2074 1943270000.0
651 0.01505 0.000335885 615.31 5166.28 361.358 361.339 -55.0898 -64.5935 1943330000.0
652 0.01515 0.000335879 615.314 5166.11 361.34 361.337 -46.4793 -70.219 1943320000.0
653 0.01525 0.000335876 615.32 5166.27 361.349 361.34 -60.5842 -74.6177 1943370000.0
654 0.01535 0.000335878 615.318 5166.18 361.345 361.339 -46.0925 -58.322 1943390000.0
655 0.01545 0.000335871 615.331 5166.22 361.339 361.332 -64.076 -88.9285 1943340000.0
656 0.01555 0.000335866 615.342 5166.44 361.35 361.334 -73.9662 -87.7414 1943420000.0
657 0.01565 0.00033586 615.346 5166.42 361.342 361.332 -75.2887 -95.114 1943410000.0
658 0.01575 0.000335855 615.354 5166.34 361.33 361.331 -76.8755 -106.173 1943430000.0
659 0.01585 0.000335851 615.37 5166.39 361.33 361.332 -80.149 -117.627 1943450000.0
660 0.01595 0.000335866 615.335 5166.24 361.335 361.333 -64.2992 -87.9307 1943430000.0
661 0.01605 0.000335868 615.335 5166.35 361.345 361.33 -69.4798 -91.0525 1943430000.0
662 0.01615 0.000335881 615.312 5166.24 361.351 361.342 -53.8345 -68.4745 1943520000.0
663 0.01625 0.00033589 615.294 5166.14 361.355 361.337 -41.6658 -51.0645 1943470000.0
664 0.01635 0.00033588 615.314 5166.3 361.355 361.34 -58.315 -78.451 1943520000.0
665 0.01645 0.000335882 615.314 5166.07 361.34 361.339 -37.2401 -64.8573 1943500000.0
666 0.01655 0.000335887 615.296 5166.27 361.361 361.34 -53.0462 -67.5874 1943530000.0
667 0.01665 0.000335886 615.303 5166.18 361.353 361.34 -43.6485 -68.1258 1943520000.0
668 0.01675 0.000335887 615.305 5166.22 361.357 361.341 -48.1691 -71.7624 1943540000.0
669 0.01685 0.000335897 615.286 5166.06 361.356 361.343 -29.903 -45.0531 1943520000.0
670 0.01695 0.000335899 615.276 5166.1 361.361 361.345 -31.9377 -42.8018 1943540000.0
671 0.01705 0.000335905 615.271 5166.04 361.364 361.349 -27.1257 -37.9251 1943560000.0
672 0.01715 0.000335894 615.284 5166.16 361.36 361.341 -39.5329 -60.1718 1943520000.0
673 0.01725 0.000335903 615.273 5166.18 361.371 361.348 -36.7432 -47.8446 1943560000.0
674 0.01735 0.000335894 615.288 5166.3 361.37 361.341 -50.0581 -62.9539 1943540000.0
675 0.01745 0.000335911 615.256 5166.08 361.372 361.348 -24.1203 -23.248 1943550000.0
676 0.01755 0.000335918 615.249 5166.15 361.385 361.352 -26.6 -8.60454 1943600000.0
677 0.01765 0.000335925 615.229 5166.1 361.389 361.353 -17.0598 8.40082 1943590000.0
678 0.01775 0.000335932 615.222 5166.02 361.39 361.356 -5.95271 23.2122 1943590000.0
679 0.01785 0.000335914 615.252 5165.98 361.368 361.355 -16.2292 -7.82926 1943610000.0
680 0.01795 0.000335896 615.282 5166.05 361.354 361.339 -34.3545 -33.7883 1943530000.0
681 0.01805 0.000335892 615.293 5166.0 361.346 361.34 -27.6788 -35.9725 1943540000.0
682 0.01815 0.000335898 615.274 5165.95 361.349 361.343 -19.2628 -26.7226 1943560000.0
683 0.01825 0.000335897 615.283 5166.1 361.359 361.346 -36.7562 -43.9457 1943560000.0
684 0.01835 0.000335913 615.253 5166.11 361.376 361.351 -20.9136 -10.8795 1943590000.0
685 0.01845 0.000335904 615.273 5166.2 361.374 361.347 -35.2795 -23.841 1943580000.0
686 0.01855 0.000335909 615.26 5166.2 361.378 361.35 -29.832 -18.8112 1943610000.0
687 0.01865 0.000335903 615.267 5166.1 361.365 361.344 -32.0993 -35.123 1943530000.0
688 0.01875 0.000335901 615.28 5165.93 361.351 361.343 -20.4939 -45.1311 1943520000.0
689 0.01885 0.00033591 615.255 5166.06 361.37 361.347 -22.1422 -41.5991 1943540000.0
690 0.01895 0.000335919 615.249 5166.08 361.381 361.352 -17.423 -30.7009 1943580000.0
691 0.01905 0.000335917 615.249 5166.19 361.386 361.352 -25.4419 -34.7188 1943580000.0
692 0.01915 0.000335912 615.257 5166.11 361.376 361.351 -27.077 -38.3929 1943570000.0
693 0.01925 0.000335918 615.243 5165.99 361.374 361.352 -12.3518 -29.3356 1943560000.0
694 0.01935 0.000335924 615.238 5165.99 361.379 361.354 -4.40491 -11.6348 1943590000.0
695 0.01945 0.000335923 615.235 5165.85 361.37 361.353 -2.55239 -19.7825 1943530000.0
696 0.01955 0.000335927 615.229 5165.88 361.375 361.357 -1.72039 -17.2466 1943580000.0
697 0.01965 0.00033593 615.225 5165.95 361.384 361.356 0.342597 -4.23957 1943590000.0
698 0.01975 0.000335934 615.213 5166.0 361.391 361.357 -1.24171 4.43474 1943580000.0
699 0.01985 0.000335936 615.212 5166.1 361.401 361.359 -8.12093 12.564 1943630000.0
700 0.01995 0.000335949 615.187 5166.15 361.418 361.364 -4.82661 29.474 1943640000.0
701 0.02005 0.000335939 615.21 5166.09 361.403 361.359 -4.19448 11.0872 1943640000.0
702 0.02015 0.00033593 615.221 5166.05 361.391 361.36 -2.90859 2.60003 1943660000.0
703 0.02025 0.000335911 615.251 5166.03 361.369 361.348 -20.5902 -28.9461 1943640000.0
704 0.02035 0.000335915 615.257 5165.98 361.37 361.352 -12.086 -14.4201 1943640000.0
705 0.02045 0.000335927 615.222 5165.77 361.368 361.356 10.5432 12.4831 1943650000.0
706 0.02055 0.000335905 615.267 5166.02 361.362 361.346 -22.1204 -24.4498 1943630000.0
707 0.02065 0.000335907 615.27 5166.2 361.377 361.351 -37.9756 -26.1174 1943670000.0
708 0.02075 0.000335918 615.242 5166.1 361.381 361.352 -16.8619 0.943277 1943660000.0
709 0.02085 0.000335914 615.252 5166.18 361.383 361.353 -29.6438 -7.23239 1943680000.0
710 0.02095 0.000335921 615.237 5166.05 361.382 361.353 -9.66703 9.82835 1943650000.0
711 0.02105 0.00033591 615.26 5166.19 361.379 361.352 -29.9918 -15.737 1943670000.0
712 0.02115 0.000335901 615.27 5166.18 361.369 361.346 -35.4453 -28.419 1943660000.0
713 0.02125 0.000335902 615.278 5166.14 361.367 361.349 -35.5499 -26.8864 1943650000.0
714 0.02135 0.00033592 615.238 5166.09 361.383 361.354 -14.4022 16.6615 1943690000.0
715 0.02145 0.000335912 615.253 5166.0 361.368 361.35 -13.9652 2.54525 1943650000.0
716 0.02155 0.000335911 615.263 5165.86 361.357 361.35 -13.6488 -14.0786 1943660000.0
717 0.02165 0.000335911 615.252 5165.93 361.362 361.348 -11.3905 -9.59109 1943640000.0
718 0.02175 0.000335912 615.259 5165.88 361.36 361.349 -5.49168 -16.4811 1943620000.0
719 0.02185 0.000335916 615.243 5166.09 361.379 361.353 -16.8208 -7.61345 1943670000.0
720 0.02195 0.000335921 615.232 5165.98 361.377 361.353 -9.50885 -3.99299 1943640000.0
721 0.02205 0.00033595 615.191 5165.91 361.402 361.366 15.2807 43.2685 1943670000.0
722 0.02215 0.000335939 615.203 5165.76 361.38 361.362 14.7789 19.7061 1943650000.0
723 0.02225 0.000335923 615.233 5165.7 361.359 361.353 5.76468 -4.59318 1943600000.0
724 0.02235 0.000335926 615.232 5165.88 361.375 361.355 0.921921 6.54492 1943630000.0
725 0.02245 0.000335932 615.219 5166.0 361.39 361.362 -6.30335 9.62125 1943680000.0
726 0.02255 0.000335929 615.222 5165.95 361.383 361.353 -0.289549 16.8071 1943630000.0
727 0.02265 0.00033592 615.24 5166.04 361.379 361.354 -16.5603 -10.2594 1943660000.0
728 0.02275 0.000335904 615.27 5166.14 361.369 361.349 -30.8936 -32.8826 1943650000.0
729 0.02285 0.000335913 615.249 5166.04 361.372 361.348 -14.1145 -15.1554 1943620000.0
730 0.02295 0.00033593 615.221 5165.95 361.384 361.36 0.994571 7.88401 1943650000.0
731 0.02305 0.000335937 615.205 5165.85 361.385 361.363 8.89314 15.0397 1943670000.0
732 0.02315 0.000335928 615.229 5165.97 361.383 361.357 -1.7027 6.57214 1943660000.0
733 0.02325 0.000335928 615.219 5165.85 361.374 361.359 10.0845 5.74334 1943670000.0
734 0.02335 0.000335921 615.234 5165.86 361.368 361.351 -4.22541 -11.1167 1943610000.0
735 0.02345 0.000335935 615.211 5165.97 361.391 361.363 2.44747 14.6617 1943690000.0
736 0.02355 0.00033594 615.2 5165.78 361.383 361.361 15.0714 24.1587 1943660000.0
737 0.02365 0.00033594 615.205 5165.81 361.384 361.365 14.054 25.6619 1943670000.0
738 0.02375 0.000335935 615.205 5165.96 361.39 361.358 0.226974 11.0677 1943640000.0
739 0.02385 0.000335934 615.212 5166.02 361.392 361.362 -3.72138 7.34646 1943680000.0
740 0.02395 0.000335933 615.214 5165.95 361.387 361.358 1.48572 4.43711 1943630000.0
741 0.02405 0.000335936 615.212 5165.98 361.393 361.363 1.10785 16.0228 1943680000.0
742 0.02415 0.000335942 615.194 5165.85 361.39 361.361 13.1373 30.3245 1943640000.0
743 0.02425 0.000335931 615.216 5165.9 361.382 361.359 3.64979 13.5191 1943660000.0
744 0.02435 0.000335922 615.23 5166.03 361.381 361.352 -12.4841 -3.31056 1943640000.0
745 0.02445 0.000335915 615.25 5165.93 361.367 361.352 -12.593 -20.0208 1943630000.0
746 0.02455 0.000335919 615.24 5166.01 361.376 361.358 -12.2856 -4.43222 1943710000.0
747 0.02465 0.000335926 615.226 5165.97 361.381 361.357 -2.39262 0.798825 1943650000.0
748 0.02475 0.000335923 615.232 5166.03 361.382 361.354 -12.0318 -3.61011 1943660000.0
749 0.02485 0.000335907 615.257 5166.04 361.366 361.351 -23.6549 -32.49 1943650000.0
750 0.02495 0.000335912 615.258 5166.08 361.373 361.352 -19.2853 -13.0068 1943670000.0
751 0.02505 0.000335917 615.248 5165.93 361.368 361.353 -7.97229 -0.0818585 1943660000.0
752 0.02515 0.000335911 615.256 5166.01 361.367 361.35 -20.744 -21.2491 1943650000.0
753 0.02525 0.000335912 615.25 5166.03 361.37 361.348 -16.2604 -10.7998 1943600000.0
754 0.02535 0.000335928 615.229 5165.82 361.373 361.356 5.33236 13.4403 1943630000.0
755 0.02545 0.000335914 615.245 5165.75 361.353 361.349 -0.330255 -15.7421 1943570000.0
756 0.02555 0.000335921 615.242 5166.05 361.382 361.355 -13.9022 -5.44907 1943640000.0
757 0.02565 0.000335922 615.239 5166.05 361.383 361.359 -15.7426 -10.8061 1943680000.0
758 0.02575 0.000335914 615.251 5165.89 361.362 361.351 -11.6427 -21.4909 1943590000.0
759 0.02585 0.000335915 615.255 5165.8 361.357 361.353 -4.53079 -15.4073 1943590000.0
760 0.02595 0.000335935 615.216 5165.74 361.374 361.359 16.2961 21.223 1943600000.0
761 0.02605 0.000335935 615.213 5165.78 361.377 361.36 13.7764 22.8186 1943610000.0
762 0.02615 0.000335933 615.221 5165.63 361.365 361.361 20.3006 20.4872 1943590000.0
763 0.02625 0.000335941 615.204 5165.57 361.369 361.358 30.8088 37.476 1943570000.0
764 0.02635 0.000335931 615.227 5165.8 361.374 361.357 8.8141 9.62498 1943590000.0
765 0.02645 0.000335919 615.249 5165.82 361.363 361.357 -0.900667 -19.689 1943600000.0
766 0.02655 0.000335917 615.246 5165.88 361.364 361.355 -5.26445 -10.8631 1943590000.0
767 0.02665 0.000335947 615.196 5165.94 361.402 361.359 5.59353 24.9201 1943590000.0
768 0.02675 0.000335944 615.202 5165.91 361.396 361.365 8.13608 15.9007 1943640000.0
769 0.02685 0.000335945 615.201 5165.91 361.398 361.366 11.3566 25.754 1943670000.0
770 0.02695 0.00033594 615.21 5165.82 361.385 361.359 10.8578 10.7573 1943630000.0
771 0.02705 0.000335932 615.223 5165.88 361.382 361.36 2.42777 -4.95786 1943650000.0
772 0.02715 0.00033593 615.231 5165.81 361.374 361.358 3.28505 -6.19244 1943630000.0
773 0.02725 0.000335934 615.216 5165.69 361.37 361.356 17.8866 8.33727 1943620000.0
774 0.02735 0.000335924 615.232 5165.88 361.372 361.354 -6.04856 -19.9675 1943640000.0
775 0.02745 0.000335929 615.231 5166.02 361.387 361.358 -9.42659 -12.1134 1943680000.0
776 0.02755 0.000335933 615.218 5166.07 361.396 361.358 -10.1416 -11.3304 1943670000.0
777 0.02765 0.000335953 615.191 5165.9 361.405 361.366 13.1809 26.544 1943680000.0
778 0.02775 0.000335948 615.194 5165.84 361.396 361.364 18.7839 23.9095 1943690000.0
779 0.02785 0.000335944 615.197 5165.94 361.398 361.361 4.95171 9.04692 1943660000.0
780 0.02795 0.000335945 615.2 5165.9 361.396 361.364 8.14031 15.1204 1943680000.0
781 0.02805 0.00033595 615.195 5165.84 361.398 361.367 20.5245 27.8849 1943720000.0
782 0.02815 0.000335944 615.196 5165.86 361.393 361.364 13.0866 16.4033 1943690000.0
783 0.02825 0.000335939 615.207 5165.91 361.391 361.36 -0.56196 11.4365 1943640000.0
784 0.02835 0.00033595 615.193 5165.89 361.401 361.362 14.1108 36.7002 1943660000.0
785 0.02845 0.000335949 615.193 5165.87 361.399 361.366 13.4707 32.2133 1943680000.0
786 0.02855 0.000335924 615.235 5165.88 361.373 361.354 -1.36707 -11.2266 1943620000.0
787 0.02865 0.000335925 615.234 5166.03 361.384 361.357 -10.1997 -15.2385 1943650000.0
788 0.02875 0.000335915 615.255 5166.17 361.383 361.354 -23.5588 -25.6656 1943650000.0
789 0.02885 0.000335925 615.229 5166.02 361.383 361.356 -9.10055 -5.26243 1943640000.0
790 0.02895 0.000335926 615.233 5165.92 361.378 361.358 -2.41524 3.31264 1943640000.0
791 0.02905 0.000335936 615.213 5165.9 361.387 361.364 6.63151 22.8784 1943700000.0
792 0.02915 0.000335932 615.218 5165.85 361.378 361.359 4.86234 19.6129 1943640000.0
793 0.02925 0.000335921 615.245 5165.87 361.368 361.354 -4.25561 2.93005 1943630000.0
794 0.02935 0.000335918 615.245 5165.9 361.367 361.352 -7.72377 0.807989 1943630000.0
795 0.02945 0.000335919 615.242 5165.88 361.367 361.355 -8.79517 9.109 1943650000.0
796 0.02955 0.000335924 615.238 5165.87 361.372 361.357 -1.9307 16.8214 1943640000.0
797 0.02965 0.000335918 615.242 5165.99 361.373 361.353 -14.8471 8.89932 1943640000.0
798 0.02975 0.000335912 615.261 5166.02 361.369 361.351 -20.5384 -3.58181 1943640000.0
799 0.02985 0.000335912 615.257 5165.9 361.361 361.35 -11.9282 -14.9882 1943630000.0
800 0.02995 0.000335925 615.239 5165.97 361.379 361.356 -11.045 2.2182 1943650000.0
