TITLE = "DSMC"
VARIABLES = "ID" "X" "rho" "v1" "Ttrans" "p" "p1" "q1" "mv1v1v1" "mvvv1v1"
ZONE T="Ma=7.6", I=800, J=1, K=1, F=POINT
1 -0.04995 8.83411e-05 2339.43 273.107 5.02418 5.02283 -0.363909 -0.600521 1429120.0
2 -0.04985 8.83414e-05 2339.43 273.108 5.02423 5.02297 -0.355458 -0.585769 1428990.0
3 -0.04975 8.83411e-05 2339.43 273.106 5.02417 5.02291 -0.397529 -0.641314 1429080.0
4 -0.04965 8.8341e-05 2339.43 273.107 5.02418 5.02288 -0.410473 -0.673687 1429070.0
5 -0.04955 8.83414e-05 2339.43 273.109 5.02424 5.02302 -0.436605 -0.717614 1429440.0
6 -0.04945 8.83411e-05 2339.43 273.108 5.02421 5.02302 -0.416632 -0.651935 1429290.0
7 -0.04935 8.83414e-05 2339.43 273.108 5.02422 5.02288 -0.444181 -0.719943 1429490.0
8 -0.04925 8.83418e-05 2339.43 273.11 5.02428 5.02305 -0.4452 -0.720709 1429530.0
9 -0.04915 8.83407e-05 2339.43 273.11 5.02421 5.02292 -0.478726 -0.761243 1429650.0
10 -0.04905 8.83413e-05 2339.43 273.108 5.02421 5.02289 -0.421796 -0.721474 1429470.0
11 -0.04895 8.83415e-05 2339.43 273.111 5.02427 5.02306 -0.488555 -0.841497 1429940.0
12 -0.04885 8.83404e-05 2339.43 273.113 5.02425 5.02307 -0.588973 -0.962349 1430310.0
13 -0.04875 8.83416e-05 2339.43 273.11 5.02427 5.02311 -0.493508 -0.811208 1430020.0
14 -0.04865 8.83418e-05 2339.43 273.107 5.02422 5.02301 -0.5121 -0.871803 1430080.0
15 -0.04855 8.83409e-05 2339.43 273.111 5.02424 5.02296 -0.505058 -0.844004 1429970.0
16 -0.04845 8.8341e-05 2339.43 273.11 5.02423 5.02303 -0.495051 -0.82631 1430010.0
17 -0.04835 8.83419e-05 2339.43 273.112 5.02433 5.02315 -0.532813 -0.877327 1430330.0
18 -0.04825 8.83414e-05 2339.42 273.111 5.02426 5.02307 -0.577458 -0.939511 1430390.0
19 -0.04815 8.83398e-05 2339.43 273.112 5.02421 5.02306 -0.59684 -0.968596 1430500.0
20 -0.04805 8.8342e-05 2339.43 273.113 5.02435 5.02316 -0.551511 -0.929171 1430480.0
21 -0.04795 8.83411e-05 2339.42 273.111 5.02426 5.02307 -0.572773 -0.95035 1430530.0
22 -0.04785 8.83411e-05 2339.43 273.114 5.0243 5.02308 -0.563737 -0.942771 1430580.0
23 -0.04775 8.83414e-05 2339.43 273.111 5.02428 5.02312 -0.564219 -0.943447 1430550.0
24 -0.04765 8.83409e-05 2339.43 273.11 5.02422 5.02312 -0.564821 -0.981551 1430550.0
25 -0.04755 8.83415e-05 2339.43 273.111 5.02428 5.02317 -0.589445 -1.01243 1430750.0
26 -0.04745 8.83416e-05 2339.43 273.113 5.02432 5.0232 -0.57507 -0.985644 1430640.0
27 -0.04735 8.83411e-05 2339.43 273.111 5.02426 5.02316 -0.625267 -1.06757 1430850.0
28 -0.04725 8.83412e-05 2339.43 273.113 5.02431 5.02317 -0.593706 -1.04051 1430890.0
29 -0.04715 8.83413e-05 2339.43 273.112 5.02428 5.02324 -0.593905 -1.03672 1430810.0
30 -0.04705 8.83412e-05 2339.43 273.113 5.0243 5.02324 -0.637453 -1.09184 1431050.0
31 -0.04695 8.83408e-05 2339.43 273.113 5.02427 5.02318 -0.639778 -1.11246 1431190.0
32 -0.04685 8.83415e-05 2339.42 273.114 5.02433 5.0233 -0.679222 -1.16947 1431260.0
33 -0.04675 8.83411e-05 2339.43 273.115 5.02432 5.0234 -0.709538 -1.21405 1431560.0
34 -0.04665 8.83414e-05 2339.43 273.114 5.02433 5.02339 -0.758617 -1.26986 1431780.0
35 -0.04655 8.83409e-05 2339.43 273.117 5.02435 5.02348 -0.776987 -1.29425 1431890.0
36 -0.04645 8.83411e-05 2339.43 273.116 5.02435 5.02346 -0.828737 -1.3549 1432210.0
37 -0.04635 8.83418e-05 2339.43 273.115 5.02436 5.02356 -0.834069 -1.42595 1432390.0
38 -0.04625 8.83411e-05 2339.43 273.117 5.02437 5.02354 -0.856053 -1.42268 1432320.0
39 -0.04615 8.83412e-05 2339.43 273.116 5.02436 5.02364 -0.841938 -1.39235 1432550.0
40 -0.04605 8.8342e-05 2339.43 273.115 5.02438 5.02367 -0.882992 -1.44155 1432680.0
41 -0.04595 8.83412e-05 2339.42 273.116 5.02435 5.02367 -0.875821 -1.47117 1432630.0
42 -0.04585 8.8341e-05 2339.42 273.119 5.02439 5.02368 -0.915613 -1.50551 1432950.0
43 -0.04575 8.83411e-05 2339.42 273.12 5.02442 5.02374 -0.940843 -1.58756 1433030.0
44 -0.04565 8.83415e-05 2339.43 273.118 5.02442 5.02383 -0.952059 -1.60783 1433180.0
45 -0.04555 8.83413e-05 2339.42 273.117 5.02439 5.02379 -1.00144 -1.65575 1433370.0
46 -0.04545 8.8341e-05 2339.42 273.12 5.02441 5.02386 -1.03855 -1.77346 1433600.0
47 -0.04535 8.83414e-05 2339.42 273.121 5.02446 5.02399 -1.02366 -1.70573 1433740.0
48 -0.04525 8.83414e-05 2339.42 273.118 5.02441 5.02394 -1.04127 -1.74128 1433820.0
49 -0.04515 8.8341e-05 2339.42 273.122 5.02445 5.02396 -1.15272 -1.87524 1434330.0
50 -0.04505 8.83417e-05 2339.42 273.124 5.02453 5.0241 -1.17792 -1.87153 1434670.0
51 -0.04495 8.83413e-05 2339.42 273.123 5.02448 5.024 -1.24587 -1.98834 1435020.0
52 -0.04485 8.83413e-05 2339.43 273.123 5.02448 5.02398 -1.20854 -1.9455 1435030.0
53 -0.04475 8.83415e-05 2339.42 273.125 5.02454 5.02413 -1.23847 -2.05643 1435160.0
54 -0.04465 8.83411e-05 2339.42 273.121 5.02444 5.02402 -1.15966 -1.95446 1435140.0
55 -0.04455 8.83413e-05 2339.42 273.123 5.02448 5.0241 -1.19169 -1.96822 1434970.0
56 -0.04445 8.83414e-05 2339.42 273.123 5.02449 5.02411 -1.26432 -2.07762 1435590.0
57 -0.04435 8.83415e-05 2339.42 273.124 5.02451 5.02415 -1.24225 -2.06161 1435540.0
58 -0.04425 8.83413e-05 2339.43 273.124 5.0245 5.02416 -1.27328 -2.1338 1435580.0
59 -0.04415 8.83422e-05 2339.42 273.124 5.02456 5.02429 -1.28425 -2.1302 1435860.0
60 -0.04405 8.83412e-05 2339.42 273.126 5.02453 5.02425 -1.33288 -2.16693 1436130.0
61 -0.04395 8.83412e-05 2339.42 273.124 5.02451 5.02412 -1.32805 -2.19438 1436150.0
62 -0.04385 8.83415e-05 2339.42 273.124 5.02451 5.02417 -1.31841 -2.19576 1436250.0
63 -0.04375 8.83417e-05 2339.42 273.126 5.02457 5.02438 -1.34032 -2.16996 1436470.0
64 -0.04365 8.83412e-05 2339.42 273.125 5.02452 5.02418 -1.40734 -2.30799 1436850.0
65 -0.04355 8.83419e-05 2339.42 273.126 5.02457 5.02423 -1.42408 -2.27554 1436970.0
66 -0.04345 8.83416e-05 2339.42 273.129 5.02461 5.02421 -1.51366 -2.37833 1437490.0
67 -0.04335 8.83419e-05 2339.42 273.128 5.0246 5.02422 -1.46269 -2.36363 1437520.0
68 -0.04325 8.83415e-05 2339.42 273.128 5.0246 5.02425 -1.56626 -2.46046 1438040.0
69 -0.04315 8.83409e-05 2339.42 273.13 5.0246 5.02423 -1.61553 -2.5137 1438320.0
70 -0.04305 8.83407e-05 2339.42 273.131 5.02461 5.02422 -1.73824 -2.67489 1439130.0
71 -0.04295 8.83421e-05 2339.42 273.133 5.02472 5.02443 -1.8063 -2.76217 1439500.0
72 -0.04285 8.83409e-05 2339.42 273.132 5.02463 5.02425 -1.8598 -2.86508 1439840.0
73 -0.04275 8.83414e-05 2339.42 273.131 5.02464 5.0243 -1.74604 -2.70314 1439310.0
74 -0.04265 8.83416e-05 2339.42 273.134 5.0247 5.02433 -1.83945 -2.83651 1440050.0
75 -0.04255 8.83419e-05 2339.42 273.133 5.0247 5.0244 -1.83888 -2.84742 1439880.0
76 -0.04245 8.83413e-05 2339.42 273.133 5.02468 5.02438 -1.83836 -2.86284 1440150.0
77 -0.04235 8.83417e-05 2339.42 273.134 5.02471 5.02447 -1.92124 -2.98369 1440690.0
78 -0.04225 8.83417e-05 2339.42 273.135 5.02473 5.02443 -2.01002 -3.09139 1441380.0
79 -0.04215 8.83411e-05 2339.42 273.136 5.02472 5.02448 -2.12478 -3.19633 1441780.0
80 -0.04205 8.83419e-05 2339.42 273.139 5.02481 5.02462 -2.10637 -3.23027 1441940.0
81 -0.04195 8.83412e-05 2339.42 273.139 5.02477 5.02464 -2.20603 -3.37456 1442370.0
82 -0.04185 8.83416e-05 2339.42 273.141 5.02484 5.02464 -2.2288 -3.36577 1442590.0
83 -0.04175 8.83415e-05 2339.42 273.139 5.02479 5.02453 -2.24108 -3.41676 1442820.0
84 -0.04165 8.83416e-05 2339.42 273.141 5.02483 5.02465 -2.29495 -3.42583 1443000.0
85 -0.04155 8.83416e-05 2339.42 273.14 5.02483 5.02469 -2.39325 -3.60863 1443720.0
86 -0.04145 8.83411e-05 2339.42 273.146 5.0249 5.02478 -2.61751 -3.86023 1444940.0
87 -0.04135 8.83415e-05 2339.42 273.148 5.02496 5.02488 -2.69664 -3.86598 1445230.0
88 -0.04125 8.83419e-05 2339.42 273.143 5.02489 5.02478 -2.66738 -3.96324 1445530.0
89 -0.04115 8.83414e-05 2339.42 273.148 5.02494 5.02487 -2.63757 -3.96999 1445560.0
90 -0.04105 8.83412e-05 2339.42 273.145 5.02488 5.02484 -2.55797 -3.87414 1445260.0
91 -0.04095 8.83427e-05 2339.42 273.145 5.02497 5.02492 -2.60659 -3.90745 1445480.0
92 -0.04085 8.83411e-05 2339.42 273.149 5.02496 5.02485 -2.69812 -4.00845 1446250.0
93 -0.04075 8.83413e-05 2339.42 273.147 5.02492 5.02486 -2.78901 -4.1427 1446780.0
94 -0.04065 8.83418e-05 2339.42 273.152 5.02506 5.02506 -2.98025 -4.34839 1447790.0
95 -0.04055 8.83418e-05 2339.42 273.154 5.02509 5.02522 -3.09965 -4.55752 1448620.0
96 -0.04045 8.83411e-05 2339.42 273.151 5.02499 5.025 -3.12917 -4.58186 1448620.0
97 -0.04035 8.83418e-05 2339.42 273.157 5.02514 5.02523 -3.30452 -4.84412 1450090.0
98 -0.04025 8.83422e-05 2339.42 273.155 5.02513 5.02525 -3.27139 -4.81773 1449870.0
99 -0.04015 8.83418e-05 2339.42 273.157 5.02514 5.0253 -3.41357 -5.06971 1450810.0
100 -0.04005 8.83417e-05 2339.42 273.161 5.02521 5.0254 -3.55061 -5.22799 1451740.0
101 -0.03995 8.83419e-05 2339.42 273.159 5.02518 5.02535 -3.49524 -5.16543 1451450.0
102 -0.03985 8.83419e-05 2339.42 273.161 5.02521 5.02546 -3.63373 -5.33501 1452490.0
103 -0.03975 8.83415e-05 2339.42 273.162 5.02521 5.02552 -3.66659 -5.39597 1452920.0
104 -0.03965 8.83418e-05 2339.41 273.162 5.02523 5.02556 -3.73947 -5.54437 1453480.0
105 -0.03955 8.83413e-05 2339.42 273.167 5.02529 5.0257 -3.8922 -5.73406 1454570.0
106 -0.03945 8.83427e-05 2339.41 273.17 5.02544 5.02589 -4.18232 -6.04748 1456120.0
107 -0.03935 8.83417e-05 2339.42 273.168 5.02534 5.02578 -4.26473 -6.13394 1456590.0
108 -0.03925 8.83424e-05 2339.41 273.172 5.02545 5.02599 -4.22245 -6.2382 1456970.0
109 -0.03915 8.83417e-05 2339.41 273.172 5.02541 5.02589 -4.27666 -6.38435 1457330.0
110 -0.03905 8.83415e-05 2339.42 273.175 5.02546 5.02601 -4.53972 -6.71873 1459100.0
111 -0.03895 8.8342e-05 2339.41 273.177 5.02551 5.02614 -4.66981 -6.89372 1459680.0
112 -0.03885 8.83413e-05 2339.41 273.18 5.02555 5.02618 -4.76728 -7.04518 1460590.0
113 -0.03875 8.8342e-05 2339.41 273.182 5.02561 5.02627 -4.89353 -7.24313 1461670.0
114 -0.03865 8.83425e-05 2339.41 273.181 5.02561 5.02635 -4.95055 -7.3353 1462190.0
115 -0.03855 8.83419e-05 2339.41 273.185 5.02565 5.0263 -5.05031 -7.52368 1462730.0
116 -0.03845 8.8342e-05 2339.41 273.185 5.02566 5.02638 -5.14234 -7.71466 1463530.0
117 -0.03835 8.83424e-05 2339.41 273.189 5.02577 5.02657 -5.44468 -8.0891 1465490.0
118 -0.03825 8.83412e-05 2339.41 273.188 5.02567 5.02643 -5.35958 -7.98456 1464650.0
119 -0.03815 8.83422e-05 2339.41 273.191 5.02579 5.02654 -5.53752 -8.28091 1466370.0
120 -0.03805 8.83416e-05 2339.41 273.192 5.02577 5.0266 -5.62015 -8.45324 1467280.0
121 -0.03795 8.8342e-05 2339.41 273.196 5.02587 5.02675 -5.88214 -8.7367 1468710.0
122 -0.03785 8.83417e-05 2339.41 273.2 5.02593 5.0268 -6.18406 -9.15546 1470640.0
123 -0.03775 8.83419e-05 2339.41 273.203 5.026 5.02699 -6.26481 -9.26644 1471390.0
124 -0.03765 8.83421e-05 2339.41 273.205 5.02604 5.02707 -6.44005 -9.50088 1472530.0
125 -0.03755 8.83421e-05 2339.41 273.208 5.0261 5.02706 -6.50161 -9.61812 1473160.0
126 -0.03745 8.83419e-05 2339.41 273.209 5.02611 5.02715 -6.63345 -9.88709 1474130.0
127 -0.03735 8.83421e-05 2339.41 273.211 5.02616 5.02726 -6.91051 -10.2316 1476050.0
128 -0.03725 8.83416e-05 2339.41 273.214 5.02618 5.02727 -6.97323 -10.3891 1476770.0
129 -0.03715 8.83421e-05 2339.4 273.217 5.02626 5.02739 -7.1841 -10.6771 1478280.0
130 -0.03705 8.83419e-05 2339.41 273.221 5.02633 5.0275 -7.36997 -10.9554 1479470.0
131 -0.03695 8.83425e-05 2339.41 273.225 5.02644 5.02771 -7.73093 -11.4216 1481790.0
132 -0.03685 8.83428e-05 2339.4 273.229 5.02653 5.0278 -7.96756 -11.7302 1482980.0
133 -0.03675 8.83419e-05 2339.4 273.233 5.02655 5.02796 -8.20107 -12.0875 1484390.0
134 -0.03665 8.83416e-05 2339.4 273.239 5.02664 5.02815 -8.63863 -12.7475 1487630.0
135 -0.03655 8.83429e-05 2339.4 273.242 5.02678 5.02826 -8.67823 -12.7763 1487860.0
136 -0.03645 8.83412e-05 2339.4 273.245 5.02673 5.02827 -9.03165 -13.3022 1490300.0
137 -0.03635 8.83427e-05 2339.4 273.248 5.02686 5.02841 -9.022 -13.3227 1490850.0
138 -0.03625 8.83423e-05 2339.4 273.249 5.02685 5.02836 -9.26278 -13.6226 1492240.0
139 -0.03615 8.83426e-05 2339.4 273.257 5.02703 5.02876 -9.61626 -14.0916 1494490.0
140 -0.03605 8.83423e-05 2339.4 273.256 5.02699 5.02862 -9.59501 -14.145 1494880.0
141 -0.03595 8.83421e-05 2339.4 273.266 5.02716 5.02885 -10.091 -14.8455 1498360.0
142 -0.03585 8.83429e-05 2339.4 273.269 5.02727 5.02913 -10.5859 -15.4297 1500830.0
143 -0.03575 8.83427e-05 2339.4 273.278 5.02742 5.02924 -11.0031 -16.0014 1503740.0
144 -0.03565 8.83423e-05 2339.4 273.283 5.02749 5.02947 -11.2905 -16.4607 1505830.0
145 -0.03555 8.83426e-05 2339.4 273.281 5.02748 5.02942 -11.3081 -16.6051 1506720.0
146 -0.03545 8.83424e-05 2339.4 273.288 5.02758 5.02955 -11.5271 -16.9424 1508070.0
147 -0.03535 8.8343e-05 2339.39 273.294 5.02774 5.02988 -12.1615 -17.8215 1512010.0
148 -0.03525 8.83422e-05 2339.39 273.298 5.02775 5.02986 -12.3712 -18.1233 1513540.0
149 -0.03515 8.83434e-05 2339.39 273.306 5.02798 5.03026 -12.64 -18.5004 1515390.0
150 -0.03505 8.83425e-05 2339.39 273.313 5.02805 5.03042 -13.2388 -19.3513 1519670.0
151 -0.03495 8.83423e-05 2339.39 273.318 5.02814 5.03068 -13.6439 -19.9702 1522510.0
152 -0.03485 8.83429e-05 2339.39 273.322 5.02824 5.03087 -13.82 -20.3471 1523520.0
153 -0.03475 8.83431e-05 2339.39 273.325 5.0283 5.03098 -13.9597 -20.5959 1525230.0
154 -0.03465 8.8343e-05 2339.39 273.332 5.02843 5.03125 -14.4117 -21.3198 1528240.0
155 -0.03455 8.8343e-05 2339.39 273.333 5.02844 5.03118 -14.4643 -21.4364 1529160.0
156 -0.03445 8.83423e-05 2339.39 273.343 5.0286 5.03137 -15.1406 -22.1761 1533110.0
157 -0.03435 8.83429e-05 2339.39 273.346 5.02869 5.03157 -15.2838 -22.5441 1535180.0
158 -0.03425 8.83435e-05 2339.38 273.354 5.02887 5.03188 -15.8622 -23.3896 1538660.0
159 -0.03415 8.83427e-05 2339.38 273.362 5.02896 5.03216 -16.4164 -24.2733 1542060.0
160 -0.03405 8.83436e-05 2339.38 273.374 5.02923 5.03255 -17.0949 -25.2295 1546420.0
161 -0.03395 8.83431e-05 2339.38 273.378 5.02928 5.03269 -17.4175 -25.8053 1549000.0
162 -0.03385 8.83434e-05 2339.38 273.388 5.02949 5.03294 -17.919 -26.4672 1552560.0
163 -0.03375 8.83426e-05 2339.38 273.394 5.02955 5.03305 -18.3889 -26.9533 1555560.0
164 -0.03365 8.83432e-05 2339.37 273.402 5.02974 5.03343 -19.0562 -28.1599 1560150.0
165 -0.03355 8.83435e-05 2339.38 273.412 5.02993 5.03379 -19.5884 -28.8936 1563910.0
166 -0.03345 8.8343e-05 2339.38 273.411 5.02989 5.03378 -19.535 -28.9984 1564500.0
167 -0.03335 8.83436e-05 2339.37 273.426 5.03019 5.03418 -20.3816 -30.1445 1569800.0
168 -0.03325 8.8343e-05 2339.37 273.432 5.03026 5.03452 -20.8903 -30.9791 1573740.0
169 -0.03315 8.8344e-05 2339.37 273.444 5.03055 5.03482 -21.6736 -31.908 1578320.0
170 -0.03305 8.83426e-05 2339.37 273.452 5.03062 5.0349 -22.205 -32.6505 1581970.0
171 -0.03295 8.8344e-05 2339.37 273.461 5.03086 5.03529 -22.6355 -33.3463 1585690.0
172 -0.03285 8.83438e-05 2339.37 273.474 5.03109 5.03578 -23.6351 -34.8428 1591860.0
173 -0.03275 8.83428e-05 2339.36 273.483 5.0312 5.03596 -24.0643 -35.5945 1595090.0
174 -0.03265 8.83437e-05 2339.37 273.494 5.03145 5.0364 -24.8295 -36.6247 1600240.0
175 -0.03255 8.83444e-05 2339.36 273.502 5.03163 5.03671 -25.2776 -37.3881 1604150.0
176 -0.03245 8.83433e-05 2339.36 273.506 5.03164 5.03669 -25.6738 -38.0659 1606880.0
177 -0.03235 8.83443e-05 2339.36 273.521 5.03197 5.03736 -26.5541 -39.3502 1612720.0
178 -0.03225 8.83439e-05 2339.36 273.529 5.03211 5.03749 -27.0738 -40.127 1617160.0
179 -0.03215 8.8344e-05 2339.36 273.539 5.0323 5.03787 -27.6858 -40.9532 1620900.0
180 -0.03205 8.83439e-05 2339.35 273.554 5.03256 5.03832 -28.7148 -42.3866 1627580.0
181 -0.03195 8.83438e-05 2339.35 273.567 5.0328 5.03887 -29.5265 -43.7654 1633330.0
182 -0.03185 8.83447e-05 2339.35 273.582 5.03313 5.03924 -30.5211 -44.9823 1639740.0
183 -0.03175 8.83445e-05 2339.34 273.599 5.03342 5.03978 -31.5804 -46.5221 1646650.0
184 -0.03165 8.83449e-05 2339.35 273.606 5.03359 5.04008 -31.8306 -47.0603 1649400.0
185 -0.03155 8.83444e-05 2339.34 273.619 5.03379 5.04041 -32.8835 -48.5183 1656610.0
186 -0.03145 8.83442e-05 2339.34 273.641 5.03419 5.04105 -34.3184 -50.5773 1665660.0
187 -0.03135 8.83448e-05 2339.34 273.66 5.03456 5.04184 -35.4698 -52.42 1673490.0
188 -0.03125 8.83446e-05 2339.34 273.67 5.03475 5.04198 -36.061 -53.1881 1678230.0
189 -0.03115 8.8345e-05 2339.33 273.679 5.03494 5.04227 -36.7123 -54.076 1683130.0
190 -0.03105 8.83445e-05 2339.33 273.697 5.03523 5.04281 -37.7537 -55.7471 1690190.0
191 -0.03095 8.83457e-05 2339.33 273.708 5.0355 5.04324 -38.5925 -57.1008 1696810.0
192 -0.03085 8.83448e-05 2339.32 273.727 5.0358 5.04385 -39.7471 -58.8845 1704380.0
193 -0.03075 8.83451e-05 2339.32 273.744 5.03612 5.04437 -40.9072 -60.6586 1712970.0
194 -0.03065 8.83457e-05 2339.32 273.767 5.0366 5.04507 -42.2505 -62.3388 1721570.0
195 -0.03055 8.83462e-05 2339.32 273.789 5.03703 5.04592 -43.6502 -64.4722 1730180.0
196 -0.03045 8.8345e-05 2339.31 273.806 5.03727 5.04638 -44.8129 -66.3099 1738460.0
197 -0.03035 8.8346e-05 2339.31 273.825 5.03767 5.04713 -46.0753 -68.1898 1747780.0
198 -0.03025 8.83455e-05 2339.31 273.847 5.03805 5.04777 -47.4646 -70.0887 1756380.0
199 -0.03015 8.83461e-05 2339.3 273.876 5.03861 5.04856 -49.1773 -72.4813 1768020.0
200 -0.03005 8.83464e-05 2339.3 273.901 5.0391 5.04944 -50.9171 -74.8961 1778750.0
201 -0.02995 8.83466e-05 2339.3 273.917 5.03941 5.04996 -52.0012 -76.4818 1787600.0
202 -0.02985 8.83463e-05 2339.29 273.945 5.03989 5.05072 -53.5049 -78.7771 1797220.0
203 -0.02975 8.83465e-05 2339.29 273.959 5.04017 5.05127 -54.8419 -80.9031 1807470.0
204 -0.02965 8.83468e-05 2339.28 273.999 5.04092 5.05266 -57.1682 -84.2645 1821930.0
205 -0.02955 8.83475e-05 2339.28 274.025 5.04144 5.05357 -58.6798 -86.8455 1832430.0
206 -0.02945 8.83473e-05 2339.28 274.049 5.04187 5.0543 -60.4414 -89.3016 1844870.0
207 -0.02935 8.83467e-05 2339.27 274.074 5.04229 5.05504 -61.9228 -91.4753 1854760.0
208 -0.02925 8.83467e-05 2339.27 274.106 5.04288 5.05602 -63.9115 -94.1726 1868120.0
209 -0.02915 8.83471e-05 2339.26 274.137 5.04346 5.05714 -66.0578 -97.4052 1882740.0
210 -0.02905 8.83474e-05 2339.26 274.155 5.04382 5.05763 -67.0817 -99.0397 1890420.0
211 -0.02895 8.83484e-05 2339.25 274.192 5.04456 5.05892 -69.397 -102.48 1905630.0
212 -0.02885 8.83481e-05 2339.25 274.216 5.04499 5.05969 -71.1955 -105.179 1918620.0
213 -0.02875 8.83487e-05 2339.24 274.263 5.04588 5.06123 -74.1074 -109.251 1937270.0
214 -0.02865 8.83483e-05 2339.24 274.293 5.04641 5.06227 -75.9847 -112.069 1950290.0
215 -0.02855 8.83481e-05 2339.23 274.318 5.04686 5.06297 -77.5164 -114.463 1962300.0
216 -0.02845 8.83491e-05 2339.23 274.354 5.04757 5.0641 -79.7865 -117.674 1977400.0
217 -0.02835 8.83488e-05 2339.22 274.386 5.04815 5.06514 -81.9666 -121.052 1992860.0
218 -0.02825 8.83492e-05 2339.22 274.428 5.04894 5.06653 -84.5943 -124.722 2010410.0
219 -0.02815 8.83498e-05 2339.21 274.457 5.04952 5.06759 -86.647 -127.892 2025080.0
220 -0.02805 8.83492e-05 2339.21 274.501 5.05029 5.06884 -89.2996 -131.732 2042410.0
221 -0.02795 8.83497e-05 2339.2 274.546 5.05115 5.07026 -92.2332 -135.724 2062150.0
222 -0.02785 8.835e-05 2339.19 274.586 5.05189 5.07139 -94.7409 -139.199 2080380.0
223 -0.02775 8.83502e-05 2339.19 274.612 5.0524 5.07222 -96.5787 -142.305 2094200.0
224 -0.02765 8.83507e-05 2339.18 274.661 5.05332 5.07383 -99.4911 -146.65 2113460.0
225 -0.02755 8.83507e-05 2339.18 274.706 5.05415 5.07549 -102.586 -151.642 2135750.0
226 -0.02745 8.83507e-05 2339.17 274.747 5.0549 5.07678 -105.166 -155.461 2152680.0
227 -0.02735 8.83518e-05 2339.16 274.802 5.05597 5.07867 -108.54 -160.374 2175990.0
228 -0.02725 8.83503e-05 2339.15 274.84 5.05658 5.07981 -111.07 -164.333 2193340.0
229 -0.02715 8.83527e-05 2339.14 274.895 5.05773 5.08181 -114.534 -169.321 2216640.0
230 -0.02705 8.83524e-05 2339.14 274.947 5.05868 5.08359 -118.072 -174.811 2241140.0
231 -0.02695 8.83529e-05 2339.12 275.021 5.06007 5.0859 -122.604 -180.942 2269620.0
232 -0.02685 8.8352e-05 2339.12 275.064 5.0608 5.08735 -125.388 -185.53 2289710.0
233 -0.02675 8.83538e-05 2339.11 275.118 5.06191 5.08923 -128.926 -190.809 2313850.0
234 -0.02665 8.83531e-05 2339.1 275.167 5.06276 5.09076 -132.033 -195.577 2336080.0
235 -0.02655 8.83545e-05 2339.09 275.239 5.06417 5.09316 -136.532 -201.988 2365620.0
236 -0.02645 8.83538e-05 2339.08 275.297 5.0652 5.0951 -140.526 -208.16 2392630.0
237 -0.02635 8.83543e-05 2339.07 275.357 5.06634 5.09699 -144.124 -213.45 2417540.0
238 -0.02625 8.83552e-05 2339.06 275.407 5.06731 5.09871 -147.453 -218.813 2442880.0
239 -0.02615 8.83551e-05 2339.05 275.463 5.06832 5.10035 -151.06 -224.089 2468470.0
240 -0.02605 8.83557e-05 2339.04 275.537 5.06972 5.1028 -155.873 -231.079 2500910.0
241 -0.02595 8.83566e-05 2339.03 275.631 5.0715 5.10574 -161.719 -239.017 2537680.0
242 -0.02585 8.83565e-05 2339.02 275.704 5.07283 5.10815 -166.37 -246.142 2569530.0
243 -0.02575 8.83567e-05 2339.01 275.761 5.07391 5.11004 -170.168 -252.059 2597060.0
244 -0.02565 8.83572e-05 2338.99 275.845 5.07548 5.11278 -175.555 -260.005 2632170.0
245 -0.02555 8.83587e-05 2338.98 275.931 5.07714 5.11573 -180.948 -268.031 2669620.0
246 -0.02545 8.83583e-05 2338.97 276.021 5.07878 5.11856 -186.81 -276.634 2709140.0
247 -0.02535 8.83588e-05 2338.95 276.108 5.08041 5.12141 -192.226 -284.394 2744020.0
248 -0.02525 8.83599e-05 2338.94 276.186 5.0819 5.12403 -197.264 -292.272 2780340.0
249 -0.02515 8.83594e-05 2338.93 276.281 5.08363 5.12706 -203.591 -301.355 2823350.0
250 -0.02505 8.83613e-05 2338.91 276.377 5.0855 5.13024 -209.567 -310.157 2863310.0
251 -0.02495 8.8361e-05 2338.89 276.485 5.08748 5.13368 -216.507 -320.172 2909670.0
252 -0.02485 8.83612e-05 2338.88 276.575 5.08914 5.13652 -222.174 -328.618 2948760.0
253 -0.02475 8.83624e-05 2338.86 276.681 5.09116 5.14011 -229.058 -339.002 2995740.0
254 -0.02465 8.83631e-05 2338.85 276.789 5.09318 5.14358 -235.932 -349.121 3042040.0
255 -0.02455 8.83638e-05 2338.83 276.917 5.09559 5.14782 -244.253 -361.277 3097530.0
256 -0.02445 8.83646e-05 2338.81 277.036 5.09782 5.15189 -251.622 -372.31 3146440.0
257 -0.02435 8.83636e-05 2338.79 277.144 5.09974 5.15536 -258.932 -383.53 3197930.0
258 -0.02425 8.83658e-05 2338.78 277.221 5.1013 5.158 -263.722 -391.246 3233880.0
259 -0.02415 8.83658e-05 2338.76 277.347 5.10362 5.1621 -271.688 -402.876 3287720.0
260 -0.02405 8.83668e-05 2338.74 277.468 5.1059 5.16584 -279.524 -414.204 3341780.0
261 -0.02395 8.83679e-05 2338.72 277.586 5.10813 5.1698 -287.136 -425.77 3394560.0
262 -0.02385 8.83684e-05 2338.7 277.705 5.11035 5.17361 -294.797 -437.136 3448400.0
263 -0.02375 8.83692e-05 2338.67 277.856 5.11317 5.17862 -304.496 -451.324 3512160.0
264 -0.02365 8.83699e-05 2338.66 277.998 5.11584 5.18318 -313.333 -464.282 3570860.0
265 -0.02355 8.83714e-05 2338.63 278.147 5.11866 5.18827 -323.045 -478.704 3636390.0
266 -0.02345 8.83721e-05 2338.61 278.293 5.12137 5.19284 -332.419 -492.394 3699590.0
267 -0.02335 8.83724e-05 2338.58 278.453 5.12434 5.19848 -342.643 -508.579 3770580.0
268 -0.02325 8.83726e-05 2338.56 278.608 5.1272 5.20369 -352.387 -523.355 3834850.0
269 -0.02315 8.83752e-05 2338.53 278.775 5.13044 5.20917 -363.23 -538.976 3907970.0
270 -0.02305 8.83759e-05 2338.5 278.948 5.13365 5.21471 -374.181 -554.751 3980940.0
271 -0.02295 8.83768e-05 2338.48 279.1 5.13651 5.21971 -384.006 -569.926 4049540.0
272 -0.02285 8.83771e-05 2338.45 279.291 5.14004 5.22605 -396.279 -588.276 4132730.0
273 -0.02275 8.83797e-05 2338.42 279.486 5.14379 5.23258 -408.705 -606.306 4213530.0
274 -0.02265 8.83795e-05 2338.39 279.679 5.14733 5.23895 -420.983 -624.797 4297070.0
275 -0.02255 8.83816e-05 2338.36 279.877 5.15109 5.24527 -433.578 -642.97 4381860.0
276 -0.02245 8.83827e-05 2338.33 280.067 5.15465 5.25164 -446.059 -661.873 4467790.0
277 -0.02235 8.83829e-05 2338.29 280.267 5.15835 5.25834 -458.857 -681.445 4554550.0
278 -0.02225 8.83849e-05 2338.26 280.494 5.16263 5.26589 -473.213 -702.608 4649230.0
279 -0.02215 8.83864e-05 2338.22 280.711 5.16672 5.27306 -487.31 -723.597 4745920.0
280 -0.02205 8.83881e-05 2338.19 280.934 5.17091 5.28005 -501.088 -743.523 4837050.0
281 -0.02195 8.83893e-05 2338.15 281.184 5.1756 5.28849 -517.777 -768.399 4951120.0
282 -0.02185 8.83901e-05 2338.11 281.435 5.18026 5.29692 -533.593 -791.996 5054130.0
283 -0.02175 8.8392e-05 2338.07 281.69 5.18507 5.30515 -549.793 -815.481 5162170.0
284 -0.02165 8.83939e-05 2338.03 281.952 5.19001 5.31403 -566.552 -840.735 5274970.0
285 -0.02155 8.83945e-05 2337.99 282.205 5.1947 5.32238 -583.062 -865.672 5389290.0
286 -0.02145 8.83975e-05 2337.94 282.516 5.20059 5.33251 -602.727 -893.634 5517030.0
287 -0.02135 8.83985e-05 2337.89 282.8 5.20588 5.34171 -620.804 -919.995 5635720.0
288 -0.02125 8.84004e-05 2337.84 283.082 5.21118 5.35122 -638.943 -947.743 5759540.0
289 -0.02115 8.84023e-05 2337.8 283.353 5.21628 5.36026 -656.369 -974.403 5881700.0
290 -0.02105 8.84029e-05 2337.76 283.647 5.22173 5.36996 -675.173 -1002.46 6007450.0
291 -0.02095 8.84065e-05 2337.7 284.019 5.2288 5.38227 -698.719 -1036.37 6159420.0
292 -0.02085 8.84083e-05 2337.65 284.324 5.2345 5.39261 -718.547 -1066.84 6297410.0
293 -0.02075 8.84095e-05 2337.6 284.634 5.24028 5.40224 -738.274 -1095.4 6431710.0
294 -0.02065 8.84124e-05 2337.54 284.991 5.24703 5.41424 -761.01 -1129.1 6581730.0
295 -0.02055 8.84135e-05 2337.49 285.339 5.25351 5.42552 -783.34 -1162.22 6733970.0
296 -0.02045 8.84155e-05 2337.43 285.713 5.26051 5.43825 -807.684 -1199.53 6899910.0
297 -0.02035 8.84187e-05 2337.36 286.094 5.26772 5.45136 -831.599 -1235.67 7055710.0
298 -0.02025 8.84211e-05 2337.3 286.51 5.27553 5.46514 -858.273 -1275.45 7236640.0
299 -0.02015 8.84234e-05 2337.24 286.906 5.28296 5.47795 -883.453 -1312.1 7403070.0
300 -0.02005 8.84261e-05 2337.17 287.339 5.29109 5.49242 -911.59 -1354.12 7594220.0
301 -0.01995 8.8428e-05 2337.1 287.745 5.29868 5.50588 -937.517 -1393.17 7770190.0
302 -0.01985 8.84317e-05 2337.03 288.205 5.30736 5.52103 -966.823 -1436.34 7964730.0
303 -0.01975 8.84342e-05 2336.95 288.656 5.31583 5.53642 -995.455 -1480.07 8157930.0
304 -0.01965 8.84367e-05 2336.88 289.113 5.32439 5.5519 -1025.05 -1525.06 8359160.0
305 -0.01955 8.84392e-05 2336.8 289.592 5.33336 5.56823 -1055.3 -1571.37 8561780.0
306 -0.01945 8.84423e-05 2336.72 290.093 5.34279 5.58459 -1087.77 -1618.95 8781200.0
307 -0.01935 8.84458e-05 2336.64 290.623 5.35275 5.60204 -1121.27 -1668.24 9000810.0
308 -0.01925 8.84496e-05 2336.55 291.178 5.3632 5.62093 -1157.2 -1722.99 9245530.0
309 -0.01915 8.84526e-05 2336.46 291.745 5.37382 5.63941 -1193.03 -1775.16 9480290.0
310 -0.01905 8.84553e-05 2336.37 292.27 5.38365 5.65676 -1227.01 -1826.49 9715030.0
311 -0.01895 8.84597e-05 2336.27 292.908 5.39568 5.67833 -1267.53 -1886.72 9979690.0
312 -0.01885 8.84639e-05 2336.16 293.568 5.4081 5.70042 -1310.0 -1949.33 10258100.0
313 -0.01875 8.84676e-05 2336.07 294.175 5.41952 5.72027 -1348.53 -2006.77 10518600.0
314 -0.01865 8.84706e-05 2335.96 294.822 5.4316 5.74209 -1389.93 -2069.63 10797200.0
315 -0.01855 8.84757e-05 2335.85 295.516 5.44472 5.76493 -1434.4 -2134.37 11089400.0
316 -0.01845 8.84792e-05 2335.75 296.192 5.45739 5.78755 -1477.39 -2198.8 11376500.0
317 -0.01835 8.84836e-05 2335.63 296.913 5.47094 5.81128 -1523.72 -2267.45 11689200.0
318 -0.01825 8.84885e-05 2335.51 297.679 5.48536 5.83765 -1572.69 -2341.46 12010500.0
319 -0.01815 8.84932e-05 2335.38 298.439 5.49966 5.86257 -1621.14 -2412.59 12332000.0
320 -0.01805 8.84979e-05 2335.26 299.228 5.51449 5.889 -1671.58 -2488.32 12668900.0
321 -0.01795 8.85028e-05 2335.13 300.005 5.5291 5.91513 -1721.13 -2562.99 13002200.0
322 -0.01785 8.85073e-05 2335.0 300.854 5.54504 5.94357 -1775.74 -2644.61 13366500.0
323 -0.01775 8.85128e-05 2334.86 301.714 5.56124 5.97182 -1830.32 -2724.62 13725900.0
324 -0.01765 8.85186e-05 2334.72 302.613 5.57818 6.00184 -1887.73 -2809.98 14107500.0
325 -0.01755 8.85237e-05 2334.57 303.536 5.5955 6.03217 -1946.98 -2897.59 14506200.0
326 -0.01745 8.85298e-05 2334.41 304.502 5.61371 6.06413 -2008.08 -2987.22 14904000.0
327 -0.01735 8.85351e-05 2334.26 305.49 5.63225 6.09755 -2071.67 -3082.76 15330400.0
328 -0.01725 8.8541e-05 2334.09 306.467 5.65064 6.13095 -2134.1 -3178.38 15751000.0
329 -0.01715 8.85484e-05 2333.92 307.531 5.67073 6.16676 -2201.89 -3278.84 16193400.0
330 -0.01705 8.85541e-05 2333.76 308.557 5.69002 6.20096 -2267.73 -3377.7 16641200.0
331 -0.01695 8.85619e-05 2333.57 309.713 5.71184 6.24028 -2341.25 -3487.4 17118800.0
332 -0.01685 8.85688e-05 2333.39 310.84 5.73306 6.27802 -2413.17 -3595.03 17599200.0
333 -0.01675 8.85757e-05 2333.18 312.109 5.75692 6.3211 -2493.82 -3715.19 18123200.0
334 -0.01665 8.8583e-05 2332.99 313.303 5.77943 6.36077 -2570.63 -3829.36 18638100.0
335 -0.01655 8.85914e-05 2332.79 314.577 5.80349 6.40301 -2651.26 -3948.12 19167400.0
336 -0.01645 8.85985e-05 2332.57 315.911 5.82855 6.44744 -2736.93 -4075.54 19736600.0
337 -0.01635 8.86078e-05 2332.34 317.308 5.85494 6.4949 -2825.66 -4207.48 20313600.0
338 -0.01625 8.86163e-05 2332.12 318.676 5.88074 6.54131 -2913.24 -4340.25 20900700.0
339 -0.01615 8.86252e-05 2331.89 320.123 5.90804 6.58944 -3005.22 -4476.16 21505200.0
340 -0.01605 8.86342e-05 2331.65 321.609 5.93607 6.63961 -3099.9 -4617.99 22131100.0
341 -0.01595 8.86437e-05 2331.4 323.099 5.96422 6.69025 -3195.17 -4762.24 22766600.0
342 -0.01585 8.86528e-05 2331.14 324.708 5.99453 6.74457 -3297.3 -4914.86 23437100.0
343 -0.01575 8.86636e-05 2330.88 326.339 6.02537 6.79929 -3401.48 -5069.91 24127700.0
344 -0.01565 8.86731e-05 2330.6 328.034 6.05732 6.85601 -3509.82 -5231.1 24845400.0
345 -0.01555 8.86844e-05 2330.32 329.8 6.0907 6.91513 -3621.8 -5397.14 25578600.0
346 -0.01545 8.86963e-05 2330.01 331.717 6.12692 6.97994 -3744.29 -5578.46 26378600.0
347 -0.01535 8.87074e-05 2329.71 333.561 6.16177 7.04192 -3861.67 -5753.49 27153000.0
348 -0.01525 8.87197e-05 2329.39 335.493 6.19831 7.10821 -3984.66 -5939.92 27963600.0
349 -0.01515 8.8732e-05 2329.05 337.58 6.23774 7.17836 -4117.41 -6135.98 28831100.0
350 -0.01505 8.87437e-05 2328.73 339.569 6.2753 7.24554 -4243.74 -6326.38 29669500.0
351 -0.01495 8.87579e-05 2328.38 341.68 6.31533 7.31754 -4378.52 -6529.15 30559600.0
352 -0.01485 8.87706e-05 2328.01 343.96 6.35839 7.39426 -4523.62 -6743.08 31502600.0
353 -0.01475 8.87852e-05 2327.64 346.222 6.40125 7.47095 -4667.67 -6959.07 32454600.0
354 -0.01465 8.87998e-05 2327.26 348.532 6.44503 7.54948 -4814.27 -7179.13 33417100.0
355 -0.01455 8.88151e-05 2326.85 351.025 6.49224 7.63488 -4972.5 -7416.39 34449400.0
356 -0.01445 8.88311e-05 2326.44 353.562 6.54033 7.72166 -5134.17 -7659.01 35508600.0
357 -0.01435 8.88478e-05 2326.01 356.207 6.59051 7.81123 -5302.15 -7908.44 36604300.0
358 -0.01425 8.88645e-05 2325.56 358.978 6.64303 7.90447 -5478.14 -8167.88 37747200.0
359 -0.01415 8.88824e-05 2325.08 361.882 6.69812 8.00306 -5662.28 -8440.46 38935800.0
360 -0.01405 8.89002e-05 2324.61 364.761 6.75276 8.10041 -5845.55 -8712.65 40137700.0
361 -0.01395 8.8919e-05 2324.11 367.782 6.81012 8.20375 -6036.57 -8998.49 41377400.0
362 -0.01385 8.89379e-05 2323.62 370.795 6.86737 8.30645 -6227.73 -9285.61 42635200.0
363 -0.01375 8.89591e-05 2323.08 374.047 6.92925 8.41799 -6434.75 -9595.45 43985000.0
364 -0.01365 8.89782e-05 2322.55 377.264 6.99035 8.52788 -6637.84 -9900.45 45310400.0
365 -0.01355 8.8999e-05 2322.01 380.551 7.0529 8.63978 -6846.7 -10214.3 46690000.0
366 -0.01345 8.9021e-05 2321.43 384.065 7.11978 8.76151 -7069.94 -10551.8 48149900.0
367 -0.01335 8.90453e-05 2320.83 387.761 7.19026 8.88696 -7303.33 -10897.0 49655700.0
368 -0.01325 8.9067e-05 2320.22 391.427 7.26002 9.01231 -7536.36 -11247.1 51187500.0
369 -0.01315 8.9092e-05 2319.58 395.297 7.33385 9.14515 -7781.31 -11614.2 52783400.0
370 -0.01305 8.91168e-05 2318.91 399.395 7.41194 9.28514 -8039.94 -11998.0 54448800.0
371 -0.01295 8.91444e-05 2318.22 403.542 7.49123 9.42729 -8302.29 -12389.3 56153200.0
372 -0.01285 8.91712e-05 2317.51 407.894 7.57429 9.57531 -8577.59 -12797.4 57936400.0
373 -0.01275 8.91992e-05 2316.75 412.462 7.6615 9.73239 -8866.37 -13227.2 59795700.0
374 -0.01265 8.9229e-05 2315.99 417.077 7.74983 9.89052 -9157.87 -13662.0 61687900.0
375 -0.01255 8.92599e-05 2315.19 421.889 7.84196 10.0566 -9461.61 -14115.8 63648400.0
376 -0.01245 8.92898e-05 2314.38 426.798 7.93585 10.2244 -9771.98 -14577.3 65660600.0
377 -0.01235 8.93238e-05 2313.53 431.919 8.03414 10.4011 -10094.7 -15059.2 67742000.0
378 -0.01225 8.93573e-05 2312.64 437.272 8.13675 10.5858 -10431.6 -15561.1 69908100.0
379 -0.01215 8.93929e-05 2311.73 442.74 8.24178 10.7745 -10777.3 -16076.8 72146400.0
380 -0.01205 8.94284e-05 2310.82 448.269 8.34803 10.9642 -11125.1 -16595.8 74400500.0
381 -0.01195 8.94641e-05 2309.85 454.16 8.46111 11.1666 -11495.7 -17146.1 76787100.0
382 -0.01185 8.95046e-05 2308.81 460.323 8.57981 11.3811 -11884.1 -17725.3 79279400.0
383 -0.01175 8.95438e-05 2307.79 466.465 8.6981 11.5933 -12270.2 -18302.5 81775900.0
384 -0.01165 8.95856e-05 2306.71 472.919 8.82256 11.817 -12675.3 -18906.4 84376700.0
385 -0.01155 8.96295e-05 2305.59 479.602 8.95162 12.0492 -13095.5 -19533.4 87077600.0
386 -0.01145 8.96743e-05 2304.41 486.63 9.08734 12.2933 -13536.1 -20188.2 89891100.0
387 -0.01135 8.97209e-05 2303.21 493.825 9.22649 12.5436 -13987.7 -20861.2 92790300.0
388 -0.01125 8.977e-05 2301.95 501.35 9.37221 12.805 -14459.2 -21561.6 95802500.0
389 -0.01115 8.98186e-05 2300.68 508.91 9.51869 13.0696 -14932.3 -22271.5 98843100.0
390 -0.01105 8.98712e-05 2299.33 516.922 9.67421 13.3485 -15433.6 -23015.1 102041000.0
391 -0.01095 8.99251e-05 2297.94 525.173 9.83452 13.6377 -15949.8 -23785.6 105340000.0
392 -0.01085 8.99814e-05 2296.51 533.679 10.0001 13.9344 -16481.3 -24574.9 108732000.0
393 -0.01075 9.00385e-05 2295.04 542.421 10.1703 14.2396 -17026.9 -25386.3 112216000.0
394 -0.01065 9.0098e-05 2293.49 551.613 10.3495 14.5612 -17599.2 -26236.0 115852000.0
395 -0.01055 9.01614e-05 2291.9 561.045 10.5339 14.8924 -18187.2 -27109.3 119590000.0
396 -0.01045 9.02247e-05 2290.26 570.746 10.7236 15.2326 -18790.6 -28006.7 123430000.0
397 -0.01035 9.0293e-05 2288.5 581.103 10.9264 15.5963 -19435.3 -28958.4 127503000.0
398 -0.01025 9.03649e-05 2286.71 591.576 11.1322 15.969 -20084.9 -29930.3 131615000.0
399 -0.01015 9.04357e-05 2284.89 602.336 11.3435 16.3468 -20751.5 -30918.6 135847000.0
400 -0.01005 9.05124e-05 2282.96 613.649 11.5664 16.7474 -21453.9 -31959.1 140277000.0
401 -0.00995 9.05888e-05 2280.99 625.192 11.7939 17.1556 -22168.3 -33019.2 144798000.0
402 -0.00985 9.06703e-05 2278.93 637.181 12.0309 17.5824 -22907.8 -34121.0 149465000.0
403 -0.00975 9.07524e-05 2276.86 649.258 12.27 18.0126 -23654.6 -35236.9 154213000.0
404 -0.00965 9.08399e-05 2274.65 662.147 12.5257 18.4706 -24448.6 -36410.8 159201000.0
405 -0.00955 9.09308e-05 2272.37 675.424 12.7896 18.9451 -25265.3 -37623.3 164333000.0
406 -0.00945 9.10249e-05 2270.0 689.218 13.0643 19.4362 -26114.1 -38876.6 169664000.0
407 -0.00935 9.1122e-05 2267.57 703.301 13.3455 19.9401 -26977.4 -40155.7 175077000.0
408 -0.00925 9.12228e-05 2265.05 717.96 13.6387 20.4645 -27876.6 -41485.5 180722000.0
409 -0.00915 9.13293e-05 2262.39 733.222 13.9449 21.0141 -28810.3 -42866.5 186546000.0
410 -0.00905 9.14393e-05 2259.64 749.152 14.265 21.5866 -29782.9 -44299.1 192603000.0
411 -0.00895 9.15529e-05 2256.82 765.295 14.5905 22.1705 -30765.5 -45756.3 198743000.0
412 -0.00885 9.16704e-05 2253.91 782.106 14.9302 22.7752 -31790.0 -47261.9 205123000.0
413 -0.00875 9.17954e-05 2250.84 799.596 15.2848 23.4114 -32851.1 -48830.8 211706000.0
414 -0.00865 9.19231e-05 2247.68 817.627 15.6513 24.0676 -33944.1 -50444.3 218491000.0
415 -0.00855 9.20548e-05 2244.45 836.036 16.0266 24.7371 -35058.1 -52087.2 225416000.0
416 -0.00845 9.21933e-05 2241.05 855.436 16.4232 25.4441 -36229.2 -53807.8 232653000.0
417 -0.00835 9.23373e-05 2237.52 875.368 16.8321 26.1747 -37426.5 -55571.5 240033000.0
418 -0.00825 9.2488e-05 2233.88 895.889 17.2548 26.9314 -38661.3 -57394.0 247666000.0
419 -0.00815 9.26424e-05 2230.12 917.23 17.6953 27.7123 -39938.5 -59261.2 255521000.0
420 -0.00805 9.28044e-05 2226.2 939.281 18.1524 28.5237 -41256.0 -61188.6 263608000.0
421 -0.00795 9.29727e-05 2222.15 962.008 18.6253 29.3663 -42612.0 -63180.1 271942000.0
422 -0.00785 9.31469e-05 2217.96 985.318 19.1124 30.2337 -43995.9 -65213.6 280427000.0
423 -0.00775 9.33306e-05 2213.58 1009.8 19.6259 31.1424 -45445.9 -67325.8 289273000.0
424 -0.00765 9.35212e-05 2209.03 1035.11 20.1588 32.0854 -46939.6 -69499.4 298365000.0
425 -0.00755 9.37204e-05 2204.33 1061.13 20.7096 33.0632 -48473.4 -71739.5 307703000.0
426 -0.00745 9.3924e-05 2199.49 1087.83 21.2769 34.0649 -50037.7 -74017.3 317215000.0
427 -0.00735 9.4136e-05 2194.52 1115.15 21.8605 35.0963 -51633.7 -76345.3 326922000.0
428 -0.00725 9.43608e-05 2189.25 1144.06 22.4807 36.1887 -53318.8 -78782.9 337099000.0
429 -0.00715 9.4595e-05 2183.82 1173.6 23.1185 37.3159 -55031.3 -81271.9 347432000.0
430 -0.00705 9.48332e-05 2178.28 1203.77 23.7725 38.4658 -56774.8 -83799.3 357975000.0
431 -0.00695 9.50843e-05 2172.5 1235.07 24.455 39.6625 -58573.7 -86395.9 368799000.0
432 -0.00685 9.53467e-05 2166.47 1267.53 25.1671 40.9143 -60433.9 -89084.6 379974000.0
433 -0.00675 9.56232e-05 2160.18 1301.27 25.912 42.2177 -62353.8 -91840.8 391429000.0
434 -0.00665 9.59084e-05 2153.71 1335.8 26.679 43.5592 -64313.0 -94657.3 403140000.0
435 -0.00655 9.62046e-05 2147.05 1371.12 27.4688 44.9432 -66304.2 -97530.4 415056000.0
436 -0.00645 9.65134e-05 2140.11 1407.75 28.2932 46.3804 -68356.7 -100471.0 427274000.0
437 -0.00635 9.68352e-05 2132.97 1445.31 29.1449 47.8609 -70452.2 -103465.0 439741000.0
438 -0.00625 9.71724e-05 2125.53 1484.22 30.0338 49.4045 -72610.3 -106542.0 452541000.0
439 -0.00615 9.75208e-05 2117.89 1523.94 30.9482 50.9906 -74796.2 -109663.0 465522000.0
440 -0.00605 9.78846e-05 2109.98 1564.94 31.8993 52.6306 -77039.5 -112842.0 478792000.0
441 -0.00595 9.82636e-05 2101.77 1607.2 32.8877 54.3311 -79333.9 -116080.0 492319000.0
442 -0.00585 9.86635e-05 2093.21 1650.9 33.9194 56.1074 -81690.9 -119405.0 506193000.0
443 -0.00575 9.908e-05 2084.36 1695.72 34.9872 57.9429 -84085.0 -122776.0 520256000.0
444 -0.00565 9.95116e-05 2075.25 1741.65 36.0915 59.8312 -86522.0 -126191.0 534572000.0
445 -0.00555 9.99651e-05 2065.78 1789.03 37.2422 61.7947 -89010.6 -129662.0 549134000.0
446 -0.00545 0.000100437 2056.02 1837.59 38.4334 63.8167 -91539.3 -133167.0 563918000.0
447 -0.00535 0.000100928 2045.96 1887.27 39.6657 65.9037 -94099.6 -136714.0 578901000.0
448 -0.00525 0.000101439 2035.55 1938.24 40.9433 68.0605 -96701.6 -140302.0 594135000.0
449 -0.00515 0.000101974 2024.83 1990.35 42.2657 70.2829 -99329.9 -143906.0 609491000.0
450 -0.00505 0.00010253 2013.79 2043.53 43.6318 72.5751 -101984.0 -147543.0 625057000.0
451 -0.00495 0.000103117 2002.25 2098.51 45.062 74.9643 -104687.0 -151204.0 640793000.0
452 -0.00485 0.000103724 1990.44 2154.53 46.5375 77.4136 -107411.0 -154873.0 656733000.0
453 -0.00475 0.000104357 1978.32 2211.4 48.0571 79.9251 -110137.0 -158527.0 672721000.0
454 -0.00465 0.00010502 1965.73 2269.82 49.6401 82.5344 -112892.0 -162198.0 688883000.0
455 -0.00455 0.000105712 1952.78 2329.31 51.2771 85.2194 -115652.0 -165850.0 705131000.0
456 -0.00445 0.000106437 1939.39 2390.0 52.9736 87.9922 -118417.0 -169484.0 721449000.0
457 -0.00435 0.000107197 1925.56 2452.31 54.7429 90.8616 -121212.0 -173104.0 737982000.0
458 -0.00425 0.000107984 1911.44 2515.15 56.5579 93.7867 -123971.0 -176650.0 754426000.0
459 -0.00415 0.00010881 1896.85 2579.21 58.4418 96.8122 -126724.0 -180157.0 770935000.0
460 -0.00405 0.00010967 1881.86 2644.23 60.3888 99.917 -129452.0 -183589.0 787424000.0
461 -0.00395 0.000110567 1866.48 2710.23 62.4026 103.104 -132159.0 -186943.0 803941000.0
462 -0.00385 0.000111504 1850.71 2776.97 64.4808 106.37 -134821.0 -190197.0 820374000.0
463 -0.00375 0.00011248 1834.53 2844.5 66.6273 109.725 -137439.0 -193362.0 836805000.0
464 -0.00365 0.0001135 1817.92 2912.86 68.8472 113.167 -140006.0 -196399.0 853150000.0
465 -0.00355 0.000114567 1800.89 2981.73 71.1375 116.695 -142503.0 -199303.0 869384000.0
466 -0.00345 0.000115685 1783.38 3051.7 73.5173 120.324 -144950.0 -202060.0 885581000.0
467 -0.00335 0.000116846 1765.53 3121.92 75.9632 124.021 -147306.0 -204647.0 901622000.0
468 -0.00325 0.000118066 1747.18 3192.89 78.5014 127.825 -149584.0 -207062.0 917597000.0
469 -0.00315 0.000119328 1728.54 3263.55 81.0966 131.685 -151731.0 -209280.0 933327000.0
470 -0.00305 0.000120651 1709.46 3334.54 83.7795 135.636 -153767.0 -211277.0 948868000.0
471 -0.00295 0.000122033 1689.96 3405.94 86.5533 139.678 -155701.0 -213065.0 964366000.0
472 -0.00285 0.000123472 1670.13 3477.21 89.4062 143.784 -157490.0 -214593.0 979596000.0
473 -0.00275 0.00012498 1649.85 3548.55 92.3551 147.988 -159144.0 -215872.0 994720000.0
474 -0.00265 0.000126543 1629.3 3619.2 95.3718 152.244 -160627.0 -216892.0 1009640000.0
475 -0.00255 0.000128174 1608.42 3689.53 98.4783 156.569 -161945.0 -217612.0 1024330000.0
476 -0.00245 0.000129873 1587.23 3759.45 101.675 160.96 -163098.0 -218050.0 1038920000.0
477 -0.00235 0.000131642 1565.71 3828.73 104.959 165.415 -164060.0 -218175.0 1053320000.0
478 -0.00225 0.000133485 1543.93 3897.07 108.328 169.932 -164826.0 -217993.0 1067590000.0
479 -0.00215 0.000135399 1521.94 3964.58 111.785 174.481 -165396.0 -217470.0 1081670000.0
480 -0.00205 0.000137393 1499.67 4030.88 115.328 179.096 -165747.0 -216638.0 1095700000.0
481 -0.00195 0.000139455 1477.29 4096.03 118.951 183.73 -165894.0 -215478.0 1109620000.0
482 -0.00185 0.000141606 1454.69 4159.99 122.672 188.415 -165821.0 -213966.0 1123460000.0
483 -0.00175 0.000143844 1431.85 4222.65 126.487 193.144 -165509.0 -212092.0 1137220000.0
484 -0.00165 0.000146168 1408.91 4283.72 130.389 197.9 -164973.0 -209892.0 1151010000.0
485 -0.00155 0.000148567 1385.94 4342.82 134.358 202.655 -164183.0 -207353.0 1164680000.0
486 -0.00145 0.000151056 1362.9 4400.25 138.416 207.43 -163175.0 -204501.0 1178460000.0
487 -0.00135 0.000153631 1339.84 4456.1 142.562 212.208 -161944.0 -201321.0 1192340000.0
488 -0.00125 0.000156293 1316.81 4509.76 146.779 216.981 -160470.0 -197831.0 1206230000.0
489 -0.00115 0.000159056 1293.71 4561.61 151.091 221.767 -158747.0 -193995.0 1220210000.0
490 -0.00105 0.000161898 1270.78 4611.37 155.468 226.523 -156828.0 -189915.0 1234420000.0
491 -0.00095 0.000164828 1247.96 4658.78 159.909 231.251 -154667.0 -185556.0 1248690000.0
492 -0.00085 0.00016785 1225.25 4704.23 164.429 235.956 -152301.0 -180932.0 1263140000.0
493 -0.00075 0.000170954 1202.76 4747.43 169.008 240.623 -149736.0 -176103.0 1277840000.0
494 -0.00065 0.000174151 1180.43 4788.47 173.657 245.254 -146968.0 -171040.0 1292730000.0
495 -0.00055 0.000177439 1158.31 4827.27 178.37 249.845 -144005.0 -165766.0 1307820000.0
496 -0.00045 0.000180798 1136.53 4863.8 183.122 254.362 -140879.0 -160355.0 1323100000.0
497 -0.00035 0.000184235 1115.07 4898.02 187.915 258.816 -137589.0 -154816.0 1338620000.0
498 -0.00025 0.000187769 1093.83 4930.28 192.781 263.224 -134134.0 -149089.0 1354310000.0
499 -0.00015 0.000191387 1072.88 4959.97 197.68 267.578 -130503.0 -143249.0 1370240000.0
500 -5e-05 0.000195115 1052.11 4987.85 202.663 271.888 -126707.0 -137205.0 1386290000.0
501 5e-05 0.000198978 1031.72 5012.67 207.704 276.062 -122713.0 -130955.0 1402120000.0
502 0.00015 0.000202875 1012.23 5034.83 212.708 279.994 -118688.0 -124860.0 1417800000.0
503 0.00025 0.000206771 993.474 5054.86 217.654 283.778 -114668.0 -118962.0 1433620000.0
504 0.00035 0.000210679 975.341 5072.99 222.564 287.441 -110635.0 -113205.0 1449560000.0
505 0.00045 0.000214581 957.899 5089.67 227.431 290.97 -106648.0 -107644.0 1465610000.0
506 0.00055 0.000218506 940.961 5104.67 232.274 294.399 -102644.0 -102177.0 1481660000.0
507 0.00065 0.000222424 924.654 5118.06 237.059 297.702 -98667.3 -96880.7 1497650000.0
508 0.00075 0.000226342 908.888 5130.19 241.807 300.899 -94724.2 -91731.1 1513650000.0
509 0.00085 0.000230234 893.761 5140.96 246.481 303.97 -90838.0 -86790.1 1529540000.0
510 0.00095 0.000234109 879.187 5150.62 251.101 306.928 -87010.3 -82005.5 1545230000.0
511 0.00105 0.000237954 865.191 5159.21 255.65 309.776 -83241.5 -77398.7 1560800000.0
512 0.00115 0.000241746 851.82 5166.65 260.099 312.499 -79569.5 -73030.7 1576140000.0
513 0.00125 0.000245505 838.965 5173.14 264.474 315.119 -75956.2 -68816.5 1591250000.0
514 0.00135 0.00024922 826.638 5178.72 268.767 317.63 -72424.2 -64769.1 1606030000.0
515 0.00145 0.000252869 814.879 5183.74 272.966 320.032 -69008.6 -60940.2 1620580000.0
516 0.00155 0.000256452 803.659 5187.84 277.052 322.325 -65673.6 -57282.7 1634740000.0
517 0.00165 0.000259967 792.934 5191.18 281.031 324.518 -62437.4 -53819.1 1648580000.0
518 0.00175 0.000263388 782.778 5194.35 284.903 326.597 -59343.8 -50574.7 1662040000.0
519 0.00185 0.000266716 773.151 5196.87 288.643 328.572 -56363.4 -47532.5 1675110000.0
520 0.00195 0.00026996 763.986 5199.09 292.278 330.453 -53499.2 -44651.8 1687790000.0
521 0.00205 0.000273129 755.235 5200.68 295.8 332.244 -50715.2 -41896.1 1700010000.0
522 0.00215 0.000276215 746.917 5201.75 299.204 333.959 -48031.4 -39294.5 1711890000.0
523 0.00225 0.000279194 739.049 5202.58 302.478 335.578 -45464.7 -36861.7 1723270000.0
524 0.00235 0.000282079 731.588 5203.12 305.636 337.11 -43004.0 -34564.8 1734260000.0
525 0.00245 0.000284821 724.641 5203.47 308.628 338.542 -40687.8 -32491.0 1744770000.0
526 0.00255 0.000287497 717.98 5203.58 311.534 339.915 -38460.3 -30476.3 1754890000.0
527 0.00265 0.000290058 711.729 5203.4 314.298 341.211 -36325.3 -28604.5 1764600000.0
528 0.00275 0.000292537 705.772 5203.27 316.976 342.437 -34301.0 -26809.5 1773890000.0
529 0.00285 0.000294894 700.202 5202.93 319.509 343.588 -32383.2 -25181.2 1782770000.0
530 0.00295 0.00029715 694.956 5202.39 321.921 344.675 -30554.3 -23649.5 1791200000.0
531 0.00305 0.00029929 690.044 5201.82 324.203 345.69 -28840.8 -22254.6 1799260000.0
532 0.00315 0.000301359 685.368 5201.02 326.395 346.66 -27179.5 -20889.5 1806940000.0
533 0.00325 0.000303329 680.979 5200.34 328.485 347.571 -25627.1 -19627.7 1814280000.0
534 0.00335 0.000305207 676.838 5199.54 330.468 348.43 -24147.5 -18434.1 1821250000.0
535 0.00345 0.000306971 672.999 5198.72 332.326 349.227 -22765.1 -17366.1 1827860000.0
536 0.00355 0.000308648 669.387 5197.72 334.077 349.975 -21449.6 -16356.7 1834100000.0
537 0.00365 0.000310264 665.943 5196.81 335.767 350.684 -20200.4 -15373.8 1840030000.0
538 0.00375 0.000311784 662.747 5195.8 337.346 351.358 -19019.6 -14474.5 1845720000.0
539 0.00385 0.000313227 659.723 5194.73 338.838 351.983 -17901.8 -13623.0 1851030000.0
540 0.00395 0.000314576 656.93 5193.88 340.242 352.563 -16874.6 -12854.1 1856070000.0
541 0.00405 0.000315862 654.297 5192.9 341.568 353.112 -15887.1 -12120.1 1860840000.0
542 0.00415 0.00031707 651.829 5191.81 342.802 353.626 -14957.0 -11446.3 1865350000.0
543 0.00425 0.000318214 649.517 5190.81 343.973 354.105 -14079.2 -10799.0 1869580000.0
544 0.00435 0.000319298 647.34 5189.97 345.089 354.562 -13263.3 -10196.1 1873680000.0
545 0.00445 0.000320327 645.286 5188.98 346.135 354.987 -12481.0 -9609.43 1877440000.0
546 0.00455 0.000321276 643.405 5188.13 347.103 355.379 -11762.0 -9098.97 1881030000.0
547 0.00465 0.000322175 641.635 5187.22 348.014 355.751 -11081.8 -8618.55 1884420000.0
548 0.00475 0.000323044 639.924 5186.34 348.893 356.106 -10428.8 -8118.54 1887630000.0
549 0.00485 0.000323849 638.359 5185.35 349.696 356.437 -9810.31 -7664.75 1890660000.0
550 0.00495 0.000324592 636.918 5184.3 350.427 356.734 -9237.58 -7260.01 1893440000.0
551 0.00505 0.000325297 635.554 5183.64 351.144 357.016 -8713.58 -6881.71 1896110000.0
552 0.00515 0.000325976 634.25 5182.86 351.823 357.293 -8201.7 -6495.69 1898690000.0
553 0.00525 0.000326586 633.075 5181.99 352.422 357.531 -7735.28 -6176.21 1900980000.0
554 0.00535 0.000327167 631.972 5181.1 352.989 357.767 -7284.11 -5863.07 1903240000.0
555 0.00545 0.000327721 630.913 5180.31 353.533 357.984 -6861.45 -5552.83 1905320000.0
556 0.00555 0.000328223 629.96 5179.47 354.017 358.184 -6471.72 -5293.94 1907300000.0
557 0.00565 0.00032871 629.034 5178.8 354.496 358.378 -6101.72 -5011.55 1909210000.0
558 0.00575 0.000329182 628.148 5178.12 354.959 358.563 -5741.28 -4737.5 1910980000.0
559 0.00585 0.000329593 627.378 5177.38 355.351 358.726 -5427.1 -4523.64 1912640000.0
560 0.00595 0.000330007 626.597 5176.45 355.734 358.889 -5083.53 -4258.48 1914170000.0
561 0.00605 0.000330379 625.9 5175.91 356.097 359.03 -4805.78 -4049.24 1915630000.0
562 0.00615 0.000330741 625.226 5175.17 356.437 359.175 -4518.55 -3831.09 1917070000.0
563 0.00625 0.000331066 624.626 5174.61 356.748 359.296 -4264.2 -3638.55 1918350000.0
564 0.00635 0.000331365 624.057 5174.17 357.04 359.414 -4042.91 -3487.43 1919580000.0
565 0.00645 0.00033166 623.519 5173.75 357.329 359.53 -3817.97 -3300.32 1920790000.0
566 0.00655 0.000331943 622.999 5173.17 357.593 359.637 -3597.86 -3118.37 1921880000.0
567 0.00665 0.000332192 622.53 5172.8 357.837 359.737 -3406.89 -2977.48 1922980000.0
568 0.00675 0.000332429 622.097 5172.29 358.056 359.823 -3221.95 -2841.24 1923900000.0
569 0.00685 0.000332659 621.667 5171.71 358.264 359.911 -3034.81 -2684.61 1924810000.0
570 0.00695 0.000332854 621.316 5171.4 358.453 359.988 -2888.67 -2584.29 1925670000.0
571 0.00705 0.000333073 620.907 5170.9 358.653 360.074 -2708.54 -2423.5 1926540000.0
572 0.00715 0.000333267 620.555 5170.36 358.825 360.147 -2551.69 -2294.15 1927280000.0
573 0.00725 0.000333433 620.247 5169.86 358.969 360.209 -2412.09 -2191.74 1927980000.0
574 0.00735 0.000333582 619.975 5169.52 359.106 360.269 -2291.04 -2110.68 1928660000.0
575 0.00745 0.000333738 619.69 5169.08 359.244 360.327 -2156.44 -1996.55 1929290000.0
576 0.00755 0.000333881 619.43 5168.75 359.374 360.384 -2047.95 -1912.78 1929960000.0
577 0.00765 0.000334024 619.162 5168.4 359.505 360.438 -1931.75 -1806.77 1930520000.0
578 0.00775 0.000334168 618.902 5168.05 359.634 360.488 -1813.55 -1696.37 1931060000.0
579 0.00785 0.000334282 618.698 5167.55 359.722 360.533 -1708.19 -1617.8 1931560000.0
580 0.00795 0.000334396 618.488 5167.28 359.826 360.578 -1619.44 -1545.15 1932050000.0
581 0.00805 0.000334498 618.298 5166.96 359.913 360.615 -1532.93 -1474.76 1932500000.0
582 0.00815 0.000334591 618.133 5166.73 359.998 360.653 -1459.04 -1410.75 1932970000.0
583 0.00825 0.00033468 617.972 5166.62 360.086 360.686 -1396.09 -1346.09 1933380000.0
584 0.00835 0.000334766 617.811 5166.43 360.165 360.715 -1325.21 -1287.88 1933780000.0
585 0.00845 0.000334837 617.687 5166.22 360.227 360.746 -1264.11 -1244.88 1934170000.0
586 0.00855 0.000334924 617.529 5165.63 360.279 360.775 -1172.13 -1172.34 1934480000.0
587 0.00865 0.000334995 617.396 5165.41 360.34 360.804 -1109.37 -1111.28 1934820000.0
588 0.00875 0.000335069 617.266 5165.18 360.404 360.831 -1051.32 -1057.46 1935140000.0
589 0.00885 0.000335137 617.141 5165.09 360.47 360.856 -996.782 -992.011 1935420000.0
590 0.00895 0.000335216 616.992 5165.01 360.551 360.886 -945.685 -928.125 1935740000.0
591 0.00905 0.000335266 616.906 5164.7 360.582 360.905 -892.032 -892.289 1935990000.0
592 0.00915 0.000335311 616.828 5164.7 360.63 360.922 -857.375 -848.419 1936260000.0
593 0.00925 0.000335364 616.725 5164.52 360.675 360.94 -817.633 -813.231 1936470000.0
594 0.00935 0.000335417 616.629 5164.26 360.714 360.963 -762.382 -756.332 1936710000.0
595 0.00945 0.000335444 616.587 5164.12 360.733 360.972 -738.147 -750.463 1936920000.0
596 0.00955 0.000335482 616.513 5163.96 360.762 360.984 -702.319 -725.228 1937110000.0
597 0.00965 0.000335552 616.386 5163.75 360.823 361.016 -646.545 -648.573 1937390000.0
598 0.00975 0.000335594 616.309 5163.61 360.858 361.031 -609.799 -607.911 1937540000.0
599 0.00985 0.000335621 616.264 5163.33 360.869 361.042 -572.672 -580.508 1937700000.0
600 0.00995 0.000335644 616.217 5163.16 360.881 361.049 -546.706 -563.968 1937860000.0
601 0.01005 0.000335674 616.168 5163.0 360.903 361.058 -518.699 -539.159 1938000000.0
602 0.01015 0.0003357 616.119 5162.91 360.924 361.07 -496.292 -522.009 1938160000.0
603 0.01025 0.000335735 616.053 5162.89 360.96 361.082 -472.252 -479.045 1938310000.0
604 0.01035 0.000335755 616.022 5162.77 360.973 361.093 -443.662 -457.299 1938490000.0
605 0.01045 0.000335774 615.983 5162.67 360.986 361.095 -435.609 -461.243 1938560000.0
606 0.01055 0.00033579 615.958 5162.54 360.994 361.105 -412.799 -447.784 1938700000.0
607 0.01065 0.000335813 615.917 5162.54 361.019 361.111 -395.959 -426.919 1938790000.0
608 0.01075 0.000335837 615.875 5162.35 361.032 361.121 -374.736 -397.762 1938910000.0
609 0.01085 0.000335858 615.832 5162.25 361.048 361.132 -344.436 -376.822 1939040000.0
610 0.01095 0.00033587 615.813 5162.21 361.058 361.129 -337.862 -376.862 1939100000.0
611 0.01105 0.000335894 615.77 5161.98 361.068 361.145 -311.023 -355.569 1939240000.0
612 0.01115 0.00033591 615.741 5161.83 361.074 361.15 -288.398 -347.075 1939290000.0
613 0.01125 0.000335925 615.718 5161.93 361.097 361.155 -289.906 -333.447 1939400000.0
614 0.01135 0.00033595 615.667 5161.84 361.118 361.16 -262.473 -293.327 1939460000.0
615 0.01145 0.000335964 615.643 5161.85 361.134 361.167 -258.963 -290.153 1939560000.0
616 0.01155 0.000335979 615.621 5161.77 361.144 361.176 -238.001 -267.756 1939640000.0
617 0.01165 0.000335998 615.579 5161.7 361.16 361.182 -224.23 -244.538 1939710000.0
618 0.01175 0.000335976 615.625 5161.69 361.136 361.171 -240.02 -289.345 1939730000.0
619 0.01185 0.00033599 615.594 5161.65 361.147 361.181 -226.126 -270.009 1939830000.0
620 0.01195 0.000336013 615.556 5161.49 361.161 361.186 -200.035 -226.008 1939870000.0
621 0.01205 0.000336034 615.517 5161.55 361.188 361.196 -193.179 -201.966 1939970000.0
622 0.01215 0.000336034 615.515 5161.57 361.19 361.195 -194.007 -203.869 1940020000.0
623 0.01225 0.000336038 615.511 5161.34 361.177 361.195 -178.797 -207.902 1940030000.0
624 0.01235 0.000336034 615.517 5161.35 361.174 361.195 -179.317 -224.026 1940060000.0
625 0.01245 0.000336053 615.484 5161.29 361.19 361.199 -168.246 -200.756 1940060000.0
626 0.01255 0.000336059 615.476 5161.31 361.197 361.204 -158.864 -190.356 1940140000.0
627 0.01265 0.000336056 615.475 5161.28 361.193 361.203 -163.675 -205.984 1940170000.0
628 0.01275 0.000336074 615.448 5161.08 361.197 361.209 -134.004 -173.471 1940190000.0
629 0.01285 0.000336086 615.426 5161.09 361.211 361.213 -132.037 -163.418 1940250000.0
630 0.01295 0.0003361 615.398 5160.92 361.215 361.218 -110.063 -134.893 1940290000.0
631 0.01305 0.000336108 615.388 5160.98 361.228 361.225 -110.636 -124.215 1940360000.0
632 0.01315 0.000336109 615.379 5160.89 361.223 361.218 -100.822 -125.432 1940320000.0
633 0.01325 0.000336121 615.362 5160.82 361.23 361.228 -92.6862 -110.875 1940410000.0
634 0.01335 0.000336113 615.379 5161.0 361.234 361.226 -105.314 -123.875 1940450000.0
635 0.01345 0.000336114 615.378 5161.07 361.24 361.225 -107.626 -124.476 1940460000.0
636 0.01355 0.000336113 615.377 5160.94 361.23 361.225 -105.156 -125.684 1940490000.0
637 0.01365 0.00033614 615.325 5160.76 361.247 361.235 -72.8704 -74.9648 1940530000.0
638 0.01375 0.000336132 615.346 5160.83 361.242 361.23 -83.6613 -93.3619 1940530000.0
639 0.01385 0.000336149 615.311 5160.71 361.252 361.231 -65.656 -77.0101 1940510000.0
640 0.01395 0.000336146 615.321 5160.82 361.257 361.239 -73.449 -79.7886 1940650000.0
641 0.01405 0.000336139 615.329 5160.73 361.243 361.229 -72.7625 -83.4783 1940590000.0
642 0.01415 0.000336163 615.281 5160.61 361.26 361.239 -46.8216 -42.0615 1940640000.0
643 0.01425 0.000336153 615.307 5160.59 361.249 361.238 -54.1941 -63.1554 1940650000.0
644 0.01435 0.000336146 615.315 5160.64 361.245 361.236 -60.5535 -77.3559 1940680000.0
645 0.01445 0.000336162 615.291 5160.51 361.252 361.242 -44.7877 -51.8938 1940710000.0
646 0.01455 0.000336157 615.292 5160.49 361.246 361.238 -47.5545 -60.5624 1940660000.0
647 0.01465 0.000336156 615.295 5160.5 361.245 361.239 -46.0387 -64.8405 1940700000.0
648 0.01475 0.000336149 615.316 5160.53 361.239 361.236 -51.0157 -75.677 1940710000.0
649 0.01485 0.000336168 615.273 5160.47 361.256 361.241 -34.5359 -45.6172 1940720000.0
650 0.01495 0.000336172 615.273 5160.54 361.266 361.245 -38.6436 -30.1716 1940770000.0
651 0.01505 0.000336159 615.29 5160.58 361.254 361.241 -52.3424 -62.0598 1940760000.0
652 0.01515 0.000336163 615.278 5160.43 361.248 361.238 -33.7184 -39.5675 1940720000.0
653 0.01525 0.000336152 615.309 5160.41 361.235 361.239 -41.2955 -63.5095 1940780000.0
654 0.01535 0.000336156 615.297 5160.45 361.241 361.237 -42.5907 -64.1671 1940770000.0
655 0.01545 0.000336155 615.3 5160.5 361.244 361.24 -50.6219 -65.5522 1940820000.0
656 0.01555 0.00033614 615.326 5160.39 361.221 361.228 -52.317 -82.1295 1940690000.0
657 0.01565 0.000336139 615.326 5160.62 361.235 361.231 -61.5984 -80.2525 1940770000.0
658 0.01575 0.000336142 615.331 5160.75 361.248 361.236 -71.9539 -84.9886 1940820000.0
659 0.01585 0.000336154 615.302 5160.71 361.258 361.234 -62.0614 -63.8691 1940790000.0
660 0.01595 0.000336157 615.294 5160.67 361.259 361.238 -56.2888 -52.7569 1940830000.0
661 0.01605 0.000336166 615.282 5160.6 361.264 361.243 -45.4381 -42.9169 1940850000.0
662 0.01615 0.000336168 615.267 5160.55 361.262 361.24 -42.832 -47.3119 1940830000.0
663 0.01625 0.000336162 615.293 5160.63 361.262 361.241 -45.5895 -41.1388 1940880000.0
664 0.01635 0.000336161 615.288 5160.64 361.261 361.24 -49.5318 -49.671 1940880000.0
665 0.01645 0.000336165 615.284 5160.69 361.268 361.239 -52.7055 -46.4002 1940890000.0
666 0.01655 0.000336158 615.291 5160.54 361.25 361.241 -46.1676 -57.5492 1940910000.0
667 0.01665 0.000336159 615.292 5160.62 361.257 361.236 -49.4618 -56.4003 1940880000.0
668 0.01675 0.000336157 615.291 5160.51 361.247 361.239 -46.2833 -65.4074 1940890000.0
669 0.01685 0.00033617 615.276 5160.53 361.263 361.245 -37.1029 -42.5484 1940930000.0
670 0.01695 0.000336165 615.277 5160.52 361.257 361.242 -39.1174 -52.8767 1940910000.0
671 0.01705 0.000336176 615.264 5160.37 361.258 361.246 -22.1172 -20.2733 1940900000.0
672 0.01715 0.000336156 615.295 5160.38 361.237 361.236 -34.9315 -61.4175 1940890000.0
673 0.01725 0.000336175 615.259 5160.42 361.261 361.244 -26.5691 -34.3346 1940900000.0
674 0.01735 0.000336184 615.249 5160.41 361.27 361.253 -16.2597 -13.3371 1940980000.0
675 0.01745 0.000336172 615.266 5160.31 361.249 361.244 -21.1517 -37.9417 1940900000.0
676 0.01755 0.000336184 615.244 5160.36 361.266 361.25 -14.929 -20.8911 1940960000.0
677 0.01765 0.000336164 615.284 5160.47 361.252 361.243 -37.9032 -54.8003 1940940000.0
678 0.01775 0.000336163 615.285 5160.47 361.251 361.24 -37.5183 -56.2866 1940900000.0
679 0.01785 0.000336169 615.276 5160.37 361.251 361.243 -24.1029 -42.2017 1940920000.0
680 0.01795 0.000336176 615.257 5160.36 361.257 361.245 -24.8732 -32.5379 1940930000.0
681 0.01805 0.000336199 615.223 5160.36 361.282 361.257 -3.12162 6.96902 1940970000.0
682 0.01815 0.000336194 615.229 5160.3 361.273 361.257 -4.14886 -0.861448 1940980000.0
683 0.01825 0.000336189 615.237 5160.33 361.269 361.249 -10.1481 -10.0736 1940920000.0
684 0.01835 0.000336188 615.235 5160.41 361.274 361.251 -17.0965 -22.2567 1940960000.0
685 0.01845 0.00033619 615.239 5160.35 361.272 361.253 -8.03638 -13.355 1940990000.0
686 0.01855 0.000336196 615.227 5160.43 361.283 361.255 -12.4984 -2.02742 1941020000.0
687 0.01865 0.00033619 615.237 5160.53 361.284 361.251 -19.2523 -4.88411 1941020000.0
688 0.01875 0.000336203 615.216 5160.41 361.289 361.258 -7.27077 15.5569 1941030000.0
689 0.01885 0.000336199 615.214 5160.28 361.277 361.255 -0.85069 15.635 1941040000.0
690 0.01895 0.000336195 615.225 5160.2 361.266 361.255 7.90556 6.77251 1941040000.0
691 0.01905 0.000336181 615.253 5160.32 361.26 361.251 -14.2657 -28.272 1941040000.0
692 0.01915 0.000336183 615.251 5160.39 361.267 361.25 -16.3278 -22.4636 1941050000.0
693 0.01925 0.000336186 615.242 5160.57 361.282 361.247 -25.7883 -13.3241 1941040000.0
694 0.01935 0.000336184 615.244 5160.41 361.269 361.25 -19.8872 -19.4848 1941050000.0
695 0.01945 0.000336185 615.249 5160.62 361.285 361.253 -26.0345 -12.565 1941070000.0
696 0.01955 0.000336182 615.247 5160.56 361.277 361.246 -33.5814 -34.0556 1941020000.0
697 0.01965 0.00033619 615.239 5160.4 361.275 361.26 -10.3626 -14.5565 1941080000.0
698 0.01975 0.000336182 615.25 5160.53 361.275 361.248 -26.925 -37.275 1941040000.0
699 0.01985 0.000336173 615.267 5160.63 361.273 361.247 -38.4312 -42.7963 1941050000.0
700 0.01995 0.000336174 615.267 5160.7 361.279 361.246 -41.9453 -37.9414 1941040000.0
701 0.02005 0.000336186 615.243 5160.41 361.272 361.252 -11.9754 -11.8906 1941060000.0
702 0.02015 0.000336179 615.258 5160.55 361.274 361.248 -34.7245 -36.1536 1941010000.0
703 0.02025 0.000336186 615.244 5160.43 361.273 361.253 -16.8357 -19.9076 1941040000.0
704 0.02035 0.000336195 615.227 5160.28 361.272 361.256 0.355933 -2.54319 1941020000.0
705 0.02045 0.000336174 615.269 5160.36 361.255 361.248 -18.0268 -40.8002 1941010000.0
706 0.02055 0.000336176 615.264 5160.38 361.258 361.246 -18.529 -38.7745 1940980000.0
707 0.02065 0.000336173 615.262 5160.42 361.258 361.247 -25.8558 -40.4499 1941010000.0
708 0.02075 0.000336183 615.252 5160.28 361.259 361.247 -9.30173 -28.4833 1940970000.0
709 0.02085 0.000336168 615.281 5160.41 361.252 361.248 -26.41 -62.006 1941030000.0
710 0.02095 0.00033618 615.252 5160.36 361.261 361.245 -19.2733 -36.6263 1940990000.0
711 0.02105 0.000336177 615.264 5160.59 361.274 361.25 -31.169 -36.8556 1941070000.0
712 0.02115 0.000336193 615.238 5160.6 361.292 361.256 -18.8623 -3.97148 1941110000.0
713 0.02125 0.000336199 615.22 5160.3 361.278 361.253 -1.11977 -2.46198 1941050000.0
714 0.02135 0.000336196 615.223 5160.34 361.277 361.259 -1.50094 -0.360721 1941120000.0
715 0.02145 0.000336199 615.22 5160.46 361.289 361.256 -8.56473 5.57897 1941100000.0
716 0.02155 0.000336175 615.266 5160.66 361.278 361.248 -34.394 -27.9783 1941110000.0
717 0.02165 0.00033617 615.273 5160.76 361.279 361.245 -47.0232 -42.0695 1941100000.0
718 0.02175 0.000336183 615.257 5160.58 361.28 361.252 -30.6024 -24.1869 1941090000.0
719 0.02185 0.000336195 615.225 5160.51 361.288 361.255 -11.6907 8.71328 1941110000.0
720 0.02195 0.000336191 615.234 5160.49 361.282 361.253 -13.8587 -2.5099 1941080000.0
721 0.02205 0.00033618 615.262 5160.52 361.273 361.251 -22.237 -20.4572 1941120000.0
722 0.02215 0.000336176 615.259 5160.54 361.269 361.244 -27.1339 -27.4184 1941040000.0
723 0.02225 0.000336178 615.263 5160.49 361.268 361.253 -21.9042 -25.1077 1941090000.0
724 0.02235 0.000336181 615.249 5160.41 361.266 361.249 -17.033 -8.51659 1941030000.0
725 0.02245 0.00033618 615.257 5160.36 361.262 361.249 -10.2602 -7.97156 1941050000.0
726 0.02255 0.000336187 615.243 5160.22 361.259 361.249 -1.44345 -8.12532 1941030000.0
727 0.02265 0.000336189 615.237 5160.3 361.267 361.253 -3.11555 2.33042 1941050000.0
728 0.02275 0.000336192 615.235 5160.27 361.268 361.253 3.1667 8.86688 1941050000.0
729 0.02285 0.000336184 615.247 5160.29 361.261 361.249 -5.64418 2.32221 1941040000.0
730 0.02295 0.000336188 615.245 5160.4 361.273 361.257 -6.37239 5.64094 1941100000.0
731 0.02305 0.00033618 615.254 5160.15 361.247 361.248 4.26718 1.26134 1941020000.0
732 0.02315 0.000336187 615.247 5160.19 361.257 361.251 6.37179 12.9799 1941060000.0
733 0.02325 0.000336197 615.223 5160.32 361.277 361.256 2.45464 17.1768 1941090000.0
734 0.02335 0.000336185 615.246 5160.38 361.268 361.248 -5.57764 -5.70194 1941040000.0
735 0.02345 0.000336183 615.254 5160.51 361.276 361.252 -18.2433 -12.2572 1941120000.0
736 0.02355 0.000336188 615.24 5160.41 361.274 361.253 -8.43814 -8.93487 1941090000.0
737 0.02365 0.000336185 615.248 5160.44 361.273 361.252 -9.97432 -13.0435 1941070000.0
738 0.02375 0.000336191 615.234 5160.37 361.274 361.257 -2.60568 -5.70948 1941110000.0
739 0.02385 0.000336192 615.233 5160.32 361.272 361.253 0.992911 -1.20989 1941070000.0
740 0.02395 0.000336188 615.243 5160.43 361.274 361.255 -8.5518 -3.81976 1941100000.0
741 0.02405 0.000336181 615.255 5160.29 361.258 361.251 -3.84958 -9.65462 1941070000.0
742 0.02415 0.000336167 615.279 5160.37 361.248 361.246 -16.7086 -31.9085 1941080000.0
743 0.02425 0.000336167 615.279 5160.4 361.25 361.246 -20.1203 -26.7455 1941070000.0
744 0.02435 0.000336192 615.238 5160.24 361.266 361.255 4.0475 13.2029 1941090000.0
745 0.02445 0.00033619 615.238 5160.33 361.27 361.255 0.672503 5.58624 1941090000.0
746 0.02455 0.000336199 615.215 5160.24 361.274 361.258 13.5113 25.2646 1941100000.0
747 0.02465 0.000336185 615.25 5160.39 361.269 361.255 -0.877214 4.38484 1941130000.0
748 0.02475 0.000336176 615.262 5160.47 361.265 361.246 -19.8689 -14.839 1941100000.0
749 0.02485 0.000336182 615.253 5160.37 361.264 361.254 -5.43209 7.62715 1941130000.0
750 0.02495 0.00033619 615.234 5160.3 361.269 361.25 4.01422 26.48 1941080000.0
751 0.02505 0.000336188 615.24 5160.46 361.277 361.256 -6.40779 11.5899 1941150000.0
752 0.02515 0.000336195 615.232 5160.45 361.284 361.258 -3.71001 29.7595 1941130000.0
753 0.02525 0.000336198 615.219 5160.31 361.277 361.259 11.5535 37.3575 1941130000.0
754 0.02535 0.000336184 615.248 5160.38 361.267 361.25 -8.11886 3.12309 1941070000.0
755 0.02545 0.000336187 615.244 5160.2 361.258 361.252 7.5612 11.4437 1941090000.0
756 0.02555 0.000336185 615.241 5160.27 361.26 361.25 1.43603 5.45186 1941050000.0
757 0.02565 0.000336183 615.249 5160.28 361.26 361.255 -0.655128 -11.7736 1941090000.0
758 0.02575 0.000336192 615.237 5160.18 361.262 361.259 14.0312 23.1444 1941060000.0
759 0.02585 0.000336214 615.184 5160.03 361.275 361.258 39.4253 48.4561 1941020000.0
760 0.02595 0.000336201 615.225 5160.3 361.279 361.26 12.4295 26.2698 1941070000.0
761 0.02605 0.000336208 615.194 5160.17 361.278 361.261 26.9021 35.0225 1941070000.0
762 0.02615 0.000336217 615.19 5160.29 361.296 361.266 23.9581 53.5924 1941100000.0
763 0.02625 0.000336211 615.192 5160.35 361.294 361.262 13.9291 42.9589 1941100000.0
764 0.02635 0.000336196 615.229 5160.3 361.274 361.259 9.95006 18.626 1941110000.0
765 0.02645 0.000336191 615.234 5160.4 361.276 361.253 -2.92954 3.33532 1941070000.0
766 0.02655 0.000336199 615.214 5160.38 361.283 361.261 8.77473 16.8042 1941150000.0
767 0.02665 0.000336191 615.237 5160.24 361.265 361.252 9.20373 2.88102 1941050000.0
768 0.02675 0.0003362 615.213 5160.37 361.283 361.258 8.26546 15.4915 1941100000.0
769 0.02685 0.000336203 615.211 5160.4 361.288 361.259 4.48838 8.04693 1941110000.0
770 0.02695 0.000336208 615.198 5160.36 361.291 361.259 15.8052 22.704 1941070000.0
771 0.02705 0.000336203 615.214 5160.37 361.286 361.261 12.7892 8.05457 1941100000.0
772 0.02715 0.00033619 615.231 5160.52 361.284 361.251 -6.01464 -12.1734 1941060000.0
773 0.02725 0.000336201 615.215 5160.5 361.295 361.261 -3.11406 -2.12311 1941110000.0
774 0.02735 0.000336201 615.215 5160.53 361.296 361.258 -2.13206 -3.30904 1941080000.0
775 0.02745 0.000336197 615.225 5160.35 361.279 361.259 4.13537 -10.0407 1941060000.0
776 0.02755 0.000336217 615.183 5160.22 361.291 361.265 30.7605 27.227 1941070000.0
777 0.02765 0.000336215 615.193 5160.47 361.307 361.266 10.2593 14.35 1941090000.0
778 0.02775 0.000336202 615.213 5160.39 361.287 361.261 8.01289 3.65676 1941070000.0
779 0.02785 0.000336193 615.228 5160.36 361.275 361.255 3.58238 -11.7247 1941020000.0
780 0.02795 0.000336198 615.222 5160.32 361.278 361.258 12.7419 -4.16767 1941050000.0
781 0.02805 0.000336204 615.207 5160.39 361.289 361.264 7.34988 7.82391 1941080000.0
782 0.02815 0.00033621 615.2 5160.39 361.295 361.264 16.439 18.3165 1941060000.0
783 0.02825 0.000336201 615.214 5160.33 361.282 361.261 13.1704 7.57601 1941040000.0
784 0.02835 0.000336208 615.203 5160.4 361.295 361.261 13.7261 22.2183 1941050000.0
785 0.02845 0.000336219 615.183 5160.2 361.292 361.269 38.9038 45.8606 1941050000.0
786 0.02855 0.000336191 615.232 5160.34 361.272 361.254 6.38585 -7.64119 1941020000.0
787 0.02865 0.000336202 615.211 5160.31 361.282 361.26 17.4295 4.54038 1941070000.0
788 0.02875 0.000336178 615.258 5160.32 361.257 361.249 -5.51574 -39.1292 1941020000.0
789 0.02885 0.000336181 615.255 5160.55 361.276 361.254 -11.1499 -19.3238 1941060000.0
790 0.02895 0.000336175 615.262 5160.39 361.258 361.246 -11.1508 -32.4368 1940990000.0
791 0.02905 0.000336179 615.259 5160.38 361.261 361.251 -3.58349 -20.4158 1941010000.0
792 0.02915 0.000336194 615.234 5160.39 361.278 361.256 3.38771 0.195292 1941050000.0
793 0.02925 0.000336208 615.198 5160.25 361.284 361.262 22.3446 26.2743 1941040000.0
794 0.02935 0.000336205 615.211 5160.4 361.291 361.262 10.7012 21.4598 1941060000.0
795 0.02945 0.000336204 615.207 5160.4 361.29 361.257 11.8911 18.4176 1941020000.0
796 0.02955 0.000336215 615.194 5160.3 361.295 361.266 26.5092 43.6949 1941080000.0
797 0.02965 0.000336224 615.171 5160.22 361.299 361.269 34.8441 51.6197 1941080000.0
798 0.02975 0.000336204 615.211 5160.25 361.28 361.26 20.7824 28.265 1941070000.0
799 0.02985 0.000336198 615.223 5160.34 361.279 361.257 11.4809 14.5749 1941070000.0
800 0.02995 0.00033619 615.234 5160.37 361.273 361.254 0.908925 -2.5711 1941050000.0
