TITLE = "DSMC"
VARIABLES = "ID" "X" "rho" "v1" "Ttrans" "p" "p1" "q1" "mv1v1v1" "mvvv1v1"
ZONE T="Ma=7.6_inv", I=800, J=1, K=1, F=POINT
800 -0.02995 0.000335914 -615.232 5165.84 361.359 361.353 -5.63405 -0.505895 1943690000.0
799 -0.02985 0.000335911 -615.234 5165.77 361.35 361.35 -7.63726 -7.69334 1943630000.0
798 -0.02975 0.000335916 -615.233 5165.77 361.356 361.357 -12.9854 -5.30717 1943650000.0
797 -0.02965 0.000335908 -615.248 5165.65 361.339 361.348 -15.526 4.53009 1943600000.0
796 -0.02955 0.000335905 -615.247 5165.69 361.339 361.347 -1.77272 14.4318 1943600000.0
795 -0.02945 0.000335903 -615.257 5165.81 361.346 361.348 -3.27415 12.0828 1943640000.0
794 -0.02935 0.000335898 -615.262 5165.85 361.342 361.344 9.62497 26.6554 1943630000.0
793 -0.02925 0.000335912 -615.242 5165.75 361.35 361.351 -10.3122 1.72115 1943640000.0
792 -0.02915 0.000335927 -615.208 5165.68 361.361 361.359 -19.1992 -10.2372 1943640000.0
791 -0.02905 0.000335913 -615.237 5165.71 361.35 361.353 -14.9938 7.1752 1943650000.0
790 -0.02895 0.000335911 -615.238 5165.75 361.349 361.352 -3.83765 17.1743 1943650000.0
789 -0.02885 0.000335917 -615.233 5165.68 361.351 361.356 -13.6738 11.2222 1943660000.0
788 -0.02875 0.000335916 -615.231 5165.75 361.355 361.352 -14.1582 8.46978 1943640000.0
787 -0.02865 0.000335923 -615.219 5165.72 361.361 361.357 -12.714 13.4528 1943670000.0
786 -0.02855 0.000335942 -615.187 5165.65 361.376 361.363 -33.1103 -24.9009 1943660000.0
785 -0.02845 0.000335936 -615.196 5165.54 361.362 361.361 -36.2069 -13.338 1943660000.0
784 -0.02835 0.000335937 -615.194 5165.73 361.376 361.36 -21.2388 -18.2512 1943670000.0
783 -0.02825 0.000335939 -615.187 5165.79 361.382 361.363 -23.3945 -22.2469 1943680000.0
782 -0.02815 0.00033594 -615.189 5165.81 361.385 361.36 -20.9051 -24.8837 1943650000.0
781 -0.02805 0.000335926 -615.214 5165.77 361.368 361.359 -16.4542 0.773608 1943660000.0
780 -0.02795 0.000335923 -615.219 5165.8 361.366 361.355 -10.9932 3.34794 1943650000.0
779 -0.02785 0.000335925 -615.22 5165.72 361.363 361.359 -18.2221 1.28546 1943670000.0
778 -0.02775 0.000335932 -615.2 5165.71 361.369 361.356 -19.47 -9.1528 1943600000.0
777 -0.02765 0.000335931 -615.206 5165.67 361.366 361.362 -28.5444 -7.76357 1943700000.0
776 -0.02755 0.000335928 -615.213 5165.61 361.359 361.358 -22.5041 -11.1496 1943670000.0
775 -0.02745 0.000335911 -615.236 5165.72 361.348 361.348 -8.1594 10.7653 1943620000.0
774 -0.02735 0.000335911 -615.245 5165.9 361.36 361.355 4.55371 16.0889 1943690000.0
773 -0.02725 0.000335915 -615.237 5165.93 361.367 361.352 4.40203 3.5119 1943640000.0
772 -0.02715 0.00033593 -615.206 5165.81 361.375 361.359 -17.6725 -26.047 1943640000.0
771 -0.02705 0.000335953 -615.17 5165.66 361.388 361.372 -39.7127 -49.0239 1943700000.0
770 -0.02695 0.000335921 -615.217 5165.63 361.352 361.355 -16.1687 1.3246 1943620000.0
769 -0.02685 0.000335931 -615.201 5165.88 361.38 361.358 -11.0865 -17.6221 1943680000.0
768 -0.02675 0.000335919 -615.227 5165.83 361.363 361.356 -6.6163 2.80563 1943660000.0
767 -0.02665 0.000335915 -615.24 5165.92 361.366 361.356 1.86283 10.1649 1943690000.0
766 -0.02655 0.000335899 -615.264 5166.04 361.357 361.348 18.179 29.9778 1943670000.0
765 -0.02645 0.000335905 -615.25 5165.91 361.354 361.349 7.19284 9.54814 1943650000.0
764 -0.02635 0.000335907 -615.253 5165.93 361.358 361.349 12.6001 11.465 1943650000.0
763 -0.02625 0.000335904 -615.254 5166.01 361.36 361.353 10.5724 8.95554 1943690000.0
762 -0.02615 0.000335893 -615.278 5166.09 361.354 361.346 28.0459 29.4393 1943650000.0
761 -0.02605 0.000335903 -615.255 5165.91 361.353 361.347 13.4328 16.6371 1943640000.0
760 -0.02595 0.000335917 -615.234 5166.04 361.376 361.357 4.90307 -9.77217 1943670000.0
759 -0.02585 0.000335914 -615.242 5165.99 361.37 361.357 7.96003 -3.30245 1943650000.0
758 -0.02575 0.000335918 -615.229 5165.86 361.365 361.353 -0.709639 -6.54978 1943620000.0
757 -0.02565 0.000335923 -615.222 5165.84 361.368 361.357 -6.10103 -18.361 1943640000.0
756 -0.02555 0.000335914 -615.241 5165.93 361.365 361.351 6.07254 1.40348 1943590000.0
755 -0.02545 0.000335913 -615.243 5165.9 361.363 361.35 3.77019 3.93651 1943600000.0
754 -0.02535 0.000335931 -615.207 5166.14 361.398 361.363 4.10335 -18.1558 1943670000.0
753 -0.02525 0.000335922 -615.229 5166.03 361.38 361.357 6.48866 7.40717 1943640000.0
752 -0.02515 0.000335915 -615.242 5166.18 361.384 361.355 21.1276 24.818 1943640000.0
751 -0.02505 0.000335929 -615.211 5165.89 361.379 361.36 -7.52882 -0.952895 1943620000.0
750 -0.02495 0.000335923 -615.225 5165.92 361.374 361.356 -0.948812 8.88636 1943610000.0
749 -0.02485 0.000335913 -615.246 5166.08 361.375 361.354 16.0881 37.8069 1943630000.0
748 -0.02475 0.000335905 -615.257 5166.16 361.372 361.349 30.2577 46.9312 1943630000.0
747 -0.02465 0.000335915 -615.24 5166.05 361.375 361.356 14.5783 29.928 1943650000.0
746 -0.02455 0.000335922 -615.223 5166.02 361.381 361.357 3.55631 13.4939 1943650000.0
745 -0.02445 0.000335919 -615.237 5165.96 361.372 361.353 3.34605 20.4068 1943620000.0
744 -0.02435 0.000335915 -615.239 5165.84 361.36 361.354 1.47201 31.9713 1943620000.0
743 -0.02425 0.000335903 -615.264 5165.79 361.343 361.349 5.40472 51.1641 1943590000.0
742 -0.02415 0.000335914 -615.237 5165.95 361.367 361.354 8.06536 30.6712 1943610000.0
741 -0.02405 0.000335924 -615.228 5166.08 361.386 361.359 5.8041 13.0171 1943660000.0
740 -0.02395 0.000335917 -615.236 5165.99 361.373 361.352 13.645 22.7063 1943590000.0
739 -0.02385 0.000335921 -615.228 5166.08 361.384 361.355 5.90761 -0.540374 1943610000.0
738 -0.02375 0.000335926 -615.228 5165.99 361.382 361.361 1.22718 4.01315 1943640000.0
737 -0.02365 0.000335942 -615.186 5166.0 361.4 361.361 -10.9652 -26.5005 1943590000.0
736 -0.02355 0.000335945 -615.189 5165.99 361.404 361.364 -9.60221 -30.8731 1943590000.0
735 -0.02345 0.000335931 -615.216 5166.04 361.392 361.363 1.35856 -10.9413 1943600000.0
734 -0.02335 0.000335939 -615.193 5165.83 361.385 361.363 -18.267 -26.9077 1943590000.0
733 -0.02325 0.000335935 -615.205 5165.81 361.38 361.358 -14.0616 -18.0535 1943570000.0
732 -0.02315 0.000335931 -615.21 5165.85 361.378 361.362 -8.70603 -2.93284 1943610000.0
731 -0.02305 0.000335933 -615.211 5165.9 361.383 361.365 -14.1498 -4.48218 1943630000.0
730 -0.02295 0.00033593 -615.213 5165.84 361.375 361.358 -7.9199 -2.32106 1943570000.0
729 -0.02285 0.000335928 -615.219 5165.86 361.375 361.359 -4.11848 1.90335 1943600000.0
728 -0.02275 0.000335933 -615.204 5165.91 361.385 361.363 -9.52881 -12.2578 1943620000.0
727 -0.02265 0.000335929 -615.217 5166.07 361.391 361.356 5.76202 2.27751 1943590000.0
726 -0.02255 0.000335926 -615.217 5166.05 361.386 361.359 2.88749 1.79191 1943620000.0
725 -0.02245 0.000335926 -615.212 5166.03 361.386 361.357 6.63205 8.2232 1943640000.0
724 -0.02235 0.00033593 -615.211 5166.11 361.395 361.359 7.66372 -4.21015 1943650000.0
723 -0.02225 0.000335911 -615.245 5166.19 361.38 361.352 23.1927 19.95 1943630000.0
722 -0.02215 0.000335914 -615.241 5166.02 361.371 361.353 10.2083 16.8261 1943610000.0
721 -0.02205 0.000335915 -615.246 5166.06 361.375 361.357 15.4807 18.3521 1943650000.0
720 -0.02195 0.000335923 -615.225 5166.03 361.383 361.355 4.71878 0.0243841 1943610000.0
719 -0.02185 0.000335903 -615.262 5165.98 361.357 361.348 16.445 41.4025 1943590000.0
718 -0.02175 0.000335916 -615.237 5166.13 361.381 361.357 15.9126 20.7197 1943680000.0
717 -0.02165 0.000335919 -615.234 5166.1 361.382 361.353 10.8349 7.48903 1943630000.0
716 -0.02155 0.00033593 -615.206 5166.08 361.393 361.359 2.66968 -9.26033 1943640000.0
715 -0.02145 0.000335925 -615.221 5166.05 361.386 361.358 4.026 -2.02182 1943640000.0
714 -0.02135 0.000335928 -615.216 5166.1 361.392 361.361 3.78093 -9.69101 1943680000.0
713 -0.02125 0.000335927 -615.213 5166.0 361.384 361.358 4.03405 -11.8295 1943630000.0
712 -0.02115 0.000335924 -615.221 5165.97 361.379 361.358 -3.801 -4.88231 1943640000.0
711 -0.02105 0.000335932 -615.207 5165.88 361.381 361.361 -11.1265 -9.29562 1943630000.0
710 -0.02095 0.000335919 -615.233 5166.09 361.381 361.356 12.9273 20.4933 1943650000.0
709 -0.02085 0.000335925 -615.222 5166.08 361.387 361.358 5.81059 -1.98825 1943640000.0
708 -0.02075 0.000335919 -615.228 5166.0 361.375 361.356 3.65169 11.725 1943640000.0
707 -0.02065 0.000335926 -615.22 5165.9 361.376 361.36 -6.01424 -2.33483 1943660000.0
706 -0.02055 0.000335922 -615.221 5165.97 361.376 361.357 -0.107983 1.77738 1943640000.0
705 -0.02045 0.000335919 -615.232 5165.97 361.373 361.357 7.58173 20.7963 1943660000.0
704 -0.02035 0.000335926 -615.225 5165.98 361.381 361.362 -3.62584 0.106799 1943690000.0
703 -0.02025 0.000335914 -615.239 5166.06 361.375 361.352 18.1669 31.9638 1943640000.0
702 -0.02015 0.000335928 -615.22 5165.97 361.384 361.361 -0.125741 1.00954 1943690000.0
701 -0.02005 0.000335937 -615.194 5165.78 361.379 361.362 -17.8987 -3.11028 1943660000.0
700 -0.01995 0.000335946 -615.183 5165.89 361.397 361.366 -21.6654 -24.4804 1943690000.0
699 -0.01985 0.000335935 -615.206 5166.16 361.404 361.364 4.15374 -2.90402 1943690000.0
698 -0.01975 0.000335927 -615.216 5166.2 361.398 361.359 17.6437 17.1524 1943670000.0
697 -0.01965 0.000335936 -615.209 5166.16 361.406 361.364 3.64078 -4.27791 1943700000.0
696 -0.01955 0.000335927 -615.213 5166.11 361.392 361.359 7.17699 8.30083 1943660000.0
695 -0.01945 0.00033592 -615.229 5166.13 361.386 361.358 11.1214 10.3065 1943680000.0
694 -0.01935 0.000335912 -615.252 5166.31 361.389 361.353 32.2548 34.6422 1943680000.0
693 -0.01925 0.000335909 -615.251 5166.17 361.377 361.353 22.5858 33.7695 1943670000.0
692 -0.01915 0.000335917 -615.237 5166.19 361.387 361.36 19.4334 26.5952 1943700000.0
691 -0.01905 0.000335908 -615.253 5166.32 361.386 361.351 35.5069 41.565 1943660000.0
690 -0.01895 0.000335913 -615.249 5166.23 361.385 361.354 23.4085 27.9645 1943660000.0
689 -0.01885 0.000335907 -615.258 5166.28 361.382 361.354 34.0468 41.0101 1943680000.0
688 -0.01875 0.000335896 -615.271 5166.38 361.377 361.345 48.7661 58.0305 1943640000.0
687 -0.01865 0.000335905 -615.26 5166.12 361.369 361.351 24.4855 33.6235 1943640000.0
686 -0.01855 0.000335896 -615.278 5166.04 361.354 361.348 25.1928 45.7224 1943620000.0
685 -0.01845 0.000335899 -615.274 5166.06 361.358 361.352 23.8402 46.8549 1943650000.0
684 -0.01835 0.000335905 -615.264 5165.93 361.355 361.356 11.902 32.1324 1943670000.0
683 -0.01825 0.000335905 -615.254 5165.99 361.36 361.348 15.8279 26.2598 1943600000.0
682 -0.01815 0.000335907 -615.262 5166.0 361.363 361.356 14.7965 18.5737 1943670000.0
681 -0.01805 0.000335913 -615.247 5166.07 361.374 361.356 13.5675 13.0833 1943640000.0
680 -0.01795 0.000335904 -615.26 5166.16 361.371 361.354 27.3053 37.5098 1943630000.0
679 -0.01785 0.000335911 -615.255 5166.18 361.379 361.355 24.8358 33.9258 1943600000.0
678 -0.01775 0.000335905 -615.26 5166.16 361.372 361.347 25.3286 36.5238 1943550000.0
677 -0.01765 0.000335914 -615.246 5166.17 361.382 361.358 20.4225 25.5456 1943620000.0
676 -0.01755 0.000335922 -615.236 5166.19 361.392 361.358 16.6468 6.74598 1943620000.0
675 -0.01745 0.000335918 -615.24 5166.03 361.377 361.354 9.01643 14.3601 1943540000.0
674 -0.01735 0.000335911 -615.25 5165.98 361.365 361.353 9.11247 25.2599 1943520000.0
673 -0.01725 0.000335914 -615.251 5165.97 361.368 361.356 4.53117 18.2855 1943540000.0
672 -0.01715 0.000335911 -615.252 5166.18 361.379 361.352 27.3695 28.537 1943520000.0
671 -0.01705 0.000335901 -615.269 5166.18 361.368 361.351 27.318 34.0223 1943520000.0
670 -0.01695 0.000335902 -615.272 5166.13 361.366 361.349 28.745 39.2578 1943480000.0
669 -0.01685 0.000335896 -615.277 5166.18 361.364 361.349 34.0665 50.3984 1943500000.0
668 -0.01675 0.000335897 -615.279 5166.19 361.365 361.349 32.8554 48.9058 1943480000.0
667 -0.01665 0.000335895 -615.282 5166.25 361.367 361.349 42.5789 56.4328 1943490000.0
666 -0.01655 0.000335894 -615.284 5166.35 361.373 361.346 45.5379 49.0673 1943480000.0
665 -0.01645 0.000335891 -615.282 5166.29 361.366 361.347 39.7746 50.281 1943490000.0
664 -0.01635 0.000335901 -615.269 5166.17 361.368 361.353 28.2257 36.4376 1943510000.0
663 -0.01625 0.000335889 -615.289 5166.23 361.36 361.344 42.5647 63.1612 1943430000.0
662 -0.01615 0.000335881 -615.302 5166.19 361.348 361.344 45.8403 80.8152 1943440000.0
661 -0.01605 0.000335891 -615.285 5166.02 361.347 361.348 26.3455 59.6674 1943430000.0
660 -0.01595 0.000335895 -615.282 5166.06 361.354 361.349 24.0667 54.325 1943410000.0
659 -0.01585 0.000335895 -615.28 5165.99 361.349 361.347 25.2879 54.3158 1943370000.0
658 -0.01575 0.000335893 -615.275 5166.02 361.349 361.343 23.2308 43.8162 1943340000.0
657 -0.01565 0.00033591 -615.255 5166.14 361.376 361.355 19.2598 19.4006 1943410000.0
656 -0.01555 0.000335903 -615.265 5166.17 361.371 361.353 27.7448 24.9377 1943410000.0
655 -0.01545 0.00033589 -615.282 5166.22 361.36 361.345 39.0689 39.6271 1943370000.0
654 -0.01535 0.000335876 -615.316 5166.41 361.358 361.345 60.7272 80.734 1943410000.0
653 -0.01525 0.000335885 -615.291 5166.38 361.366 361.343 52.2301 66.6146 1943360000.0
652 -0.01515 0.000335893 -615.28 5166.19 361.361 361.351 31.1257 57.4458 1943410000.0
651 -0.01505 0.000335892 -615.28 5166.27 361.366 361.345 40.6757 60.0089 1943350000.0
650 -0.01495 0.000335893 -615.285 5166.38 361.374 361.349 45.6454 56.9156 1943370000.0
649 -0.01485 0.000335894 -615.275 5166.28 361.368 361.347 43.5997 56.0445 1943330000.0
648 -0.01475 0.00033589 -615.282 5166.37 361.37 361.344 48.9262 49.7722 1943300000.0
647 -0.01465 0.000335852 -615.359 5166.51 361.338 361.333 80.0619 108.945 1943290000.0
646 -0.01455 0.00033586 -615.342 5166.54 361.351 361.335 79.8805 90.4405 1943270000.0
645 -0.01445 0.000335851 -615.352 5166.63 361.347 361.334 88.1017 110.31 1943260000.0
644 -0.01435 0.000335865 -615.329 5166.47 361.35 361.334 69.5026 83.3857 1943180000.0
643 -0.01425 0.000335867 -615.328 5166.52 361.356 361.344 74.6691 91.3106 1943250000.0
642 -0.01415 0.000335873 -615.315 5166.62 361.37 361.342 72.439 66.8147 1943180000.0
641 -0.01405 0.000335854 -615.352 5166.61 361.349 361.335 85.9631 100.635 1943160000.0
640 -0.01395 0.000335842 -615.372 5166.66 361.339 361.329 96.912 114.515 1943110000.0
639 -0.01385 0.000335827 -615.4 5166.62 361.32 361.326 103.912 141.901 1943130000.0
638 -0.01375 0.000335822 -615.41 5166.69 361.319 361.319 110.816 146.747 1943030000.0
637 -0.01365 0.000335834 -615.385 5166.71 361.333 361.326 110.436 132.134 1943050000.0
636 -0.01355 0.000335826 -615.403 5166.83 361.333 361.327 119.221 146.465 1943060000.0
635 -0.01345 0.000335814 -615.421 5166.87 361.324 361.315 130.401 155.817 1943000000.0
634 -0.01335 0.000335829 -615.403 5166.81 361.335 361.329 119.827 139.254 1943050000.0
633 -0.01325 0.000335821 -615.406 5166.79 361.325 361.322 120.412 145.837 1943000000.0
632 -0.01315 0.000335818 -615.418 5166.81 361.323 361.32 128.064 150.988 1942960000.0
631 -0.01305 0.00033581 -615.437 5166.68 361.306 361.319 119.808 144.112 1942880000.0
630 -0.01295 0.00033581 -615.425 5166.69 361.306 361.314 123.575 139.024 1942850000.0
629 -0.01285 0.000335801 -615.45 5166.74 361.3 361.313 129.006 149.47 1942810000.0
628 -0.01275 0.000335794 -615.459 5166.88 361.302 361.311 146.25 170.39 1942770000.0
627 -0.01265 0.00033577 -615.502 5166.96 361.283 361.301 164.863 195.543 1942700000.0
626 -0.01255 0.000335778 -615.485 5166.93 361.29 361.303 154.15 177.202 1942670000.0
625 -0.01245 0.000335777 -615.487 5166.85 361.282 361.305 152.288 191.491 1942630000.0
624 -0.01235 0.000335748 -615.543 5166.98 361.26 361.292 175.236 227.19 1942560000.0
623 -0.01225 0.000335736 -615.562 5166.99 361.248 361.288 189.088 234.477 1942480000.0
622 -0.01215 0.00033574 -615.55 5167.22 361.268 361.287 198.634 221.456 1942450000.0
621 -0.01205 0.000335731 -615.574 5167.33 361.266 361.289 209.808 233.721 1942460000.0
620 -0.01195 0.00033573 -615.578 5167.49 361.276 361.29 223.616 233.068 1942430000.0
619 -0.01185 0.000335714 -615.596 5167.44 361.256 361.276 231.138 255.853 1942290000.0
618 -0.01175 0.000335686 -615.658 5167.48 361.229 361.268 249.162 300.494 1942220000.0
617 -0.01165 0.000335673 -615.676 5167.66 361.226 361.264 270.377 316.195 1942180000.0
616 -0.01155 0.000335654 -615.712 5167.53 361.197 361.255 272.854 330.979 1942090000.0
615 -0.01145 0.00033565 -615.722 5167.51 361.191 361.255 273.436 314.818 1942030000.0
614 -0.01135 0.000335624 -615.765 5167.57 361.169 361.247 298.562 349.705 1941920000.0
613 -0.01125 0.0003356 -615.805 5167.73 361.153 361.232 323.234 371.431 1941800000.0
612 -0.01115 0.000335588 -615.831 5167.95 361.156 361.231 345.418 382.56 1941750000.0
611 -0.01105 0.000335569 -615.868 5167.95 361.135 361.222 358.366 394.545 1941650000.0
610 -0.01095 0.000335553 -615.899 5168.09 361.128 361.22 376.502 414.025 1941610000.0
609 -0.01085 0.000335519 -615.953 5168.28 361.105 361.203 412.917 460.96 1941450000.0
608 -0.01075 0.000335501 -615.99 5168.19 361.079 361.197 413.05 472.612 1941350000.0
607 -0.01065 0.000335484 -616.021 5168.39 361.075 361.19 444.733 499.389 1941240000.0
606 -0.01055 0.000335466 -616.062 5168.74 361.079 361.188 475.42 507.659 1941190000.0
605 -0.01045 0.000335445 -616.092 5168.82 361.062 361.174 496.335 532.015 1941010000.0
604 -0.01035 0.000335429 -616.125 5168.84 361.047 361.171 507.166 536.286 1940870000.0
603 -0.01025 0.000335415 -616.149 5168.78 361.027 361.164 512.335 537.044 1940740000.0
602 -0.01015 0.000335375 -616.22 5168.95 360.996 361.149 549.047 593.829 1940570000.0
601 -0.01005 0.000335332 -616.3 5169.01 360.955 361.129 581.175 629.604 1940400000.0
600 -0.00995 0.000335315 -616.333 5169.15 360.945 361.125 602.528 638.283 1940270000.0
599 -0.00985 0.000335262 -616.431 5169.25 360.895 361.102 640.362 689.945 1940050000.0
598 -0.00975 0.000335217 -616.518 5169.44 360.86 361.089 678.358 733.289 1939900000.0
597 -0.00965 0.000335189 -616.56 5169.51 360.835 361.077 714.456 762.316 1939690000.0
596 -0.00955 0.000335147 -616.646 5169.72 360.805 361.061 746.207 798.071 1939530000.0
595 -0.00945 0.000335097 -616.735 5169.89 360.763 361.041 799.137 856.589 1939300000.0
594 -0.00935 0.000335064 -616.795 5170.15 360.746 361.029 828.797 857.286 1939090000.0
593 -0.00925 0.000335006 -616.905 5170.39 360.699 361.006 883.299 918.284 1938830000.0
592 -0.00915 0.00033496 -616.986 5170.58 360.663 360.988 927.461 948.4 1938620000.0
591 -0.00905 0.000334905 -617.094 5170.75 360.616 360.969 976.985 998.369 1938360000.0
590 -0.00895 0.00033485 -617.19 5170.71 360.554 360.946 1006.56 1038.29 1938030000.0
589 -0.00885 0.000334796 -617.288 5171.06 360.52 360.926 1066.13 1077.74 1937790000.0
588 -0.00875 0.00033473 -617.409 5171.37 360.471 360.896 1124.83 1121.85 1937470000.0
587 -0.00865 0.00033468 -617.503 5171.5 360.426 360.884 1169.44 1149.64 1937210000.0
586 -0.00855 0.000334593 -617.66 5171.71 360.347 360.842 1240.9 1215.16 1936770000.0
585 -0.00845 0.000334491 -617.855 5171.99 360.257 360.807 1327.13 1316.99 1936430000.0
584 -0.00835 0.000334422 -617.977 5172.28 360.202 360.781 1390.79 1356.57 1936100000.0
583 -0.00825 0.000334325 -618.151 5172.46 360.111 360.742 1470.68 1442.43 1935670000.0
582 -0.00815 0.000334248 -618.303 5172.55 360.033 360.71 1521.32 1472.39 1935210000.0
581 -0.00805 0.000334138 -618.505 5172.86 359.937 360.67 1613.49 1555.59 1934760000.0
580 -0.00795 0.000334024 -618.707 5173.2 359.838 360.621 1712.27 1649.94 1934250000.0
579 -0.00785 0.000333915 -618.917 5173.58 359.747 360.582 1807.1 1715.44 1933750000.0
578 -0.00775 0.000333795 -619.137 5173.67 359.624 360.536 1892.17 1808.31 1933240000.0
577 -0.00765 0.000333669 -619.378 5174.02 359.512 360.483 1999.98 1881.06 1932650000.0
576 -0.00755 0.000333526 -619.634 5174.52 359.392 360.427 2127.02 1976.52 1932050000.0
575 -0.00745 0.000333358 -619.953 5175.03 359.247 360.363 2265.41 2098.55 1931420000.0
574 -0.00735 0.0003332 -620.251 5175.39 359.102 360.303 2403.07 2219.72 1930760000.0
573 -0.00725 0.000333041 -620.538 5175.84 358.962 360.236 2527.44 2303.69 1930030000.0
572 -0.00715 0.000332847 -620.9 5176.2 358.778 360.16 2687.19 2444.9 1929200000.0
571 -0.00705 0.000332658 -621.265 5176.76 358.612 360.088 2847.76 2570.12 1928470000.0
570 -0.00695 0.000332461 -621.621 5177.17 358.429 360.007 3001.18 2688.41 1927600000.0
569 -0.00685 0.000332257 -622.015 5177.53 358.234 359.929 3161.87 2807.52 1926740000.0
568 -0.00675 0.000332015 -622.462 5177.98 358.005 359.83 3353.35 2967.06 1925710000.0
567 -0.00665 0.000331769 -622.922 5178.53 357.777 359.734 3553.22 3120.56 1924720000.0
566 -0.00655 0.000331486 -623.457 5178.98 357.503 359.621 3767.53 3320.65 1923610000.0
565 -0.00645 0.000331221 -623.95 5179.38 357.244 359.516 3972.65 3466.12 1922470000.0
564 -0.00635 0.000330932 -624.503 5179.99 356.975 359.4 4210.77 3636.93 1921270000.0
563 -0.00625 0.000330609 -625.11 5180.48 356.66 359.274 4452.22 3830.33 1919980000.0
562 -0.00615 0.000330274 -625.751 5181.04 356.337 359.139 4715.47 4028.44 1918580000.0
561 -0.00605 0.000329921 -626.41 5181.47 355.986 358.997 4981.96 4231.41 1917100000.0
560 -0.00595 0.00032953 -627.161 5181.92 355.594 358.836 5274.68 4460.11 1915540000.0
559 -0.00585 0.000329127 -627.926 5182.59 355.207 358.68 5589.88 4683.34 1913950000.0
558 -0.00575 0.000328678 -628.784 5183.34 354.773 358.492 5943.5 4949.54 1912180000.0
557 -0.00565 0.000328199 -629.705 5184.02 354.302 358.302 6312.19 5249.2 1910360000.0
556 -0.00555 0.000327704 -630.656 5184.69 353.813 358.099 6693.46 5530.11 1908400000.0
555 -0.00545 0.000327194 -631.639 5185.4 353.311 357.891 7084.3 5794.53 1906370000.0
554 -0.00535 0.000326638 -632.714 5186.21 352.766 357.666 7517.34 6102.63 1904190000.0
553 -0.00525 0.000326043 -633.864 5186.63 352.151 357.42 7954.34 6442.27 1901830000.0
552 -0.00515 0.000325401 -635.122 5187.47 351.515 357.158 8448.58 6814.48 1899400000.0
551 -0.00505 0.000324724 -636.443 5188.18 350.832 356.876 8965.3 7201.68 1896760000.0
550 -0.00495 0.000324003 -637.855 5189.25 350.125 356.579 9531.04 7602.82 1894010000.0
549 -0.00485 0.000323237 -639.373 5189.92 349.343 356.26 10110.1 8037.05 1891060000.0
548 -0.00475 0.000322433 -640.963 5190.53 348.514 355.923 10712.5 8475.59 1887930000.0
547 -0.00465 0.000321571 -642.679 5191.59 347.653 355.561 11384.8 8961.87 1884700000.0
546 -0.00455 0.000320662 -644.505 5192.31 346.719 355.179 12076.0 9471.8 1881230000.0
545 -0.00445 0.000319682 -646.479 5193.16 345.717 354.76 12819.8 10020.6 1877490000.0
544 -0.00435 0.000318647 -648.577 5193.95 344.65 354.318 13609.5 10612.2 1873560000.0
543 -0.00425 0.000317546 -650.828 5194.86 343.518 353.843 14459.0 11250.8 1869410000.0
542 -0.00415 0.000316397 -653.192 5195.66 342.328 353.344 15335.2 11900.5 1865050000.0
541 -0.00405 0.000315171 -655.725 5196.53 341.058 352.805 16282.0 12607.3 1860360000.0
540 -0.00395 0.000313881 -658.432 5197.32 339.714 352.24 17274.7 13340.5 1855500000.0
539 -0.00385 0.000312506 -661.319 5198.12 338.279 351.629 18338.1 14156.9 1850270000.0
538 -0.00375 0.000311068 -664.385 5198.87 336.77 350.987 19447.6 14989.7 1844800000.0
537 -0.00365 0.000309539 -667.662 5199.63 335.164 350.296 20639.0 15919.8 1839030000.0
536 -0.00355 0.000307912 -671.185 5200.43 333.454 349.553 21915.4 16937.5 1832920000.0
535 -0.00345 0.00030621 -674.921 5201.08 331.652 348.771 23244.6 17993.5 1826530000.0
534 -0.00335 0.000304433 -678.862 5201.57 329.759 347.944 24644.3 19115.9 1819760000.0
533 -0.00325 0.000302572 -683.029 5202.07 327.774 347.065 26113.1 20288.3 1812640000.0
532 -0.00315 0.000300599 -687.519 5202.69 325.675 346.125 27692.1 21587.3 1805180000.0
531 -0.00305 0.000298534 -692.273 5203.05 323.46 345.126 29351.8 22969.0 1797330000.0
530 -0.00295 0.000296369 -697.334 5203.42 321.138 344.064 31104.8 24436.6 1789050000.0
529 -0.00285 0.000294111 -702.681 5203.57 318.7 342.94 32938.2 25996.2 1780380000.0
528 -0.00275 0.00029174 -708.392 5203.62 316.134 341.748 34885.6 27697.0 1771360000.0
527 -0.00265 0.000289275 -714.431 5203.52 313.457 340.483 36921.5 29486.6 1761850000.0
526 -0.00255 0.000286697 -720.851 5203.21 310.645 339.137 39072.2 31430.6 1751930000.0
525 -0.00245 0.000284028 -727.628 5202.56 307.714 337.721 41309.4 33480.1 1741590000.0
524 -0.00235 0.000281251 -734.812 5201.77 304.66 336.222 43664.7 35688.0 1730840000.0
523 -0.00225 0.000278385 -742.38 5200.62 301.489 334.638 46115.6 38006.0 1719570000.0
522 -0.00215 0.00027542 -750.368 5199.34 298.204 332.972 48683.6 40487.2 1707980000.0
521 -0.00205 0.000272372 -758.762 5197.28 294.787 331.22 51327.8 43097.9 1695900000.0
520 -0.00195 0.000269222 -767.647 5195.13 291.258 329.369 54108.5 45887.3 1683420000.0
519 -0.00185 0.000265977 -777.013 5192.41 287.596 327.419 56993.8 48855.1 1670510000.0
518 -0.00175 0.000262669 -786.797 5189.12 283.839 325.381 59965.7 51947.3 1657170000.0
517 -0.00165 0.000259264 -797.128 5185.37 279.958 323.233 63058.3 55249.3 1643470000.0
516 -0.00155 0.000255786 -807.977 5180.86 275.961 320.977 66250.6 58732.7 1629370000.0
515 -0.00145 0.000252235 -819.343 5175.91 271.87 318.614 69554.9 62405.0 1614950000.0
514 -0.00135 0.00024863 -831.225 5169.97 267.677 316.146 72928.0 66242.0 1600140000.0
513 -0.00125 0.000244963 -843.663 5163.22 263.385 313.563 76398.8 70277.9 1585060000.0
512 -0.00115 0.000241266 -856.59 5155.81 259.037 310.88 79949.5 74456.9 1569700000.0
511 -0.00105 0.000237529 -870.08 5146.94 254.587 308.086 83538.2 78804.9 1554070000.0
510 -0.00095 0.000233746 -884.149 5137.37 250.066 305.168 87230.1 83369.5 1538240000.0
509 -0.00085 0.000229937 -898.801 5126.62 245.477 302.135 90971.9 88087.1 1522210000.0
508 -0.00075 0.000226132 -913.923 5114.55 240.846 299.002 94740.1 92921.3 1506030000.0
507 -0.00065 0.000222292 -929.714 5101.29 236.142 295.736 98567.5 97957.5 1489750000.0
506 -0.00055 0.000218472 -945.967 5086.44 231.408 292.373 102387.0 103085.0 1473350000.0
505 -0.00045 0.000214648 -962.824 5070.01 226.624 288.887 106222.0 108357.0 1456930000.0
504 -0.00035 0.00021085 -980.162 5051.97 221.822 285.302 110036.0 113703.0 1440470000.0
503 -0.00025 0.000207068 -998.058 5032.4 217.0 281.605 113843.0 119149.0 1424090000.0
502 -0.00015 0.000203317 -1016.48 5011.04 212.164 277.799 117620.0 124669.0 1407750000.0
501 -5e-05 0.000199616 -1035.32 4987.88 207.339 273.908 121323.0 130186.0 1391520000.0
500 5e-05 0.00019597 -1054.58 4962.84 202.53 269.93 124947.0 135683.0 1375380000.0
499 0.00015 0.000192379 -1074.28 4935.9 197.739 265.865 128493.0 141178.0 1359420000.0
498 0.00025 0.000188839 -1094.42 4906.68 192.952 261.711 131926.0 146646.0 1343610000.0
497 0.00035 0.000185339 -1115.07 4875.49 188.172 257.444 135278.0 152115.0 1327950000.0
496 0.00045 0.000181926 -1136.01 4842.25 183.447 253.128 138485.0 157459.0 1312530000.0
495 0.00055 0.00017858 -1157.28 4806.85 178.757 248.74 141551.0 162692.0 1297310000.0
494 0.00065 0.000175312 -1178.85 4769.22 174.112 244.289 144446.0 167767.0 1282230000.0
493 0.00075 0.000172122 -1200.72 4729.44 169.518 239.782 147186.0 172700.0 1267420000.0
492 0.00085 0.000169019 -1222.74 4687.68 164.992 235.24 149734.0 177416.0 1252800000.0
491 0.00095 0.000165989 -1245.06 4643.45 160.506 230.64 152091.0 181954.0 1238350000.0
490 0.00105 0.000163044 -1267.56 4597.1 156.084 226.0 154250.0 186261.0 1224050000.0
489 0.00115 0.000160177 -1290.25 4548.71 151.725 221.325 156217.0 190348.0 1210000000.0
488 0.00125 0.000157398 -1313.02 4498.16 147.436 216.629 157956.0 194151.0 1196030000.0
487 0.00135 0.000154716 -1335.79 4445.65 143.232 211.937 159465.0 197649.0 1182170000.0
486 0.00145 0.00015212 -1358.59 4391.24 139.105 207.237 160749.0 200846.0 1168380000.0
485 0.00155 0.000149605 -1381.41 4335.0 135.054 202.534 161812.0 203745.0 1154690000.0
484 0.00165 0.000147184 -1404.14 4277.11 131.093 197.848 162641.0 206308.0 1141010000.0
483 0.00175 0.000144835 -1426.91 4217.23 127.195 193.157 163253.0 208595.0 1127400000.0
482 0.00185 0.000142565 -1449.63 4155.72 123.375 188.473 163634.0 210548.0 1113730000.0
481 0.00195 0.000140388 -1472.11 4093.07 119.66 183.841 163799.0 212155.0 1100090000.0
480 0.00205 0.000138295 -1494.41 4029.09 116.033 179.246 163734.0 213412.0 1086330000.0
479 0.00215 0.000136272 -1516.58 3963.72 112.481 174.678 163459.0 214363.0 1072510000.0
478 0.00225 0.000134333 -1538.47 3897.58 109.03 170.164 162983.0 214965.0 1058570000.0
477 0.00235 0.000132466 -1560.14 3830.33 105.66 165.698 162302.0 215262.0 1044520000.0
476 0.00245 0.000130674 -1581.56 3762.22 102.377 161.283 161426.0 215237.0 1030320000.0
475 0.00255 0.000128954 -1602.66 3693.46 99.1831 156.936 160368.0 214922.0 1016000000.0
474 0.00265 0.000127293 -1623.55 3623.78 96.0587 152.63 159123.0 214322.0 1001490000.0
473 0.00275 0.000125702 -1644.1 3553.6 93.0207 148.392 157705.0 213428.0 986747000.0
472 0.00285 0.00012418 -1664.26 3483.55 90.0828 144.239 156151.0 212266.0 971941000.0
471 0.00295 0.000122719 -1684.06 3413.53 87.2341 140.156 154472.0 210855.0 957032000.0
470 0.00305 0.000121314 -1703.56 3342.91 84.4514 136.136 152619.0 209189.0 941794000.0
469 0.00315 0.000119973 -1722.62 3272.53 81.7594 132.209 150654.0 207304.0 926448000.0
468 0.00325 0.000118688 -1741.27 3202.37 79.1494 128.366 148576.0 205214.0 910985000.0
467 0.00335 0.000117449 -1759.61 3132.22 76.6078 124.583 146385.0 202921.0 895338000.0
466 0.00345 0.000116267 -1777.54 3062.7 74.1532 120.89 144116.0 200448.0 879632000.0
465 0.00355 0.000115132 -1795.05 2993.57 71.7721 117.278 141756.0 197803.0 863751000.0
464 0.00365 0.000114043 -1812.19 2924.78 69.4596 113.745 139314.0 195012.0 847776000.0
463 0.00375 0.000113006 -1828.83 2856.99 67.2326 110.314 136817.0 192078.0 831702000.0
462 0.00385 0.000112009 -1845.1 2789.78 65.0719 106.961 134262.0 189023.0 815567000.0
461 0.00395 0.000111053 -1860.97 2723.34 62.9801 103.689 131660.0 185860.0 799397000.0
460 0.00405 0.000110137 -1876.47 2657.38 60.9474 100.492 129005.0 182597.0 783129000.0
459 0.00415 0.000109263 -1891.47 2593.06 59.0004 97.401 126349.0 179259.0 766971000.0
458 0.00425 0.000108423 -1906.13 2529.14 57.1036 94.3783 123645.0 175841.0 750696000.0
457 0.00435 0.000107621 -1920.34 2466.51 55.2777 91.4495 120937.0 172373.0 734504000.0
456 0.00445 0.000106852 -1934.13 2404.93 53.5124 88.6044 118215.0 168858.0 718322000.0
455 0.00455 0.000106118 -1947.54 2344.45 51.8085 85.8406 115497.0 165310.0 702250000.0
454 0.00465 0.00010541 -1960.61 2284.93 50.1563 83.1447 112772.0 161724.0 686211000.0
453 0.00475 0.00010473 -1973.35 2226.26 48.5529 80.5187 110042.0 158117.0 670238000.0
452 0.00485 0.000104084 -1985.6 2169.37 47.0205 77.9919 107351.0 154510.0 654434000.0
451 0.00495 0.000103463 -1997.51 2113.42 45.5345 75.5393 104669.0 150917.0 638790000.0
450 0.00505 0.000102867 -2009.06 2058.62 44.0984 73.1537 101999.0 147308.0 623180000.0
449 0.00515 0.0001023 -2020.24 2005.15 42.716 70.8502 99365.1 143731.0 607827000.0
448 0.00525 0.000101751 -2031.09 1952.99 41.3818 68.6113 96763.8 140162.0 592623000.0
447 0.00535 0.000101229 -2041.59 1901.91 40.0928 66.4475 94188.9 136632.0 577618000.0
446 0.00545 0.00010073 -2051.7 1852.41 38.8567 64.3626 91664.5 133140.0 562839000.0
445 0.00555 0.000100251 -2061.52 1803.87 37.6585 62.3377 89164.1 129681.0 548237000.0
444 0.00565 9.97885e-05 -2071.06 1756.53 36.5011 60.3721 86703.7 126257.0 533861000.0
443 0.00575 9.93459e-05 -2080.31 1710.17 35.38 58.4636 84269.1 122861.0 519614000.0
442 0.00585 9.89235e-05 -2089.19 1665.3 34.3054 56.6324 81893.1 119540.0 505696000.0
441 0.00595 9.85183e-05 -2097.75 1621.83 33.273 54.866 79573.4 116275.0 492049000.0
440 0.00605 9.81294e-05 -2106.08 1579.43 32.2753 53.1483 77295.3 113048.0 478634000.0
439 0.00615 9.77525e-05 -2114.2 1537.67 31.3012 51.4742 75031.0 109860.0 465343000.0
438 0.00625 9.73967e-05 -2121.91 1497.82 30.379 49.8836 72858.3 106771.0 452494000.0
437 0.00635 9.70541e-05 -2129.41 1458.86 29.4847 48.337 70720.6 103730.0 439859000.0
436 0.00645 9.67269e-05 -2136.63 1421.14 28.6256 46.8492 68635.8 100754.0 427475000.0
435 0.00655 9.64095e-05 -2143.64 1384.33 27.7926 45.4022 66590.0 97830.8 415343000.0
434 0.00665 9.61082e-05 -2150.38 1348.85 26.9956 44.0138 64608.1 94983.7 403535000.0
433 0.00675 9.58162e-05 -2156.92 1314.13 26.2209 42.6632 62657.5 92184.7 391917000.0
432 0.00685 9.55354e-05 -2163.26 1280.34 25.4717 41.3568 60748.3 89445.6 380528000.0
431 0.00695 9.52659e-05 -2169.38 1247.69 24.7523 40.0949 58897.5 86770.6 369464000.0
430 0.00705 9.5007e-05 -2175.28 1215.95 24.0571 38.8768 57087.2 84158.7 358614000.0
429 0.00715 9.47604e-05 -2180.97 1185.25 23.3887 37.7036 55329.2 81616.4 348057000.0
428 0.00725 9.45204e-05 -2186.47 1155.43 22.7425 36.5687 53614.3 79133.5 337740000.0
427 0.00735 9.42946e-05 -2191.73 1126.94 22.1287 35.4863 51971.7 76740.9 327820000.0
426 0.00745 9.40753e-05 -2196.83 1099.01 21.5301 34.4332 50351.1 74388.8 318023000.0
425 0.00755 9.38658e-05 -2201.74 1072.03 20.9549 33.4214 48779.8 72109.1 308499000.0
424 0.00765 9.36636e-05 -2206.5 1045.77 20.3975 32.4393 47248.9 69886.4 299235000.0
423 0.00775 9.34694e-05 -2211.08 1020.51 19.8635 31.4937 45767.8 67721.3 290224000.0
422 0.00785 9.32827e-05 -2215.48 996.148 19.3506 30.5861 44337.2 65630.2 281504000.0
421 0.00795 9.31055e-05 -2219.73 972.534 18.856 29.7096 42944.5 63591.3 272992000.0
420 0.00805 9.2931e-05 -2223.87 949.477 18.3745 28.8573 41581.8 61602.0 264682000.0
419 0.00815 9.2766e-05 -2227.85 927.15 17.9105 28.0362 40258.3 59671.5 256597000.0
418 0.00825 9.26072e-05 -2231.66 905.839 17.4689 27.2498 38992.4 57807.5 248813000.0
417 0.00835 9.24536e-05 -2235.37 885.006 17.0388 26.485 37749.7 55983.8 241181000.0
416 0.00845 9.23056e-05 -2238.96 864.758 16.6223 25.7446 36541.9 54210.9 233762000.0
415 0.00855 9.21654e-05 -2242.37 845.418 16.2259 25.0402 35382.7 52507.7 226601000.0
414 0.00865 9.20274e-05 -2245.72 826.42 15.8375 24.3499 34242.4 50836.7 219583000.0
413 0.00875 9.18968e-05 -2248.92 808.358 15.4694 23.6899 33156.4 49225.6 212852000.0
412 0.00885 9.17716e-05 -2252.0 790.73 15.1115 23.0558 32095.0 47671.9 206287000.0
411 0.00895 9.16508e-05 -2254.96 773.837 14.7691 22.4436 31073.4 46159.1 199926000.0
410 0.00905 9.15329e-05 -2257.85 757.318 14.4353 21.8485 30075.2 44689.9 193742000.0
409 0.00915 9.14197e-05 -2260.66 741.252 14.1116 21.2691 29100.8 43251.2 187693000.0
408 0.00925 9.13112e-05 -2263.33 725.878 13.8025 20.7169 28167.4 41872.4 181882000.0
407 0.00935 9.12066e-05 -2265.93 710.997 13.504 20.1819 27263.0 40531.4 176237000.0
406 0.00945 9.11067e-05 -2268.42 696.556 13.2153 19.6675 26383.9 39237.7 170765000.0
405 0.00955 9.10101e-05 -2270.82 682.677 12.9382 19.1728 25534.8 37981.2 165432000.0
404 0.00965 9.09186e-05 -2273.12 669.421 12.6742 18.6988 24727.2 36779.1 160370000.0
403 0.00975 9.08286e-05 -2275.37 656.321 12.4139 18.2335 23923.9 35592.3 155334000.0
402 0.00985 9.07432e-05 -2277.51 643.913 12.1678 17.793 23164.8 34464.5 150555000.0
401 0.00995 9.06592e-05 -2279.62 631.67 11.9254 17.3589 22412.8 33352.9 145840000.0
400 0.01005 9.05795e-05 -2281.63 619.929 11.6934 16.9428 21691.8 32281.0 141296000.0
399 0.01015 9.05016e-05 -2283.59 608.475 11.4675 16.5384 20987.2 31238.2 136866000.0
398 0.01025 9.04285e-05 -2285.44 597.644 11.2543 16.1573 20320.5 30248.6 132649000.0
397 0.01035 9.03569e-05 -2287.25 587.018 11.0454 15.7842 19665.7 29279.5 128516000.0
396 0.01045 9.02869e-05 -2289.01 576.707 10.843 15.4206 19028.1 28333.5 124494000.0
395 0.01055 9.02206e-05 -2290.7 566.774 10.6484 15.0717 18416.0 27423.6 120626000.0
394 0.01065 9.01562e-05 -2292.33 557.201 10.4611 14.735 17822.9 26540.8 116865000.0
393 0.01075 9.00954e-05 -2293.89 548.058 10.2825 14.4148 17257.9 25699.4 113276000.0
392 0.01085 9.00356e-05 -2295.4 539.151 10.1087 14.1018 16704.6 24873.4 109751000.0
391 0.01095 8.99789e-05 -2296.86 530.496 9.94013 13.8007 16168.6 24079.2 106350000.0
390 0.01105 8.99224e-05 -2298.3 522.027 9.77531 13.5055 15643.9 23302.4 103035000.0
389 0.01115 8.98698e-05 -2299.64 514.02 9.61976 13.2268 15145.6 22559.7 99845300.0
388 0.01125 8.98178e-05 -2300.97 506.154 9.46705 12.9543 14656.9 21836.7 96739400.0
387 0.01135 8.97684e-05 -2302.22 498.745 9.32335 12.6969 14195.3 21147.4 93776000.0
386 0.01145 8.97218e-05 -2303.45 491.391 9.1811 12.4412 13738.7 20467.5 90870100.0
385 0.01155 8.96752e-05 -2304.63 484.43 9.04635 12.1992 13303.5 19817.2 88069700.0
384 0.01165 8.96307e-05 -2305.78 477.504 8.91259 11.9608 12873.7 19181.7 85342000.0
383 0.01175 8.95872e-05 -2306.9 470.899 8.78503 11.7316 12460.7 18565.9 82692200.0
382 0.01185 8.95461e-05 -2307.96 464.513 8.66192 11.5112 12061.2 17972.4 80131900.0
381 0.01195 8.95069e-05 -2308.98 458.403 8.54425 11.3014 11681.1 17408.0 77697600.0
380 0.01205 8.94682e-05 -2309.95 452.621 8.43283 11.1017 11318.7 16864.1 75345000.0
379 0.01215 8.94304e-05 -2310.95 446.667 8.31838 10.8959 10946.1 16310.8 72969300.0
378 0.01225 8.93954e-05 -2311.87 441.174 8.21288 10.7063 10603.2 15798.0 70763500.0
377 0.01235 8.93598e-05 -2312.77 435.745 8.10858 10.5194 10262.8 15290.9 68575000.0
376 0.01245 8.93265e-05 -2313.65 430.519 8.00833 10.3395 9935.83 14803.6 66473800.0
375 0.01255 8.92928e-05 -2314.49 425.425 7.91059 10.1647 9616.61 14329.5 64423800.0
374 0.01265 8.9262e-05 -2315.3 420.551 7.81727 9.99813 9310.12 13874.3 62444400.0
373 0.01275 8.92321e-05 -2316.08 415.895 7.72814 9.83832 9019.42 13440.2 60571100.0
372 0.01285 8.92037e-05 -2316.83 411.3 7.64031 9.68129 8730.71 13010.7 58710400.0
371 0.01295 8.91752e-05 -2317.55 406.951 7.5571 9.53394 8456.7 12604.0 56924800.0
370 0.01305 8.91487e-05 -2318.26 402.701 7.47598 9.38849 8191.05 12207.4 55213600.0
369 0.01315 8.91212e-05 -2318.96 398.474 7.39521 9.24262 7924.89 11809.8 53500600.0
368 0.01325 8.9096e-05 -2319.61 394.547 7.32026 9.10867 7678.17 11440.7 51895700.0
367 0.01335 8.90716e-05 -2320.26 390.705 7.247 8.97571 7436.48 11076.1 50328600.0
366 0.01345 8.90479e-05 -2320.87 386.919 7.17486 8.84843 7198.08 10725.3 48784800.0
365 0.01355 8.90244e-05 -2321.47 383.308 7.10602 8.72499 6970.88 10385.8 47313000.0
364 0.01365 8.90029e-05 -2322.06 379.739 7.03815 8.60398 6747.02 10054.7 45874000.0
363 0.01375 8.89806e-05 -2322.62 376.334 6.97331 8.48826 6531.26 9734.7 44470800.0
362 0.01385 8.89614e-05 -2323.15 373.133 6.9125 8.37908 6330.62 9432.66 43163300.0
361 0.01395 8.89401e-05 -2323.67 369.981 6.85246 8.27141 6131.95 9135.55 41872400.0
360 0.01405 8.89211e-05 -2324.18 366.88 6.79358 8.1656 5935.95 8842.53 40597400.0
359 0.01415 8.89025e-05 -2324.67 363.915 6.73727 8.06552 5749.23 8566.29 39387400.0
358 0.01425 8.88846e-05 -2325.13 361.104 6.68389 7.9693 5572.62 8299.85 38232500.0
357 0.01435 8.8867e-05 -2325.59 358.371 6.63197 7.87632 5399.77 8041.02 37102200.0
356 0.01445 8.88508e-05 -2326.03 355.668 6.58077 7.78549 5230.1 7790.4 36007300.0
355 0.01455 8.8835e-05 -2326.45 353.104 6.53215 7.69845 5067.51 7547.04 34939700.0
354 0.01465 8.88175e-05 -2326.86 350.617 6.48488 7.6132 4910.31 7310.19 33908300.0
353 0.01475 8.88042e-05 -2327.25 348.214 6.43946 7.53267 4759.04 7085.69 32925200.0
352 0.01485 8.87886e-05 -2327.65 345.855 6.39472 7.45205 4610.03 6862.1 31950500.0
351 0.01495 8.87743e-05 -2328.02 343.535 6.3508 7.37388 4462.41 6643.41 30985400.0
350 0.01505 8.87606e-05 -2328.37 341.379 6.30996 7.30132 4327.68 6442.94 30110800.0
349 0.01515 8.87481e-05 -2328.71 339.335 6.2713 7.23253 4198.01 6248.53 29251200.0
348 0.01525 8.87356e-05 -2329.05 337.253 6.23194 7.16286 4066.26 6053.78 28390200.0
347 0.01535 8.87226e-05 -2329.37 335.244 6.19391 7.09527 3938.79 5864.48 27553300.0
346 0.01545 8.87102e-05 -2329.7 333.277 6.15671 7.02847 3814.75 5679.37 26747400.0
345 0.01555 8.86989e-05 -2330.0 331.459 6.12235 6.96663 3700.36 5506.02 25992600.0
344 0.01565 8.86879e-05 -2330.28 329.68 6.08873 6.90779 3587.35 5339.47 25245400.0
343 0.01575 8.8677e-05 -2330.57 327.924 6.05555 6.84754 3475.83 5171.47 24515100.0
342 0.01585 8.86665e-05 -2330.85 326.214 6.02326 6.79046 3368.29 5012.2 23812900.0
341 0.01595 8.86569e-05 -2331.11 324.613 5.99305 6.73693 3267.02 4861.19 23143900.0
340 0.01605 8.86472e-05 -2331.37 323.02 5.96299 6.68372 3165.98 4711.64 22479700.0
339 0.01615 8.86361e-05 -2331.63 321.398 5.93231 6.62896 3063.28 4559.55 21814000.0
338 0.01625 8.86279e-05 -2331.88 319.927 5.9046 6.57954 2970.47 4420.79 21204500.0
337 0.01635 8.86182e-05 -2332.1 318.545 5.87847 6.53266 2882.39 4287.75 20616200.0
336 0.01645 8.86105e-05 -2332.33 317.151 5.85222 6.48611 2794.73 4157.41 20042200.0
335 0.01655 8.86022e-05 -2332.55 315.739 5.82563 6.43897 2705.06 4025.72 19459700.0
334 0.01665 8.85937e-05 -2332.77 314.432 5.80094 6.39528 2622.2 3902.35 18912300.0
333 0.01675 8.85858e-05 -2332.97 313.231 5.77829 6.3542 2546.66 3787.12 18412000.0
332 0.01685 8.85787e-05 -2333.16 312.017 5.75543 6.31422 2469.0 3671.98 17889800.0
331 0.01695 8.85723e-05 -2333.35 310.83 5.73311 6.27422 2394.28 3560.81 17405500.0
330 0.01705 8.85638e-05 -2333.54 309.665 5.71107 6.23581 2320.74 3453.28 16924000.0
329 0.01715 8.85576e-05 -2333.73 308.525 5.68966 6.19757 2248.09 3345.53 16445400.0
328 0.01725 8.85507e-05 -2333.89 307.502 5.67034 6.16253 2183.23 3246.06 16011100.0
327 0.01735 8.85439e-05 -2334.07 306.437 5.65027 6.12718 2115.57 3145.95 15562800.0
326 0.01745 8.85383e-05 -2334.23 305.43 5.63135 6.09347 2052.11 3051.35 15147700.0
325 0.01755 8.85318e-05 -2334.39 304.434 5.61257 6.05989 1988.72 2956.53 14728500.0
324 0.01765 8.85272e-05 -2334.53 303.551 5.596 6.03051 1932.72 2871.79 14347200.0
323 0.01775 8.85212e-05 -2334.68 302.636 5.57875 6.00029 1874.78 2785.99 13964700.0
322 0.01785 8.85148e-05 -2334.84 301.681 5.56076 5.96855 1814.4 2697.52 13573600.0
321 0.01795 8.85106e-05 -2334.97 300.803 5.5443 5.93976 1758.5 2615.4 13202300.0
320 0.01805 8.85044e-05 -2335.11 299.972 5.52861 5.91145 1705.85 2535.7 12852900.0
319 0.01815 8.84998e-05 -2335.24 299.158 5.51332 5.88441 1654.38 2458.92 12513500.0
318 0.01825 8.84944e-05 -2335.37 298.347 5.49803 5.85806 1602.98 2384.52 12176100.0
317 0.01835 8.84902e-05 -2335.5 297.596 5.48394 5.83241 1555.07 2311.55 11857400.0
316 0.01845 8.84859e-05 -2335.6 296.889 5.47064 5.80929 1510.49 2245.69 11557700.0
315 0.01855 8.84811e-05 -2335.73 296.16 5.45691 5.78457 1464.42 2176.41 11256600.0
314 0.01865 8.84772e-05 -2335.84 295.448 5.44355 5.76096 1418.61 2108.62 10950000.0
313 0.01875 8.84731e-05 -2335.95 294.799 5.43134 5.7397 1378.01 2048.85 10682300.0
312 0.01885 8.84691e-05 -2336.05 294.189 5.41986 5.71912 1338.87 1989.05 10414600.0
311 0.01895 8.84659e-05 -2336.14 293.588 5.40859 5.69951 1301.08 1933.02 10162300.0
310 0.01905 8.8462e-05 -2336.24 292.932 5.39627 5.67751 1259.13 1870.99 9886320.0
309 0.01915 8.84571e-05 -2336.35 292.313 5.38457 5.65704 1219.91 1813.7 9630860.0
308 0.01925 8.84551e-05 -2336.43 291.764 5.37434 5.6384 1185.23 1760.24 9396690.0
307 0.01935 8.84511e-05 -2336.53 291.2 5.36369 5.61984 1149.3 1707.7 9158930.0
306 0.01945 8.84477e-05 -2336.6 290.693 5.35416 5.60313 1117.19 1659.51 8941750.0
305 0.01955 8.84452e-05 -2336.69 290.199 5.34492 5.58643 1085.74 1611.37 8727560.0
304 0.01965 8.84419e-05 -2336.77 289.679 5.33513 5.56923 1053.08 1563.42 8514910.0
303 0.01975 8.84383e-05 -2336.85 289.192 5.32595 5.55333 1021.79 1517.15 8302370.0
302 0.01985 8.84359e-05 -2336.92 288.718 5.31706 5.5373 991.635 1471.48 8102200.0
301 0.01995 8.84335e-05 -2337.0 288.245 5.30821 5.52186 961.786 1427.78 7904820.0
300 0.02005 8.84305e-05 -2337.07 287.793 5.2997 5.50694 932.992 1385.21 7713070.0
299 0.02015 8.84287e-05 -2337.14 287.351 5.29146 5.49252 904.802 1343.86 7525790.0
298 0.02025 8.84251e-05 -2337.21 286.926 5.28342 5.47805 877.91 1303.19 7346140.0
297 0.02035 8.84229e-05 -2337.27 286.535 5.27609 5.46562 853.156 1267.12 7179700.0
296 0.02045 8.84203e-05 -2337.34 286.139 5.26864 5.45251 827.914 1230.08 7012570.0
295 0.02055 8.84177e-05 -2337.4 285.749 5.26131 5.43929 803.016 1191.94 6844530.0
294 0.02065 8.84155e-05 -2337.46 285.404 5.25482 5.42795 781.251 1159.69 6698520.0
293 0.02075 8.84136e-05 -2337.52 284.995 5.24718 5.41472 755.57 1122.76 6532100.0
292 0.02085 8.84109e-05 -2337.57 284.671 5.24106 5.40346 734.444 1089.4 6384880.0
291 0.02095 8.84095e-05 -2337.62 284.355 5.23516 5.39348 714.579 1060.5 6249780.0
290 0.02105 8.84076e-05 -2337.67 284.044 5.22931 5.38287 694.895 1030.17 6118080.0
289 0.02115 8.84054e-05 -2337.73 283.673 5.22236 5.37037 671.385 995.405 5964890.0
288 0.02125 8.84035e-05 -2337.78 283.362 5.21653 5.36033 651.415 966.254 5830650.0
287 0.02135 8.84009e-05 -2337.83 283.042 5.21048 5.35003 631.354 937.599 5701030.0
286 0.02145 8.84009e-05 -2337.88 282.776 5.20557 5.34132 614.286 911.534 5582160.0
285 0.02155 8.83984e-05 -2337.92 282.506 5.20047 5.33228 597.19 885.844 5466790.0
284 0.02165 8.83963e-05 -2337.96 282.255 5.19571 5.32377 581.245 861.201 5356430.0
283 0.02175 8.83964e-05 -2338.0 282.003 5.19108 5.31573 565.44 837.831 5250260.0
282 0.02185 8.83935e-05 -2338.05 281.701 5.18536 5.30579 545.969 810.058 5123880.0
281 0.02195 8.83912e-05 -2338.08 281.454 5.18068 5.29758 530.297 786.675 5017880.0
280 0.02205 8.83908e-05 -2338.13 281.222 5.17638 5.29032 515.887 765.971 4924360.0
279 0.02215 8.83896e-05 -2338.16 280.962 5.17153 5.28174 498.942 741.068 4809790.0
278 0.02225 8.8388e-05 -2338.2 280.749 5.16751 5.27445 485.522 720.459 4719340.0
277 0.02235 8.83858e-05 -2338.23 280.534 5.16342 5.26739 471.877 700.186 4625950.0
276 0.02245 8.83845e-05 -2338.27 280.321 5.15944 5.26033 458.587 680.351 4537830.0
275 0.02255 8.83846e-05 -2338.3 280.113 5.1556 5.25352 445.063 660.383 4446350.0
274 0.02265 8.83826e-05 -2338.33 279.904 5.15163 5.24668 431.807 640.69 4357520.0
273 0.02275 8.83814e-05 -2338.36 279.715 5.1481 5.24052 419.754 622.794 4275330.0
272 0.02285 8.83797e-05 -2338.4 279.521 5.14442 5.23382 407.705 604.234 4195640.0
271 0.02295 8.83798e-05 -2338.42 279.358 5.14143 5.22847 396.899 587.894 4120190.0
270 0.02305 8.83781e-05 -2338.46 279.141 5.13733 5.22135 383.352 568.345 4032300.0
269 0.02315 8.83763e-05 -2338.49 278.969 5.13407 5.21559 372.53 552.189 3961200.0
268 0.02325 8.83768e-05 -2338.51 278.812 5.1312 5.21073 362.306 537.108 3888440.0
267 0.02335 8.83743e-05 -2338.54 278.645 5.12798 5.205 351.834 521.259 3819840.0
266 0.02345 8.83737e-05 -2338.57 278.453 5.12442 5.19863 339.735 503.835 3741780.0
265 0.02355 8.83731e-05 -2338.59 278.325 5.12203 5.19471 331.485 491.9 3684580.0
264 0.02365 8.8372e-05 -2338.61 278.17 5.11911 5.18956 321.686 477.396 3618380.0
263 0.02375 8.83711e-05 -2338.63 278.04 5.11666 5.18518 313.369 464.733 3561870.0
262 0.02385 8.83702e-05 -2338.65 277.913 5.11429 5.1809 305.194 452.063 3504260.0
261 0.02395 8.83691e-05 -2338.68 277.76 5.11141 5.17594 295.569 437.958 3439360.0
260 0.02405 8.8369e-05 -2338.7 277.616 5.10874 5.17136 286.461 425.146 3381970.0
259 0.02415 8.8368e-05 -2338.72 277.487 5.10631 5.16705 278.096 412.672 3324160.0
258 0.02425 8.83669e-05 -2338.74 277.378 5.10424 5.16347 271.219 401.836 3274530.0
257 0.02435 8.83666e-05 -2338.76 277.244 5.10176 5.15889 262.619 389.106 3218920.0
256 0.02445 8.83662e-05 -2338.78 277.13 5.09964 5.1551 255.411 377.998 3168900.0
255 0.02455 8.83645e-05 -2338.8 277.022 5.09756 5.15183 248.513 368.51 3121440.0
254 0.02465 8.83645e-05 -2338.81 276.924 5.09575 5.14837 242.436 358.623 3079370.0
253 0.02475 8.83637e-05 -2338.83 276.791 5.09327 5.14426 234.035 347.363 3026460.0
252 0.02485 8.83627e-05 -2338.85 276.677 5.09111 5.1404 226.637 336.291 2976860.0
251 0.02495 8.83623e-05 -2338.86 276.585 5.08939 5.13749 220.878 327.845 2937810.0
250 0.02505 8.83614e-05 -2338.88 276.479 5.08738 5.13382 214.122 317.432 2890790.0
249 0.02515 8.8362e-05 -2338.89 276.391 5.0858 5.13122 208.535 309.671 2853620.0
248 0.02525 8.83607e-05 -2338.91 276.308 5.0842 5.12818 202.918 300.327 2812440.0
247 0.02535 8.8359e-05 -2338.92 276.215 5.08238 5.12509 197.399 292.265 2776930.0
246 0.02545 8.83596e-05 -2338.94 276.127 5.0808 5.12228 191.592 283.766 2738570.0
245 0.02555 8.83592e-05 -2338.95 276.038 5.07914 5.11918 185.91 274.712 2698330.0
244 0.02565 8.83582e-05 -2338.96 275.959 5.07763 5.11664 180.966 267.6 2665370.0
243 0.02575 8.83579e-05 -2338.98 275.886 5.07627 5.11436 176.573 261.185 2635480.0
242 0.02585 8.8358e-05 -2338.99 275.808 5.07485 5.11186 171.343 253.484 2599010.0
241 0.02595 8.83577e-05 -2339.0 275.743 5.07362 5.10976 167.204 247.381 2570830.0
240 0.02605 8.83565e-05 -2339.01 275.635 5.07157 5.10606 160.508 237.731 2528900.0
239 0.02615 8.83553e-05 -2339.03 275.573 5.07037 5.10399 156.495 231.563 2500260.0
238 0.02625 8.83568e-05 -2339.03 275.523 5.06953 5.10239 153.118 226.432 2476020.0
237 0.02635 8.83558e-05 -2339.05 275.436 5.06786 5.0996 147.712 218.858 2441750.0
236 0.02645 8.83553e-05 -2339.06 275.381 5.06683 5.09774 144.168 213.029 2415840.0
235 0.02655 8.83546e-05 -2339.07 275.327 5.06579 5.09575 140.853 207.579 2392710.0
234 0.02665 8.83546e-05 -2339.07 275.261 5.06459 5.09373 136.694 201.636 2364930.0
233 0.02675 8.8354e-05 -2339.09 275.192 5.06327 5.09158 132.2 195.495 2335020.0
232 0.02685 8.83543e-05 -2339.09 275.133 5.06221 5.08971 128.465 190.077 2311000.0
231 0.02695 8.8352e-05 -2339.11 275.07 5.06091 5.08742 124.477 183.941 2282910.0
230 0.02705 8.83534e-05 -2339.11 275.027 5.06022 5.08617 121.669 179.602 2263330.0
229 0.02715 8.83537e-05 -2339.12 274.977 5.05931 5.08457 118.583 174.967 2242080.0
228 0.02725 8.8352e-05 -2339.13 274.932 5.05838 5.08317 115.785 170.784 2221760.0
227 0.02735 8.8353e-05 -2339.13 274.894 5.05774 5.08196 113.373 167.121 2204450.0
226 0.02745 8.83516e-05 -2339.14 274.834 5.05655 5.08 109.365 161.468 2177370.0
225 0.02755 8.83515e-05 -2339.15 274.791 5.05575 5.07858 106.686 157.333 2159780.0
224 0.02765 8.83517e-05 -2339.16 274.737 5.05477 5.07688 103.204 152.212 2136250.0
223 0.02775 8.83518e-05 -2339.16 274.689 5.0539 5.07553 100.321 148.436 2117470.0
222 0.02785 8.83508e-05 -2339.17 274.643 5.05299 5.07391 97.3933 143.904 2097530.0
221 0.02795 8.83512e-05 -2339.18 274.604 5.0523 5.07265 94.6852 139.816 2079200.0
220 0.02805 8.83498e-05 -2339.19 274.559 5.05139 5.07131 92.0313 136.24 2061320.0
219 0.02815 8.83504e-05 -2339.19 274.512 5.05056 5.06982 89.0058 131.911 2041520.0
218 0.02825 8.83502e-05 -2339.2 274.472 5.04982 5.06832 86.5802 127.93 2024930.0
217 0.02835 8.83496e-05 -2339.21 274.434 5.04908 5.06706 84.0064 124.213 2007380.0
216 0.02845 8.83497e-05 -2339.21 274.405 5.04856 5.06606 82.2734 121.387 1994790.0
215 0.02855 8.83502e-05 -2339.21 274.376 5.04804 5.06534 80.3503 118.56 1981320.0
214 0.02865 8.83484e-05 -2339.22 274.336 5.0472 5.06385 77.7196 114.7 1962950.0
213 0.02875 8.83493e-05 -2339.22 274.296 5.04652 5.06253 75.3131 111.12 1948100.0
212 0.02885 8.83484e-05 -2339.23 274.268 5.04596 5.06149 73.5101 108.281 1935550.0
211 0.02895 8.83485e-05 -2339.24 274.245 5.04554 5.06097 71.9218 106.025 1923100.0
210 0.02905 8.83482e-05 -2339.24 274.222 5.04509 5.06016 70.5637 103.946 1912880.0
209 0.02915 8.83483e-05 -2339.24 274.179 5.04431 5.05862 67.7412 99.7465 1894720.0
208 0.02925 8.83479e-05 -2339.25 274.151 5.04379 5.05786 65.9629 97.2305 1882730.0
207 0.02935 8.83476e-05 -2339.25 274.122 5.04323 5.05693 64.2187 94.6327 1870440.0
206 0.02945 8.8348e-05 -2339.25 274.095 5.04274 5.05599 62.5118 92.3535 1858600.0
205 0.02955 8.83471e-05 -2339.26 274.071 5.04227 5.05532 61.0556 90.2833 1849080.0
204 0.02965 8.83474e-05 -2339.27 274.044 5.04177 5.05447 59.1145 87.5045 1835440.0
203 0.02975 8.83475e-05 -2339.27 274.02 5.04135 5.05363 57.7267 85.2516 1825970.0
202 0.02985 8.83472e-05 -2339.27 273.992 5.04082 5.05267 55.8416 82.602 1813370.0
201 0.02995 8.83466e-05 -2339.28 273.963 5.04024 5.05167 54.1803 79.9956 1802430.0
200 0.03005 8.83465e-05 -2339.28 273.941 5.03983 5.05095 52.6802 77.8759 1792190.0
199 0.03015 8.8347e-05 -2339.29 273.917 5.03941 5.05035 51.1632 75.9052 1782310.0
198 0.03025 8.83463e-05 -2339.29 273.893 5.03894 5.04939 49.5962 73.4448 1771510.0
197 0.03035 8.83465e-05 -2339.29 273.872 5.03855 5.04863 48.174 71.3614 1761670.0
196 0.03045 8.83459e-05 -2339.3 273.851 5.03815 5.04808 47.0902 69.7337 1754600.0
195 0.03055 8.83463e-05 -2339.3 273.848 5.03811 5.04791 46.6612 68.8586 1749800.0
194 0.03065 8.83468e-05 -2339.3 273.83 5.0378 5.04729 45.6277 67.0992 1741390.0
193 0.03075 8.83455e-05 -2339.3 273.813 5.03741 5.04669 44.5706 65.6422 1734830.0
192 0.03085 8.83463e-05 -2339.31 273.79 5.03705 5.04605 42.9312 63.4791 1723880.0
191 0.03095 8.83456e-05 -2339.31 273.77 5.03664 5.04542 41.9197 61.9773 1717190.0
190 0.03105 8.83457e-05 -2339.31 273.756 5.03639 5.04504 40.8912 60.4643 1709610.0
189 0.03115 8.83456e-05 -2339.31 273.73 5.03589 5.04408 39.2337 57.9297 1699330.0
188 0.03125 8.83452e-05 -2339.32 273.705 5.03543 5.04329 37.735 55.9456 1690770.0
187 0.03135 8.83456e-05 -2339.32 273.694 5.03523 5.04286 36.9276 54.5498 1684200.0
186 0.03145 8.8345e-05 -2339.32 273.679 5.03493 5.04234 36.0165 53.2126 1677860.0
185 0.03155 8.83448e-05 -2339.33 273.673 5.03481 5.04206 35.6651 52.2385 1673410.0
184 0.03165 8.8345e-05 -2339.33 273.652 5.03443 5.04144 34.3633 50.5051 1665070.0
183 0.03175 8.83447e-05 -2339.33 273.631 5.03403 5.04073 33.0527 48.7143 1657440.0
182 0.03185 8.83447e-05 -2339.33 273.623 5.03389 5.04056 32.4575 47.9765 1653330.0
181 0.03195 8.83453e-05 -2339.34 273.605 5.03359 5.04014 31.3978 46.455 1645200.0
180 0.03205 8.83446e-05 -2339.34 273.594 5.03334 5.03959 30.572 45.1209 1639490.0
179 0.03215 8.83443e-05 -2339.34 273.584 5.03314 5.03932 29.8633 44.0634 1634760.0
178 0.03225 8.83448e-05 -2339.34 273.564 5.03279 5.03881 28.7281 42.3192 1627030.0
177 0.03235 8.83445e-05 -2339.34 273.556 5.03263 5.03832 28.214 41.4464 1623420.0
176 0.03245 8.83448e-05 -2339.35 273.543 5.03241 5.03811 27.28 40.092 1617070.0
175 0.03255 8.83433e-05 -2339.35 273.528 5.03204 5.0375 26.268 38.7085 1610370.0
174 0.03265 8.83442e-05 -2339.35 273.515 5.03187 5.0371 25.7492 37.9876 1607330.0
173 0.03275 8.83443e-05 -2339.35 273.512 5.03181 5.03698 25.219 36.9295 1602390.0
172 0.03285 8.83444e-05 -2339.35 273.496 5.03152 5.03645 24.3558 35.7482 1596970.0
171 0.03295 8.83443e-05 -2339.35 273.491 5.03142 5.03634 24.1541 35.4844 1595090.0
170 0.03305 8.83435e-05 -2339.36 273.477 5.03112 5.03584 23.1293 34.0425 1588250.0
169 0.03315 8.83442e-05 -2339.36 273.457 5.0308 5.03532 21.9072 32.4756 1580970.0
168 0.03325 8.8344e-05 -2339.36 273.455 5.03074 5.0351 21.611 31.9063 1578780.0
167 0.03335 8.83439e-05 -2339.36 273.443 5.03052 5.03477 20.9306 30.808 1573970.0
166 0.03345 8.83434e-05 -2339.36 273.434 5.03033 5.03443 20.4077 30.0634 1570300.0
165 0.03355 8.83438e-05 -2339.36 273.426 5.03021 5.03421 19.9762 29.2887 1567130.0
164 0.03365 8.83435e-05 -2339.36 273.426 5.03019 5.03416 19.824 29.086 1565300.0
163 0.03375 8.83434e-05 -2339.37 273.415 5.02998 5.03378 19.2859 28.3073 1561600.0
162 0.03385 8.83439e-05 -2339.37 273.41 5.02991 5.03364 18.8059 27.6445 1558720.0
161 0.03395 8.83436e-05 -2339.37 273.4 5.02971 5.03316 18.2404 26.6424 1554180.0
160 0.03405 8.83437e-05 -2339.37 273.391 5.02956 5.033 17.7317 26.0262 1550840.0
159 0.03415 8.8343e-05 -2339.37 273.381 5.02934 5.03256 17.1083 25.0998 1546900.0
158 0.03425 8.83441e-05 -2339.37 273.372 5.02924 5.03245 16.4581 24.1902 1542630.0
157 0.03435 8.83428e-05 -2339.37 273.367 5.02907 5.03212 16.0479 23.7199 1539660.0
156 0.03445 8.83433e-05 -2339.37 273.365 5.02904 5.03215 15.9865 23.5852 1539130.0
155 0.03455 8.83432e-05 -2339.37 273.357 5.0289 5.03181 15.5574 22.882 1535490.0
154 0.03465 8.83444e-05 -2339.38 273.354 5.02891 5.03181 15.2648 22.4047 1533890.0
153 0.03475 8.83425e-05 -2339.38 273.349 5.0287 5.03145 14.8664 21.7121 1530520.0
152 0.03485 8.83433e-05 -2339.38 273.342 5.02862 5.03132 14.5793 21.4075 1528920.0
151 0.03495 8.8343e-05 -2339.38 273.332 5.02844 5.03089 13.9395 20.3219 1524770.0
150 0.03505 8.83431e-05 -2339.38 273.326 5.02832 5.0308 13.4617 19.8335 1521700.0
149 0.03515 8.83428e-05 -2339.38 273.321 5.02821 5.03049 13.1835 19.33 1519510.0
148 0.03525 8.83436e-05 -2339.38 273.317 5.02819 5.03038 12.8477 18.8094 1517470.0
147 0.03535 8.8343e-05 -2339.38 273.305 5.02794 5.03007 12.3126 18.157 1514130.0
146 0.03545 8.83432e-05 -2339.39 273.305 5.02795 5.03002 12.0497 17.7319 1511670.0
145 0.03555 8.8343e-05 -2339.39 273.301 5.02786 5.02992 11.8719 17.3475 1510600.0
144 0.03565 8.83425e-05 -2339.39 273.297 5.02776 5.0297 11.6272 16.9953 1508510.0
143 0.03575 8.8343e-05 -2339.39 273.293 5.02771 5.02968 11.3061 16.4213 1506250.0
142 0.03585 8.83432e-05 -2339.39 273.285 5.02757 5.02939 10.878 15.9924 1503340.0
141 0.03595 8.83433e-05 -2339.39 273.28 5.02749 5.02934 10.5801 15.5096 1501640.0
140 0.03605 8.83424e-05 -2339.39 273.274 5.02733 5.02895 10.2542 15.07 1499160.0
139 0.03615 8.8343e-05 -2339.39 273.273 5.02735 5.029 9.91617 14.5645 1496670.0
138 0.03625 8.83434e-05 -2339.39 273.268 5.02726 5.02878 9.85014 14.4029 1496690.0
137 0.03635 8.83428e-05 -2339.39 273.262 5.02713 5.02857 9.49076 13.8761 1493710.0
136 0.03645 8.83429e-05 -2339.39 273.262 5.02714 5.02856 9.34872 13.702 1493040.0
135 0.03655 8.83425e-05 -2339.39 273.26 5.02707 5.02849 9.18069 13.4556 1491400.0
134 0.03665 8.83419e-05 -2339.39 273.253 5.02692 5.02825 8.87427 13.0328 1489450.0
133 0.03675 8.83433e-05 -2339.39 273.252 5.02698 5.02831 8.75226 12.8456 1488240.0
132 0.03685 8.83424e-05 -2339.39 273.251 5.02691 5.02822 8.58604 12.5521 1487070.0
131 0.03695 8.83423e-05 -2339.39 273.247 5.02682 5.02809 8.41388 12.3966 1485580.0
130 0.03705 8.8343e-05 -2339.4 273.243 5.02679 5.02801 7.98553 11.7787 1482940.0
129 0.03715 8.83421e-05 -2339.4 273.237 5.02663 5.02785 7.99948 11.8006 1483060.0
128 0.03725 8.83428e-05 -2339.39 273.238 5.0267 5.02789 7.85575 11.5216 1481060.0
127 0.03735 8.83434e-05 -2339.4 273.235 5.02667 5.02786 7.66697 11.2254 1480130.0
126 0.03745 8.83424e-05 -2339.4 273.229 5.02649 5.02761 7.35796 10.8428 1478020.0
125 0.03755 8.83422e-05 -2339.4 273.228 5.02646 5.02746 7.19487 10.5206 1477060.0
124 0.03765 8.83419e-05 -2339.4 273.228 5.02646 5.02744 7.02932 10.2358 1475580.0
123 0.03775 8.83423e-05 -2339.4 273.222 5.02636 5.02734 6.98006 10.2744 1475600.0
122 0.03785 8.83426e-05 -2339.4 273.222 5.02637 5.02733 6.82351 9.98959 1473950.0
121 0.03795 8.83431e-05 -2339.4 273.22 5.02638 5.0274 6.67919 9.88747 1473260.0
120 0.03805 8.83423e-05 -2339.4 273.217 5.02627 5.02716 6.38239 9.49821 1471320.0
119 0.03815 8.83422e-05 -2339.4 273.212 5.02618 5.02704 6.25197 9.21599 1470520.0
118 0.03825 8.83425e-05 -2339.4 273.211 5.02617 5.02702 6.20702 9.05861 1469690.0
117 0.03835 8.83421e-05 -2339.4 273.208 5.0261 5.02685 5.88984 8.71303 1467830.0
116 0.03845 8.83416e-05 -2339.4 273.206 5.02603 5.02678 5.74044 8.51244 1467170.0
115 0.03855 8.83422e-05 -2339.4 273.2 5.02595 5.0267 5.46996 8.11279 1465020.0
114 0.03865 8.83425e-05 -2339.4 273.198 5.02594 5.02661 5.29754 7.88463 1464430.0
113 0.03875 8.8342e-05 -2339.4 273.193 5.02582 5.0264 5.00499 7.54557 1462440.0
112 0.03885 8.83415e-05 -2339.4 273.196 5.02583 5.02643 5.07898 7.60532 1462600.0
111 0.03895 8.8343e-05 -2339.4 273.194 5.02589 5.02641 5.01995 7.34334 1462060.0
110 0.03905 8.83422e-05 -2339.4 273.195 5.02587 5.02647 5.11057 7.43379 1462160.0
109 0.03915 8.83422e-05 -2339.4 273.191 5.02579 5.02629 4.87895 7.07976 1460620.0
108 0.03925 8.83418e-05 -2339.4 273.189 5.02574 5.02623 4.71576 6.90759 1459620.0
107 0.03935 8.83421e-05 -2339.4 273.186 5.02569 5.02611 4.4779 6.60964 1458390.0
106 0.03945 8.83418e-05 -2339.4 273.184 5.02564 5.02599 4.36737 6.44103 1457300.0
105 0.03955 8.83422e-05 -2339.4 273.183 5.02564 5.02598 4.29366 6.33755 1457030.0
104 0.03965 8.83425e-05 -2339.41 273.182 5.02564 5.026 4.33771 6.38444 1456920.0
103 0.03975 8.83429e-05 -2339.4 273.179 5.02562 5.0259 4.04037 5.94282 1455190.0
102 0.03985 8.83413e-05 -2339.41 273.178 5.0255 5.02575 4.07601 6.05709 1455370.0
101 0.03995 8.83418e-05 -2339.4 273.177 5.02552 5.02578 3.97291 5.84118 1454430.0
100 0.04005 8.8342e-05 -2339.41 273.175 5.02548 5.02573 3.79731 5.64912 1453570.0
99 0.04015 8.8342e-05 -2339.41 273.173 5.02544 5.02563 3.64328 5.36814 1452380.0
98 0.04025 8.83425e-05 -2339.41 273.17 5.02542 5.0255 3.48077 5.18393 1451600.0
97 0.04035 8.83421e-05 -2339.41 273.167 5.02534 5.02544 3.43069 5.08127 1451050.0
96 0.04045 8.83422e-05 -2339.41 273.172 5.02544 5.02564 3.5077 5.12019 1451480.0
95 0.04055 8.83419e-05 -2339.41 273.165 5.02529 5.02531 3.33996 4.86347 1450190.0
94 0.04065 8.83417e-05 -2339.41 273.165 5.02528 5.02531 3.15477 4.6271 1449320.0
93 0.04075 8.83424e-05 -2339.41 273.164 5.02531 5.02533 3.01251 4.43684 1448370.0
92 0.04085 8.83415e-05 -2339.41 273.16 5.02518 5.02514 2.99974 4.4406 1447920.0
91 0.04095 8.83412e-05 -2339.41 273.16 5.02517 5.02518 2.90836 4.3356 1447380.0
90 0.04105 8.83426e-05 -2339.41 273.16 5.02525 5.02526 2.75005 4.11853 1446710.0
89 0.04115 8.83417e-05 -2339.41 273.156 5.02512 5.02501 2.70978 4.07757 1446100.0
88 0.04125 8.83422e-05 -2339.41 273.159 5.0252 5.02517 2.73263 4.06151 1446110.0
87 0.04135 8.83417e-05 -2339.41 273.156 5.02511 5.02499 2.62738 3.90728 1445410.0
86 0.04145 8.83426e-05 -2339.41 273.155 5.02516 5.02499 2.54964 3.80704 1444870.0
85 0.04155 8.83417e-05 -2339.41 273.154 5.02509 5.02496 2.5202 3.72205 1444700.0
84 0.04165 8.83411e-05 -2339.41 273.155 5.02506 5.02481 2.47633 3.67655 1444250.0
83 0.04175 8.83425e-05 -2339.41 273.151 5.02507 5.02483 2.338 3.48642 1443440.0
82 0.04185 8.8342e-05 -2339.41 273.151 5.02505 5.02488 2.33788 3.51939 1443240.0
81 0.04195 8.83414e-05 -2339.41 273.151 5.02502 5.0248 2.30851 3.49397 1443220.0
80 0.04205 8.83425e-05 -2339.41 273.149 5.02504 5.02482 2.19477 3.26305 1442340.0
79 0.04215 8.83415e-05 -2339.41 273.148 5.02496 5.02469 2.19457 3.2696 1442380.0
78 0.04225 8.8342e-05 -2339.41 273.148 5.02498 5.02468 2.06479 3.11813 1441490.0
77 0.04235 8.83425e-05 -2339.41 273.146 5.02497 5.0246 1.97103 2.9625 1441090.0
76 0.04245 8.83413e-05 -2339.41 273.145 5.02489 5.02452 1.95549 2.91573 1440910.0
75 0.04255 8.83421e-05 -2339.41 273.145 5.02494 5.02456 1.84374 2.80382 1440200.0
74 0.04265 8.83417e-05 -2339.41 273.142 5.02485 5.02443 1.80005 2.73643 1439900.0
73 0.04275 8.83411e-05 -2339.41 273.144 5.02485 5.02452 1.7715 2.7357 1439620.0
72 0.04285 8.83414e-05 -2339.41 273.145 5.0249 5.02455 1.83905 2.84006 1439940.0
71 0.04295 8.83421e-05 -2339.41 273.141 5.02486 5.02439 1.64558 2.46271 1438980.0
70 0.04305 8.83419e-05 -2339.41 273.14 5.02484 5.02433 1.61926 2.43811 1438700.0
69 0.04315 8.83413e-05 -2339.41 273.138 5.02476 5.02422 1.57683 2.37957 1438420.0
68 0.04325 8.83415e-05 -2339.41 273.14 5.02481 5.02418 1.58278 2.36883 1438160.0
67 0.04335 8.83426e-05 -2339.41 273.142 5.0249 5.02432 1.537 2.32883 1438080.0
66 0.04345 8.83417e-05 -2339.41 273.137 5.02476 5.02421 1.49598 2.28038 1437780.0
65 0.04355 8.83417e-05 -2339.41 273.14 5.02483 5.02425 1.50365 2.25769 1437710.0
64 0.04365 8.83418e-05 -2339.41 273.136 5.02476 5.02413 1.40066 2.12032 1437000.0
63 0.04375 8.83421e-05 -2339.41 273.135 5.02476 5.02407 1.34671 2.07471 1436870.0
62 0.04385 8.83422e-05 -2339.41 273.136 5.02478 5.02421 1.28075 1.99587 1436540.0
61 0.04395 8.83414e-05 -2339.42 273.135 5.02471 5.02408 1.26602 1.98926 1436360.0
60 0.04405 8.83419e-05 -2339.41 273.133 5.02471 5.02408 1.18086 1.87695 1435840.0
59 0.04415 8.83417e-05 -2339.41 273.133 5.02468 5.02412 1.20657 1.8963 1435890.0
58 0.04425 8.83422e-05 -2339.41 273.133 5.02472 5.02411 1.1855 1.87271 1435680.0
57 0.04435 8.83423e-05 -2339.41 273.134 5.02474 5.02415 1.17879 1.84598 1435760.0
56 0.04445 8.83415e-05 -2339.41 273.132 5.02467 5.02403 1.1872 1.85161 1435540.0
55 0.04455 8.83415e-05 -2339.41 273.131 5.02465 5.02399 1.12636 1.77801 1435420.0
54 0.04465 8.83417e-05 -2339.42 273.131 5.02466 5.02404 1.01799 1.58494 1434670.0
53 0.04475 8.83422e-05 -2339.41 273.13 5.02467 5.02399 1.0453 1.69363 1434750.0
52 0.04485 8.83411e-05 -2339.41 273.129 5.0246 5.02391 1.02056 1.65933 1434770.0
51 0.04495 8.83426e-05 -2339.41 273.129 5.02468 5.02405 0.915556 1.49763 1434080.0
50 0.04505 8.83413e-05 -2339.41 273.131 5.02464 5.024 1.04871 1.62753 1434760.0
49 0.04515 8.83415e-05 -2339.41 273.127 5.02458 5.024 0.923496 1.48461 1433850.0
48 0.04525 8.83417e-05 -2339.41 273.13 5.02464 5.02404 0.954452 1.52232 1434150.0
47 0.04535 8.8341e-05 -2339.41 273.129 5.02458 5.02399 0.94815 1.49085 1433850.0
46 0.04545 8.83421e-05 -2339.41 273.128 5.02462 5.0241 0.894424 1.42273 1433600.0
45 0.04555 8.83417e-05 -2339.41 273.129 5.02462 5.02401 0.869923 1.38698 1433350.0
44 0.04565 8.83418e-05 -2339.41 273.129 5.02462 5.02402 0.884484 1.38951 1433360.0
43 0.04575 8.83421e-05 -2339.41 273.127 5.0246 5.02402 0.8559 1.36514 1433230.0
42 0.04585 8.83422e-05 -2339.41 273.127 5.02462 5.024 0.814374 1.34032 1432990.0
41 0.04595 8.83415e-05 -2339.41 273.126 5.02455 5.02398 0.800741 1.31686 1432660.0
40 0.04605 8.83416e-05 -2339.41 273.127 5.02458 5.02396 0.717389 1.18764 1432370.0
39 0.04615 8.8342e-05 -2339.41 273.124 5.02455 5.02394 0.711728 1.17926 1432130.0
38 0.04625 8.83416e-05 -2339.41 273.122 5.0245 5.02383 0.712708 1.15036 1432010.0
37 0.04635 8.83422e-05 -2339.41 273.126 5.02459 5.02399 0.689714 1.14445 1432080.0
36 0.04645 8.8342e-05 -2339.41 273.125 5.02455 5.02392 0.667611 1.12396 1431710.0
35 0.04655 8.83417e-05 -2339.41 273.125 5.02455 5.02392 0.705059 1.17778 1432050.0
34 0.04665 8.83412e-05 -2339.41 273.126 5.02454 5.02397 0.679593 1.12429 1431730.0
33 0.04675 8.83418e-05 -2339.41 273.126 5.02458 5.02394 0.698151 1.13166 1431800.0
32 0.04685 8.83422e-05 -2339.41 273.122 5.02452 5.02386 0.624358 1.05549 1431340.0
31 0.04695 8.83413e-05 -2339.41 273.123 5.02449 5.02383 0.618374 1.0591 1431300.0
30 0.04705 8.83418e-05 -2339.41 273.125 5.02456 5.02399 0.621961 1.08525 1431480.0
29 0.04715 8.83421e-05 -2339.41 273.122 5.02451 5.0238 0.585339 0.976529 1430840.0
28 0.04725 8.83418e-05 -2339.41 273.122 5.02449 5.02385 0.586444 1.04098 1431100.0
27 0.04735 8.83419e-05 -2339.41 273.127 5.02459 5.02394 0.586727 1.01416 1430950.0
26 0.04745 8.83415e-05 -2339.41 273.123 5.0245 5.02376 0.60103 1.0775 1430970.0
25 0.04755 8.8342e-05 -2339.41 273.123 5.02452 5.0238 0.674428 1.14337 1431190.0
24 0.04765 8.83419e-05 -2339.41 273.124 5.02454 5.0238 0.590231 1.01354 1430850.0
23 0.04775 8.8342e-05 -2339.42 273.121 5.0245 5.02374 0.544426 1.00435 1430640.0
22 0.04785 8.83414e-05 -2339.42 273.123 5.0245 5.0237 0.565847 1.03435 1430630.0
21 0.04795 8.83414e-05 -2339.41 273.124 5.02452 5.02377 0.582061 1.01109 1430750.0
20 0.04805 8.83416e-05 -2339.41 273.121 5.02448 5.02366 0.570844 0.981595 1430520.0
19 0.04815 8.83421e-05 -2339.42 273.123 5.02453 5.02365 0.456263 0.839532 1430180.0
18 0.04825 8.83418e-05 -2339.42 273.121 5.02448 5.02362 0.491509 0.878783 1430090.0
17 0.04835 8.83419e-05 -2339.41 273.12 5.02447 5.02353 0.459114 0.827483 1429960.0
16 0.04845 8.83418e-05 -2339.42 273.119 5.02444 5.02351 0.405776 0.749045 1429640.0
15 0.04855 8.83414e-05 -2339.42 273.12 5.02444 5.02347 0.40768 0.751648 1429710.0
14 0.04865 8.83417e-05 -2339.42 273.12 5.02445 5.02347 0.339591 0.650153 1429420.0
13 0.04875 8.83417e-05 -2339.41 273.122 5.02449 5.02345 0.406179 0.73075 1429630.0
12 0.04885 8.83418e-05 -2339.42 273.118 5.02443 5.02351 0.333363 0.625913 1429210.0
11 0.04895 8.83411e-05 -2339.42 273.118 5.02438 5.02335 0.391394 0.714394 1429390.0
10 0.04905 8.83422e-05 -2339.41 273.12 5.02449 5.02348 0.33357 0.612836 1429340.0
9 0.04915 8.83411e-05 -2339.42 273.12 5.02442 5.02338 0.386598 0.673965 1429290.0
8 0.04925 8.83416e-05 -2339.42 273.118 5.02441 5.02339 0.357349 0.64247 1429260.0
7 0.04935 8.83424e-05 -2339.42 273.119 5.02448 5.02347 0.318637 0.559964 1429100.0
6 0.04945 8.83416e-05 -2339.42 273.118 5.02441 5.02331 0.312646 0.543972 1429000.0
5 0.04955 8.83412e-05 -2339.42 273.119 5.02441 5.02329 0.283534 0.494013 1428930.0
4 0.04965 8.8342e-05 -2339.41 273.117 5.02443 5.02336 0.268398 0.440272 1428770.0
3 0.04975 8.83417e-05 -2339.42 273.117 5.0244 5.02327 0.255724 0.431854 1428800.0
2 0.04985 8.83425e-05 -2339.42 273.117 5.02445 5.02333 0.212293 0.352136 1428550.0
1 0.04995 8.8341e-05 -2339.42 273.117 5.02437 5.02315 0.184447 0.337804 1428290.0
