TITLE = "DSMC"
VARIABLES = "ID" "X" "rho" "v1" "Ttrans" "p" "p1" "q1" "mv1v1v1" "mvvv1v1"
ZONE T="Ma=2.4", I=1000, J=1, K=1, F=POINT
1 -0.06995 8.83442e-05 738.744 273.164 5.0254 5.02481 -0.55629 -0.891896 1428410.0
2 -0.06985 8.83442e-05 738.743 273.166 5.02544 5.02481 -0.551194 -0.888273 1428430.0
3 -0.06975 8.83437e-05 738.75 273.16 5.02531 5.02452 -0.49867 -0.777627 1428200.0
4 -0.06965 8.83421e-05 738.754 273.153 5.02508 5.02405 -0.385175 -0.58716 1427880.0
5 -0.06955 8.83441e-05 738.742 273.166 5.02544 5.02499 -0.592471 -0.998283 1428490.0
6 -0.06945 8.83415e-05 738.76 273.149 5.02498 5.02382 -0.269588 -0.348254 1427740.0
7 -0.06935 8.83432e-05 738.749 273.156 5.0252 5.02447 -0.402942 -0.748169 1428110.0
8 -0.06925 8.83429e-05 738.752 273.155 5.02517 5.02434 -0.400155 -0.630006 1428110.0
9 -0.06915 8.8344e-05 738.741 273.168 5.02548 5.02502 -0.567309 -0.899358 1428610.0
10 -0.06905 8.8342e-05 738.755 273.153 5.02508 5.02413 -0.373564 -0.476249 1428060.0
11 -0.06895 8.83446e-05 738.742 273.167 5.02548 5.02516 -0.582424 -0.893712 1428670.0
12 -0.06885 8.83441e-05 738.745 273.166 5.02544 5.02497 -0.581996 -0.831748 1428670.0
13 -0.06875 8.83432e-05 738.746 273.157 5.02522 5.02463 -0.427316 -0.588133 1428410.0
14 -0.06865 8.83415e-05 738.763 273.142 5.02486 5.02373 -0.190613 -0.132498 1427820.0
15 -0.06855 8.8342e-05 738.763 273.141 5.02485 5.02367 -0.178006 -0.0895556 1427720.0
16 -0.06845 8.83429e-05 738.751 273.155 5.02516 5.02446 -0.36132 -0.408655 1428260.0
17 -0.06835 8.83431e-05 738.747 273.157 5.02522 5.02459 -0.420733 -0.545668 1428400.0
18 -0.06825 8.83443e-05 738.743 273.165 5.02542 5.02491 -0.507584 -0.643674 1428630.0
19 -0.06815 8.83447e-05 738.742 273.165 5.02544 5.02504 -0.520673 -0.716645 1428730.0
20 -0.06805 8.83441e-05 738.741 273.166 5.02543 5.025 -0.554376 -0.682046 1428760.0
21 -0.06795 8.83442e-05 738.742 273.163 5.02539 5.02498 -0.470324 -0.640008 1428720.0
22 -0.06785 8.83452e-05 738.733 273.169 5.02555 5.02565 -0.537522 -0.874278 1428990.0
23 -0.06775 8.83459e-05 738.732 273.166 5.02554 5.02568 -0.494266 -0.837572 1428940.0
24 -0.06765 8.83465e-05 738.724 273.177 5.02578 5.0261 -0.672045 -1.10505 1429330.0
25 -0.06755 8.83466e-05 738.726 273.179 5.02582 5.02592 -0.672669 -0.948613 1429280.0
26 -0.06745 8.83461e-05 738.728 273.173 5.02569 5.02586 -0.628016 -0.952811 1429170.0
27 -0.06735 8.83446e-05 738.741 273.157 5.02531 5.02505 -0.383163 -0.559105 1428600.0
28 -0.06725 8.83441e-05 738.741 273.158 5.02529 5.02495 -0.33847 -0.527839 1428600.0
29 -0.06715 8.83442e-05 738.74 273.16 5.02534 5.02512 -0.43674 -0.651867 1428820.0
30 -0.06705 8.83442e-05 738.741 273.159 5.02532 5.02499 -0.418041 -0.637871 1428740.0
31 -0.06695 8.83424e-05 738.754 273.147 5.02499 5.02412 -0.215681 -0.249669 1428220.0
32 -0.06685 8.8343e-05 738.754 273.15 5.02508 5.02425 -0.222336 -0.2045 1428330.0
33 -0.06675 8.83437e-05 738.748 273.149 5.0251 5.0245 -0.227248 -0.334423 1428380.0
34 -0.06665 8.83454e-05 738.728 273.167 5.02554 5.02583 -0.477205 -0.873551 1429210.0
35 -0.06655 8.83441e-05 738.742 273.15 5.02515 5.02501 -0.239035 -0.553231 1428620.0
36 -0.06645 8.83438e-05 738.738 273.156 5.02524 5.02524 -0.335946 -0.734837 1428890.0
37 -0.06635 8.83439e-05 738.744 273.151 5.02515 5.02499 -0.233523 -0.499354 1428720.0
38 -0.06625 8.83445e-05 738.735 273.165 5.02544 5.02547 -0.460893 -0.762048 1429180.0
39 -0.06615 8.83439e-05 738.741 273.152 5.02516 5.02506 -0.247513 -0.530207 1428790.0
40 -0.06605 8.83431e-05 738.744 273.15 5.02509 5.02478 -0.236141 -0.308538 1428710.0
41 -0.06595 8.83447e-05 738.739 273.152 5.02522 5.02525 -0.278236 -0.555962 1428880.0
42 -0.06585 8.83439e-05 738.742 273.15 5.02513 5.02503 -0.202386 -0.352358 1428750.0
43 -0.06575 8.83439e-05 738.739 273.148 5.0251 5.02517 -0.159843 -0.383792 1428720.0
44 -0.06565 8.83429e-05 738.745 273.143 5.02495 5.02471 -0.0412432 -0.101962 1428390.0
45 -0.06555 8.83441e-05 738.743 273.147 5.02509 5.02489 -0.141069 -0.216535 1428570.0
46 -0.06545 8.83427e-05 738.747 273.147 5.02502 5.02465 -0.145285 -0.261275 1428580.0
47 -0.06535 8.83437e-05 738.75 273.14 5.02494 5.02453 -0.0134443 -0.119787 1428340.0
48 -0.06525 8.83442e-05 738.731 273.157 5.02528 5.02561 -0.254349 -0.641147 1429050.0
49 -0.06515 8.83442e-05 738.738 273.155 5.02524 5.0254 -0.259858 -0.639714 1428980.0
50 -0.06505 8.83426e-05 738.751 273.138 5.02485 5.02441 0.0415295 -0.0391114 1428310.0
51 -0.06495 8.83438e-05 738.739 273.151 5.02514 5.02525 -0.20812 -0.539398 1428940.0
52 -0.06485 8.83437e-05 738.738 273.153 5.02517 5.02531 -0.203439 -0.526324 1428930.0
53 -0.06475 8.83444e-05 738.735 273.153 5.02522 5.02557 -0.237065 -0.622939 1429050.0
54 -0.06465 8.83433e-05 738.749 273.14 5.02491 5.02464 -0.0246307 -0.126825 1428490.0
55 -0.06455 8.83427e-05 738.748 273.143 5.02494 5.02471 -0.0671743 -0.18265 1428590.0
56 -0.06445 8.83428e-05 738.75 273.137 5.02484 5.02444 -0.00651541 -0.00320223 1428390.0
57 -0.06435 8.83435e-05 738.747 273.148 5.02506 5.02468 -0.106043 -0.0306941 1428600.0
58 -0.06425 8.83435e-05 738.74 273.154 5.02518 5.02507 -0.242199 -0.368736 1428840.0
59 -0.06415 8.83448e-05 738.731 273.162 5.02541 5.02561 -0.407024 -0.643019 1429240.0
60 -0.06405 8.83432e-05 738.746 273.146 5.02502 5.02475 -0.129258 -0.2404 1428680.0
61 -0.06395 8.83409e-05 738.762 273.131 5.02461 5.02362 0.0957291 0.189698 1428020.0
62 -0.06385 8.83427e-05 738.753 273.149 5.02504 5.02436 -0.191486 -0.278544 1428660.0
63 -0.06375 8.83437e-05 738.744 273.154 5.02519 5.02477 -0.285502 -0.490341 1428890.0
64 -0.06365 8.83437e-05 738.744 273.156 5.02523 5.0249 -0.271539 -0.452153 1428950.0
65 -0.06355 8.8343e-05 738.747 273.144 5.02498 5.02458 -0.132192 -0.349434 1428630.0
66 -0.06345 8.83439e-05 738.742 273.155 5.02523 5.02494 -0.259758 -0.441188 1428950.0
67 -0.06335 8.83424e-05 738.752 273.142 5.0249 5.02429 -0.0707172 -0.188994 1428440.0
68 -0.06325 8.83445e-05 738.737 273.163 5.02541 5.02535 -0.399137 -0.701694 1429240.0
69 -0.06315 8.83454e-05 738.728 273.169 5.02556 5.02594 -0.495379 -0.925648 1429530.0
70 -0.06305 8.8346e-05 738.723 273.169 5.0256 5.02618 -0.515675 -1.03604 1429640.0
71 -0.06295 8.83458e-05 738.724 273.17 5.02561 5.02617 -0.477035 -1.023 1429620.0
72 -0.06285 8.8346e-05 738.726 273.168 5.02558 5.02592 -0.472489 -1.00046 1429440.0
73 -0.06275 8.83444e-05 738.734 273.165 5.02544 5.02541 -0.407117 -0.702282 1429200.0
74 -0.06265 8.83443e-05 738.744 273.154 5.02523 5.02489 -0.265344 -0.476152 1428790.0
75 -0.06255 8.83435e-05 738.742 273.161 5.0253 5.02501 -0.380272 -0.604363 1429070.0
76 -0.06245 8.8343e-05 738.748 273.151 5.0251 5.02456 -0.215289 -0.383555 1428710.0
77 -0.06235 8.83429e-05 738.753 273.143 5.02494 5.02429 -0.0785164 -0.197536 1428440.0
78 -0.06225 8.83416e-05 738.761 273.131 5.02466 5.0237 0.0921464 0.145318 1427970.0
79 -0.06215 8.83411e-05 738.767 273.127 5.02456 5.02335 0.244206 0.45699 1427710.0
80 -0.06205 8.83424e-05 738.758 273.135 5.02477 5.02394 0.0649946 0.124129 1428050.0
81 -0.06195 8.8343e-05 738.753 273.146 5.02501 5.02443 -0.0502669 -0.0517822 1428410.0
82 -0.06185 8.83418e-05 738.755 273.141 5.02485 5.02413 -0.00599614 0.004736 1428210.0
83 -0.06175 8.83444e-05 738.741 273.155 5.02526 5.02514 -0.211392 -0.413128 1428870.0
84 -0.06165 8.83439e-05 738.743 273.154 5.02521 5.02487 -0.18329 -0.290863 1428730.0
85 -0.06155 8.83429e-05 738.751 273.15 5.02508 5.02447 -0.183573 -0.193879 1428610.0
86 -0.06145 8.83435e-05 738.745 273.154 5.02519 5.02468 -0.178145 -0.301382 1428670.0
87 -0.06135 8.83429e-05 738.752 273.145 5.02497 5.02422 -0.0341876 -0.12081 1428310.0
88 -0.06125 8.83424e-05 738.751 273.145 5.02496 5.02407 -0.0676633 -0.0919664 1428320.0
89 -0.06115 8.83427e-05 738.753 273.151 5.02509 5.02419 -0.177532 -0.137736 1428510.0
90 -0.06105 8.83422e-05 738.755 273.145 5.02495 5.02399 -0.0457682 0.0191016 1428260.0
91 -0.06095 8.83441e-05 738.743 273.154 5.02521 5.02464 -0.205112 -0.295423 1428710.0
92 -0.06085 8.83447e-05 738.737 273.165 5.02545 5.02517 -0.381726 -0.619993 1429140.0
93 -0.06075 8.83441e-05 738.741 273.161 5.02535 5.02468 -0.315805 -0.417938 1428930.0
94 -0.06065 8.83452e-05 738.734 273.169 5.02556 5.02526 -0.452028 -0.746363 1429290.0
95 -0.06055 8.83435e-05 738.746 273.153 5.02516 5.02453 -0.16604 -0.407575 1428700.0
96 -0.06045 8.83419e-05 738.756 273.141 5.02485 5.02375 0.0277793 0.0630512 1428220.0
97 -0.06035 8.83439e-05 738.748 273.147 5.02509 5.02448 -0.0496444 -0.204931 1428560.0
98 -0.06025 8.83428e-05 738.75 273.145 5.02497 5.0241 -0.0150903 -0.0458099 1428410.0
99 -0.06015 8.83429e-05 738.752 273.145 5.02498 5.02421 -0.0385885 -0.173093 1428480.0
100 -0.06005 8.83428e-05 738.75 273.147 5.02502 5.02435 -0.0480783 -0.296593 1428490.0
101 -0.05995 8.83423e-05 738.759 273.139 5.02484 5.02372 0.0769053 0.0626888 1428160.0
102 -0.05985 8.83422e-05 738.756 273.145 5.02495 5.02386 -0.0752463 -0.0277479 1428340.0
103 -0.05975 8.83419e-05 738.762 273.143 5.02489 5.02357 -0.0217947 0.0762233 1428180.0
104 -0.05965 8.83425e-05 738.753 273.152 5.0251 5.02422 -0.145421 -0.210117 1428590.0
105 -0.05955 8.83439e-05 738.742 273.162 5.02536 5.0248 -0.33091 -0.527308 1429000.0
106 -0.05945 8.83425e-05 738.755 273.15 5.02506 5.02391 -0.143656 -0.0816007 1428470.0
107 -0.05935 8.83419e-05 738.757 273.144 5.02491 5.02378 -0.0340514 0.00421162 1428320.0
108 -0.05925 8.83431e-05 738.753 273.152 5.02512 5.02416 -0.144081 -0.211282 1428610.0
109 -0.05915 8.83419e-05 738.761 273.148 5.02498 5.02387 -0.0809439 -0.0838513 1428430.0
110 -0.05905 8.83421e-05 738.756 273.146 5.02495 5.02389 -0.0557156 -0.133865 1428430.0
111 -0.05895 8.83418e-05 738.762 273.145 5.02493 5.02364 -0.0631694 -0.0325825 1428370.0
112 -0.05885 8.83414e-05 738.763 273.141 5.02483 5.02348 -0.023305 0.0130803 1428290.0
113 -0.05875 8.834e-05 738.772 273.135 5.02463 5.02311 0.0974991 0.22359 1428090.0
114 -0.05865 8.83396e-05 738.781 273.12 5.02433 5.02255 0.328533 0.588013 1427590.0
115 -0.05855 8.83407e-05 738.77 273.133 5.02463 5.02335 0.167091 0.215717 1428120.0
116 -0.05845 8.83414e-05 738.769 273.129 5.02461 5.02332 0.168814 0.174047 1428100.0
117 -0.05835 8.83417e-05 738.762 273.14 5.02483 5.02385 0.0107867 -0.0633395 1428520.0
118 -0.05825 8.83407e-05 738.771 273.134 5.02465 5.02323 0.126149 0.293562 1428200.0
119 -0.05815 8.83414e-05 738.762 273.135 5.02471 5.02358 0.105501 0.0833595 1428340.0
120 -0.05805 8.83418e-05 738.765 273.131 5.02467 5.02353 0.164845 0.14405 1428260.0
121 -0.05795 8.83398e-05 738.775 273.125 5.02445 5.02289 0.257617 0.392922 1427940.0
122 -0.05785 8.83393e-05 738.784 273.115 5.02422 5.02232 0.399566 0.654266 1427590.0
123 -0.05775 8.83405e-05 738.773 273.13 5.02457 5.02302 0.178033 0.336258 1428120.0
124 -0.05765 8.83418e-05 738.758 273.145 5.02493 5.02398 -0.0459596 -0.155152 1428790.0
125 -0.05755 8.83403e-05 738.772 273.13 5.02455 5.0231 0.162243 0.218946 1428190.0
126 -0.05745 8.83394e-05 738.78 273.123 5.02438 5.02267 0.27153 0.424917 1427910.0
127 -0.05735 8.8341e-05 738.769 273.134 5.02467 5.02338 0.0638861 0.0852469 1428410.0
128 -0.05725 8.83408e-05 738.764 273.139 5.02476 5.02366 0.013417 0.0404855 1428520.0
129 -0.05715 8.83415e-05 738.764 273.142 5.02484 5.02367 -0.0210699 0.0830477 1428560.0
130 -0.05705 8.83396e-05 738.779 273.123 5.0244 5.02269 0.249197 0.532926 1427870.0
131 -0.05695 8.83395e-05 738.776 273.128 5.02448 5.02281 0.161537 0.387585 1428030.0
132 -0.05685 8.83405e-05 738.769 273.13 5.02457 5.02325 0.187967 0.263114 1428150.0
133 -0.05675 8.834e-05 738.771 273.13 5.02454 5.02313 0.200449 0.276523 1428090.0
134 -0.05665 8.83401e-05 738.771 273.128 5.02452 5.02316 0.210559 0.300049 1428110.0
135 -0.05655 8.83422e-05 738.755 273.148 5.02499 5.02434 -0.0791341 -0.242616 1428860.0
136 -0.05645 8.8343e-05 738.747 273.16 5.02527 5.02479 -0.312375 -0.509431 1429310.0
137 -0.05635 8.83442e-05 738.74 273.17 5.02551 5.0253 -0.43092 -0.771591 1429630.0
138 -0.05625 8.83424e-05 738.753 273.155 5.02513 5.02445 -0.23579 -0.379626 1429080.0
139 -0.05615 8.83413e-05 738.758 273.145 5.0249 5.02422 -0.0397045 -0.217056 1428750.0
140 -0.05605 8.83427e-05 738.753 273.151 5.02508 5.02453 -0.133108 -0.252682 1428910.0
141 -0.05595 8.83412e-05 738.762 273.14 5.0248 5.02385 0.00733981 0.049455 1428480.0
142 -0.05585 8.83421e-05 738.757 273.147 5.02498 5.0243 -0.0723601 -0.186454 1428710.0
143 -0.05575 8.8343e-05 738.743 273.161 5.02529 5.02506 -0.301214 -0.583287 1429260.0
144 -0.05565 8.83435e-05 738.748 273.16 5.02528 5.02493 -0.229728 -0.512062 1429140.0
145 -0.05555 8.83419e-05 738.754 273.153 5.02508 5.02446 -0.211494 -0.371909 1428950.0
146 -0.05545 8.8343e-05 738.752 273.154 5.02515 5.02462 -0.19793 -0.374044 1428990.0
147 -0.05535 8.83411e-05 738.762 273.148 5.02494 5.02396 -0.133157 -0.0500159 1428750.0
148 -0.05525 8.83418e-05 738.756 273.151 5.02504 5.0242 -0.175234 -0.15207 1428920.0
149 -0.05515 8.83415e-05 738.761 273.145 5.02491 5.02396 -0.0856943 -0.0861295 1428710.0
150 -0.05505 8.83416e-05 738.762 273.143 5.02487 5.02389 -0.0350324 0.0527031 1428630.0
151 -0.05495 8.83421e-05 738.757 273.151 5.02504 5.02425 -0.124974 -0.107122 1428830.0
152 -0.05485 8.83436e-05 738.753 273.153 5.02518 5.02466 -0.204337 -0.193958 1429110.0
153 -0.05475 8.83435e-05 738.745 273.156 5.02522 5.02498 -0.223898 -0.450831 1429180.0
154 -0.05465 8.83426e-05 738.755 273.144 5.02495 5.02441 -0.023775 -0.116401 1428730.0
155 -0.05455 8.83435e-05 738.747 273.152 5.02516 5.02482 -0.17337 -0.376211 1429060.0
156 -0.05445 8.83411e-05 738.764 273.133 5.02465 5.02373 0.153746 0.265409 1428290.0
157 -0.05435 8.83435e-05 738.749 273.146 5.02503 5.02455 -0.0253075 -0.111741 1428790.0
158 -0.05425 8.83416e-05 738.765 273.131 5.02465 5.02359 0.170771 0.314798 1428220.0
159 -0.05415 8.83419e-05 738.76 273.138 5.0248 5.02393 0.113596 0.268787 1428470.0
160 -0.05405 8.83425e-05 738.753 273.147 5.02501 5.02433 -0.101167 -0.0476948 1428880.0
161 -0.05395 8.83434e-05 738.749 273.152 5.02514 5.02463 -0.155422 -0.170085 1429070.0
162 -0.05385 8.8343e-05 738.752 273.147 5.02502 5.02441 -0.0698874 -0.0611227 1428910.0
163 -0.05375 8.8343e-05 738.756 273.135 5.0248 5.02418 0.0978046 0.0998081 1428580.0
164 -0.05365 8.83432e-05 738.747 273.151 5.02512 5.02478 -0.0797732 -0.26637 1429060.0
165 -0.05355 8.83436e-05 738.751 273.144 5.025 5.02458 0.00607434 -0.158893 1428820.0
166 -0.05345 8.83411e-05 738.766 273.126 5.02454 5.02344 0.235717 0.376256 1428160.0
167 -0.05335 8.83412e-05 738.766 273.132 5.02464 5.02365 0.154088 0.222899 1428410.0
168 -0.05325 8.83434e-05 738.751 273.144 5.02499 5.02443 -0.00588172 -0.0630455 1428840.0
169 -0.05315 8.83438e-05 738.744 273.152 5.02516 5.025 -0.162426 -0.434427 1429150.0
170 -0.05305 8.83422e-05 738.755 273.14 5.02485 5.02415 0.0329127 -0.030606 1428660.0
171 -0.05295 8.83427e-05 738.756 273.142 5.02492 5.02432 0.0297581 -0.137892 1428670.0
172 -0.05285 8.83412e-05 738.767 273.133 5.02467 5.02357 0.16363 0.0967286 1428290.0
173 -0.05275 8.83422e-05 738.755 273.147 5.02497 5.02425 -0.0374123 -0.275957 1428800.0
174 -0.05265 8.8344e-05 738.746 273.159 5.0253 5.02502 -0.24913 -0.643007 1429350.0
175 -0.05255 8.83429e-05 738.748 273.153 5.02513 5.02457 -0.198972 -0.397636 1429150.0
176 -0.05245 8.83444e-05 738.747 273.154 5.02523 5.025 -0.197845 -0.59965 1429330.0
177 -0.05235 8.8343e-05 738.754 273.144 5.02498 5.02435 -0.0170634 -0.302694 1428920.0
178 -0.05225 8.83422e-05 738.759 273.145 5.02495 5.02409 -0.000865133 -0.187926 1428860.0
179 -0.05215 8.83414e-05 738.759 273.141 5.02482 5.02385 0.0532131 -0.0995518 1428710.0
180 -0.05205 8.83418e-05 738.763 273.138 5.02479 5.02387 0.0899644 -0.040095 1428640.0
181 -0.05195 8.83424e-05 738.757 273.143 5.02491 5.02414 -0.0314631 -0.205025 1428910.0
182 -0.05185 8.83412e-05 738.768 273.132 5.02465 5.02352 0.17592 0.170972 1428450.0
183 -0.05175 8.83412e-05 738.765 273.133 5.02468 5.02355 0.180264 0.094988 1428460.0
184 -0.05165 8.83413e-05 738.766 273.13 5.02461 5.02336 0.223936 0.16685 1428330.0
185 -0.05155 8.83412e-05 738.77 273.13 5.02462 5.02335 0.200772 0.167279 1428390.0
186 -0.05145 8.83409e-05 738.767 273.134 5.02468 5.02343 0.104235 0.0437453 1428550.0
187 -0.05135 8.83409e-05 738.77 273.132 5.02462 5.02334 0.208784 0.140222 1428440.0
188 -0.05125 8.83415e-05 738.767 273.131 5.02464 5.02352 0.180234 0.164947 1428550.0
189 -0.05115 8.83421e-05 738.761 273.132 5.02469 5.02381 0.190474 0.0763918 1428600.0
190 -0.05105 8.83421e-05 738.759 273.129 5.02465 5.0239 0.228638 0.137112 1428600.0
191 -0.05095 8.83418e-05 738.766 273.127 5.02459 5.02354 0.244413 0.333786 1428410.0
192 -0.05085 8.83426e-05 738.756 273.135 5.02479 5.02424 0.137697 0.0163794 1428800.0
193 -0.05075 8.83436e-05 738.748 273.142 5.02498 5.02459 0.0121378 -0.136163 1429110.0
194 -0.05065 8.83442e-05 738.742 273.149 5.02512 5.02491 -0.0374172 -0.227354 1429330.0
195 -0.05055 8.83426e-05 738.759 273.132 5.02473 5.02396 0.181872 0.159579 1428740.0
196 -0.05045 8.83421e-05 738.758 273.128 5.02463 5.02377 0.235839 0.282604 1428620.0
197 -0.05035 8.83419e-05 738.768 273.121 5.02449 5.02346 0.410682 0.487849 1428300.0
198 -0.05025 8.8341e-05 738.767 273.118 5.02437 5.02335 0.380228 0.463295 1428290.0
199 -0.05015 8.83406e-05 738.773 273.117 5.02433 5.02292 0.422347 0.694199 1428090.0
200 -0.05005 8.83391e-05 738.783 273.11 5.02413 5.02232 0.487532 0.906055 1427790.0
201 -0.04995 8.8341e-05 738.772 273.12 5.02441 5.02309 0.374035 0.523375 1428190.0
202 -0.04985 8.8341e-05 738.774 273.12 5.02441 5.02298 0.367374 0.632112 1428130.0
203 -0.04975 8.83421e-05 738.76 273.138 5.02481 5.02373 0.0679403 0.233386 1428780.0
204 -0.04965 8.83443e-05 738.744 273.158 5.0253 5.02484 -0.263903 -0.344029 1429590.0
205 -0.04955 8.83432e-05 738.751 273.146 5.02502 5.02434 -0.0699208 -0.0869794 1429140.0
206 -0.04945 8.83443e-05 738.745 273.154 5.02523 5.0248 -0.160528 -0.265997 1429430.0
207 -0.04935 8.83443e-05 738.743 273.157 5.02529 5.02506 -0.235459 -0.428147 1429580.0
208 -0.04925 8.83431e-05 738.754 273.139 5.02488 5.02427 0.0954901 0.0152156 1428900.0
209 -0.04915 8.83441e-05 738.744 273.149 5.02512 5.02473 -0.0576763 -0.170188 1429210.0
210 -0.04905 8.83446e-05 738.738 273.158 5.02532 5.02545 -0.227559 -0.588858 1429700.0
211 -0.04895 8.83441e-05 738.745 273.147 5.02509 5.02489 -0.0578215 -0.224961 1429240.0
212 -0.04885 8.83442e-05 738.741 273.153 5.02521 5.02514 -0.146556 -0.305036 1429380.0
213 -0.04875 8.83439e-05 738.749 273.151 5.02516 5.0247 -0.107034 -0.0573307 1429210.0
214 -0.04865 8.83445e-05 738.744 273.152 5.0252 5.02486 -0.112138 -0.117238 1429260.0
215 -0.04855 8.83424e-05 738.758 273.137 5.0248 5.02412 0.116216 0.197264 1428730.0
216 -0.04845 8.83427e-05 738.761 273.127 5.02464 5.02381 0.283853 0.343838 1428400.0
217 -0.04835 8.83424e-05 738.76 273.13 5.02467 5.02402 0.266069 0.287713 1428540.0
218 -0.04825 8.83434e-05 738.754 273.134 5.0248 5.0243 0.18225 0.133202 1428700.0
219 -0.04815 8.8344e-05 738.745 273.143 5.02501 5.02471 0.0249901 -0.105673 1429030.0
220 -0.04805 8.83445e-05 738.748 273.143 5.02504 5.02456 0.0556539 -0.0020089 1428900.0
221 -0.04795 8.83434e-05 738.749 273.143 5.02498 5.02456 0.0820652 0.0290797 1428840.0
222 -0.04785 8.83443e-05 738.746 273.136 5.0249 5.02465 0.174747 0.0862122 1428740.0
223 -0.04775 8.83442e-05 738.744 273.139 5.02495 5.0248 0.126553 0.0605486 1428860.0
224 -0.04765 8.83443e-05 738.745 273.135 5.02488 5.02468 0.205387 0.133361 1428680.0
225 -0.04755 8.83452e-05 738.738 273.149 5.02519 5.02524 -0.0353366 -0.135526 1429150.0
226 -0.04745 8.83437e-05 738.748 273.141 5.02496 5.02451 0.0687788 0.164693 1428770.0
227 -0.04735 8.8345e-05 738.739 273.154 5.02527 5.02524 -0.144007 -0.196789 1429250.0
228 -0.04725 8.8346e-05 738.73 273.16 5.02543 5.02551 -0.19676 -0.300041 1429380.0
229 -0.04715 8.83464e-05 738.726 273.168 5.0256 5.02589 -0.334538 -0.52078 1429700.0
230 -0.04705 8.83463e-05 738.726 273.167 5.02558 5.02588 -0.356838 -0.62422 1429730.0
231 -0.04695 8.83463e-05 738.731 273.165 5.02555 5.02569 -0.306875 -0.441134 1429660.0
232 -0.04685 8.83444e-05 738.741 273.152 5.0252 5.0249 -0.115471 -0.0487036 1429090.0
233 -0.04675 8.8344e-05 738.746 273.146 5.02507 5.02449 0.0180093 0.146436 1428840.0
234 -0.04665 8.83457e-05 738.733 273.156 5.02535 5.02536 -0.129874 -0.295508 1429310.0
235 -0.04655 8.83438e-05 738.746 273.143 5.02499 5.02457 0.0373221 0.0379341 1428780.0
236 -0.04645 8.83443e-05 738.743 273.145 5.02506 5.02476 0.060582 0.0355687 1428830.0
237 -0.04635 8.83458e-05 738.728 273.161 5.02544 5.02563 -0.201447 -0.379467 1429470.0
238 -0.04625 8.83467e-05 738.722 273.171 5.02568 5.02617 -0.396917 -0.627356 1429880.0
239 -0.04615 8.83459e-05 738.727 273.168 5.02557 5.02569 -0.290658 -0.473141 1429620.0
240 -0.04605 8.83464e-05 738.726 273.171 5.02565 5.02579 -0.332531 -0.421823 1429680.0
241 -0.04595 8.83459e-05 738.73 273.162 5.02548 5.02538 -0.2334 -0.29248 1429390.0
242 -0.04585 8.83465e-05 738.724 273.174 5.02572 5.02591 -0.428154 -0.521955 1429800.0
243 -0.04575 8.83463e-05 738.729 273.17 5.02564 5.02562 -0.383294 -0.358347 1429680.0
244 -0.04565 8.83458e-05 738.731 273.168 5.02557 5.02557 -0.325789 -0.319737 1429560.0
245 -0.04555 8.83462e-05 738.725 273.17 5.02563 5.0258 -0.334035 -0.414332 1429720.0
246 -0.04545 8.8346e-05 738.729 273.165 5.02554 5.02561 -0.296687 -0.362671 1429650.0
247 -0.04535 8.83452e-05 738.738 273.151 5.02523 5.02508 -0.0521986 0.0022313 1429170.0
248 -0.04525 8.83447e-05 738.739 273.147 5.02512 5.02492 0.0713156 0.126786 1428930.0
249 -0.04515 8.8347e-05 738.721 273.159 5.02547 5.02609 -0.153196 -0.468952 1429600.0
250 -0.04505 8.83466e-05 738.721 273.16 5.02548 5.02603 -0.130898 -0.342987 1429590.0
251 -0.04495 8.83476e-05 738.714 273.165 5.02562 5.02651 -0.210644 -0.561491 1429850.0
252 -0.04485 8.83474e-05 738.718 273.162 5.02555 5.02623 -0.153016 -0.362506 1429710.0
253 -0.04475 8.83481e-05 738.71 273.169 5.02572 5.02677 -0.278398 -0.696005 1430010.0
254 -0.04465 8.83486e-05 738.704 273.174 5.02584 5.02711 -0.377158 -0.765573 1430220.0
255 -0.04455 8.83463e-05 738.719 273.158 5.02542 5.02611 -0.114248 -0.294236 1429600.0
256 -0.04445 8.83463e-05 738.719 273.16 5.02545 5.02618 -0.170005 -0.386783 1429700.0
257 -0.04435 8.83433e-05 738.743 273.141 5.02493 5.02467 0.0912812 0.299024 1428870.0
258 -0.04425 8.83436e-05 738.744 273.138 5.02489 5.02463 0.177309 0.419451 1428790.0
259 -0.04415 8.83442e-05 738.734 273.146 5.02507 5.0252 0.080566 0.119852 1429110.0
260 -0.04405 8.83461e-05 738.719 273.16 5.02545 5.02631 -0.137518 -0.382297 1429700.0
261 -0.04395 8.83456e-05 738.724 273.155 5.02533 5.02581 -0.0651008 -0.0707909 1429460.0
262 -0.04385 8.83452e-05 738.726 273.15 5.0252 5.02568 0.00258428 -0.0559178 1429320.0
263 -0.04375 8.83435e-05 738.734 273.145 5.02503 5.02521 0.07344 0.215198 1429080.0
264 -0.04365 8.83445e-05 738.732 273.15 5.02517 5.02544 -0.0268863 -0.00552074 1429320.0
265 -0.04355 8.83428e-05 738.75 273.13 5.0247 5.02433 0.281285 0.500558 1428480.0
266 -0.04345 8.83444e-05 738.734 273.155 5.02525 5.02539 -0.0869873 -0.0415695 1429360.0
267 -0.04335 8.83434e-05 738.738 273.145 5.02501 5.02502 0.0385388 0.175254 1429020.0
268 -0.04325 8.83434e-05 738.748 273.136 5.02485 5.02454 0.233733 0.50032 1428620.0
269 -0.04315 8.83423e-05 738.746 273.139 5.02483 5.02459 0.149792 0.433052 1428750.0
270 -0.04305 8.8344e-05 738.732 273.152 5.02517 5.02528 -0.0763182 0.0708544 1429220.0
271 -0.04295 8.83445e-05 738.736 273.147 5.02512 5.02521 0.0600309 0.250559 1429040.0
272 -0.04285 8.83451e-05 738.726 273.157 5.02532 5.02571 -0.106774 -0.0617223 1429410.0
273 -0.04275 8.83441e-05 738.737 273.145 5.02504 5.02517 0.0883233 0.237703 1428970.0
274 -0.04265 8.83434e-05 738.745 273.135 5.02482 5.02455 0.219557 0.509731 1428570.0
275 -0.04255 8.83427e-05 738.745 273.138 5.02485 5.02462 0.152958 0.470471 1428610.0
276 -0.04245 8.83441e-05 738.734 273.151 5.02516 5.02525 -0.0495235 0.0623473 1429120.0
277 -0.04235 8.83457e-05 738.724 273.16 5.02542 5.02602 -0.174601 -0.280348 1429530.0
278 -0.04225 8.83463e-05 738.722 273.16 5.02545 5.0261 -0.214757 -0.351596 1429540.0
279 -0.04215 8.83459e-05 738.721 273.164 5.0255 5.02628 -0.231307 -0.399443 1429660.0
280 -0.04205 8.83456e-05 738.725 273.158 5.02538 5.02597 -0.225658 -0.347748 1429540.0
281 -0.04195 8.8345e-05 738.728 273.152 5.02523 5.0256 -0.0427235 -0.0507921 1429210.0
282 -0.04185 8.83451e-05 738.737 273.147 5.02514 5.02518 0.0138712 0.0812945 1428980.0
283 -0.04175 8.83435e-05 738.739 273.145 5.02502 5.02497 0.00315862 0.0526635 1429010.0
284 -0.04165 8.83436e-05 738.747 273.142 5.02497 5.02458 0.0428959 0.186919 1428850.0
285 -0.04155 8.83434e-05 738.744 273.144 5.02499 5.0246 -0.0138741 0.0964762 1428930.0
286 -0.04145 8.83445e-05 738.737 273.153 5.02523 5.0253 -0.151649 -0.286088 1429340.0
287 -0.04135 8.83419e-05 738.753 273.131 5.02466 5.02407 0.235384 0.296745 1428440.0
288 -0.04125 8.83435e-05 738.742 273.144 5.02499 5.02483 0.0193051 -0.0579563 1428970.0
289 -0.04115 8.83433e-05 738.745 273.139 5.0249 5.02449 0.0383888 0.0683779 1428850.0
290 -0.04105 8.83438e-05 738.745 273.144 5.02501 5.02471 0.0356178 -0.00643556 1428960.0
291 -0.04095 8.83437e-05 738.736 273.148 5.02508 5.02537 -0.0140834 -0.270408 1429260.0
292 -0.04085 8.83453e-05 738.729 273.15 5.02521 5.0257 -0.0652722 -0.45267 1429400.0
293 -0.04075 8.83437e-05 738.736 273.141 5.02496 5.02518 0.0795065 -0.249679 1429070.0
294 -0.04065 8.83418e-05 738.757 273.124 5.02453 5.02388 0.339758 0.36931 1428280.0
295 -0.04055 8.83415e-05 738.76 273.125 5.02454 5.02384 0.341892 0.393421 1428270.0
296 -0.04045 8.83418e-05 738.755 273.127 5.02459 5.02395 0.301143 0.280784 1428370.0
297 -0.04035 8.83417e-05 738.755 273.125 5.02455 5.02404 0.364113 0.279297 1428350.0
298 -0.04025 8.8343e-05 738.749 273.137 5.02484 5.02454 0.167033 0.0180026 1428840.0
299 -0.04015 8.83432e-05 738.742 273.147 5.02503 5.02498 0.00268435 -0.163787 1429190.0
300 -0.04005 8.83436e-05 738.741 273.14 5.02493 5.02495 0.0725319 -0.190399 1429060.0
301 -0.03995 8.83422e-05 738.748 273.135 5.02476 5.02448 0.194199 0.0676324 1428820.0
302 -0.03985 8.83439e-05 738.736 273.15 5.02514 5.02535 -0.0641634 -0.316647 1429460.0
303 -0.03975 8.83428e-05 738.75 273.142 5.02492 5.02453 0.0583282 0.0789444 1429010.0
304 -0.03965 8.83429e-05 738.741 273.152 5.02511 5.02508 -0.124048 -0.255075 1429380.0
305 -0.03955 8.83435e-05 738.743 273.152 5.02514 5.02515 -0.0788127 -0.213066 1429400.0
306 -0.03945 8.83422e-05 738.752 273.133 5.02473 5.02438 0.188017 0.215784 1428770.0
307 -0.03935 8.83417e-05 738.753 273.135 5.02473 5.02428 0.156388 0.270212 1428740.0
308 -0.03925 8.83437e-05 738.74 273.149 5.0251 5.02519 -0.0422413 -0.229266 1429280.0
309 -0.03915 8.83437e-05 738.734 273.15 5.02513 5.02534 -0.0559595 -0.296467 1429290.0
310 -0.03905 8.83417e-05 738.754 273.133 5.02469 5.02443 0.204946 0.200337 1428680.0
311 -0.03895 8.83412e-05 738.76 273.124 5.0245 5.02394 0.37471 0.543288 1428280.0
312 -0.03885 8.83411e-05 738.753 273.133 5.02466 5.0243 0.178808 0.311868 1428670.0
313 -0.03875 8.83397e-05 738.77 273.119 5.02432 5.02337 0.429057 0.882772 1428040.0
314 -0.03865 8.83411e-05 738.76 273.124 5.0245 5.02379 0.328527 0.667743 1428350.0
315 -0.03855 8.83416e-05 738.749 273.134 5.0247 5.02458 0.163514 0.238889 1428810.0
316 -0.03845 8.8341e-05 738.756 273.133 5.02465 5.02413 0.209878 0.403942 1428650.0
317 -0.03835 8.83402e-05 738.763 273.126 5.02449 5.02369 0.298236 0.496662 1428380.0
318 -0.03825 8.83408e-05 738.764 273.13 5.02458 5.02378 0.228774 0.421134 1428570.0
319 -0.03815 8.83406e-05 738.762 273.131 5.0246 5.02393 0.167948 0.279388 1428660.0
320 -0.03805 8.83409e-05 738.759 273.13 5.02459 5.02398 0.238443 0.355398 1428570.0
321 -0.03795 8.83409e-05 738.758 273.126 5.02453 5.02408 0.286879 0.360784 1428550.0
322 -0.03785 8.8342e-05 738.756 273.131 5.02468 5.02426 0.229599 0.389037 1428670.0
323 -0.03775 8.83416e-05 738.756 273.129 5.02462 5.02426 0.277282 0.394734 1428590.0
324 -0.03765 8.83445e-05 738.731 273.151 5.0252 5.02583 -0.128885 -0.467545 1429550.0
325 -0.03755 8.83418e-05 738.753 273.132 5.02468 5.02458 0.209006 0.23573 1428740.0
326 -0.03745 8.83424e-05 738.751 273.131 5.02469 5.02463 0.21533 0.206572 1428680.0
327 -0.03735 8.8343e-05 738.743 273.143 5.02495 5.02508 0.049139 -0.0322932 1429000.0
328 -0.03725 8.83421e-05 738.755 273.129 5.02465 5.02454 0.266116 0.257682 1428570.0
329 -0.03715 8.83439e-05 738.735 273.148 5.02509 5.02546 -0.0257863 -0.200196 1429260.0
330 -0.03705 8.83432e-05 738.743 273.144 5.02497 5.02523 0.0094426 -0.111689 1429120.0
331 -0.03695 8.83423e-05 738.748 273.136 5.02479 5.02492 0.122127 0.0296342 1428840.0
332 -0.03685 8.83429e-05 738.748 273.141 5.0249 5.02485 0.0316182 0.099069 1428950.0
333 -0.03675 8.83436e-05 738.737 273.156 5.02522 5.02562 -0.185028 -0.293655 1429490.0
334 -0.03665 8.83445e-05 738.732 273.158 5.02532 5.02575 -0.228431 -0.358682 1429570.0
335 -0.03655 8.83434e-05 738.743 273.154 5.02517 5.02517 -0.171592 -0.0567766 1429310.0
336 -0.03645 8.8343e-05 738.746 273.148 5.02504 5.02492 -0.0741187 -0.0241507 1429090.0
337 -0.03635 8.83434e-05 738.743 273.148 5.02506 5.02524 -0.0791345 -0.194396 1429180.0
338 -0.03625 8.83425e-05 738.751 273.142 5.02491 5.02474 0.0157652 0.0751601 1428960.0
339 -0.03615 8.83421e-05 738.758 273.134 5.02473 5.02429 0.135475 0.283075 1428640.0
340 -0.03605 8.83435e-05 738.742 273.151 5.02512 5.02524 -0.106714 -0.205974 1429240.0
341 -0.03595 8.83435e-05 738.74 273.15 5.02511 5.02539 -0.117693 -0.285707 1429330.0
342 -0.03585 8.83418e-05 738.757 273.135 5.02473 5.02433 0.141426 0.297898 1428680.0
343 -0.03575 8.83429e-05 738.749 273.142 5.02492 5.02481 0.00853078 -0.00813286 1428990.0
344 -0.03565 8.83419e-05 738.758 273.133 5.02471 5.02437 0.164449 0.245349 1428720.0
345 -0.03555 8.83428e-05 738.75 273.136 5.02481 5.02465 0.114841 0.116649 1428830.0
346 -0.03545 8.83404e-05 738.767 273.121 5.02441 5.02368 0.308106 0.505643 1428240.0
347 -0.03535 8.83416e-05 738.759 273.131 5.02465 5.0242 0.171559 0.308224 1428590.0
348 -0.03525 8.83408e-05 738.766 273.123 5.02447 5.02382 0.275815 0.543932 1428330.0
349 -0.03515 8.83422e-05 738.756 273.135 5.02475 5.02447 0.116898 0.259348 1428730.0
350 -0.03505 8.83417e-05 738.754 273.13 5.02465 5.02431 0.152307 0.315426 1428640.0
351 -0.03495 8.83434e-05 738.741 273.148 5.02507 5.02527 -0.114898 -0.119078 1429330.0
352 -0.03485 8.83425e-05 738.753 273.143 5.02492 5.02451 -0.0293927 0.21272 1428980.0
353 -0.03475 8.83415e-05 738.757 273.139 5.02479 5.02432 0.0348358 0.263111 1428850.0
354 -0.03465 8.83422e-05 738.757 273.133 5.02473 5.02439 0.1321 0.246711 1428680.0
355 -0.03455 8.83415e-05 738.755 273.131 5.02464 5.02434 0.18652 0.354389 1428610.0
356 -0.03445 8.83432e-05 738.742 273.145 5.025 5.02527 -0.0301502 -0.115133 1429180.0
357 -0.03435 8.83435e-05 738.743 273.148 5.02506 5.02529 -0.0875209 -0.182784 1429280.0
358 -0.03425 8.83422e-05 738.754 273.139 5.02484 5.0245 -0.00150356 0.141127 1428930.0
359 -0.03415 8.83427e-05 738.746 273.147 5.02502 5.02499 -0.131383 -0.161204 1429280.0
360 -0.03405 8.83424e-05 738.752 273.144 5.02493 5.02472 -0.0658472 -0.0193333 1429120.0
361 -0.03395 8.83424e-05 738.752 273.14 5.02485 5.02463 0.010764 0.0142647 1429020.0
362 -0.03385 8.83414e-05 738.758 273.137 5.02475 5.02419 0.052601 0.245217 1428890.0
363 -0.03375 8.83425e-05 738.751 273.142 5.02491 5.0247 -0.0240708 0.0578393 1429110.0
364 -0.03365 8.83426e-05 738.746 273.146 5.02498 5.02481 -0.0817078 -0.00941237 1429150.0
365 -0.03355 8.83431e-05 738.748 273.141 5.02493 5.02492 0.0124585 -0.0580739 1429080.0
366 -0.03345 8.8345e-05 738.73 273.161 5.0254 5.02606 -0.321739 -0.668385 1429870.0
367 -0.03335 8.83462e-05 738.72 273.168 5.0256 5.0265 -0.386933 -0.805007 1430130.0
368 -0.03325 8.8343e-05 738.746 273.144 5.02496 5.02501 -0.0293619 -0.0564526 1429170.0
369 -0.03315 8.83445e-05 738.737 273.15 5.02517 5.02557 -0.10359 -0.236146 1429490.0
370 -0.03305 8.83438e-05 738.741 273.147 5.02507 5.0252 -0.0463014 -0.119878 1429240.0
371 -0.03295 8.83428e-05 738.75 273.145 5.02497 5.02485 -0.012731 0.0113484 1429120.0
372 -0.03285 8.83443e-05 738.742 273.152 5.02519 5.02528 -0.185373 -0.245011 1429440.0
373 -0.03275 8.83445e-05 738.735 273.162 5.02539 5.02587 -0.278498 -0.505276 1429730.0
374 -0.03265 8.83456e-05 738.729 273.164 5.02549 5.02597 -0.382232 -0.64259 1429900.0
375 -0.03255 8.83442e-05 738.737 273.165 5.02543 5.02562 -0.3728 -0.52119 1429750.0
376 -0.03245 8.83444e-05 738.736 273.163 5.0254 5.02556 -0.337556 -0.48501 1429640.0
377 -0.03235 8.83453e-05 738.734 273.175 5.02567 5.02596 -0.545219 -0.759812 1430000.0
378 -0.03225 8.83429e-05 738.745 273.165 5.02534 5.02492 -0.41738 -0.353443 1429520.0
379 -0.03215 8.83436e-05 738.75 273.16 5.02531 5.02492 -0.349168 -0.335926 1429390.0
380 -0.03205 8.83418e-05 738.763 273.145 5.02493 5.02392 -0.0819552 0.12253 1428820.0
381 -0.03195 8.83413e-05 738.76 273.145 5.0249 5.02412 -0.0787616 0.0399534 1428850.0
382 -0.03185 8.83428e-05 738.751 273.157 5.0252 5.0247 -0.250918 -0.231366 1429290.0
383 -0.03175 8.8342e-05 738.754 273.154 5.0251 5.02454 -0.228378 -0.107748 1429130.0
384 -0.03165 8.83418e-05 738.764 273.142 5.02486 5.02393 -0.0282147 0.219247 1428700.0
385 -0.03155 8.83406e-05 738.765 273.143 5.02482 5.02384 -0.0563838 0.17439 1428700.0
386 -0.03145 8.83421e-05 738.759 273.152 5.02507 5.02442 -0.220182 -0.149219 1429080.0
387 -0.03135 8.83426e-05 738.747 273.159 5.02522 5.02486 -0.274643 -0.41061 1429320.0
388 -0.03125 8.83421e-05 738.756 273.153 5.02509 5.02452 -0.20621 -0.164788 1429130.0
389 -0.03115 8.83414e-05 738.762 273.144 5.02488 5.02414 -0.0739466 0.045174 1428830.0
390 -0.03105 8.83403e-05 738.772 273.129 5.02455 5.02339 0.160107 0.438631 1428250.0
391 -0.03095 8.83408e-05 738.76 273.138 5.02474 5.02411 0.0765153 0.207475 1428580.0
392 -0.03085 8.83415e-05 738.767 273.131 5.02465 5.024 0.113976 0.296138 1428490.0
393 -0.03075 8.83423e-05 738.754 273.14 5.02486 5.0245 0.0470328 0.104947 1428760.0
394 -0.03065 8.83427e-05 738.756 273.14 5.02488 5.02474 0.0303736 0.0559552 1428870.0
395 -0.03055 8.83431e-05 738.743 273.152 5.02513 5.02515 -0.199207 -0.292669 1429270.0
396 -0.03045 8.83414e-05 738.767 273.129 5.0246 5.02389 0.178742 0.359765 1428370.0
397 -0.03035 8.8342e-05 738.759 273.134 5.02473 5.02435 0.107174 0.155796 1428610.0
398 -0.03025 8.83431e-05 738.749 273.141 5.02493 5.02502 0.0172024 -0.137677 1428960.0
399 -0.03015 8.83431e-05 738.749 273.143 5.02497 5.02504 -0.0589024 -0.160735 1429030.0
400 -0.03005 8.83412e-05 738.763 273.134 5.02469 5.02409 0.124945 0.328744 1428530.0
401 -0.02995 8.83402e-05 738.772 273.124 5.02445 5.02354 0.255528 0.630321 1428140.0
402 -0.02985 8.83411e-05 738.769 273.126 5.02452 5.0238 0.263798 0.565418 1428170.0
403 -0.02975 8.83414e-05 738.761 273.133 5.02468 5.02434 0.120935 0.26058 1428610.0
404 -0.02965 8.8342e-05 738.757 273.134 5.02473 5.02455 0.141955 0.215428 1428630.0
405 -0.02955 8.83404e-05 738.77 273.121 5.0244 5.02368 0.314318 0.648199 1428120.0
406 -0.02945 8.834e-05 738.773 273.118 5.02431 5.02338 0.391959 0.850896 1427920.0
407 -0.02935 8.83421e-05 738.757 273.141 5.02486 5.02457 -0.00369005 0.126954 1428780.0
408 -0.02925 8.83436e-05 738.744 273.156 5.02522 5.02534 -0.25873 -0.273075 1429340.0
409 -0.02915 8.83436e-05 738.743 273.159 5.02528 5.02557 -0.260168 -0.363491 1429460.0
410 -0.02905 8.83435e-05 738.751 273.146 5.02504 5.02506 -0.106874 -0.13836 1429080.0
411 -0.02895 8.83423e-05 738.755 273.146 5.02496 5.02484 -0.0266709 0.0142645 1428990.0
412 -0.02885 8.83408e-05 738.769 273.128 5.02455 5.02386 0.213597 0.500013 1428360.0
413 -0.02875 8.83399e-05 738.771 273.128 5.0245 5.02385 0.186554 0.467963 1428370.0
414 -0.02865 8.83417e-05 738.757 273.138 5.02478 5.02458 0.0993041 0.222635 1428760.0
415 -0.02855 8.83418e-05 738.766 273.129 5.02462 5.02428 0.235011 0.373865 1428510.0
416 -0.02845 8.83412e-05 738.76 273.132 5.02464 5.02432 0.166598 0.289516 1428630.0
417 -0.02835 8.83423e-05 738.752 273.139 5.02484 5.02495 0.0702615 -0.0379487 1428950.0
418 -0.02825 8.83432e-05 738.743 273.149 5.02507 5.02554 -0.0427617 -0.215266 1429320.0
419 -0.02815 8.83431e-05 738.751 273.139 5.02489 5.02505 0.0797877 -0.0229476 1428990.0
420 -0.02805 8.83442e-05 738.74 273.152 5.02518 5.02574 -0.0475103 -0.27561 1429400.0
421 -0.02795 8.83432e-05 738.744 273.147 5.02504 5.02543 0.00600189 -0.0823212 1429240.0
422 -0.02785 8.83429e-05 738.749 273.136 5.02482 5.02514 0.152417 0.0414459 1428980.0
423 -0.02775 8.83452e-05 738.734 273.153 5.02526 5.02614 -0.0762916 -0.448809 1429610.0
424 -0.02765 8.83433e-05 738.741 273.143 5.02498 5.02565 0.0852546 -0.168524 1429200.0
425 -0.02755 8.83425e-05 738.754 273.132 5.02472 5.02494 0.23559 0.184811 1428770.0
426 -0.02745 8.8343e-05 738.746 273.141 5.02492 5.02525 0.0893002 0.0386817 1429030.0
427 -0.02735 8.83447e-05 738.733 273.15 5.02517 5.02612 -0.0173777 -0.394304 1429420.0
428 -0.02725 8.83438e-05 738.741 273.141 5.02496 5.02561 0.119897 -0.103391 1429040.0
429 -0.02715 8.83434e-05 738.745 273.139 5.02491 5.0254 0.130706 -0.083013 1428990.0
430 -0.02705 8.83429e-05 738.749 273.134 5.02478 5.02512 0.206552 -0.012538 1428860.0
431 -0.02695 8.83435e-05 738.744 273.147 5.02506 5.02553 -0.078053 -0.24086 1429360.0
432 -0.02685 8.83454e-05 738.726 273.163 5.02547 5.02648 -0.259945 -0.660813 1429900.0
433 -0.02675 8.83441e-05 738.74 273.147 5.0251 5.0257 -0.0264034 -0.305377 1429350.0
434 -0.02665 8.83438e-05 738.739 273.146 5.02505 5.02562 -0.0267283 -0.276633 1429270.0
435 -0.02655 8.83426e-05 738.748 273.136 5.02481 5.02507 0.112269 -0.00890166 1428980.0
436 -0.02645 8.83418e-05 738.758 273.129 5.02462 5.02458 0.263352 0.307035 1428620.0
437 -0.02635 8.83419e-05 738.753 273.136 5.02477 5.02474 0.117249 0.228569 1428890.0
438 -0.02625 8.83431e-05 738.75 273.138 5.02487 5.02499 0.0419891 0.102851 1429030.0
439 -0.02615 8.83429e-05 738.746 273.142 5.02492 5.02511 -0.00436392 -0.0396905 1429130.0
440 -0.02605 8.83452e-05 738.731 273.155 5.02529 5.02622 -0.170583 -0.53331 1429730.0
441 -0.02595 8.83437e-05 738.743 273.143 5.02499 5.02529 -0.0152939 -0.0899703 1429180.0
442 -0.02585 8.83434e-05 738.744 273.141 5.02493 5.02528 0.0297383 -0.139195 1429120.0
443 -0.02575 8.83444e-05 738.744 273.144 5.02505 5.02537 0.0192633 -0.09328 1429190.0
444 -0.02565 8.83427e-05 738.75 273.132 5.02473 5.0247 0.164997 0.174731 1428780.0
445 -0.02555 8.83439e-05 738.739 273.148 5.0251 5.02546 -0.0487128 -0.0987223 1429360.0
446 -0.02545 8.83437e-05 738.745 273.142 5.02498 5.02516 -0.0122497 0.00994624 1429160.0
447 -0.02535 8.83434e-05 738.748 273.136 5.02485 5.02489 0.142508 0.188656 1428900.0
448 -0.02525 8.83436e-05 738.744 273.138 5.0249 5.02502 0.118389 0.170402 1428960.0
449 -0.02515 8.83446e-05 738.736 273.146 5.02511 5.02556 -0.0212433 -0.16323 1429310.0
450 -0.02505 8.83446e-05 738.735 273.152 5.0252 5.0257 -0.113615 -0.238237 1429490.0
451 -0.02495 8.8344e-05 738.742 273.149 5.02513 5.02522 -0.0710774 -0.0429836 1429260.0
452 -0.02485 8.83446e-05 738.737 273.152 5.0252 5.0256 -0.114652 -0.258048 1429440.0
453 -0.02475 8.8343e-05 738.748 273.142 5.02494 5.02488 0.0427165 0.0471381 1428970.0
454 -0.02465 8.83429e-05 738.756 273.137 5.02484 5.02437 0.102634 0.310562 1428680.0
455 -0.02455 8.83436e-05 738.746 273.144 5.02501 5.02499 0.0502038 0.0487665 1428990.0
456 -0.02445 8.83429e-05 738.75 273.148 5.02503 5.0248 -0.0916025 0.0677324 1429130.0
457 -0.02435 8.83431e-05 738.747 273.15 5.02508 5.02492 -0.0883129 -0.0153864 1429140.0
458 -0.02425 8.83437e-05 738.747 273.15 5.02512 5.02496 -0.0495279 0.0207261 1429090.0
459 -0.02415 8.8344e-05 738.745 273.156 5.02525 5.0252 -0.240057 -0.207143 1429350.0
460 -0.02405 8.83427e-05 738.751 273.148 5.02503 5.02475 -0.0658341 0.0106029 1429000.0
461 -0.02395 8.83413e-05 738.765 273.141 5.02481 5.02399 -0.0011519 0.38039 1428650.0
462 -0.02385 8.83413e-05 738.766 273.133 5.02468 5.02376 0.105267 0.542563 1428420.0
463 -0.02375 8.83433e-05 738.746 273.155 5.02519 5.02512 -0.182138 -0.164351 1429260.0
464 -0.02365 8.83441e-05 738.74 273.154 5.02521 5.02527 -0.216064 -0.261236 1429360.0
465 -0.02355 8.8342e-05 738.755 273.146 5.02495 5.02452 -0.0460846 0.126657 1428900.0
466 -0.02345 8.83423e-05 738.753 273.148 5.025 5.02459 -0.0736235 0.04603 1429000.0
467 -0.02335 8.83423e-05 738.752 273.15 5.02504 5.02467 -0.0718698 -0.00206495 1429050.0
468 -0.02325 8.83433e-05 738.748 273.158 5.02524 5.02499 -0.251513 -0.196638 1429380.0
469 -0.02315 8.83425e-05 738.754 273.148 5.02502 5.02474 -0.0599231 -0.0275809 1429080.0
470 -0.02305 8.83409e-05 738.764 273.133 5.02464 5.02392 0.206381 0.324464 1428490.0
471 -0.02295 8.83403e-05 738.77 273.127 5.02451 5.02365 0.284146 0.438568 1428300.0
472 -0.02285 8.83409e-05 738.761 273.138 5.02473 5.02415 0.0807836 0.228328 1428740.0
473 -0.02275 8.83418e-05 738.756 273.145 5.02493 5.02441 -0.0168342 0.0962144 1429010.0
474 -0.02265 8.83418e-05 738.752 273.15 5.02501 5.02463 -0.0956755 -0.0465754 1429170.0
475 -0.02255 8.83432e-05 738.744 273.163 5.02532 5.02515 -0.294603 -0.340085 1429630.0
476 -0.02245 8.8342e-05 738.751 273.154 5.02511 5.02473 -0.187642 -0.16736 1429320.0
477 -0.02235 8.83418e-05 738.752 273.145 5.02493 5.02459 -0.0139258 -0.0186957 1429040.0
478 -0.02225 8.834e-05 738.762 273.14 5.02472 5.02402 0.0541254 0.338082 1428750.0
479 -0.02215 8.83414e-05 738.758 273.143 5.02486 5.02423 0.0052695 0.253895 1428870.0
480 -0.02205 8.83409e-05 738.758 273.144 5.02485 5.02423 -0.02619 0.298745 1428950.0
481 -0.02195 8.8342e-05 738.757 273.148 5.02498 5.02441 -0.0110474 0.341081 1429020.0
482 -0.02185 8.83418e-05 738.749 273.151 5.02503 5.02484 -0.120045 0.0640227 1429250.0
483 -0.02175 8.8342e-05 738.751 273.146 5.02495 5.02453 -0.0217842 0.280812 1429000.0
484 -0.02165 8.83435e-05 738.743 273.163 5.02535 5.02533 -0.294993 -0.108739 1429640.0
485 -0.02155 8.83434e-05 738.74 273.162 5.02532 5.02555 -0.2888 -0.229898 1429660.0
486 -0.02145 8.83454e-05 738.72 273.175 5.02568 5.02646 -0.456797 -0.641274 1430170.0
487 -0.02135 8.83439e-05 738.742 273.158 5.02529 5.02535 -0.207039 -0.0895117 1429490.0
488 -0.02125 8.83448e-05 738.725 273.174 5.02562 5.02635 -0.475961 -0.73517 1430190.0
489 -0.02115 8.83441e-05 738.736 273.163 5.02538 5.02563 -0.272645 -0.366253 1429760.0
490 -0.02105 8.83434e-05 738.741 273.158 5.02524 5.02547 -0.201375 -0.308794 1429600.0
491 -0.02095 8.83449e-05 738.727 273.175 5.02565 5.02639 -0.499705 -0.798086 1430280.0
492 -0.02085 8.83437e-05 738.739 273.163 5.02536 5.0256 -0.31548 -0.429157 1429830.0
493 -0.02075 8.83442e-05 738.732 273.17 5.02552 5.02609 -0.374546 -0.622112 1430100.0
494 -0.02065 8.83452e-05 738.727 273.176 5.02569 5.02639 -0.509696 -0.781706 1430380.0
495 -0.02055 8.83453e-05 738.724 273.18 5.02576 5.02658 -0.569723 -0.894764 1430550.0
496 -0.02045 8.83443e-05 738.73 273.174 5.02559 5.02616 -0.483676 -0.794261 1430350.0
497 -0.02035 8.8344e-05 738.74 273.166 5.02543 5.02562 -0.380762 -0.556275 1430040.0
498 -0.02025 8.83446e-05 738.731 273.171 5.02556 5.02608 -0.441006 -0.798292 1430280.0
499 -0.02015 8.83445e-05 738.737 273.163 5.02541 5.02583 -0.36984 -0.73199 1430080.0
500 -0.02005 8.83434e-05 738.737 273.161 5.02531 5.02579 -0.300033 -0.685023 1430040.0
501 -0.01995 8.83444e-05 738.736 273.169 5.02551 5.02612 -0.419502 -0.783478 1430340.0
502 -0.01985 8.83448e-05 738.732 273.174 5.02562 5.0261 -0.526359 -0.84151 1430520.0
503 -0.01975 8.83438e-05 738.737 273.171 5.02552 5.02587 -0.464609 -0.711392 1430400.0
504 -0.01965 8.83437e-05 738.737 273.172 5.02554 5.02565 -0.49745 -0.675609 1430390.0
505 -0.01955 8.83438e-05 738.743 273.171 5.02551 5.02559 -0.508851 -0.639327 1430340.0
506 -0.01945 8.83437e-05 738.74 273.171 5.0255 5.02572 -0.482465 -0.792307 1430310.0
507 -0.01935 8.8345e-05 738.727 273.182 5.02578 5.0265 -0.626544 -1.13457 1430840.0
508 -0.01925 8.83452e-05 738.734 273.181 5.02577 5.0261 -0.648303 -1.03858 1430710.0
509 -0.01915 8.83445e-05 738.73 273.188 5.02586 5.02625 -0.762653 -1.15717 1430940.0
510 -0.01905 8.83457e-05 738.728 273.187 5.02592 5.02646 -0.766182 -1.26461 1431050.0
511 -0.01895 8.83439e-05 738.736 273.177 5.02563 5.02589 -0.635714 -0.97088 1430720.0
512 -0.01885 8.8343e-05 738.744 273.179 5.02562 5.0255 -0.662784 -0.790218 1430720.0
513 -0.01875 8.83433e-05 738.741 273.179 5.02563 5.02551 -0.652582 -0.82624 1430700.0
514 -0.01865 8.83429e-05 738.745 273.177 5.02556 5.02542 -0.614699 -0.800974 1430670.0
515 -0.01855 8.83427e-05 738.745 273.177 5.02557 5.02531 -0.613211 -0.746087 1430660.0
516 -0.01845 8.83444e-05 738.736 273.19 5.02589 5.02606 -0.856042 -1.14127 1431200.0
517 -0.01835 8.83429e-05 738.747 273.179 5.02562 5.02528 -0.679066 -0.758393 1430770.0
518 -0.01825 8.83428e-05 738.751 273.182 5.02566 5.02512 -0.76378 -0.750667 1430860.0
519 -0.01815 8.83425e-05 738.744 273.182 5.02563 5.02528 -0.744891 -0.892942 1430860.0
520 -0.01805 8.83441e-05 738.739 273.192 5.02593 5.02585 -0.889529 -1.18575 1431250.0
521 -0.01795 8.83448e-05 738.735 273.195 5.026 5.02605 -0.911331 -1.25958 1431470.0
522 -0.01785 8.83436e-05 738.739 273.194 5.02592 5.02587 -0.957715 -1.24666 1431470.0
523 -0.01775 8.83448e-05 738.733 273.199 5.02608 5.02622 -1.03416 -1.3537 1431730.0
524 -0.01765 8.83434e-05 738.748 273.19 5.02585 5.02541 -0.878573 -0.997326 1431360.0
525 -0.01755 8.83433e-05 738.742 273.193 5.0259 5.02557 -0.957786 -1.11729 1431570.0
526 -0.01745 8.83448e-05 738.73 273.201 5.02612 5.02636 -1.05117 -1.43491 1431960.0
527 -0.01735 8.83452e-05 738.727 273.207 5.02625 5.02666 -1.20086 -1.61299 1432290.0
528 -0.01725 8.8345e-05 738.726 273.209 5.02627 5.02675 -1.18273 -1.64783 1432410.0
529 -0.01715 8.8347e-05 738.715 273.219 5.02657 5.02746 -1.34714 -1.98634 1432920.0
530 -0.01705 8.83462e-05 738.718 273.216 5.02648 5.02734 -1.3206 -1.92905 1432920.0
531 -0.01695 8.83469e-05 738.711 273.228 5.02674 5.02777 -1.51752 -2.19171 1433430.0
532 -0.01685 8.83492e-05 738.694 273.246 5.02721 5.02889 -1.87464 -2.87018 1434320.0
533 -0.01675 8.83487e-05 738.695 273.253 5.02731 5.02896 -1.96128 -2.92944 1434500.0
534 -0.01665 8.83465e-05 738.711 273.231 5.02676 5.02779 -1.62496 -2.36599 1433770.0
535 -0.01655 8.83489e-05 738.699 273.246 5.02719 5.02861 -1.86689 -2.77736 1434390.0
536 -0.01645 8.83491e-05 738.692 273.261 5.02747 5.02919 -2.0969 -3.15623 1434970.0
537 -0.01635 8.83485e-05 738.697 273.253 5.02729 5.02864 -2.00033 -2.95952 1434770.0
538 -0.01625 8.83476e-05 738.709 273.245 5.0271 5.02811 -1.90929 -2.67706 1434570.0
539 -0.01615 8.83487e-05 738.697 273.252 5.02729 5.02862 -2.04431 -2.97436 1434950.0
540 -0.01605 8.83504e-05 738.685 273.269 5.0277 5.02947 -2.30041 -3.44288 1435690.0
541 -0.01595 8.83523e-05 738.674 273.284 5.02808 5.03016 -2.52968 -3.85975 1436330.0
542 -0.01585 8.83526e-05 738.669 273.293 5.02826 5.03061 -2.68928 -4.12334 1436800.0
543 -0.01575 8.83522e-05 738.67 273.287 5.02813 5.03052 -2.57391 -4.04758 1436710.0
544 -0.01565 8.83518e-05 738.671 273.292 5.0282 5.03047 -2.64277 -4.05492 1436960.0
545 -0.01555 8.83519e-05 738.672 273.297 5.02829 5.03043 -2.72801 -4.15076 1437180.0
546 -0.01545 8.83507e-05 738.682 273.287 5.02804 5.02971 -2.60588 -3.92142 1436920.0
547 -0.01535 8.83527e-05 738.669 273.307 5.02852 5.03069 -2.90237 -4.45374 1437730.0
548 -0.01525 8.8353e-05 738.666 273.313 5.02864 5.03083 -3.07335 -4.64256 1438130.0
549 -0.01515 8.83549e-05 738.648 273.338 5.02922 5.03201 -3.48012 -5.2554 1439220.0
550 -0.01505 8.83545e-05 738.646 273.343 5.02928 5.03198 -3.60231 -5.34669 1439560.0
551 -0.01495 8.83562e-05 738.64 273.359 5.02967 5.03234 -3.86025 -5.61001 1440230.0
552 -0.01485 8.83564e-05 738.635 273.369 5.02987 5.03286 -4.05177 -5.97003 1440860.0
553 -0.01475 8.83568e-05 738.631 273.377 5.03003 5.033 -4.24223 -6.22409 1441310.0
554 -0.01465 8.8358e-05 738.621 273.39 5.03035 5.03373 -4.40989 -6.62236 1441970.0
555 -0.01455 8.836e-05 738.605 273.413 5.03089 5.03472 -4.82978 -7.22087 1443080.0
556 -0.01445 8.83618e-05 738.59 273.434 5.03138 5.03577 -5.21117 -7.911 1444110.0
557 -0.01435 8.8362e-05 738.589 273.442 5.03152 5.03577 -5.3724 -8.05712 1444500.0
558 -0.01425 8.83612e-05 738.594 273.446 5.03157 5.03555 -5.48822 -7.97587 1444830.0
559 -0.01415 8.83633e-05 738.576 273.47 5.03212 5.03666 -5.90472 -8.75436 1445950.0
560 -0.01405 8.83657e-05 738.554 273.499 5.03279 5.03804 -6.38585 -9.54071 1447330.0
561 -0.01395 8.83672e-05 738.545 273.52 5.03327 5.03874 -6.76833 -10.1597 1448370.0
562 -0.01385 8.83684e-05 738.529 273.547 5.03383 5.03971 -7.24014 -10.8869 1449570.0
563 -0.01375 8.83687e-05 738.529 273.558 5.03405 5.03971 -7.46116 -11.0547 1450170.0
564 -0.01365 8.83707e-05 738.514 273.579 5.03456 5.04066 -7.84841 -11.6983 1451320.0
565 -0.01355 8.83732e-05 738.494 273.617 5.03539 5.04212 -8.51181 -12.6971 1452960.0
566 -0.01345 8.83735e-05 738.486 273.632 5.03569 5.04241 -8.78552 -13.049 1453760.0
567 -0.01335 8.83739e-05 738.484 273.647 5.03599 5.04261 -9.11998 -13.4024 1454630.0
568 -0.01325 8.83771e-05 738.454 273.696 5.03707 5.04444 -9.93332 -14.5272 1456720.0
569 -0.01315 8.83779e-05 738.447 273.715 5.03747 5.04496 -10.3109 -15.0885 1457800.0
570 -0.01305 8.83788e-05 738.439 273.738 5.03794 5.04565 -10.7314 -15.686 1459010.0
571 -0.01295 8.83824e-05 738.413 273.778 5.03888 5.04746 -11.3946 -16.7724 1460910.0
572 -0.01285 8.83845e-05 738.39 273.814 5.03967 5.04884 -12.0796 -17.8293 1462720.0
573 -0.01275 8.83879e-05 738.365 273.859 5.04068 5.05072 -12.8461 -19.078 1464890.0
574 -0.01265 8.83897e-05 738.347 273.887 5.04131 5.05169 -13.372 -19.8266 1466390.0
575 -0.01255 8.83921e-05 738.326 273.928 5.0422 5.05305 -14.1157 -20.8771 1468340.0
576 -0.01245 8.83956e-05 738.299 273.982 5.04339 5.05501 -14.9943 -22.1834 1470810.0
577 -0.01235 8.83989e-05 738.273 274.027 5.04441 5.05677 -15.812 -23.5424 1473150.0
578 -0.01225 8.84018e-05 738.244 274.08 5.04555 5.05858 -16.7831 -24.8933 1475590.0
579 -0.01215 8.84027e-05 738.231 274.11 5.04615 5.05937 -17.3787 -25.7809 1477370.0
580 -0.01205 8.8405e-05 738.214 274.151 5.04703 5.06049 -18.0843 -26.6348 1479430.0
581 -0.01195 8.84088e-05 738.18 274.205 5.04824 5.06268 -19.0435 -28.1827 1482190.0
582 -0.01185 8.84127e-05 738.15 274.26 5.04947 5.06484 -19.9969 -29.6824 1484970.0
583 -0.01175 8.8417e-05 738.111 274.324 5.05091 5.06727 -21.1716 -31.3945 1488170.0
584 -0.01165 8.84215e-05 738.074 274.393 5.05243 5.06979 -22.4011 -33.146 1491500.0
585 -0.01155 8.84239e-05 738.048 274.448 5.05358 5.07149 -23.4169 -34.565 1494340.0
586 -0.01145 8.84297e-05 738.002 274.526 5.05535 5.07461 -24.7715 -36.7486 1498160.0
587 -0.01135 8.84337e-05 737.965 274.599 5.05692 5.07704 -26.0892 -38.612 1501750.0
588 -0.01125 8.84402e-05 737.913 274.683 5.05885 5.08034 -27.5675 -40.8713 1505870.0
589 -0.01115 8.84475e-05 737.856 274.786 5.06116 5.08421 -29.3911 -43.5177 1510760.0
590 -0.01105 8.84513e-05 737.822 274.849 5.06253 5.0865 -30.5494 -45.4238 1514320.0
591 -0.01095 8.84559e-05 737.778 274.938 5.06443 5.0894 -32.1078 -47.7202 1518690.0
592 -0.01085 8.84643e-05 737.707 275.061 5.06719 5.0939 -34.3075 -50.7777 1524460.0
593 -0.01075 8.84727e-05 737.635 275.177 5.06981 5.09863 -36.3679 -54.0135 1530200.0
594 -0.01065 8.84796e-05 737.576 275.289 5.07226 5.10259 -38.3078 -56.8443 1535630.0
595 -0.01055 8.84874e-05 737.512 275.403 5.07481 5.10693 -40.3726 -59.9581 1541420.0
596 -0.01045 8.84966e-05 737.436 275.538 5.07783 5.11199 -42.7716 -63.5092 1548000.0
597 -0.01035 8.85048e-05 737.365 275.674 5.08081 5.11675 -45.1756 -66.9624 1554590.0
598 -0.01025 8.85143e-05 737.283 275.81 5.08385 5.12203 -47.599 -70.7169 1561510.0
599 -0.01015 8.85237e-05 737.201 275.957 5.0871 5.12744 -50.2057 -74.6508 1568720.0
600 -0.01005 8.8534e-05 737.116 276.11 5.09051 5.13305 -52.8508 -78.6177 1576230.0
601 -0.00995 8.85441e-05 737.032 276.271 5.09406 5.13881 -55.7874 -82.8601 1584300.0
602 -0.00985 8.85578e-05 736.917 276.464 5.09843 5.14616 -59.2193 -87.8394 1593650.0
603 -0.00975 8.85693e-05 736.82 276.648 5.10248 5.15283 -62.4711 -92.5733 1602600.0
604 -0.00965 8.85834e-05 736.696 276.854 5.10708 5.16087 -66.0819 -98.1314 1612730.0
605 -0.00955 8.85979e-05 736.577 277.064 5.11179 5.16874 -69.7959 -103.614 1623020.0
606 -0.00945 8.86119e-05 736.461 277.273 5.11646 5.17643 -73.5181 -109.2 1633480.0
607 -0.00935 8.86264e-05 736.336 277.5 5.12149 5.18457 -77.6168 -115.262 1644730.0
608 -0.00925 8.8642e-05 736.207 277.733 5.12669 5.19329 -81.74 -121.513 1656460.0
609 -0.00915 8.86614e-05 736.043 278.019 5.13309 5.20412 -86.7295 -128.984 1670060.0
610 -0.00905 8.86778e-05 735.905 278.269 5.13865 5.21314 -91.1554 -135.55 1682520.0
611 -0.00895 8.8696e-05 735.751 278.55 5.1449 5.22345 -96.2062 -143.136 1696550.0
612 -0.00885 8.87181e-05 735.567 278.866 5.15201 5.23556 -101.762 -151.524 1712000.0
613 -0.00875 8.87387e-05 735.393 279.185 5.15911 5.24719 -107.426 -159.926 1727710.0
614 -0.00865 8.87641e-05 735.185 279.553 5.16738 5.26087 -113.867 -169.29 1745260.0
615 -0.00855 8.8788e-05 734.98 279.912 5.17543 5.27439 -120.222 -178.886 1762980.0
616 -0.00845 8.88145e-05 734.757 280.305 5.18423 5.28914 -127.15 -189.335 1782030.0
617 -0.00835 8.88402e-05 734.538 280.699 5.19302 5.30336 -134.135 -199.567 1801220.0
618 -0.00825 8.88708e-05 734.288 281.143 5.20302 5.32007 -141.954 -211.144 1822760.0
619 -0.00815 8.89009e-05 734.034 281.598 5.21321 5.33685 -149.97 -222.929 1844870.0
620 -0.00805 8.89355e-05 733.747 282.092 5.22439 5.35591 -158.651 -236.098 1868910.0
621 -0.00795 8.89731e-05 733.432 282.631 5.23659 5.37667 -168.026 -250.167 1894780.0
622 -0.00785 8.90095e-05 733.119 283.186 5.24902 5.3971 -177.77 -264.479 1921470.0
623 -0.00775 8.90499e-05 732.795 283.764 5.26212 5.41875 -188.0 -279.494 1949600.0
624 -0.00765 8.90911e-05 732.443 284.384 5.27605 5.44188 -198.814 -295.636 1979480.0
625 -0.00755 8.91361e-05 732.069 285.034 5.29078 5.46646 -210.204 -312.696 2010940.0
626 -0.00745 8.91832e-05 731.68 285.728 5.30646 5.49231 -222.318 -330.538 2044270.0
627 -0.00735 8.92349e-05 731.247 286.479 5.32351 5.52085 -235.457 -349.962 2080300.0
628 -0.00725 8.92888e-05 730.802 287.253 5.3411 5.55034 -248.894 -370.16 2117560.0
629 -0.00715 8.93481e-05 730.313 288.097 5.36035 5.5824 -263.556 -391.842 2157700.0
630 -0.00705 8.94079e-05 729.816 288.958 5.37997 5.61534 -278.522 -414.275 2199260.0
631 -0.00695 8.94727e-05 729.285 289.887 5.40117 5.65037 -294.62 -437.921 2243500.0
632 -0.00685 8.95417e-05 728.712 290.864 5.42356 5.68808 -311.556 -463.303 2290520.0
633 -0.00675 8.96141e-05 728.117 291.898 5.44726 5.72745 -329.52 -489.978 2340050.0
634 -0.00665 8.96935e-05 727.47 293.024 5.4731 5.7703 -348.881 -518.461 2393200.0
635 -0.00655 8.97746e-05 726.797 294.171 5.4995 5.81445 -368.65 -547.984 2448040.0
636 -0.00645 8.98637e-05 726.065 295.425 5.52841 5.86268 -390.222 -579.958 2507510.0
637 -0.00635 8.99591e-05 725.294 296.745 5.55903 5.91369 -412.904 -613.634 2570000.0
638 -0.00625 9.0059e-05 724.47 298.142 5.59139 5.96791 -436.784 -649.151 2636170.0
639 -0.00615 9.01676e-05 723.593 299.637 5.62621 6.02592 -462.276 -686.81 2706300.0
640 -0.00605 9.02797e-05 722.677 301.203 5.66264 6.08621 -489.026 -726.103 2779930.0
641 -0.00595 9.04016e-05 721.695 302.854 5.70136 6.15105 -517.024 -767.901 2857650.0
642 -0.00585 9.05312e-05 720.649 304.632 5.74306 6.21988 -547.176 -812.015 2940430.0
643 -0.00575 9.06679e-05 719.55 306.488 5.78678 6.29238 -578.542 -858.261 3027270.0
644 -0.00565 9.08141e-05 718.373 308.475 5.83368 6.37023 -612.006 -907.557 3119720.0
645 -0.00555 9.09679e-05 717.149 310.538 5.88264 6.45105 -646.64 -958.662 3215800.0
646 -0.00545 9.11353e-05 715.811 312.745 5.93535 6.53926 -683.435 -1013.41 3318270.0
647 -0.00535 9.13088e-05 714.432 315.049 5.99047 6.63015 -721.767 -1069.87 3424920.0
648 -0.00525 9.14986e-05 712.934 317.545 6.05048 6.72897 -763.105 -1130.13 3539270.0
649 -0.00515 9.16997e-05 711.346 320.172 6.11394 6.8334 -806.474 -1193.56 3659900.0
650 -0.00505 9.19103e-05 709.697 322.9 6.1802 6.94243 -851.279 -1259.32 3785080.0
651 -0.00495 9.21403e-05 707.907 325.843 6.25213 7.06052 -899.336 -1329.34 3919030.0
652 -0.00485 9.23856e-05 706.002 328.936 6.32827 7.18597 -949.371 -1402.52 4059090.0
653 -0.00475 9.26483e-05 703.975 332.218 6.4096 7.31952 -1002.23 -1479.49 4207280.0
654 -0.00465 9.29271e-05 701.839 335.665 6.49557 7.46048 -1057.44 -1559.84 4362670.0
655 -0.00455 9.32209e-05 699.596 339.287 6.58644 7.60824 -1115.04 -1643.05 4524820.0
656 -0.00445 9.35317e-05 697.24 343.082 6.68231 7.76384 -1175.09 -1729.71 4694800.0
657 -0.00435 9.38705e-05 694.695 347.121 6.78547 7.93158 -1238.22 -1820.88 4874170.0
658 -0.00425 9.42286e-05 692.021 351.327 6.89388 8.10768 -1303.35 -1915.15 5060680.0
659 -0.00415 9.46112e-05 689.189 355.763 7.00927 8.29466 -1371.5 -2013.2 5256510.0
660 -0.00405 9.50211e-05 686.176 360.473 7.13284 8.49299 -1443.06 -2114.79 5462280.0
661 -0.00395 9.54546e-05 683.025 365.358 7.26249 8.70052 -1516.46 -2219.09 5675330.0
662 -0.00385 9.5914e-05 679.706 370.482 7.39979 8.9193 -1592.78 -2327.02 5898000.0
663 -0.00375 9.64105e-05 676.166 375.87 7.54625 9.15272 -1671.55 -2438.3 6130150.0
664 -0.00365 9.6946e-05 672.383 381.56 7.70305 9.40204 -1753.6 -2553.44 6373620.0
665 -0.00355 9.75081e-05 668.463 387.441 7.86713 9.66061 -1837.28 -2670.04 6624310.0
666 -0.00345 9.81065e-05 664.328 393.574 8.0407 9.93303 -1922.94 -2788.91 6884480.0
667 -0.00335 9.87459e-05 659.971 399.984 8.22492 10.22 -2010.96 -2909.69 7154450.0
668 -0.00325 9.94242e-05 655.414 406.632 8.41906 10.5205 -2100.4 -3031.45 7432750.0
669 -0.00315 0.000100153 650.587 413.59 8.62586 10.8388 -2192.14 -3154.81 7721930.0
670 -0.00305 0.000100916 645.596 420.701 8.84104 11.1676 -2283.39 -3277.34 8016780.0
671 -0.00295 0.000101738 640.313 428.095 9.06967 11.5156 -2375.64 -3400.09 8321260.0
672 -0.00285 0.000102611 634.791 435.75 9.31114 11.8798 -2468.59 -3521.79 8634900.0
673 -0.00275 0.000103534 629.056 443.617 9.5645 12.2578 -2561.2 -3640.85 8955420.0
674 -0.00265 0.000104516 623.068 451.697 9.83103 12.6523 -2652.86 -3757.18 9282970.0
675 -0.00255 0.000105565 616.786 460.03 10.1129 13.0665 -2743.55 -3870.16 9619120.0
676 -0.00245 0.000106674 610.283 468.537 10.4081 13.4952 -2832.18 -3977.63 9960780.0
677 -0.00235 0.00010784 603.594 477.136 10.715 13.9362 -2917.46 -4079.64 10306800.0
678 -0.00225 0.00010908 596.632 485.948 11.0384 14.395 -3000.16 -4174.41 10659300.0
679 -0.00215 0.000110386 589.462 494.846 11.3751 14.8678 -3078.34 -4261.84 11015700.0
680 -0.00205 0.000111765 582.079 503.837 11.7265 15.3546 -3151.77 -4339.73 11376100.0
681 -0.00195 0.000113218 574.501 512.894 12.0924 15.8543 -3220.01 -4408.02 11740200.0
682 -0.00185 0.000114754 566.689 522.038 12.4749 16.3696 -3282.31 -4465.23 12108100.0
683 -0.00175 0.000116376 558.664 531.198 12.8733 16.8989 -3337.46 -4510.02 12478900.0
684 -0.00165 0.000118069 550.526 540.285 13.2839 17.4358 -3384.87 -4542.7 12850300.0
685 -0.00155 0.000119855 542.187 549.411 13.7127 17.986 -3425.04 -4561.43 13225200.0
686 -0.00145 0.000121711 533.774 558.398 14.1528 18.5412 -3456.52 -4567.25 13600000.0
687 -0.00135 0.000123661 525.205 567.309 14.6091 19.1066 -3478.8 -4557.67 13976400.0
688 -0.00125 0.000125695 516.556 576.035 15.0777 19.6778 -3490.71 -4533.56 14352200.0
689 -0.00115 0.000127801 507.884 584.563 15.5573 20.2504 -3493.47 -4496.02 14727800.0
690 -0.00105 0.000130004 499.11 592.988 16.0536 20.8298 -3486.9 -4442.35 15104900.0
691 -0.00095 0.000132275 490.37 601.157 16.5591 21.4078 -3470.79 -4376.62 15481900.0
692 -0.00085 0.000134636 481.589 609.083 17.0768 21.9878 -3443.66 -4295.41 15857400.0
693 -0.00075 0.000137083 472.812 616.766 17.6065 22.5683 -3406.64 -4200.2 16233000.0
694 -0.00065 0.00013959 464.129 624.172 18.1437 23.1424 -3360.79 -4093.79 16607000.0
695 -0.00055 0.000142176 455.492 631.299 18.691 23.7144 -3305.66 -3975.26 16980800.0
696 -0.00045 0.000144827 446.952 638.094 19.2444 24.2795 -3241.24 -3846.42 17351500.0
697 -0.00035 0.000147541 438.526 644.604 19.8051 24.8384 -3168.77 -3707.77 17721300.0
698 -0.00025 0.000150334 430.166 650.749 20.3723 25.3921 -3085.93 -3557.68 18087700.0
699 -0.00015 0.000153197 421.913 656.624 20.9477 25.9391 -2995.67 -3398.1 18452600.0
700 -5e-05 0.00015616 413.684 662.181 21.5335 26.4847 -2894.95 -3225.3 18815400.0
701 5e-05 0.000159329 405.457 667.254 22.1389 27.0162 -2777.16 -3025.39 19163000.0
702 0.00015 0.000162433 397.926 671.603 22.7173 27.4894 -2656.77 -2837.05 19485300.0
703 0.00025 0.000165462 390.841 675.719 23.2827 27.9341 -2541.04 -2660.2 19801500.0
704 0.00035 0.000168444 384.112 679.513 23.8354 28.3571 -2425.95 -2491.38 20110300.0
705 0.00045 0.000171355 377.766 682.996 24.3717 28.7567 -2313.11 -2332.56 20410600.0
706 0.00055 0.000174238 371.683 686.24 24.8994 29.1401 -2200.84 -2177.78 20703700.0
707 0.00065 0.000177057 365.921 689.176 25.4105 29.5035 -2089.64 -2030.39 20986800.0
708 0.00075 0.000179818 360.45 691.922 25.9096 29.849 -1981.4 -1889.76 21261700.0
709 0.00085 0.000182509 355.278 694.434 26.3928 30.1761 -1875.57 -1757.02 21527200.0
710 0.00095 0.000185102 350.43 696.758 26.8573 30.4827 -1774.62 -1634.76 21783000.0
711 0.00105 0.000187636 345.819 698.904 27.3089 30.774 -1675.9 -1516.92 22029500.0
712 0.00115 0.000190065 341.511 700.836 27.7389 31.0469 -1581.1 -1409.13 22264800.0
713 0.00125 0.000192424 337.435 702.661 28.1562 31.3056 -1490.21 -1306.68 22491400.0
714 0.00135 0.000194683 333.617 704.314 28.5538 31.5476 -1402.97 -1212.37 22707000.0
715 0.00145 0.000196844 330.048 705.831 28.9329 31.7743 -1320.36 -1125.47 22912400.0
716 0.00155 0.000198915 326.701 707.269 29.297 31.9871 -1241.87 -1043.97 23109200.0
717 0.00165 0.000200907 323.542 708.558 29.6442 32.1877 -1166.42 -967.557 23296300.0
718 0.00175 0.000202796 320.604 709.745 29.9731 32.3748 -1095.13 -898.024 23473600.0
719 0.00185 0.000204606 317.84 710.894 30.2895 32.5511 -1028.42 -832.311 23643100.0
720 0.00195 0.000206333 315.246 711.866 30.5869 32.7158 -963.359 -771.099 23801600.0
721 0.00205 0.000207965 312.834 712.776 30.8683 32.87 -902.406 -715.15 23952600.0
722 0.00215 0.00020951 310.583 713.648 31.1357 33.0137 -845.654 -663.033 24095700.0
723 0.00225 0.000210947 308.521 714.403 31.3824 33.1444 -793.064 -618.461 24228100.0
724 0.00235 0.000212341 306.548 715.104 31.6208 33.2704 -741.316 -572.194 24354100.0
725 0.00245 0.000213646 304.721 715.756 31.8441 33.3873 -693.581 -531.656 24473800.0
726 0.00255 0.000214867 303.031 716.359 32.0532 33.4952 -649.155 -494.701 24586200.0
727 0.00265 0.000216017 301.46 716.858 32.247 33.5951 -606.669 -460.438 24689800.0
728 0.00275 0.000217094 300.002 717.325 32.429 33.6885 -566.974 -428.866 24788000.0
729 0.00285 0.000218116 298.631 717.778 32.6023 33.7767 -529.688 -398.897 24880900.0
730 0.00295 0.000219058 297.379 718.202 32.7623 33.8562 -496.124 -373.649 24967300.0
731 0.00305 0.000219949 296.208 718.575 32.9127 33.931 -464.316 -348.943 25049000.0
732 0.00315 0.000220768 295.135 718.957 33.0529 34.0002 -435.365 -327.327 25125800.0
733 0.00325 0.00022154 294.133 719.238 33.1813 34.0636 -406.797 -306.311 25195900.0
734 0.00335 0.000222295 293.156 719.52 33.3075 34.1256 -379.577 -284.107 25263200.0
735 0.00345 0.000222967 292.296 719.76 33.4194 34.181 -354.961 -267.32 25325500.0
736 0.00355 0.00022362 291.464 720.011 33.529 34.2347 -331.324 -248.433 25385100.0
737 0.00365 0.000224218 290.706 720.184 33.6266 34.283 -308.699 -231.754 25439300.0
738 0.00375 0.00022476 290.024 720.384 33.7174 34.3269 -289.718 -219.296 25490700.0
739 0.00385 0.000225285 289.364 720.574 33.8049 34.3697 -270.896 -204.74 25539600.0
740 0.00395 0.000225738 288.801 720.764 33.8819 34.4051 -255.325 -194.483 25582600.0
741 0.00405 0.000226206 288.218 720.877 33.9574 34.4424 -237.654 -180.634 25624800.0
742 0.00415 0.000226597 287.735 721.012 34.0224 34.4728 -223.839 -172.703 25662700.0
743 0.00425 0.000226979 287.264 721.142 34.086 34.5036 -210.019 -163.197 25699600.0
744 0.00435 0.000227345 286.814 721.253 34.1463 34.5317 -197.199 -153.713 25733300.0
745 0.00445 0.000227699 286.379 721.289 34.2012 34.5597 -182.627 -142.532 25765800.0
746 0.00455 0.000228009 286.002 721.399 34.253 34.5838 -171.949 -135.546 25795200.0
747 0.00465 0.0002283 285.645 721.505 34.3016 34.6068 -161.719 -128.219 25823900.0
748 0.00475 0.000228586 285.298 721.548 34.3466 34.6283 -150.61 -119.868 25849500.0
749 0.00485 0.000228862 284.962 721.632 34.3922 34.6506 -140.415 -110.578 25875800.0
750 0.00495 0.000229039 284.748 721.711 34.4226 34.6641 -134.743 -110.161 25896900.0
751 0.00505 0.000229279 284.458 721.685 34.4573 34.6827 -124.429 -101.943 25918000.0
752 0.00515 0.000229489 284.205 721.741 34.4916 34.6987 -117.079 -95.4843 25938300.0
753 0.00525 0.000229674 283.982 721.782 34.5214 34.7133 -109.859 -90.0438 25956900.0
754 0.00535 0.000229826 283.8 721.8 34.5451 34.725 -104.013 -87.9463 25973800.0
755 0.00545 0.000229999 283.594 721.815 34.5717 34.7378 -97.0811 -82.2377 25989200.0
756 0.00555 0.000230173 283.384 721.839 34.5992 34.7518 -90.1896 -76.0525 26006100.0
757 0.00565 0.000230326 283.198 721.899 34.625 34.7631 -85.1104 -71.3997 26020600.0
758 0.00575 0.000230449 283.053 721.898 34.6434 34.7729 -80.0425 -68.4406 26033800.0
759 0.00585 0.00023056 282.921 721.909 34.6606 34.7812 -75.8835 -65.9859 26045600.0
760 0.00595 0.000230683 282.776 721.92 34.6796 34.791 -70.8159 -61.7266 26058300.0
761 0.00605 0.000230792 282.644 721.923 34.6961 34.7991 -66.5194 -58.5055 26068700.0
762 0.00615 0.000230904 282.511 721.917 34.7127 34.8074 -61.6245 -54.2744 26078600.0
763 0.00625 0.000230981 282.423 721.948 34.7257 34.8136 -58.8167 -53.0956 26088300.0
764 0.00635 0.000231059 282.33 721.943 34.7373 34.819 -55.8438 -51.2097 26096700.0
765 0.00645 0.00023113 282.246 721.962 34.7488 34.8242 -53.3231 -50.1712 26105000.0
766 0.00655 0.000231222 282.136 721.974 34.7632 34.8313 -49.653 -46.369 26113200.0
767 0.00665 0.000231291 282.055 722.014 34.7756 34.837 -47.46 -43.8794 26120900.0
768 0.00675 0.000231361 281.975 722.02 34.7863 34.8417 -44.5945 -40.9224 26127400.0
769 0.00685 0.000231411 281.913 721.984 34.7922 34.8453 -42.1851 -40.2487 26133100.0
770 0.00695 0.00023149 281.823 721.964 34.803 34.8521 -38.3742 -35.5735 26141400.0
771 0.00705 0.000231535 281.768 722.005 34.8119 34.8552 -37.3309 -33.7216 26147000.0
772 0.00715 0.0002316 281.689 721.985 34.8206 34.8599 -34.2806 -30.5858 26152400.0
773 0.00725 0.000231657 281.625 721.951 34.8276 34.8638 -31.3305 -26.9871 26156500.0
774 0.00735 0.000231677 281.599 721.974 34.8317 34.8658 -30.9654 -28.1099 26161300.0
775 0.00745 0.000231707 281.565 721.977 34.8363 34.8684 -29.6137 -28.0368 26165700.0
776 0.00755 0.000231753 281.511 721.941 34.8415 34.8717 -26.9834 -25.6978 26170300.0
777 0.00765 0.000231787 281.469 721.954 34.8473 34.8739 -25.7079 -24.4612 26173800.0
778 0.00775 0.000231806 281.446 721.925 34.8487 34.8759 -24.4462 -25.0319 26177600.0
779 0.00785 0.000231848 281.397 721.91 34.8543 34.8783 -22.4967 -22.8919 26180500.0
780 0.00795 0.000231864 281.379 721.907 34.8566 34.8801 -21.8367 -23.6628 26183700.0
781 0.00805 0.000231915 281.318 721.891 34.8634 34.8832 -19.2323 -19.7375 26186200.0
782 0.00815 0.000231936 281.296 721.894 34.8667 34.8851 -18.6105 -19.4668 26189800.0
783 0.00825 0.000231966 281.259 721.893 34.8713 34.8876 -17.4937 -17.9041 26192600.0
784 0.00835 0.000232001 281.217 721.87 34.8754 34.8899 -15.5274 -15.5105 26195500.0
785 0.00845 0.000232017 281.199 721.884 34.8785 34.8908 -15.1489 -15.2491 26198000.0
786 0.00855 0.000232026 281.189 721.897 34.8804 34.8922 -15.0647 -15.5674 26200800.0
787 0.00865 0.000232048 281.162 721.857 34.8818 34.8938 -13.2538 -13.8712 26202500.0
788 0.00875 0.000232057 281.153 721.853 34.883 34.8944 -12.9606 -13.4195 26204000.0
789 0.00885 0.00023208 281.126 721.882 34.8878 34.8961 -12.643 -12.1934 26206900.0
790 0.00895 0.000232092 281.113 721.902 34.8906 34.8963 -12.5449 -11.7435 26208600.0
791 0.00905 0.000232086 281.12 721.916 34.8904 34.8961 -13.2249 -13.3511 26209500.0
792 0.00915 0.000232091 281.112 721.896 34.8901 34.8967 -12.4637 -13.4661 26210600.0
793 0.00925 0.000232125 281.072 721.849 34.8929 34.8997 -10.1017 -10.9294 26212400.0
794 0.00935 0.000232154 281.04 721.87 34.8983 34.9018 -9.45838 -8.8064 26215100.0
795 0.00945 0.000232135 281.06 721.868 34.8954 34.9001 -9.9983 -11.1077 26215200.0
796 0.00955 0.000232144 281.054 721.848 34.8958 34.9009 -9.27564 -10.547 26216700.0
797 0.00965 0.000232159 281.033 721.859 34.8985 34.9016 -8.81572 -9.57487 26217100.0
798 0.00975 0.000232164 281.029 721.822 34.8975 34.9022 -8.059 -10.0131 26217800.0
799 0.00985 0.000232172 281.02 721.808 34.8981 34.9027 -7.6511 -9.15613 26218700.0
800 0.00995 0.000232183 281.006 721.808 34.8997 34.9034 -7.06074 -8.46474 26219300.0
801 0.01005 0.00023219 280.999 721.813 34.901 34.9042 -6.73326 -8.0042 26221000.0
802 0.01015 0.000232173 281.02 721.846 34.9001 34.9024 -8.16028 -9.95845 26221000.0
803 0.01025 0.000232185 281.002 721.815 34.9003 34.9029 -7.22929 -8.91958 26221600.0
804 0.01035 0.000232195 280.994 721.79 34.9007 34.9043 -6.33192 -7.91122 26223100.0
805 0.01045 0.000232212 280.972 721.79 34.9032 34.9054 -5.67566 -6.5601 26223900.0
806 0.01055 0.000232219 280.966 721.799 34.9047 34.9058 -5.5254 -6.42431 26224100.0
807 0.01065 0.000232222 280.962 721.786 34.9045 34.9061 -5.28355 -6.79566 26224500.0
808 0.01075 0.000232233 280.95 721.746 34.9042 34.9071 -3.72545 -5.47076 26224800.0
809 0.01085 0.000232246 280.935 721.757 34.9067 34.908 -3.73972 -4.30629 26226100.0
810 0.01095 0.000232258 280.923 721.79 34.9102 34.9089 -3.8579 -3.71465 26227000.0
811 0.01105 0.000232257 280.925 721.783 34.9096 34.9085 -3.72823 -3.8318 26227000.0
812 0.01115 0.000232252 280.929 721.744 34.9069 34.9076 -2.95435 -4.20033 26226200.0
813 0.01125 0.000232244 280.939 721.751 34.9061 34.9075 -3.46238 -4.83339 26226600.0
814 0.01135 0.000232243 280.941 721.788 34.9077 34.9074 -4.30208 -4.8256 26227700.0
815 0.01145 0.000232263 280.917 721.755 34.9091 34.9086 -2.86153 -2.90751 26228200.0
816 0.01155 0.00023229 280.884 721.754 34.9132 34.9108 -1.53591 -0.745812 26229600.0
817 0.01165 0.000232295 280.878 721.775 34.915 34.9118 -1.93605 -0.763353 26230900.0
818 0.01175 0.000232289 280.886 721.789 34.9147 34.9109 -2.39358 -1.28967 26230700.0
819 0.01185 0.000232293 280.88 721.756 34.9137 34.9113 -1.61988 -1.0758 26230700.0
820 0.01195 0.000232273 280.904 721.768 34.9113 34.9099 -2.63266 -3.09925 26230500.0
821 0.01205 0.000232255 280.925 721.778 34.9091 34.908 -3.90348 -4.75516 26229500.0
822 0.01215 0.000232278 280.897 721.745 34.9109 34.9102 -2.09253 -2.09629 26230800.0
823 0.01225 0.00023226 280.917 721.727 34.9075 34.9086 -2.30364 -3.64201 26230200.0
824 0.01235 0.000232249 280.93 721.796 34.9091 34.9078 -4.19489 -4.79868 26231200.0
825 0.01245 0.000232262 280.917 721.784 34.9104 34.9088 -3.46801 -4.31737 26232300.0
826 0.01255 0.000232265 280.913 721.781 34.9107 34.9095 -3.20353 -4.11529 26232600.0
827 0.01265 0.000232287 280.885 721.775 34.9137 34.9114 -2.29339 -2.18036 26233400.0
828 0.01275 0.000232315 280.853 721.733 34.9159 34.9134 -0.221057 0.480528 26234000.0
829 0.01285 0.000232298 280.873 721.696 34.9116 34.9122 -0.0196575 -1.21323 26233200.0
830 0.01295 0.00023228 280.895 721.748 34.9114 34.9109 -1.62593 -2.38197 26233400.0
831 0.01305 0.000232289 280.884 721.72 34.9113 34.9114 -0.836243 -1.06641 26233700.0
832 0.01315 0.000232267 280.911 721.726 34.9084 34.9091 -2.18008 -3.48523 26232500.0
833 0.01325 0.000232273 280.903 721.737 34.9099 34.9102 -2.17553 -2.7379 26233400.0
834 0.01335 0.000232271 280.907 721.772 34.9113 34.9099 -2.59448 -2.38737 26233400.0
835 0.01345 0.000232285 280.889 721.714 34.9105 34.9105 -0.88471 -0.581629 26233000.0
836 0.01355 0.000232284 280.89 721.742 34.9117 34.911 -1.62059 -1.0335 26233800.0
837 0.01365 0.000232277 280.899 721.768 34.912 34.9106 -2.52384 -2.14467 26235200.0
838 0.01375 0.000232283 280.892 721.719 34.9104 34.9111 -1.21121 -1.76933 26235100.0
839 0.01385 0.000232291 280.885 721.721 34.9117 34.9114 -1.29856 -1.29541 26234700.0
840 0.01395 0.000232301 280.869 721.714 34.913 34.9124 -0.425915 -0.479079 26235700.0
841 0.01405 0.000232298 280.877 721.756 34.9145 34.913 -1.19104 -1.21305 26237000.0
842 0.01415 0.000232299 280.874 721.683 34.9112 34.9122 0.186562 -0.971158 26235800.0
843 0.01425 0.000232289 280.886 721.727 34.9118 34.9114 -0.922925 -2.11094 26236000.0
844 0.01435 0.000232305 280.868 721.708 34.9133 34.9128 -0.188154 -0.825722 26236200.0
845 0.01445 0.000232301 280.871 721.722 34.9134 34.9123 -0.696731 -1.01887 26236400.0
846 0.01455 0.000232311 280.864 721.704 34.9139 34.9131 0.19958 -0.0402878 26236700.0
847 0.01465 0.000232312 280.862 721.733 34.9155 34.9131 -0.49145 0.290595 26237700.0
848 0.01475 0.000232312 280.861 721.75 34.9163 34.9135 -0.714845 0.177369 26237900.0
849 0.01485 0.000232293 280.885 721.784 34.915 34.9118 -2.23657 -1.62293 26237800.0
850 0.01495 0.000232298 280.879 721.769 34.9152 34.9119 -1.9177 -0.905838 26237700.0
851 0.01505 0.000232302 280.873 721.761 34.9154 34.9125 -1.52625 -1.4112 26237500.0
852 0.01515 0.000232321 280.851 721.732 34.9167 34.9137 -0.26439 -0.232263 26237400.0
853 0.01525 0.000232329 280.842 721.715 34.9172 34.9149 0.733398 0.783445 26237600.0
854 0.01535 0.000232313 280.86 721.733 34.9156 34.9137 -0.676938 -1.17443 26237000.0
855 0.01545 0.000232303 280.875 721.717 34.9133 34.9126 -0.675298 -1.48876 26235400.0
856 0.01555 0.000232313 280.863 721.711 34.9145 34.9137 -0.112792 -0.55792 26236200.0
857 0.01565 0.000232314 280.861 721.739 34.9161 34.9133 -0.552026 -0.110564 26236000.0
858 0.01575 0.000232307 280.869 721.781 34.9171 34.9128 -1.57725 -0.866357 26236300.0
859 0.01585 0.000232324 280.85 721.78 34.9196 34.9148 -1.0316 1.04603 26237600.0
860 0.01595 0.000232299 280.88 721.772 34.9154 34.9118 -2.00352 -1.43 26235700.0
861 0.01605 0.000232307 280.872 721.794 34.9177 34.9133 -1.92687 -0.70702 26236800.0
862 0.01615 0.000232339 280.829 721.762 34.921 34.9157 -0.146853 2.38089 26237800.0
863 0.01625 0.000232327 280.846 721.778 34.9199 34.9142 -0.834283 1.15089 26236900.0
864 0.01635 0.000232334 280.839 721.75 34.9195 34.9151 -0.219934 1.47406 26237600.0
865 0.01645 0.00023231 280.867 721.743 34.9157 34.9132 -0.866808 -0.417048 26236600.0
866 0.01655 0.000232309 280.867 721.7 34.9134 34.9131 0.121946 0.153381 26236200.0
867 0.01665 0.000232307 280.87 721.747 34.9154 34.9137 -0.944947 -0.297646 26236900.0
868 0.01675 0.000232315 280.858 721.744 34.9165 34.914 -0.753318 0.309044 26237000.0
869 0.01685 0.000232315 280.861 721.71 34.9147 34.914 0.0852761 0.0961008 26236900.0
870 0.01695 0.000232311 280.864 721.723 34.9148 34.9138 -0.223834 -0.359839 26237100.0
871 0.01705 0.000232327 280.848 721.713 34.9167 34.915 0.789922 2.23016 26238000.0
872 0.01715 0.000232304 280.873 721.727 34.9139 34.9133 -0.75796 -0.115295 26237400.0
873 0.01725 0.000232305 280.873 721.751 34.9153 34.9132 -0.969429 0.792822 26237300.0
874 0.01735 0.000232276 280.908 721.764 34.9116 34.9107 -2.40835 -1.98972 26235800.0
875 0.01745 0.000232274 280.911 721.748 34.9104 34.9112 -2.25299 -2.96096 26236100.0
876 0.01755 0.000232277 280.91 721.769 34.912 34.9113 -2.72689 -3.24338 26236200.0
877 0.01765 0.000232302 280.878 721.747 34.9147 34.9129 -1.20282 -0.663626 26236500.0
878 0.01775 0.000232316 280.864 721.752 34.9171 34.914 -0.469145 0.898663 26236900.0
879 0.01785 0.000232322 280.856 721.74 34.9172 34.9147 -0.297175 1.09267 26237300.0
880 0.01795 0.000232305 280.877 721.73 34.9142 34.9127 -0.801371 -0.458889 26236000.0
881 0.01805 0.000232304 280.879 721.751 34.9151 34.9132 -1.29569 -0.950882 26237100.0
882 0.01815 0.000232291 280.895 721.758 34.9136 34.912 -2.06652 -2.20847 26236900.0
883 0.01825 0.000232288 280.898 721.714 34.911 34.9112 -1.04887 -1.56384 26235300.0
884 0.01835 0.000232318 280.863 721.699 34.9148 34.9139 0.381266 0.925731 26236500.0
885 0.01845 0.000232316 280.865 721.725 34.9158 34.914 -0.302674 0.402349 26236500.0
886 0.01855 0.000232301 280.882 721.731 34.9138 34.9124 -0.964593 -1.3219 26235600.0
887 0.01865 0.000232299 280.886 721.759 34.9148 34.9127 -1.69312 -2.20471 26236600.0
888 0.01875 0.000232328 280.852 721.739 34.9182 34.9147 -0.0142165 0.387575 26237600.0
889 0.01885 0.000232335 280.844 721.694 34.917 34.9152 1.19341 1.17419 26237200.0
890 0.01895 0.000232323 280.859 721.732 34.9171 34.914 -0.0675584 0.328509 26236800.0
891 0.01905 0.00023232 280.863 721.765 34.9182 34.9141 -0.671361 0.31141 26237000.0
892 0.01915 0.000232317 280.866 721.801 34.9196 34.9137 -1.70597 0.0296711 26237200.0
893 0.01925 0.000232295 280.89 721.786 34.9156 34.9122 -2.30566 -2.17187 26236000.0
894 0.01935 0.000232305 280.88 721.723 34.9139 34.9127 -0.473147 -0.9411 26234900.0
895 0.01945 0.000232318 280.864 721.696 34.9146 34.9145 0.844566 0.534147 26235500.0
896 0.01955 0.000232323 280.856 721.717 34.9164 34.9145 0.409107 0.81281 26235600.0
897 0.01965 0.000232309 280.874 721.706 34.9137 34.9132 -0.00742951 -0.933545 26235000.0
898 0.01975 0.000232334 280.842 721.692 34.9168 34.9151 1.47988 1.87175 26235600.0
899 0.01985 0.000232326 280.855 721.697 34.9158 34.9142 0.830143 1.33288 26235500.0
900 0.01995 0.000232314 280.867 721.725 34.9154 34.9142 -0.0146617 0.218562 26236100.0
901 0.02005 0.000232326 280.855 721.725 34.9172 34.9146 0.746651 1.46982 26236600.0
902 0.02015 0.000232325 280.856 721.752 34.9184 34.9141 0.0320454 0.645513 26236900.0
903 0.02025 0.000232332 280.847 721.73 34.9184 34.9149 0.558175 1.06897 26237400.0
904 0.02035 0.000232322 280.861 721.762 34.9183 34.9144 -0.287124 0.414017 26237700.0
905 0.02045 0.000232307 280.877 721.766 34.9164 34.9131 -1.26768 -1.14443 26237900.0
906 0.02055 0.000232293 280.896 721.78 34.9149 34.9121 -2.09949 -2.11102 26238000.0
907 0.02065 0.000232286 280.901 721.755 34.9126 34.9109 -1.99093 -3.03099 26236900.0
908 0.02075 0.000232298 280.888 721.723 34.913 34.912 -0.658406 -1.23308 26236700.0
909 0.02085 0.000232295 280.892 721.742 34.9134 34.9123 -1.40575 -1.66691 26237600.0
910 0.02095 0.000232284 280.906 721.753 34.9123 34.9113 -1.9375 -3.08121 26236900.0
911 0.02105 0.000232301 280.887 721.779 34.916 34.9123 -1.79715 -1.3177 26237700.0
912 0.02115 0.00023228 280.912 721.771 34.9124 34.9106 -2.49928 -3.47254 26236800.0
913 0.02125 0.000232298 280.89 721.766 34.915 34.9118 -1.52066 -1.72274 26237600.0
914 0.02135 0.000232306 280.881 721.75 34.9154 34.9124 -1.05403 -1.19834 26237500.0
915 0.02145 0.000232312 280.877 721.749 34.9162 34.9131 -0.844024 -0.466262 26238100.0
916 0.02155 0.000232344 280.837 721.745 34.9208 34.916 0.698499 2.12246 26239200.0
917 0.02165 0.000232329 280.854 721.749 34.9188 34.9141 -0.0930396 0.3106 26238100.0
918 0.02175 0.000232314 280.872 721.74 34.916 34.9132 -0.523385 -1.34952 26238400.0
919 0.02185 0.000232332 280.849 721.727 34.9182 34.9143 0.625 0.509615 26238000.0
920 0.02195 0.000232326 280.858 721.787 34.9201 34.9141 -0.742213 -0.754451 26238800.0
921 0.02205 0.000232329 280.855 721.721 34.9175 34.9147 0.150848 -0.701824 26238900.0
922 0.02215 0.000232326 280.859 721.715 34.9166 34.9146 0.05417 -1.26672 26238500.0
923 0.02225 0.000232335 280.849 721.719 34.9182 34.9154 0.480908 -0.390782 26238800.0
924 0.02235 0.000232342 280.837 721.705 34.9186 34.9156 1.26309 0.181372 26238500.0
925 0.02245 0.000232341 280.842 721.71 34.9187 34.9161 1.03158 -0.0346881 26239000.0
926 0.02255 0.000232357 280.82 721.666 34.919 34.9167 2.50413 2.31214 26238500.0
927 0.02265 0.000232357 280.821 721.694 34.9203 34.9168 1.8838 2.59859 26238000.0
928 0.02275 0.000232364 280.814 721.721 34.9227 34.9175 1.74086 3.45132 26238600.0
929 0.02285 0.000232335 280.848 721.731 34.9189 34.9156 0.297249 0.361108 26237800.0
930 0.02295 0.000232343 280.838 721.724 34.9197 34.9157 0.701562 1.65336 26237400.0
931 0.02305 0.000232335 280.849 721.72 34.9183 34.9147 0.592709 1.07001 26237200.0
932 0.02315 0.00023234 280.843 721.688 34.9175 34.9154 1.461 1.76798 26237900.0
933 0.02325 0.000232334 280.849 721.681 34.9163 34.9148 1.28969 1.1547 26237300.0
934 0.02335 0.000232332 280.851 721.742 34.9189 34.9145 0.0335667 0.793656 26238300.0
935 0.02345 0.000232336 280.846 721.763 34.9205 34.9145 -0.244896 1.26945 26238100.0
936 0.02355 0.000232319 280.869 721.75 34.9174 34.9137 -0.666698 -1.0897 26237700.0
937 0.02365 0.000232328 280.857 721.714 34.9171 34.915 0.344939 0.281768 26238500.0
938 0.02375 0.000232303 280.888 721.698 34.9125 34.9125 -0.390017 -2.20496 26236800.0
939 0.02385 0.000232295 280.899 721.739 34.9132 34.9115 -1.49046 -3.02238 26236600.0
940 0.02395 0.00023232 280.869 721.695 34.9148 34.9136 0.767908 0.0821438 26237100.0
941 0.02405 0.000232308 280.884 721.686 34.9126 34.913 0.258539 -1.19183 26236500.0
942 0.02415 0.000232303 280.89 721.688 34.9119 34.9125 0.0242294 -1.72578 26236800.0
943 0.02425 0.000232293 280.903 721.733 34.9127 34.9118 -1.37953 -2.47275 26236600.0
944 0.02435 0.000232298 280.895 721.716 34.9126 34.9118 -0.843739 -1.69487 26235900.0
945 0.02445 0.000232313 280.88 721.708 34.9144 34.914 0.0279007 -0.0910234 26237100.0
946 0.02455 0.000232298 280.898 721.697 34.9117 34.9119 -0.52795 -1.6708 26235500.0
947 0.02465 0.00023231 280.882 721.735 34.9154 34.9125 -0.665982 -0.542459 26236000.0
948 0.02475 0.000232298 280.899 721.696 34.9116 34.912 -0.485555 -1.6891 26235900.0
949 0.02485 0.000232329 280.862 721.655 34.9142 34.9143 1.62795 0.713445 26236100.0
950 0.02495 0.000232348 280.841 721.737 34.9211 34.9161 0.802846 1.55478 26238200.0
951 0.02505 0.000232344 280.845 721.738 34.9205 34.9153 0.679889 0.857643 26236800.0
952 0.02515 0.00023233 280.864 721.773 34.9202 34.9142 -0.97467 -1.34959 26236800.0
953 0.02525 0.000232329 280.864 721.764 34.9195 34.9146 -0.861387 -1.27005 26237200.0
954 0.02535 0.000232338 280.857 721.742 34.9198 34.9152 0.0569865 -0.121133 26237300.0
955 0.02545 0.00023234 280.855 721.75 34.9205 34.9152 -0.131807 0.291984 26237500.0
956 0.02555 0.000232329 280.869 721.727 34.9177 34.9137 -0.324 -0.878543 26236600.0
957 0.02565 0.000232331 280.866 721.672 34.9154 34.9138 1.30277 0.0101482 26236000.0
958 0.02575 0.000232349 280.843 721.703 34.9195 34.9153 1.12909 0.989452 26237300.0
959 0.02585 0.000232334 280.864 721.753 34.9197 34.9146 -0.527599 -0.748909 26237300.0
960 0.02595 0.000232346 280.846 721.717 34.9197 34.9151 0.75579 0.436417 26236500.0
961 0.02605 0.000232356 280.837 721.693 34.9201 34.9157 1.57254 1.74139 26236400.0
962 0.02615 0.000232352 280.841 721.721 34.921 34.9159 0.925148 1.96763 26237100.0
963 0.02625 0.000232328 280.87 721.711 34.9168 34.9137 0.100605 -0.404224 26236100.0
964 0.02635 0.000232322 280.878 721.707 34.9157 34.9128 -0.0410355 -1.17209 26235500.0
965 0.02645 0.000232352 280.843 721.693 34.9195 34.9153 1.22266 1.43588 26236200.0
966 0.02655 0.000232344 280.853 721.677 34.9175 34.9145 1.14992 1.07076 26235800.0
967 0.02665 0.000232333 280.865 721.674 34.9157 34.9138 0.846812 0.939673 26235500.0
968 0.02675 0.000232324 280.879 721.666 34.914 34.9132 0.617808 -0.00926823 26234500.0
969 0.02685 0.000232341 280.858 721.678 34.9171 34.9145 0.967402 1.08542 26235800.0
970 0.02695 0.000232329 280.872 721.682 34.9156 34.9131 0.495303 -0.185808 26234900.0
971 0.02705 0.000232319 280.882 721.663 34.9132 34.9127 0.453392 -1.01976 26234300.0
972 0.02715 0.000232317 280.887 721.669 34.9131 34.9126 0.216804 -1.2604 26234400.0
973 0.02725 0.000232338 280.861 721.662 34.9159 34.9138 1.13915 0.805984 26235000.0
974 0.02735 0.000232338 280.862 721.661 34.9159 34.9139 1.24432 0.120879 26234900.0
975 0.02745 0.000232332 280.869 721.71 34.9174 34.9134 0.0122186 -0.258499 26235100.0
976 0.02755 0.000232321 280.884 721.673 34.9139 34.9126 0.0263385 -1.4282 26234500.0
977 0.02765 0.000232346 280.854 721.699 34.9189 34.9142 0.549951 0.859726 26235500.0
978 0.02775 0.000232316 280.89 721.736 34.9162 34.9119 -1.25358 -1.60338 26235500.0
979 0.02785 0.000232337 280.864 721.714 34.9182 34.9133 -0.296812 -0.0688293 26235600.0
980 0.02795 0.000232345 280.854 721.681 34.9179 34.9141 1.11976 1.3361 26235300.0
981 0.02805 0.000232326 280.88 721.676 34.9149 34.9125 0.485372 -0.726975 26234700.0
982 0.02815 0.000232293 280.919 721.724 34.9122 34.9099 -2.30278 -3.6699 26234400.0
983 0.02825 0.000232314 280.894 721.706 34.9144 34.9115 -1.07701 -1.41026 26234900.0
984 0.02835 0.000232326 280.881 721.656 34.9138 34.9124 0.475219 0.492967 26234600.0
985 0.02845 0.000232328 280.879 721.701 34.9163 34.9126 -0.2434 1.3315 26235100.0
986 0.02855 0.000232326 280.88 721.684 34.9152 34.9122 -0.287828 1.09089 26233900.0
987 0.02865 0.000232313 280.897 721.701 34.914 34.9111 -1.01655 -0.280647 26233000.0
988 0.02875 0.000232322 280.887 721.677 34.9143 34.9114 -0.167633 0.29128 26233000.0
989 0.02885 0.000232325 280.882 721.704 34.916 34.912 -0.494621 0.325105 26233800.0
990 0.02895 0.000232324 280.883 721.68 34.9148 34.9122 -0.0565445 -0.0185664 26233500.0
991 0.02905 0.000232312 280.899 721.672 34.9126 34.9107 -0.602661 -1.75979 26231800.0
992 0.02915 0.000232317 280.894 721.673 34.9133 34.9113 -0.521675 -0.956633 26231500.0
993 0.02925 0.000232319 280.89 721.686 34.9142 34.9109 -0.482267 -0.948804 26230800.0
994 0.02935 0.00023234 280.868 721.718 34.9189 34.9134 -0.446881 0.530019 26233000.0
995 0.02945 0.000232323 280.885 721.645 34.9129 34.9117 0.196446 -1.0996 26231200.0
996 0.02955 0.000232311 280.904 721.603 34.909 34.9107 0.980972 -1.92358 26229600.0
997 0.02965 0.000232328 280.881 721.653 34.914 34.9124 0.445813 -0.16353 26231000.0
998 0.02975 0.000232327 280.883 721.673 34.9148 34.9119 -0.0442775 0.193305 26231400.0
999 0.02985 0.000232329 280.882 721.68 34.9155 34.9124 -0.0311788 0.810328 26231900.0
1000 0.02995 0.000232318 280.894 721.695 34.9145 34.9109 -0.975962 -0.655247 26231400.0
