TITLE = "DSMC"
VARIABLES = "ID" "X" "rho" "v1" "Ttrans" "p" "p1" "q1" "mv1v1v1" "mvvv1v1"
ZONE T="Ma=2.4", I=1000, J=1, K=1, F=POINT
1 -0.06995 8.83433e-05 738.749 273.178 5.02561 5.02501 -0.389779 -0.840185 1428220.0
2 -0.06985 8.8344e-05 738.743 273.186 5.02579 5.02539 -0.532544 -1.00027 1428500.0
3 -0.06975 8.83449e-05 738.736 273.193 5.02599 5.02588 -0.595478 -1.22173 1428710.0
4 -0.06965 8.83447e-05 738.736 273.195 5.026 5.02605 -0.622481 -1.24183 1428830.0
5 -0.06955 8.83468e-05 738.725 273.201 5.02624 5.02672 -0.701962 -1.47477 1429190.0
6 -0.06945 8.83446e-05 738.739 273.18 5.02573 5.02574 -0.350321 -0.980028 1428440.0
7 -0.06935 8.8346e-05 738.729 273.191 5.02601 5.0264 -0.527889 -1.24784 1428960.0
8 -0.06925 8.83452e-05 738.735 273.179 5.02574 5.02595 -0.342965 -1.03722 1428560.0
9 -0.06915 8.83458e-05 738.728 273.188 5.02595 5.02635 -0.477224 -1.18163 1428910.0
10 -0.06905 8.83454e-05 738.738 273.184 5.02585 5.02591 -0.437422 -1.03966 1428710.0
11 -0.06895 8.83437e-05 738.744 273.171 5.0255 5.02516 -0.242207 -0.682713 1428240.0
12 -0.06885 8.8344e-05 738.749 273.169 5.02548 5.02517 -0.209215 -0.654318 1428240.0
13 -0.06875 8.83437e-05 738.744 273.17 5.02549 5.02521 -0.184003 -0.636673 1428240.0
14 -0.06865 8.83436e-05 738.749 273.162 5.02534 5.02495 -0.117233 -0.541914 1428060.0
15 -0.06855 8.83465e-05 738.725 273.196 5.02612 5.0266 -0.592477 -1.34843 1429270.0
16 -0.06845 8.83427e-05 738.757 273.166 5.02535 5.02465 -0.161755 -0.401451 1428100.0
17 -0.06835 8.83432e-05 738.75 273.168 5.02542 5.02489 -0.203102 -0.571557 1428260.0
18 -0.06825 8.83434e-05 738.748 273.174 5.02554 5.02504 -0.318114 -0.675829 1428420.0
19 -0.06815 8.83433e-05 738.745 273.185 5.02575 5.02531 -0.525883 -0.874769 1428790.0
20 -0.06805 8.83435e-05 738.744 273.185 5.02575 5.02542 -0.513876 -0.944489 1428820.0
21 -0.06795 8.83437e-05 738.746 273.178 5.02564 5.02522 -0.435868 -0.826794 1428620.0
22 -0.06785 8.83429e-05 738.749 273.174 5.02552 5.02504 -0.322014 -0.678444 1428410.0
23 -0.06775 8.83425e-05 738.755 273.172 5.02546 5.02473 -0.337295 -0.570221 1428380.0
24 -0.06765 8.83438e-05 738.743 273.181 5.02569 5.02527 -0.450793 -0.83611 1428700.0
25 -0.06755 8.8344e-05 738.738 273.189 5.02586 5.02572 -0.615384 -1.06066 1429130.0
26 -0.06745 8.83435e-05 738.748 273.18 5.02566 5.02507 -0.399648 -0.66928 1428650.0
27 -0.06735 8.83436e-05 738.744 273.178 5.02563 5.02534 -0.413479 -0.783826 1428760.0
28 -0.06725 8.83439e-05 738.741 273.183 5.02575 5.02547 -0.510995 -0.871632 1428980.0
29 -0.06715 8.83438e-05 738.746 273.181 5.02569 5.02535 -0.409613 -0.72588 1428850.0
30 -0.06705 8.83446e-05 738.741 273.184 5.0258 5.02548 -0.502308 -0.799676 1429000.0
31 -0.06695 8.83438e-05 738.746 273.172 5.02554 5.0252 -0.257513 -0.480725 1428640.0
32 -0.06685 8.83438e-05 738.745 273.172 5.02553 5.02537 -0.291891 -0.592182 1428720.0
33 -0.06675 8.83441e-05 738.746 273.171 5.02554 5.02521 -0.246758 -0.506106 1428640.0
34 -0.06665 8.83429e-05 738.749 273.169 5.02543 5.02502 -0.278957 -0.510074 1428640.0
35 -0.06655 8.83422e-05 738.763 273.156 5.02515 5.02419 -0.00369085 -0.0266557 1428030.0
36 -0.06645 8.83421e-05 738.756 273.161 5.02524 5.02453 -0.082782 -0.193082 1428260.0
37 -0.06635 8.83433e-05 738.754 273.158 5.02524 5.02469 0.00633697 -0.139706 1428220.0
38 -0.06625 8.83433e-05 738.749 273.162 5.02531 5.02484 -0.0536901 -0.215104 1428320.0
39 -0.06615 8.83428e-05 738.754 273.159 5.02523 5.02461 -0.0303598 -0.161062 1428260.0
40 -0.06605 8.83435e-05 738.751 273.166 5.0254 5.02497 -0.131908 -0.377462 1428430.0
41 -0.06595 8.83427e-05 738.753 273.163 5.02531 5.02475 -0.0904702 -0.273154 1428310.0
42 -0.06585 8.83446e-05 738.735 273.184 5.0258 5.0259 -0.46226 -0.934737 1429210.0
43 -0.06575 8.83435e-05 738.752 273.166 5.0254 5.02484 -0.148266 -0.346315 1428430.0
44 -0.06565 8.83421e-05 738.758 273.16 5.02521 5.02449 -0.0533947 -0.182403 1428220.0
45 -0.06555 8.83424e-05 738.758 273.155 5.02515 5.02442 0.0258457 -0.085949 1428140.0
46 -0.06545 8.83424e-05 738.753 273.158 5.02519 5.02462 -0.0238458 -0.186768 1428260.0
47 -0.06535 8.8344e-05 738.746 273.17 5.02551 5.02523 -0.203638 -0.510426 1428770.0
48 -0.06525 8.8343e-05 738.753 273.158 5.02522 5.02468 -0.0269226 -0.168633 1428370.0
49 -0.06515 8.83441e-05 738.745 273.171 5.02554 5.02526 -0.260189 -0.432704 1428860.0
50 -0.06505 8.83438e-05 738.751 273.166 5.02542 5.02488 -0.156357 -0.239313 1428610.0
51 -0.06495 8.83448e-05 738.743 273.174 5.02562 5.02532 -0.259841 -0.462986 1428900.0
52 -0.06485 8.83446e-05 738.738 273.174 5.02561 5.0255 -0.318033 -0.584419 1429020.0
53 -0.06475 8.83449e-05 738.737 273.179 5.02573 5.0257 -0.330437 -0.643892 1429120.0
54 -0.06465 8.83433e-05 738.751 273.162 5.02532 5.02464 -0.132386 -0.213231 1428480.0
55 -0.06455 8.83442e-05 738.747 273.167 5.02546 5.02513 -0.148573 -0.378377 1428700.0
56 -0.06445 8.83444e-05 738.746 273.168 5.02548 5.02528 -0.247677 -0.537621 1428910.0
57 -0.06435 8.83436e-05 738.749 273.164 5.02538 5.02493 -0.192291 -0.348133 1428740.0
58 -0.06425 8.83431e-05 738.754 273.16 5.02528 5.02463 -0.127207 -0.113909 1428580.0
59 -0.06415 8.83432e-05 738.749 273.164 5.02535 5.025 -0.147836 -0.277026 1428700.0
60 -0.06405 8.83428e-05 738.757 273.153 5.02512 5.02451 -0.00825494 -0.0714945 1428330.0
61 -0.06395 8.83426e-05 738.759 273.15 5.02507 5.02442 0.0506677 0.0111429 1428270.0
62 -0.06385 8.83428e-05 738.754 273.154 5.02513 5.02449 0.0278822 -0.0105762 1428330.0
63 -0.06375 8.83444e-05 738.735 273.173 5.02558 5.02573 -0.277319 -0.571356 1429090.0
64 -0.06365 8.83453e-05 738.737 273.173 5.02563 5.02575 -0.279628 -0.517672 1429070.0
65 -0.06355 8.8345e-05 738.736 273.176 5.02567 5.02574 -0.359366 -0.600322 1429280.0
66 -0.06345 8.8345e-05 738.736 273.18 5.02575 5.02566 -0.401759 -0.602644 1429330.0
67 -0.06335 8.83438e-05 738.744 273.173 5.02555 5.02527 -0.315094 -0.427374 1429130.0
68 -0.06325 8.8344e-05 738.738 273.177 5.02564 5.02561 -0.427791 -0.662259 1429320.0
69 -0.06315 8.83459e-05 738.732 273.189 5.02597 5.02609 -0.59337 -0.891778 1429710.0
70 -0.06305 8.83435e-05 738.746 273.173 5.02554 5.025 -0.379449 -0.327684 1429090.0
71 -0.06295 8.83451e-05 738.735 273.186 5.02586 5.02601 -0.546113 -0.778641 1429640.0
72 -0.06285 8.8343e-05 738.749 273.173 5.0255 5.02499 -0.348861 -0.262017 1429070.0
73 -0.06275 8.83412e-05 738.759 273.162 5.0252 5.0244 -0.208382 -0.0194602 1428680.0
74 -0.06265 8.83426e-05 738.755 273.166 5.02535 5.02485 -0.205599 -0.155859 1428890.0
75 -0.06255 8.83433e-05 738.747 273.167 5.02541 5.02505 -0.26588 -0.280771 1428970.0
76 -0.06245 8.83425e-05 738.751 273.163 5.02529 5.02495 -0.148344 -0.0954082 1428810.0
77 -0.06235 8.83407e-05 738.767 273.144 5.02483 5.02385 0.139803 0.394335 1428080.0
78 -0.06225 8.83411e-05 738.761 273.145 5.02489 5.02426 0.122238 0.261871 1428270.0
79 -0.06215 8.83408e-05 738.759 273.148 5.02493 5.02425 0.109749 0.245562 1428310.0
80 -0.06205 8.83417e-05 738.756 273.155 5.0251 5.02463 -0.0656122 0.00552823 1428630.0
81 -0.06195 8.83423e-05 738.754 273.156 5.02516 5.0249 -0.0101128 -0.0162607 1428640.0
82 -0.06185 8.83425e-05 738.745 273.16 5.02523 5.02516 -0.146142 -0.217246 1428880.0
83 -0.06175 8.83418e-05 738.754 273.154 5.02509 5.02464 0.0170896 0.0997981 1428530.0
84 -0.06165 8.83424e-05 738.755 273.152 5.02508 5.0247 -0.00206136 0.0437228 1428540.0
85 -0.06155 8.83448e-05 738.734 273.177 5.02568 5.02593 -0.369698 -0.556316 1429430.0
86 -0.06145 8.83433e-05 738.744 273.165 5.02537 5.02533 -0.162861 -0.181333 1429030.0
87 -0.06135 8.83445e-05 738.738 273.169 5.02552 5.02575 -0.241748 -0.388961 1429270.0
88 -0.06125 8.83448e-05 738.736 273.173 5.0256 5.02595 -0.302745 -0.523713 1429360.0
89 -0.06115 8.83448e-05 738.741 273.17 5.02556 5.02572 -0.278039 -0.3734 1429280.0
90 -0.06105 8.83444e-05 738.739 273.174 5.0256 5.02579 -0.337926 -0.461759 1429360.0
91 -0.06095 8.83436e-05 738.746 273.168 5.02545 5.02536 -0.249827 -0.369959 1429150.0
92 -0.06085 8.83434e-05 738.746 273.172 5.0255 5.02536 -0.313661 -0.376519 1429260.0
93 -0.06075 8.83416e-05 738.765 273.153 5.02506 5.0242 -0.031338 0.257159 1428500.0
94 -0.06065 8.83426e-05 738.753 273.162 5.02527 5.02473 -0.207554 -0.125744 1428910.0
95 -0.06055 8.83429e-05 738.757 273.165 5.02535 5.02469 -0.191617 -0.119525 1428870.0
96 -0.06045 8.8342e-05 738.759 273.167 5.02534 5.02456 -0.302158 -0.195882 1428950.0
97 -0.06035 8.83407e-05 738.764 273.16 5.02514 5.02397 -0.18355 0.0843887 1428630.0
98 -0.06025 8.83419e-05 738.763 273.161 5.02521 5.02442 -0.150063 -0.0740505 1428740.0
99 -0.06015 8.83425e-05 738.759 273.164 5.0253 5.02457 -0.219983 -0.200217 1428900.0
100 -0.06005 8.83431e-05 738.75 273.169 5.02544 5.02518 -0.249591 -0.447112 1429130.0
101 -0.05995 8.83423e-05 738.747 273.168 5.02537 5.02516 -0.246377 -0.493947 1429120.0
102 -0.05985 8.83434e-05 738.749 273.165 5.02538 5.02515 -0.21149 -0.539131 1429070.0
103 -0.05975 8.83408e-05 738.764 273.154 5.02503 5.02415 0.00444608 -0.000286444 1428540.0
104 -0.05965 8.83416e-05 738.759 273.153 5.02505 5.02439 -0.0152029 -0.136382 1428590.0
105 -0.05955 8.83421e-05 738.756 273.163 5.02527 5.02469 -0.183194 -0.295225 1428900.0
106 -0.05945 8.83417e-05 738.761 273.153 5.02507 5.02427 -0.0323771 -0.0661748 1428490.0
107 -0.05935 8.83416e-05 738.758 273.16 5.02519 5.02448 -0.173338 -0.237285 1428810.0
108 -0.05925 8.8342e-05 738.758 273.159 5.02519 5.02442 -0.12197 -0.256557 1428670.0
109 -0.05915 8.83427e-05 738.748 273.169 5.0254 5.02504 -0.294928 -0.594836 1429170.0
110 -0.05905 8.83429e-05 738.751 273.17 5.02544 5.02489 -0.320527 -0.452023 1429200.0
111 -0.05895 8.83402e-05 738.771 273.148 5.02488 5.02365 0.00161809 0.173169 1428400.0
112 -0.05885 8.83403e-05 738.768 273.157 5.02506 5.02403 -0.0884894 0.0345349 1428660.0
113 -0.05875 8.83411e-05 738.766 273.155 5.02506 5.02399 -0.0917172 -0.00132092 1428630.0
114 -0.05865 8.83415e-05 738.755 273.165 5.02527 5.02467 -0.25447 -0.337316 1429100.0
115 -0.05855 8.83415e-05 738.759 273.161 5.02519 5.02459 -0.19996 -0.291047 1428990.0
116 -0.05845 8.83425e-05 738.75 273.173 5.02548 5.02507 -0.375776 -0.457384 1429360.0
117 -0.05835 8.83435e-05 738.741 273.18 5.02567 5.02553 -0.504083 -0.695665 1429670.0
118 -0.05825 8.8343e-05 738.746 273.178 5.02559 5.02535 -0.516827 -0.574266 1429600.0
119 -0.05815 8.83424e-05 738.752 273.172 5.02546 5.02498 -0.400444 -0.423015 1429320.0
120 -0.05805 8.83413e-05 738.754 273.167 5.02531 5.02477 -0.343273 -0.311597 1429170.0
121 -0.05795 8.8343e-05 738.747 273.173 5.02551 5.0252 -0.383427 -0.389926 1429340.0
122 -0.05785 8.83418e-05 738.754 273.162 5.02524 5.02479 -0.222918 -0.255562 1428980.0
123 -0.05775 8.83419e-05 738.75 273.166 5.02532 5.02493 -0.280507 -0.285694 1429150.0
124 -0.05765 8.83413e-05 738.761 273.157 5.02511 5.02427 -0.159999 0.0209975 1428700.0
125 -0.05755 8.83417e-05 738.754 273.169 5.02535 5.02485 -0.308879 -0.241179 1429190.0
126 -0.05745 8.83438e-05 738.736 273.18 5.02568 5.02574 -0.474411 -0.675505 1429690.0
127 -0.05735 8.83435e-05 738.743 273.175 5.02557 5.02553 -0.452572 -0.632535 1429550.0
128 -0.05725 8.83424e-05 738.748 273.17 5.02541 5.02518 -0.349731 -0.473699 1429320.0
129 -0.05715 8.83444e-05 738.732 273.179 5.0257 5.02598 -0.453154 -0.747587 1429740.0
130 -0.05705 8.83426e-05 738.748 273.17 5.02542 5.02529 -0.301765 -0.44221 1429400.0
131 -0.05695 8.83433e-05 738.746 273.167 5.02541 5.02528 -0.247596 -0.398753 1429310.0
132 -0.05685 8.83408e-05 738.761 273.15 5.02495 5.02421 -0.0474554 -0.00860321 1428730.0
133 -0.05675 8.83422e-05 738.759 273.157 5.02517 5.02445 -0.140817 -0.0822337 1428940.0
134 -0.05665 8.83401e-05 738.766 273.152 5.02496 5.02399 -0.0822052 0.101994 1428720.0
135 -0.05655 8.83433e-05 738.748 273.167 5.02541 5.02507 -0.372927 -0.420441 1429360.0
136 -0.05645 8.83434e-05 738.75 273.17 5.02547 5.02513 -0.339698 -0.341256 1429400.0
137 -0.05635 8.83403e-05 738.766 273.144 5.02482 5.02384 0.0615354 0.238934 1428420.0
138 -0.05625 8.83403e-05 738.774 273.131 5.02458 5.0234 0.246389 0.540139 1428000.0
139 -0.05615 8.83432e-05 738.751 273.153 5.02514 5.02469 -0.0942129 -0.0737482 1428890.0
140 -0.05605 8.8343e-05 738.754 273.159 5.02525 5.02474 -0.179466 -0.132511 1429030.0
141 -0.05595 8.83434e-05 738.752 273.157 5.02523 5.02469 -0.162755 -0.0991849 1429020.0
142 -0.05585 8.83439e-05 738.744 273.162 5.02536 5.02517 -0.174192 -0.182915 1429220.0
143 -0.05575 8.83423e-05 738.76 273.142 5.02489 5.02416 0.109876 0.284066 1428510.0
144 -0.05565 8.83425e-05 738.756 273.151 5.02507 5.02455 -0.0547224 0.0587818 1428890.0
145 -0.05555 8.83418e-05 738.759 273.144 5.0249 5.02418 0.0849822 0.262085 1428580.0
146 -0.05545 8.8343e-05 738.753 273.154 5.02515 5.02474 -0.0179895 0.0938199 1428930.0
147 -0.05535 8.83432e-05 738.752 273.151 5.02512 5.02472 -0.0128936 0.0742721 1428890.0
148 -0.05525 8.83441e-05 738.748 273.158 5.0253 5.02506 -0.117796 -0.0973425 1429140.0
149 -0.05515 8.83453e-05 738.728 273.179 5.02575 5.02622 -0.463531 -0.755659 1429990.0
150 -0.05505 8.83452e-05 738.738 273.175 5.02567 5.02578 -0.365156 -0.441939 1429680.0
151 -0.05495 8.83426e-05 738.754 273.157 5.02519 5.02474 -0.120186 0.0841462 1429010.0
152 -0.05485 8.83429e-05 738.75 273.152 5.02512 5.02478 -0.0644039 -0.0235643 1428940.0
153 -0.05475 8.83433e-05 738.749 273.16 5.02528 5.02504 -0.113844 -0.0385089 1429110.0
154 -0.05465 8.83442e-05 738.736 273.168 5.02548 5.02581 -0.259174 -0.476113 1429550.0
155 -0.05455 8.83433e-05 738.747 273.163 5.02534 5.02514 -0.197493 -0.0954139 1429300.0
156 -0.05445 8.83414e-05 738.758 273.149 5.02498 5.02435 -0.0129607 0.238188 1428800.0
157 -0.05435 8.83421e-05 738.76 273.153 5.02509 5.02448 -0.0330019 0.190822 1428910.0
158 -0.05425 8.83402e-05 738.769 273.141 5.02475 5.02371 0.146106 0.550871 1428460.0
159 -0.05415 8.83428e-05 738.756 273.154 5.02515 5.02459 -0.102146 0.0633858 1429030.0
160 -0.05405 8.83412e-05 738.766 273.145 5.0249 5.02388 0.108811 0.467518 1428490.0
161 -0.05395 8.83413e-05 738.764 273.15 5.02498 5.02409 -0.0643508 0.230169 1428710.0
162 -0.05385 8.83411e-05 738.763 273.15 5.02498 5.02415 0.00206913 0.239112 1428710.0
163 -0.05375 8.83422e-05 738.755 273.157 5.02517 5.02453 -0.134207 0.021863 1429000.0
164 -0.05365 8.8343e-05 738.747 273.174 5.02552 5.0252 -0.422378 -0.301788 1429590.0
165 -0.05355 8.83433e-05 738.742 273.174 5.02554 5.02538 -0.356163 -0.389257 1429580.0
166 -0.05345 8.83438e-05 738.744 273.171 5.02551 5.02532 -0.33263 -0.31603 1429440.0
167 -0.05335 8.83438e-05 738.741 273.175 5.02559 5.02552 -0.367033 -0.341619 1429500.0
168 -0.05325 8.83433e-05 738.747 273.165 5.02538 5.0251 -0.274982 -0.140556 1429250.0
169 -0.05315 8.83433e-05 738.747 273.167 5.0254 5.02515 -0.249119 -0.092292 1429230.0
170 -0.05305 8.83428e-05 738.75 273.162 5.02529 5.02494 -0.159446 0.0456175 1429020.0
171 -0.05295 8.83436e-05 738.746 273.166 5.02541 5.02513 -0.234357 -0.169141 1429170.0
172 -0.05285 8.83429e-05 738.747 273.162 5.0253 5.02501 -0.178047 -0.148585 1429000.0
173 -0.05275 8.83431e-05 738.754 273.159 5.02525 5.02469 -0.134097 -0.000202031 1428850.0
174 -0.05265 8.83416e-05 738.757 273.157 5.02513 5.02434 -0.115754 0.110827 1428720.0
175 -0.05255 8.83419e-05 738.762 273.16 5.0252 5.02424 -0.171606 0.121443 1428770.0
176 -0.05245 8.83417e-05 738.759 273.161 5.02521 5.0244 -0.177902 0.0891076 1428850.0
177 -0.05235 8.8343e-05 738.747 273.168 5.02542 5.025 -0.303743 -0.207337 1429200.0
178 -0.05225 8.83437e-05 738.745 273.172 5.02552 5.02537 -0.329902 -0.348956 1429390.0
179 -0.05215 8.83427e-05 738.751 273.159 5.02524 5.02495 -0.118084 -0.0963616 1428970.0
180 -0.05205 8.83437e-05 738.746 273.162 5.02535 5.02509 -0.149615 -0.177433 1429050.0
181 -0.05195 8.8343e-05 738.75 273.157 5.02522 5.02481 -0.0843316 -0.0444979 1428930.0
182 -0.05185 8.83421e-05 738.756 273.153 5.02508 5.02454 -0.0270688 0.0268424 1428780.0
183 -0.05175 8.83413e-05 738.765 273.146 5.02491 5.02401 0.0548515 0.200484 1428500.0
184 -0.05165 8.83411e-05 738.764 273.145 5.02489 5.024 0.0621541 0.233295 1428470.0
185 -0.05155 8.83415e-05 738.761 273.149 5.02498 5.02419 0.033107 0.15701 1428590.0
186 -0.05145 8.83418e-05 738.757 273.155 5.0251 5.02448 -0.0923152 -0.0654686 1428800.0
187 -0.05135 8.83402e-05 738.766 273.142 5.02478 5.02384 0.127663 0.24064 1428300.0
188 -0.05125 8.83417e-05 738.755 273.152 5.02504 5.02464 -0.00415407 -0.0223498 1428780.0
189 -0.05115 8.8343e-05 738.746 273.158 5.02522 5.02526 -0.0788366 -0.344573 1429060.0
190 -0.05105 8.8341e-05 738.754 273.152 5.025 5.02466 -0.0163949 -0.0425191 1428780.0
191 -0.05095 8.83439e-05 738.736 273.173 5.02555 5.02594 -0.327052 -0.68119 1429560.0
192 -0.05085 8.83424e-05 738.748 273.164 5.0253 5.02514 -0.239525 -0.272408 1429190.0
193 -0.05075 8.83432e-05 738.744 273.163 5.02533 5.02535 -0.153706 -0.232284 1429170.0
194 -0.05065 8.83432e-05 738.742 273.163 5.02532 5.02542 -0.172829 -0.291009 1429200.0
195 -0.05055 8.8342e-05 738.754 273.153 5.02508 5.02471 -0.0301375 0.0618974 1428830.0
196 -0.05045 8.83407e-05 738.762 273.142 5.0248 5.02431 0.179952 0.257542 1428440.0
197 -0.05035 8.83416e-05 738.751 273.151 5.02501 5.02486 0.0222126 -0.0715238 1428810.0
198 -0.05025 8.83423e-05 738.751 273.159 5.02521 5.02511 -0.0817237 -0.18696 1429120.0
199 -0.05015 8.83425e-05 738.749 273.157 5.02519 5.02513 -0.136414 -0.192953 1429210.0
200 -0.05005 8.8342e-05 738.752 273.151 5.02505 5.02476 0.0399915 0.0927921 1428890.0
201 -0.04995 8.83416e-05 738.755 273.146 5.02492 5.02479 0.134797 0.0950335 1428730.0
202 -0.04985 8.83424e-05 738.75 273.156 5.02516 5.0251 -0.0480982 -0.0527363 1429090.0
203 -0.04975 8.83415e-05 738.755 273.154 5.02506 5.02491 -0.0154201 0.00366533 1429020.0
204 -0.04965 8.83426e-05 738.747 273.157 5.02518 5.02512 -0.0761792 -0.11432 1429110.0
205 -0.04955 8.83426e-05 738.743 273.164 5.02532 5.02527 -0.178348 -0.201114 1429340.0
206 -0.04945 8.83421e-05 738.749 273.162 5.02525 5.02505 -0.188729 -0.139394 1429320.0
207 -0.04935 8.83414e-05 738.757 273.15 5.02498 5.02463 0.0486507 0.161661 1428870.0
208 -0.04925 8.83426e-05 738.742 273.162 5.02528 5.0255 -0.198968 -0.307249 1429410.0
209 -0.04915 8.83431e-05 738.738 273.165 5.02537 5.02564 -0.203476 -0.370375 1429460.0
210 -0.04905 8.8343e-05 738.743 273.169 5.02543 5.02556 -0.262979 -0.302124 1429480.0
211 -0.04895 8.83412e-05 738.758 273.148 5.02495 5.02452 0.0417896 0.211278 1428760.0
212 -0.04885 8.83422e-05 738.744 273.161 5.02524 5.02537 -0.154889 -0.236233 1429260.0
213 -0.04875 8.83424e-05 738.744 273.16 5.02522 5.02538 -0.106828 -0.122428 1429200.0
214 -0.04865 8.83439e-05 738.73 273.177 5.02564 5.02638 -0.401274 -0.663198 1429950.0
215 -0.04855 8.83424e-05 738.74 273.167 5.02537 5.0257 -0.28262 -0.401049 1429580.0
216 -0.04845 8.83425e-05 738.744 273.16 5.02523 5.02542 -0.0613107 -0.142241 1429270.0
217 -0.04835 8.83423e-05 738.744 273.16 5.02523 5.02534 -0.109275 -0.108214 1429330.0
218 -0.04825 8.83417e-05 738.751 273.152 5.02504 5.02493 0.0316533 0.139405 1429010.0
219 -0.04815 8.83423e-05 738.745 273.159 5.0252 5.02533 -0.0741195 -0.0793045 1429260.0
220 -0.04805 8.83425e-05 738.747 273.155 5.02514 5.02521 -0.0161251 -0.0815352 1429120.0
221 -0.04795 8.83418e-05 738.752 273.149 5.02499 5.02501 0.110004 0.00412166 1428930.0
222 -0.04785 8.83422e-05 738.744 273.159 5.0252 5.0255 -0.0535198 -0.221839 1429330.0
223 -0.04775 8.83434e-05 738.737 273.16 5.0253 5.02581 -0.0960883 -0.378792 1429450.0
224 -0.04765 8.8342e-05 738.751 273.152 5.02506 5.02515 0.0353497 -0.0635928 1429140.0
225 -0.04755 8.834e-05 738.764 273.142 5.02476 5.0243 0.174367 0.28636 1428660.0
226 -0.04745 8.83402e-05 738.767 273.138 5.0247 5.02412 0.231027 0.409205 1428510.0
227 -0.04735 8.83405e-05 738.766 273.142 5.02479 5.0241 0.228224 0.471152 1428550.0
228 -0.04725 8.83404e-05 738.767 273.138 5.02471 5.02407 0.218008 0.486057 1428550.0
229 -0.04715 8.83402e-05 738.762 273.146 5.02485 5.02432 0.132436 0.18837 1428690.0
230 -0.04705 8.83408e-05 738.76 273.157 5.02508 5.02468 -0.0908409 -0.0925907 1429160.0
231 -0.04695 8.83424e-05 738.748 273.169 5.02539 5.02543 -0.287221 -0.535878 1429690.0
232 -0.04685 8.83416e-05 738.753 273.157 5.02514 5.02493 -0.0981564 -0.253373 1429320.0
233 -0.04675 8.83399e-05 738.771 273.141 5.02473 5.024 0.136957 0.18994 1428680.0
234 -0.04665 8.83398e-05 738.771 273.137 5.02466 5.02388 0.222077 0.269887 1428480.0
235 -0.04655 8.83401e-05 738.766 273.144 5.0248 5.02414 0.109651 0.0634078 1428650.0
236 -0.04645 8.83408e-05 738.764 273.148 5.02492 5.02429 0.0504931 -0.00690924 1428810.0
237 -0.04635 8.83411e-05 738.764 273.154 5.02504 5.02452 -0.0569734 -0.120477 1429030.0
238 -0.04625 8.83403e-05 738.768 273.149 5.02492 5.02412 -0.00192995 0.0569124 1428810.0
239 -0.04615 8.83411e-05 738.758 273.16 5.02516 5.02471 -0.14604 -0.15014 1429180.0
240 -0.04605 8.83409e-05 738.763 273.159 5.02513 5.02451 -0.162559 0.026924 1429210.0
241 -0.04595 8.83399e-05 738.765 273.158 5.02505 5.0244 -0.136829 0.0817369 1429130.0
242 -0.04585 8.83402e-05 738.764 273.155 5.02502 5.02445 -0.0555855 0.101464 1429030.0
243 -0.04575 8.83394e-05 738.773 273.14 5.02468 5.0238 0.187106 0.496804 1428470.0
244 -0.04565 8.83393e-05 738.776 273.137 5.02463 5.02352 0.240045 0.592739 1428350.0
245 -0.04555 8.834e-05 738.766 273.149 5.02489 5.02432 0.0592794 0.22608 1428910.0
246 -0.04545 8.83409e-05 738.76 273.151 5.02498 5.02483 0.0218442 -0.0662064 1429110.0
247 -0.04535 8.83393e-05 738.768 273.142 5.02471 5.02408 0.186996 0.268524 1428700.0
248 -0.04525 8.83402e-05 738.769 273.136 5.02466 5.02413 0.249225 0.332991 1428590.0
249 -0.04515 8.83415e-05 738.761 273.141 5.02483 5.02465 0.224439 0.172804 1428820.0
250 -0.04505 8.83425e-05 738.75 273.153 5.02511 5.02529 0.0310163 -0.122054 1429290.0
251 -0.04495 8.83413e-05 738.754 273.147 5.02492 5.02483 0.126402 0.0418461 1428960.0
252 -0.04485 8.83422e-05 738.755 273.154 5.0251 5.02505 0.0625478 0.0126484 1429130.0
253 -0.04475 8.83416e-05 738.758 273.148 5.02497 5.02478 0.11386 0.0924147 1429010.0
254 -0.04465 8.83407e-05 738.772 273.138 5.02472 5.02406 0.238013 0.430154 1428640.0
255 -0.04455 8.83397e-05 738.778 273.131 5.02454 5.02343 0.394743 0.7321 1428190.0
256 -0.04445 8.8341e-05 738.769 273.141 5.0248 5.02417 0.23446 0.391545 1428660.0
257 -0.04435 8.83414e-05 738.763 273.143 5.02486 5.02453 0.234409 0.187266 1428770.0
258 -0.04425 8.83407e-05 738.774 273.131 5.0246 5.02395 0.413979 0.431209 1428330.0
259 -0.04415 8.83417e-05 738.765 273.14 5.02481 5.02444 0.25659 0.221415 1428710.0
260 -0.04405 8.8342e-05 738.76 273.15 5.02502 5.02473 0.0602474 0.00897726 1429030.0
261 -0.04395 8.83426e-05 738.76 273.15 5.02505 5.02488 0.0971269 -0.0187576 1429020.0
262 -0.04385 8.83434e-05 738.75 273.162 5.02533 5.0254 -0.0972529 -0.311396 1429430.0
263 -0.04375 8.83429e-05 738.748 273.164 5.02534 5.02552 -0.187699 -0.398335 1429570.0
264 -0.04365 8.83431e-05 738.749 273.168 5.02542 5.02548 -0.214248 -0.341281 1429600.0
265 -0.04355 8.83426e-05 738.76 273.157 5.02519 5.02499 -0.033842 -0.0737202 1429210.0
266 -0.04345 8.8342e-05 738.759 273.152 5.02506 5.02475 -0.00830382 -0.0483337 1429100.0
267 -0.04335 8.83403e-05 738.771 273.14 5.02474 5.02395 0.20176 0.338896 1428610.0
268 -0.04325 8.83405e-05 738.769 273.142 5.02478 5.02412 0.204147 0.304821 1428680.0
269 -0.04315 8.83414e-05 738.766 273.143 5.02486 5.02417 0.118787 0.222406 1428770.0
270 -0.04305 8.83429e-05 738.747 273.166 5.02537 5.02543 -0.188737 -0.45391 1429560.0
271 -0.04295 8.83439e-05 738.747 273.161 5.02534 5.02551 -0.0972895 -0.363475 1429530.0
272 -0.04285 8.83429e-05 738.751 273.157 5.02521 5.02526 -0.0445189 -0.197554 1429300.0
273 -0.04275 8.83425e-05 738.754 273.155 5.02515 5.02505 -0.0425528 -0.0482464 1429230.0
274 -0.04265 8.83418e-05 738.754 273.16 5.0252 5.02509 -0.108862 -0.0861804 1429340.0
275 -0.04255 8.83443e-05 738.74 273.175 5.02561 5.02594 -0.357845 -0.513334 1429920.0
276 -0.04245 8.8343e-05 738.749 273.164 5.02534 5.02531 -0.170395 -0.273513 1429480.0
277 -0.04235 8.83422e-05 738.755 273.162 5.02526 5.02487 -0.1598 -0.138959 1429320.0
278 -0.04225 8.83429e-05 738.749 273.168 5.0254 5.02544 -0.286811 -0.48281 1429660.0
279 -0.04215 8.83429e-05 738.749 273.172 5.02548 5.02545 -0.311073 -0.380708 1429710.0
280 -0.04205 8.83412e-05 738.762 273.162 5.02519 5.02475 -0.183579 -0.0590536 1429350.0
281 -0.04195 8.83418e-05 738.753 273.164 5.02526 5.02514 -0.233966 -0.283102 1429440.0
282 -0.04185 8.83415e-05 738.758 273.158 5.02515 5.02491 -0.0863154 -0.187705 1429230.0
283 -0.04175 8.83401e-05 738.765 273.145 5.02483 5.02429 0.144157 0.175662 1428690.0
284 -0.04165 8.83406e-05 738.766 273.152 5.02498 5.02441 -0.00309831 0.122464 1428950.0
285 -0.04155 8.83429e-05 738.75 273.171 5.02546 5.02559 -0.289921 -0.445102 1429690.0
286 -0.04145 8.83406e-05 738.761 273.156 5.02505 5.02478 -0.0562542 -0.088976 1429140.0
287 -0.04135 8.83406e-05 738.769 273.149 5.02493 5.02431 0.0672558 0.187233 1428860.0
288 -0.04125 8.834e-05 738.764 273.151 5.02494 5.02442 0.0236617 0.0189557 1428930.0
289 -0.04115 8.83431e-05 738.748 273.17 5.02545 5.02572 -0.264943 -0.573671 1429740.0
290 -0.04105 8.83429e-05 738.749 273.171 5.02546 5.02562 -0.281301 -0.468559 1429660.0
291 -0.04095 8.83427e-05 738.744 273.174 5.02551 5.02577 -0.284079 -0.514681 1429740.0
292 -0.04085 8.83432e-05 738.743 273.173 5.02552 5.02593 -0.332352 -0.650136 1429830.0
293 -0.04075 8.83433e-05 738.748 273.169 5.02545 5.02563 -0.226461 -0.458521 1429560.0
294 -0.04065 8.83436e-05 738.741 273.175 5.02558 5.02599 -0.317633 -0.582666 1429810.0
295 -0.04055 8.83418e-05 738.756 273.158 5.02516 5.02502 -0.0514483 -0.114919 1429150.0
296 -0.04045 8.83413e-05 738.758 273.152 5.02503 5.02486 -1.34231e-05 -0.0460119 1428980.0
297 -0.04035 8.83396e-05 738.77 273.14 5.02471 5.02408 0.194686 0.316966 1428480.0
298 -0.04025 8.83401e-05 738.769 273.148 5.02489 5.02419 0.0628375 0.253511 1428720.0
299 -0.04015 8.83396e-05 738.776 273.144 5.02477 5.02392 0.117086 0.351027 1428590.0
300 -0.04005 8.83402e-05 738.765 273.151 5.02494 5.02445 0.0372648 0.0467796 1428810.0
301 -0.03995 8.83405e-05 738.766 273.154 5.02501 5.02432 -0.024939 0.10629 1428870.0
302 -0.03985 8.83406e-05 738.767 273.154 5.02502 5.02423 -0.075407 0.0555135 1428900.0
303 -0.03975 8.83391e-05 738.782 273.138 5.02465 5.02335 0.12916 0.452011 1428310.0
304 -0.03965 8.83392e-05 738.776 273.144 5.02475 5.02359 0.146123 0.448198 1428380.0
305 -0.03955 8.834e-05 738.774 273.143 5.02478 5.02367 0.126362 0.382133 1428370.0
306 -0.03945 8.83412e-05 738.761 273.156 5.02509 5.02453 -0.0993884 -0.109259 1428960.0
307 -0.03935 8.83397e-05 738.772 273.147 5.02484 5.0238 0.0535953 0.26026 1428530.0
308 -0.03925 8.83393e-05 738.779 273.148 5.02484 5.02349 0.0523393 0.497705 1428460.0
309 -0.03915 8.83411e-05 738.768 273.155 5.02506 5.02419 -0.0747073 0.200519 1428860.0
310 -0.03905 8.83415e-05 738.762 273.157 5.02513 5.02439 -0.088823 0.075607 1428970.0
311 -0.03895 8.83445e-05 738.737 273.18 5.02573 5.02601 -0.429904 -0.657774 1429930.0
312 -0.03885 8.83437e-05 738.747 273.172 5.02553 5.02548 -0.289509 -0.358526 1429630.0
313 -0.03875 8.83409e-05 738.768 273.154 5.02504 5.02408 -0.0490295 0.255053 1428860.0
314 -0.03865 8.83415e-05 738.768 273.158 5.02513 5.02416 -0.0901086 0.215178 1428950.0
315 -0.03855 8.83425e-05 738.758 273.156 5.02517 5.02476 -0.0926723 -0.0504803 1429080.0
316 -0.03845 8.83414e-05 738.766 273.144 5.02488 5.0242 0.112412 0.212342 1428630.0
317 -0.03835 8.83427e-05 738.764 273.15 5.02507 5.02453 0.0308636 0.150851 1428900.0
318 -0.03825 8.83418e-05 738.763 273.151 5.02503 5.02435 0.0209354 0.273035 1428820.0
319 -0.03815 8.83425e-05 738.759 273.156 5.02516 5.0246 -0.102322 0.048559 1429060.0
320 -0.03805 8.83429e-05 738.753 273.168 5.02541 5.0252 -0.25121 -0.258887 1429490.0
321 -0.03795 8.83406e-05 738.773 273.143 5.02482 5.02365 0.0905556 0.463596 1428560.0
322 -0.03785 8.83423e-05 738.759 273.161 5.02525 5.02464 -0.172002 -0.0550137 1429260.0
323 -0.03775 8.83421e-05 738.761 273.162 5.02525 5.02469 -0.181693 -0.115948 1429250.0
324 -0.03765 8.83422e-05 738.76 273.157 5.02517 5.02456 -0.103333 -0.0355779 1429070.0
325 -0.03755 8.83428e-05 738.756 273.165 5.02535 5.02502 -0.170821 -0.165739 1429370.0
326 -0.03745 8.83414e-05 738.758 273.162 5.02522 5.02467 -0.142673 -0.101363 1429240.0
327 -0.03735 8.83422e-05 738.757 273.166 5.02533 5.02476 -0.216263 -0.115366 1429320.0
328 -0.03725 8.83421e-05 738.762 273.163 5.02527 5.02453 -0.188091 0.0176501 1429230.0
329 -0.03715 8.83445e-05 738.735 273.19 5.0259 5.0263 -0.609847 -0.898556 1430320.0
330 -0.03705 8.83429e-05 738.753 273.165 5.02535 5.02514 -0.18976 -0.280656 1429400.0
331 -0.03695 8.83429e-05 738.75 273.17 5.02545 5.02529 -0.238942 -0.31026 1429550.0
332 -0.03685 8.83436e-05 738.749 273.168 5.02544 5.02527 -0.221673 -0.317342 1429490.0
333 -0.03675 8.83428e-05 738.751 273.166 5.02535 5.02511 -0.170674 -0.132499 1429430.0
334 -0.03665 8.83424e-05 738.756 273.162 5.02526 5.02498 -0.0982165 -0.0304917 1429230.0
335 -0.03655 8.8342e-05 738.759 273.152 5.02506 5.02465 0.0469846 0.205126 1428970.0
336 -0.03645 8.83409e-05 738.763 273.147 5.0249 5.02427 0.0980916 0.446518 1428770.0
337 -0.03635 8.83404e-05 738.769 273.141 5.02477 5.02402 0.184996 0.570962 1428610.0
338 -0.03625 8.83413e-05 738.757 273.148 5.02494 5.0248 0.131242 0.23225 1428920.0
339 -0.03615 8.83416e-05 738.754 273.146 5.02492 5.0249 0.206524 0.151922 1428930.0
340 -0.03605 8.83438e-05 738.735 273.167 5.02545 5.02611 -0.157331 -0.495726 1429810.0
341 -0.03595 8.83428e-05 738.744 273.159 5.02524 5.02554 0.010116 -0.216138 1429440.0
342 -0.03585 8.83415e-05 738.759 273.147 5.02495 5.02474 0.1861 0.158769 1428970.0
343 -0.03575 8.83414e-05 738.754 273.15 5.025 5.0248 0.107135 0.131764 1429120.0
344 -0.03565 8.83426e-05 738.748 273.159 5.02522 5.02533 0.0193701 -0.062148 1429380.0
345 -0.03555 8.83439e-05 738.738 273.166 5.02542 5.02596 -0.109847 -0.403035 1429780.0
346 -0.03545 8.8343e-05 738.738 273.171 5.02547 5.02595 -0.202595 -0.431365 1429900.0
347 -0.03535 8.83411e-05 738.758 273.15 5.02498 5.02462 0.132882 0.213603 1428980.0
348 -0.03525 8.83418e-05 738.755 273.159 5.02518 5.02496 -0.0099053 0.0200802 1429290.0
349 -0.03515 8.83412e-05 738.754 273.161 5.02517 5.02506 -0.0957709 -0.101711 1429410.0
350 -0.03505 8.83396e-05 738.769 273.14 5.02471 5.02403 0.238282 0.37819 1428680.0
351 -0.03495 8.83394e-05 738.77 273.14 5.0247 5.02394 0.241454 0.378758 1428630.0
352 -0.03485 8.83407e-05 738.759 273.153 5.025 5.02468 0.0458144 -0.0220836 1429110.0
353 -0.03475 8.834e-05 738.764 273.147 5.02486 5.02441 0.104931 0.0922828 1428960.0
354 -0.03465 8.83399e-05 738.765 273.146 5.02484 5.02438 0.137922 0.188711 1428900.0
355 -0.03455 8.83394e-05 738.77 273.14 5.0247 5.02391 0.204343 0.397822 1428650.0
356 -0.03445 8.834e-05 738.762 273.155 5.025 5.02445 -0.00916915 0.00764816 1429120.0
357 -0.03435 8.83406e-05 738.766 273.154 5.02502 5.02437 -0.0132823 0.140949 1429060.0
358 -0.03425 8.83403e-05 738.766 273.15 5.02493 5.02423 0.091235 0.233736 1428870.0
359 -0.03415 8.83401e-05 738.767 273.147 5.02486 5.02437 0.0943587 0.220819 1428870.0
360 -0.03405 8.83411e-05 738.754 273.155 5.02506 5.025 0.046962 -0.0597245 1429170.0
361 -0.03395 8.83407e-05 738.759 273.148 5.02491 5.02465 0.134256 0.152999 1428890.0
362 -0.03385 8.83424e-05 738.748 273.162 5.02528 5.02545 -0.0588722 -0.13685 1429500.0
363 -0.03375 8.8341e-05 738.763 273.146 5.02489 5.02456 0.175122 0.27981 1428870.0
364 -0.03365 8.83401e-05 738.77 273.138 5.0247 5.02414 0.278208 0.451184 1428560.0
365 -0.03355 8.83406e-05 738.768 273.146 5.02487 5.02433 0.147254 0.227218 1428810.0
366 -0.03345 8.83404e-05 738.764 273.152 5.02496 5.02442 0.0668137 0.218564 1428920.0
367 -0.03335 8.834e-05 738.769 273.144 5.0248 5.02397 0.159689 0.358639 1428630.0
368 -0.03325 8.83403e-05 738.775 273.139 5.02473 5.02378 0.237848 0.491249 1428410.0
369 -0.03315 8.83396e-05 738.777 273.137 5.02466 5.02356 0.251363 0.573861 1428350.0
370 -0.03305 8.83396e-05 738.77 273.146 5.02481 5.02382 0.120115 0.410467 1428610.0
371 -0.03295 8.83412e-05 738.758 273.16 5.02517 5.02473 -0.104634 -0.0678891 1429170.0
372 -0.03285 8.83427e-05 738.752 273.168 5.02539 5.02521 -0.24859 -0.283186 1429500.0
373 -0.03275 8.83411e-05 738.755 273.164 5.02522 5.02487 -0.20235 -0.171102 1429300.0
374 -0.03265 8.83419e-05 738.751 273.172 5.02541 5.02528 -0.297079 -0.376781 1429570.0
375 -0.03255 8.83419e-05 738.755 273.161 5.02523 5.02492 -0.0967265 -0.140509 1429190.0
376 -0.03245 8.83412e-05 738.761 273.152 5.02502 5.02465 0.0152745 -0.0694389 1428910.0
377 -0.03235 8.83417e-05 738.757 273.153 5.02506 5.02485 0.0143575 -0.12212 1428950.0
378 -0.03225 8.83398e-05 738.764 273.149 5.02488 5.02429 0.0361999 0.0716247 1428760.0
379 -0.03215 8.83414e-05 738.757 273.162 5.02521 5.02496 -0.139989 -0.210617 1429230.0
380 -0.03205 8.83404e-05 738.762 273.156 5.02504 5.02454 -0.107347 -0.08625 1429020.0
381 -0.03195 8.8342e-05 738.752 273.162 5.02524 5.02532 -0.156311 -0.3763 1429390.0
382 -0.03185 8.83416e-05 738.752 273.153 5.02506 5.02506 0.0256041 -0.166557 1429070.0
383 -0.03175 8.83407e-05 738.761 273.149 5.02493 5.02476 0.118142 -0.0223269 1428910.0
384 -0.03165 8.83392e-05 738.771 273.138 5.02464 5.0241 0.278085 0.228263 1428480.0
385 -0.03155 8.83403e-05 738.758 273.151 5.02495 5.02476 0.0169176 -0.189111 1429030.0
386 -0.03145 8.83422e-05 738.753 273.166 5.02533 5.02535 -0.190614 -0.446486 1429520.0
387 -0.03135 8.83412e-05 738.75 273.163 5.02522 5.02519 -0.171571 -0.430721 1429420.0
388 -0.03125 8.83412e-05 738.756 273.164 5.02524 5.02494 -0.231508 -0.330093 1429440.0
389 -0.03115 8.8342e-05 738.75 273.173 5.02544 5.0253 -0.359728 -0.546112 1429730.0
390 -0.03105 8.83419e-05 738.749 273.172 5.02543 5.02548 -0.318851 -0.622012 1429750.0
391 -0.03095 8.83397e-05 738.765 273.156 5.02501 5.02423 -0.0843669 -0.0961984 1429020.0
392 -0.03085 8.83396e-05 738.77 273.157 5.02501 5.02413 -0.131505 -0.157709 1429040.0
393 -0.03075 8.83397e-05 738.763 273.161 5.0251 5.02445 -0.193895 -0.299178 1429220.0
394 -0.03065 8.83407e-05 738.763 273.159 5.02511 5.02443 -0.127426 -0.296605 1429120.0
395 -0.03055 8.834e-05 738.763 273.164 5.02517 5.02458 -0.222315 -0.313019 1429300.0
396 -0.03045 8.83413e-05 738.755 273.173 5.02541 5.02513 -0.343936 -0.547164 1429630.0
397 -0.03035 8.83412e-05 738.752 273.175 5.02544 5.02516 -0.392394 -0.544419 1429700.0
398 -0.03025 8.83398e-05 738.766 273.161 5.0251 5.02438 -0.186409 -0.0673414 1429180.0
399 -0.03015 8.8339e-05 738.766 273.162 5.02507 5.02432 -0.227924 -0.118597 1429220.0
400 -0.03005 8.83386e-05 738.777 273.148 5.0248 5.02365 0.0324695 0.244522 1428640.0
401 -0.02995 8.83358e-05 738.791 273.134 5.02438 5.02266 0.251468 0.68 1428020.0
402 -0.02985 8.83381e-05 738.777 273.145 5.02471 5.02349 0.0724008 0.173945 1428540.0
403 -0.02975 8.83381e-05 738.777 273.145 5.0247 5.02353 0.0945261 0.258615 1428540.0
404 -0.02965 8.83393e-05 738.769 273.154 5.02494 5.02418 -0.0602877 -0.0665594 1428930.0
405 -0.02955 8.83385e-05 738.774 273.151 5.02483 5.0239 0.00235299 0.154338 1428820.0
406 -0.02945 8.83379e-05 738.778 273.144 5.02467 5.02346 0.0462896 0.151648 1428590.0
407 -0.02935 8.83374e-05 738.785 273.139 5.02457 5.02311 0.172085 0.41547 1428390.0
408 -0.02925 8.83388e-05 738.772 273.148 5.0248 5.02395 0.0474619 0.00781406 1428820.0
409 -0.02915 8.83389e-05 738.772 273.146 5.02478 5.02392 0.0435187 0.024543 1428790.0
410 -0.02905 8.83382e-05 738.776 273.142 5.02467 5.02352 0.129566 0.232691 1428600.0
411 -0.02895 8.83373e-05 738.781 273.138 5.02453 5.02334 0.220145 0.318647 1428400.0
412 -0.02885 8.83379e-05 738.783 273.138 5.02457 5.0232 0.199174 0.422639 1428350.0
413 -0.02875 8.83386e-05 738.772 273.148 5.02479 5.02371 0.0184989 0.135886 1428780.0
414 -0.02865 8.83401e-05 738.763 273.156 5.02504 5.02447 -0.153147 -0.313636 1429190.0
415 -0.02855 8.83404e-05 738.766 273.155 5.02504 5.02418 -0.12733 -0.13329 1429090.0
416 -0.02845 8.83399e-05 738.77 273.153 5.02496 5.02401 -0.132877 -0.155552 1429060.0
417 -0.02835 8.83391e-05 738.779 273.143 5.02473 5.02356 0.1347 0.23679 1428560.0
418 -0.02825 8.83385e-05 738.777 273.147 5.02476 5.02366 -0.0101798 0.0836184 1428760.0
419 -0.02815 8.83403e-05 738.767 273.154 5.025 5.02425 -0.0679712 -0.120185 1429020.0
420 -0.02805 8.83389e-05 738.776 273.145 5.02476 5.0237 0.0211985 0.131976 1428730.0
421 -0.02795 8.834e-05 738.772 273.151 5.02492 5.024 -0.0637037 -0.0512611 1428960.0
422 -0.02785 8.83392e-05 738.77 273.153 5.02491 5.02393 -0.101001 -0.0664128 1428960.0
423 -0.02775 8.83395e-05 738.771 273.15 5.02487 5.02402 -0.0225636 -0.0565027 1428870.0
424 -0.02765 8.83379e-05 738.783 273.132 5.02445 5.02308 0.23828 0.413622 1428240.0
425 -0.02755 8.83387e-05 738.778 273.142 5.02468 5.02358 0.0854149 0.174198 1428550.0
426 -0.02745 8.83408e-05 738.763 273.155 5.02505 5.02446 -0.108455 -0.201549 1429090.0
427 -0.02735 8.83402e-05 738.762 273.157 5.02505 5.02444 -0.139468 -0.259045 1429120.0
428 -0.02725 8.83396e-05 738.775 273.144 5.02477 5.02387 0.016316 0.0172523 1428720.0
429 -0.02715 8.83408e-05 738.762 273.156 5.02507 5.02456 -0.122211 -0.188038 1429160.0
430 -0.02705 8.83426e-05 738.748 273.172 5.02547 5.02566 -0.338306 -0.693375 1429790.0
431 -0.02695 8.8341e-05 738.761 273.159 5.02512 5.02464 -0.149153 -0.153964 1429150.0
432 -0.02685 8.83412e-05 738.763 273.157 5.0251 5.02458 -0.112914 -0.032848 1429060.0
433 -0.02675 8.83427e-05 738.743 273.178 5.02558 5.02577 -0.461284 -0.668454 1429860.0
434 -0.02665 8.83447e-05 738.74 273.179 5.0257 5.02598 -0.424471 -0.642688 1429900.0
435 -0.02655 8.83432e-05 738.743 273.176 5.02557 5.02591 -0.431766 -0.757778 1429900.0
436 -0.02645 8.83433e-05 738.744 273.171 5.02548 5.02576 -0.340429 -0.636345 1429720.0
437 -0.02635 8.83437e-05 738.741 273.176 5.02559 5.02611 -0.389631 -0.746683 1429950.0
438 -0.02625 8.83426e-05 738.748 273.163 5.0253 5.02545 -0.185888 -0.397195 1429480.0
439 -0.02615 8.83426e-05 738.753 273.162 5.02527 5.02532 -0.133428 -0.299399 1429400.0
440 -0.02605 8.83423e-05 738.751 273.161 5.02524 5.02549 -0.132827 -0.344072 1429470.0
441 -0.02595 8.83426e-05 738.748 273.168 5.02539 5.02552 -0.253374 -0.415907 1429670.0
442 -0.02585 8.83425e-05 738.748 273.167 5.02536 5.0257 -0.261865 -0.484902 1429760.0
443 -0.02575 8.83415e-05 738.762 273.152 5.02503 5.02492 -0.021415 -0.0734291 1429200.0
444 -0.02565 8.83422e-05 738.751 273.159 5.02519 5.02535 -0.120928 -0.27153 1429440.0
445 -0.02555 8.83411e-05 738.758 273.153 5.02502 5.02508 -0.0206804 -0.134108 1429270.0
446 -0.02545 8.8341e-05 738.763 273.147 5.02492 5.02476 0.0635789 0.057994 1429030.0
447 -0.02535 8.83411e-05 738.758 273.154 5.02505 5.02528 -0.0146701 -0.152885 1429300.0
448 -0.02525 8.83422e-05 738.75 273.162 5.02525 5.02566 -0.161618 -0.277193 1429590.0
449 -0.02515 8.83423e-05 738.751 273.154 5.02512 5.02554 -0.0490356 -0.151084 1429410.0
450 -0.02505 8.83421e-05 738.749 273.162 5.02526 5.02573 -0.161088 -0.324925 1429600.0
451 -0.02495 8.8341e-05 738.759 273.148 5.02493 5.02498 0.0530753 -0.0264678 1429120.0
452 -0.02485 8.83412e-05 738.761 273.151 5.025 5.02495 0.0213372 0.0253806 1429150.0
453 -0.02475 8.834e-05 738.771 273.137 5.02468 5.02423 0.199628 0.359368 1428640.0
454 -0.02465 8.83412e-05 738.758 273.149 5.02497 5.02506 0.0051491 -0.0435438 1429170.0
455 -0.02455 8.8342e-05 738.75 273.155 5.02511 5.02553 -0.00262931 -0.195349 1429340.0
456 -0.02445 8.83427e-05 738.753 273.156 5.02517 5.02557 -0.0390848 -0.213048 1429380.0
457 -0.02435 8.83408e-05 738.763 273.149 5.02494 5.02476 -0.0323396 0.0440106 1429090.0
458 -0.02425 8.83423e-05 738.749 273.165 5.02532 5.02566 -0.258172 -0.380588 1429700.0
459 -0.02415 8.83429e-05 738.748 273.166 5.02537 5.0259 -0.243959 -0.498209 1429750.0
460 -0.02405 8.83436e-05 738.74 273.168 5.02546 5.02614 -0.294191 -0.590644 1429860.0
461 -0.02395 8.83433e-05 738.75 273.16 5.02528 5.02566 -0.115697 -0.225764 1429480.0
462 -0.02385 8.83434e-05 738.746 273.163 5.02535 5.02595 -0.191303 -0.475903 1429650.0
463 -0.02375 8.83415e-05 738.76 273.151 5.02501 5.02501 -0.0119437 -0.0936079 1429070.0
464 -0.02365 8.83424e-05 738.753 273.155 5.02514 5.02543 -0.059585 -0.26631 1429330.0
465 -0.02355 8.83425e-05 738.751 273.158 5.0252 5.02566 -0.116633 -0.325999 1429470.0
466 -0.02345 8.83421e-05 738.753 273.165 5.02531 5.02563 -0.268598 -0.442345 1429650.0
467 -0.02335 8.83416e-05 738.752 273.16 5.02518 5.02551 -0.177286 -0.394812 1429480.0
468 -0.02325 8.83429e-05 738.747 273.168 5.0254 5.02595 -0.268944 -0.590565 1429790.0
469 -0.02315 8.83413e-05 738.751 273.168 5.02531 5.02566 -0.286911 -0.504539 1429730.0
470 -0.02305 8.83427e-05 738.754 273.166 5.02536 5.02564 -0.305941 -0.481417 1429680.0
471 -0.02295 8.8342e-05 738.755 273.159 5.02518 5.02547 -0.173813 -0.299511 1429530.0
472 -0.02285 8.83425e-05 738.752 273.162 5.02528 5.02578 -0.235686 -0.48449 1429710.0
473 -0.02275 8.83433e-05 738.743 273.175 5.02555 5.0264 -0.416416 -0.74548 1430190.0
474 -0.02265 8.83409e-05 738.763 273.152 5.025 5.02504 -0.0914155 -0.0246411 1429300.0
475 -0.02255 8.83418e-05 738.758 273.16 5.0252 5.02541 -0.216081 -0.243909 1429610.0
476 -0.02245 8.83422e-05 738.754 273.167 5.02536 5.02564 -0.321307 -0.41932 1429900.0
477 -0.02235 8.83416e-05 738.761 273.16 5.02519 5.02522 -0.193584 -0.270959 1429560.0
478 -0.02225 8.83413e-05 738.761 273.162 5.02521 5.02526 -0.249585 -0.377058 1429680.0
479 -0.02215 8.83388e-05 738.777 273.142 5.02469 5.02398 0.100452 0.25948 1428870.0
480 -0.02205 8.83387e-05 738.782 273.135 5.02456 5.02392 0.158734 0.213711 1428800.0
481 -0.02195 8.83389e-05 738.774 273.143 5.02472 5.02428 0.0440241 0.0192516 1429080.0
482 -0.02185 8.83391e-05 738.779 273.138 5.02464 5.02409 0.195467 0.263626 1428820.0
483 -0.02175 8.83399e-05 738.767 273.149 5.02489 5.02466 -0.0739935 -0.159011 1429380.0
484 -0.02165 8.83426e-05 738.748 273.168 5.0254 5.02604 -0.334994 -0.849105 1430140.0
485 -0.02155 8.83414e-05 738.756 273.154 5.02506 5.02537 -0.101459 -0.512274 1429640.0
486 -0.02145 8.83417e-05 738.758 273.156 5.02512 5.02543 -0.144596 -0.58052 1429670.0
487 -0.02135 8.83401e-05 738.766 273.148 5.02488 5.02491 -0.0096572 -0.220962 1429370.0
488 -0.02125 8.83414e-05 738.752 273.163 5.02524 5.02561 -0.270021 -0.653817 1429970.0
489 -0.02115 8.83391e-05 738.775 273.141 5.02469 5.02425 0.0880446 0.0471542 1429010.0
490 -0.02105 8.83398e-05 738.773 273.145 5.02481 5.02453 0.0194319 -0.0874317 1429210.0
491 -0.02095 8.83413e-05 738.76 273.161 5.02518 5.02524 -0.264395 -0.472863 1429820.0
492 -0.02085 8.83416e-05 738.753 273.161 5.0252 5.02556 -0.2449 -0.585437 1429830.0
493 -0.02075 8.83404e-05 738.766 273.153 5.02499 5.02483 -0.112128 -0.297174 1429450.0
494 -0.02065 8.83405e-05 738.766 273.152 5.02497 5.02474 -0.119514 -0.245537 1429470.0
495 -0.02055 8.8342e-05 738.752 273.168 5.02536 5.02576 -0.358635 -0.736688 1430120.0
496 -0.02045 8.83415e-05 738.754 273.164 5.02525 5.02557 -0.271788 -0.646896 1429970.0
497 -0.02035 8.8342e-05 738.754 273.165 5.02529 5.0255 -0.320873 -0.649861 1429970.0
498 -0.02025 8.83411e-05 738.759 273.163 5.02521 5.0254 -0.272396 -0.614107 1429920.0
499 -0.02015 8.83413e-05 738.756 273.163 5.02522 5.02526 -0.276489 -0.513305 1429850.0
500 -0.02005 8.8343e-05 738.739 273.183 5.02568 5.02648 -0.566379 -1.17307 1430670.0
501 -0.01995 8.83403e-05 738.763 273.154 5.02501 5.02489 -0.140806 -0.421152 1429620.0
502 -0.01985 8.83402e-05 738.768 273.156 5.02503 5.0246 -0.211 -0.307426 1429650.0
503 -0.01975 8.83384e-05 738.784 273.142 5.02467 5.02364 0.029559 0.131942 1429060.0
504 -0.01965 8.83389e-05 738.783 273.141 5.02468 5.02362 0.0231449 0.089395 1429120.0
505 -0.01955 8.8337e-05 738.797 273.134 5.02445 5.02294 0.153657 0.395141 1428770.0
506 -0.01945 8.83377e-05 738.783 273.135 5.0245 5.02345 0.11782 0.111307 1428980.0
507 -0.01935 8.83388e-05 738.777 273.152 5.02488 5.024 -0.118897 -0.193309 1429490.0
508 -0.01925 8.83404e-05 738.767 273.166 5.02522 5.02492 -0.333723 -0.568057 1430120.0
509 -0.01915 8.83392e-05 738.769 273.161 5.02507 5.0245 -0.260979 -0.403684 1429890.0
510 -0.01905 8.8342e-05 738.753 273.175 5.02548 5.02556 -0.505584 -0.98605 1430560.0
511 -0.01895 8.83404e-05 738.766 273.167 5.02524 5.02486 -0.35434 -0.530721 1430160.0
512 -0.01885 8.83428e-05 738.748 273.18 5.02562 5.02588 -0.553966 -0.980884 1430740.0
513 -0.01875 8.83417e-05 738.758 273.174 5.02546 5.02538 -0.4675 -0.678825 1430510.0
514 -0.01865 8.83416e-05 738.76 273.173 5.02542 5.02519 -0.46835 -0.676042 1430480.0
515 -0.01855 8.83407e-05 738.765 273.167 5.02527 5.02477 -0.39868 -0.543277 1430310.0
516 -0.01845 8.83415e-05 738.763 273.174 5.02543 5.02516 -0.476217 -0.716856 1430560.0
517 -0.01835 8.8343e-05 738.741 273.196 5.02592 5.02619 -0.840778 -1.17227 1431450.0
518 -0.01825 8.83442e-05 738.738 273.199 5.02606 5.02662 -0.883504 -1.43422 1431660.0
519 -0.01815 8.83433e-05 738.74 273.202 5.02606 5.02646 -0.946305 -1.38522 1431770.0
520 -0.01805 8.83432e-05 738.746 273.194 5.02591 5.02607 -0.863209 -1.26435 1431560.0
521 -0.01795 8.83429e-05 738.747 273.194 5.02588 5.02601 -0.842256 -1.24367 1431580.0
522 -0.01785 8.8343e-05 738.743 273.196 5.02592 5.02613 -0.903572 -1.32585 1431710.0
523 -0.01775 8.83431e-05 738.742 273.198 5.02597 5.02624 -0.938235 -1.39039 1431800.0
524 -0.01765 8.83463e-05 738.721 273.222 5.02659 5.02774 -1.32231 -2.16964 1432840.0
525 -0.01755 8.83462e-05 738.716 273.225 5.02664 5.02795 -1.37804 -2.22292 1433020.0
526 -0.01745 8.83454e-05 738.725 273.22 5.0265 5.0273 -1.30425 -1.93493 1432780.0
527 -0.01735 8.83452e-05 738.731 273.216 5.02641 5.02695 -1.26463 -1.81352 1432610.0
528 -0.01725 8.83441e-05 738.736 273.215 5.02635 5.02661 -1.2543 -1.68771 1432560.0
529 -0.01715 8.83457e-05 738.727 273.225 5.02661 5.02728 -1.41921 -2.05866 1433030.0
530 -0.01705 8.83458e-05 738.722 273.23 5.02671 5.02733 -1.47661 -2.07118 1433120.0
531 -0.01695 8.83477e-05 738.709 273.25 5.02719 5.02848 -1.76527 -2.57612 1433960.0
532 -0.01685 8.83469e-05 738.711 273.253 5.0272 5.02815 -1.85301 -2.57043 1434040.0
533 -0.01675 8.83453e-05 738.727 273.235 5.02677 5.0272 -1.56699 -2.1448 1433450.0
534 -0.01665 8.83461e-05 738.722 273.241 5.02692 5.02747 -1.69711 -2.35303 1433790.0
535 -0.01655 8.8348e-05 738.704 273.264 5.02746 5.02865 -2.02251 -2.90597 1434690.0
536 -0.01645 8.83495e-05 738.696 273.272 5.02769 5.02916 -2.17313 -3.15554 1435060.0
537 -0.01635 8.83504e-05 738.685 273.278 5.02786 5.02964 -2.234 -3.4225 1435390.0
538 -0.01625 8.8351e-05 738.678 273.292 5.02815 5.03025 -2.46802 -3.7168 1435980.0
539 -0.01615 8.83521e-05 738.672 273.301 5.02837 5.03068 -2.63922 -4.07103 1436480.0
540 -0.01605 8.83509e-05 738.688 273.287 5.02805 5.0298 -2.44441 -3.69251 1436030.0
541 -0.01595 8.83509e-05 738.684 273.296 5.02822 5.03024 -2.57077 -3.89432 1436510.0
542 -0.01585 8.83509e-05 738.672 273.3 5.0283 5.03048 -2.67082 -4.10156 1436810.0
543 -0.01575 8.83506e-05 738.683 273.301 5.02829 5.03018 -2.71234 -4.04377 1436890.0
544 -0.01565 8.83521e-05 738.668 273.319 5.02871 5.03102 -2.99235 -4.51471 1437670.0
545 -0.01555 8.83533e-05 738.664 273.332 5.02901 5.03134 -3.22996 -4.77434 1438190.0
546 -0.01545 8.83537e-05 738.656 273.342 5.02921 5.0317 -3.44205 -5.08796 1438710.0
547 -0.01535 8.83538e-05 738.656 273.35 5.02937 5.03183 -3.56585 -5.28301 1439070.0
548 -0.01525 8.83523e-05 738.664 273.348 5.02926 5.03119 -3.62135 -5.20523 1439070.0
549 -0.01515 8.83539e-05 738.657 273.362 5.0296 5.0319 -3.84199 -5.63049 1439730.0
550 -0.01505 8.83556e-05 738.64 273.383 5.03009 5.03278 -4.16079 -6.13208 1440580.0
551 -0.01495 8.83553e-05 738.642 273.387 5.03014 5.03277 -4.28017 -6.33905 1440860.0
552 -0.01485 8.83577e-05 738.623 273.419 5.03087 5.03408 -4.7387 -7.02731 1442060.0
553 -0.01475 8.83563e-05 738.631 273.41 5.03062 5.03344 -4.66845 -6.81583 1441940.0
554 -0.01465 8.83574e-05 738.622 273.423 5.03093 5.034 -4.90128 -7.18854 1442600.0
555 -0.01455 8.8361e-05 738.595 273.461 5.03182 5.03594 -5.49644 -8.23312 1444230.0
556 -0.01445 8.83613e-05 738.594 273.466 5.03193 5.03585 -5.57055 -8.27387 1444540.0
557 -0.01435 8.83627e-05 738.58 273.492 5.0325 5.03678 -6.04434 -8.87539 1445710.0
558 -0.01425 8.83632e-05 738.578 273.5 5.03267 5.0368 -6.21303 -9.0411 1446220.0
559 -0.01415 8.83655e-05 738.559 273.527 5.0333 5.03827 -6.70381 -10.0068 1447570.0
560 -0.01405 8.83694e-05 738.528 273.57 5.03432 5.04022 -7.39062 -11.0454 1449430.0
561 -0.01395 8.837e-05 738.525 273.581 5.03456 5.04046 -7.55623 -11.2825 1450020.0
562 -0.01385 8.83719e-05 738.51 273.606 5.03511 5.04128 -7.97953 -11.8804 1451120.0
563 -0.01375 8.83725e-05 738.507 273.618 5.03537 5.04154 -8.21192 -12.197 1451860.0
564 -0.01365 8.83736e-05 738.496 273.636 5.03576 5.04214 -8.55382 -12.7187 1452830.0
565 -0.01355 8.83762e-05 738.471 273.671 5.03657 5.04367 -9.09145 -13.5583 1454440.0
566 -0.01345 8.83787e-05 738.454 273.699 5.03722 5.04503 -9.63093 -14.4775 1456010.0
567 -0.01335 8.83802e-05 738.445 273.718 5.03765 5.04554 -9.9502 -14.8639 1456960.0
568 -0.01325 8.83807e-05 738.441 273.733 5.03796 5.04584 -10.2693 -15.2905 1457860.0
569 -0.01315 8.83836e-05 738.416 273.768 5.03877 5.04735 -10.8477 -16.2182 1459480.0
570 -0.01305 8.83859e-05 738.397 273.798 5.03944 5.04849 -11.3721 -16.9666 1460960.0
571 -0.01295 8.83881e-05 738.377 273.834 5.04024 5.0498 -11.9831 -17.8992 1462750.0
572 -0.01285 8.83895e-05 738.369 273.856 5.04072 5.05036 -12.4218 -18.4864 1464030.0
573 -0.01275 8.83922e-05 738.344 273.898 5.04166 5.05181 -13.145 -19.466 1466000.0
574 -0.01265 8.83954e-05 738.317 273.945 5.0427 5.05364 -13.9475 -20.7065 1468210.0
575 -0.01255 8.83991e-05 738.289 274.0 5.04393 5.05558 -14.9288 -22.0118 1470810.0
576 -0.01245 8.84003e-05 738.276 274.025 5.04445 5.05624 -15.3942 -22.6796 1472250.0
577 -0.01235 8.84058e-05 738.235 274.092 5.046 5.05897 -16.5023 -24.3534 1475260.0
578 -0.01225 8.84083e-05 738.213 274.134 5.04691 5.06045 -17.2504 -25.488 1477380.0
579 -0.01215 8.8412e-05 738.181 274.189 5.04814 5.06231 -18.2477 -26.8866 1480050.0
580 -0.01205 8.84175e-05 738.147 274.247 5.04952 5.06475 -19.2225 -28.4495 1482900.0
581 -0.01195 8.8421e-05 738.113 274.309 5.05086 5.06676 -20.3398 -30.0222 1485820.0
582 -0.01185 8.84266e-05 738.07 274.38 5.05248 5.0697 -21.5608 -31.9888 1489230.0
583 -0.01175 8.84301e-05 738.038 274.441 5.05381 5.07178 -22.677 -33.6282 1492290.0
584 -0.01165 8.84332e-05 738.01 274.501 5.05509 5.07361 -23.7092 -35.0405 1495260.0
585 -0.01155 8.84396e-05 737.963 274.58 5.05691 5.0766 -25.0952 -37.0506 1499070.0
586 -0.01145 8.84451e-05 737.917 274.658 5.05866 5.0797 -26.4458 -39.0875 1502910.0
587 -0.01135 8.84503e-05 737.872 274.734 5.06036 5.08251 -27.7787 -41.0635 1506660.0
588 -0.01125 8.84566e-05 737.819 274.839 5.06266 5.08621 -29.5566 -43.65 1511480.0
589 -0.01115 8.84634e-05 737.761 274.929 5.0647 5.08977 -31.1921 -46.1437 1515950.0
590 -0.01105 8.8468e-05 737.718 275.016 5.06657 5.09275 -32.6683 -48.3515 1520210.0
591 -0.01095 8.84756e-05 737.659 275.117 5.06887 5.09645 -34.5072 -51.0912 1525190.0
592 -0.01085 8.84827e-05 737.6 275.233 5.0714 5.10046 -36.5035 -53.9755 1530620.0
593 -0.01075 8.84896e-05 737.541 275.345 5.07388 5.10432 -38.4852 -56.8406 1536060.0
594 -0.01065 8.84967e-05 737.48 275.445 5.07613 5.10814 -40.287 -59.6429 1541190.0
595 -0.01055 8.85065e-05 737.408 275.577 5.07911 5.11306 -42.5023 -62.9186 1547420.0
596 -0.01045 8.85162e-05 737.327 275.709 5.0821 5.11823 -44.8234 -66.5275 1553910.0
597 -0.01035 8.85247e-05 737.249 275.854 5.08526 5.12339 -47.3177 -70.1826 1560840.0
598 -0.01025 8.85357e-05 737.16 276.007 5.08873 5.12898 -50.0556 -74.1348 1568320.0
599 -0.01015 8.85456e-05 737.082 276.162 5.09214 5.13439 -52.7566 -78.0889 1575820.0
600 -0.01005 8.85578e-05 736.977 276.338 5.09609 5.14109 -55.8619 -82.7574 1584290.0
601 -0.00995 8.85704e-05 736.872 276.518 5.10014 5.14794 -58.9764 -87.405 1593000.0
602 -0.00985 8.85845e-05 736.762 276.706 5.10441 5.1551 -62.2603 -92.3632 1602040.0
603 -0.00975 8.85982e-05 736.646 276.913 5.10903 5.16264 -65.8441 -97.557 1611910.0
604 -0.00965 8.8612e-05 736.532 277.115 5.11355 5.17001 -69.3816 -102.788 1621700.0
605 -0.00955 8.86275e-05 736.401 277.344 5.11868 5.1786 -73.3393 -108.731 1632670.0
606 -0.00945 8.86439e-05 736.265 277.584 5.12405 5.18733 -77.5173 -114.784 1644130.0
607 -0.00935 8.866e-05 736.129 277.821 5.12934 5.19616 -81.6859 -120.944 1655820.0
608 -0.00925 8.86775e-05 735.984 278.077 5.13509 5.20566 -86.1145 -127.614 1668150.0
609 -0.00915 8.86962e-05 735.825 278.356 5.14134 5.21594 -91.0016 -134.833 1681610.0
610 -0.00905 8.87179e-05 735.65 278.66 5.14819 5.22736 -96.3096 -142.746 1696130.0
611 -0.00895 8.87375e-05 735.484 278.95 5.1547 5.23812 -101.284 -150.231 1710100.0
612 -0.00885 8.87576e-05 735.317 279.259 5.16158 5.24909 -106.669 -158.2 1725050.0
613 -0.00875 8.87825e-05 735.117 279.621 5.16971 5.26228 -113.045 -167.357 1742270.0
614 -0.00865 8.88063e-05 734.91 279.983 5.17781 5.2755 -119.295 -176.565 1759550.0
615 -0.00855 8.88353e-05 734.673 280.388 5.18698 5.29101 -126.248 -187.073 1778710.0
616 -0.00845 8.88652e-05 734.428 280.803 5.19641 5.3071 -133.414 -197.98 1798590.0
617 -0.00835 8.88982e-05 734.155 281.264 5.20687 5.32469 -141.317 -209.754 1820360.0
618 -0.00825 8.89322e-05 733.879 281.744 5.21776 5.3429 -149.684 -222.161 1843280.0
619 -0.00815 8.89659e-05 733.6 282.235 5.22882 5.36109 -158.16 -234.662 1866560.0
620 -0.00805 8.90002e-05 733.315 282.738 5.24017 5.37964 -166.86 -247.534 1890590.0
621 -0.00795 8.90402e-05 732.988 283.296 5.25286 5.40075 -176.497 -261.888 1917140.0
622 -0.00785 8.90809e-05 732.653 283.887 5.26623 5.42282 -186.656 -276.746 1944990.0
623 -0.00775 8.91258e-05 732.287 284.512 5.28048 5.44674 -197.376 -292.841 1974650.0
624 -0.00765 8.91715e-05 731.906 285.167 5.29535 5.47152 -208.656 -309.705 2005670.0
625 -0.00755 8.92207e-05 731.51 285.855 5.31105 5.49738 -220.453 -327.124 2038160.0
626 -0.00745 8.92709e-05 731.091 286.582 5.32757 5.52466 -232.96 -345.617 2072580.0
627 -0.00735 8.93282e-05 730.628 287.36 5.34546 5.55477 -246.267 -365.765 2109370.0
628 -0.00725 8.93872e-05 730.143 288.194 5.36451 5.5864 -260.481 -386.886 2148570.0
629 -0.00715 8.94499e-05 729.625 289.073 5.38465 5.62015 -275.55 -409.462 2190100.0
630 -0.00705 8.95153e-05 729.099 289.999 5.40585 5.65443 -291.355 -432.353 2233350.0
631 -0.00695 8.95869e-05 728.514 290.982 5.42851 5.69269 -308.096 -457.619 2279820.0
632 -0.00685 8.96626e-05 727.894 292.028 5.45263 5.73293 -325.888 -484.078 2328870.0
633 -0.00675 8.97417e-05 727.256 293.131 5.47804 5.77473 -344.594 -511.59 2380300.0
634 -0.00665 8.98269e-05 726.567 294.31 5.5053 5.81951 -364.61 -540.88 2435110.0
635 -0.00655 8.99216e-05 725.801 295.592 5.53511 5.86942 -386.2 -572.877 2494430.0
636 -0.00645 9.00193e-05 725.017 296.916 5.56595 5.92051 -408.494 -605.811 2555990.0
637 -0.00635 9.01222e-05 724.189 298.305 5.59837 5.97429 -431.853 -640.391 2620320.0
638 -0.00625 9.02283e-05 723.339 299.742 5.63196 6.03 -456.018 -676.326 2687390.0
639 -0.00615 9.03457e-05 722.389 301.324 5.66905 6.0916 -482.47 -715.357 2760190.0
640 -0.00605 9.04719e-05 721.391 302.987 5.7083 6.15686 -510.144 -756.429 2836810.0
641 -0.00595 9.06034e-05 720.337 304.728 5.74946 6.22532 -539.076 -799.477 2917080.0
642 -0.00585 9.07434e-05 719.23 306.587 5.79348 6.29793 -569.954 -844.759 3002270.0
643 -0.00575 9.08906e-05 718.059 308.531 5.83966 6.37413 -602.126 -892.214 3091430.0
644 -0.00565 9.10538e-05 716.775 310.649 5.89031 6.45788 -636.953 -943.284 3187650.0
645 -0.00555 9.12231e-05 715.444 312.844 5.94295 6.54454 -673.004 -996.295 3287460.0
646 -0.00545 9.14021e-05 714.047 315.157 5.99865 6.63559 -710.846 -1051.45 3392490.0
647 -0.00535 9.15937e-05 712.549 317.604 6.05789 6.73315 -750.609 -1109.95 3503180.0
648 -0.00525 9.1802e-05 710.938 320.207 6.12143 6.83831 -792.695 -1171.93 3620730.0
649 -0.00515 9.20173e-05 709.271 322.92 6.18777 6.9468 -836.39 -1235.86 3742800.0
650 -0.00505 9.22519e-05 707.469 325.835 6.25955 7.06433 -883.097 -1303.88 3873190.0
651 -0.00495 9.24988e-05 705.579 328.888 6.33511 7.18749 -931.75 -1374.55 4009380.0
652 -0.00485 9.27643e-05 703.561 332.14 6.41611 7.31928 -983.265 -1449.12 4153840.0
653 -0.00475 9.30464e-05 701.425 335.539 6.50148 7.45812 -1036.69 -1526.63 4304230.0
654 -0.00465 9.33491e-05 699.155 339.156 6.59294 7.60633 -1093.17 -1608.07 4463480.0
655 -0.00455 9.36674e-05 696.782 342.913 6.68871 7.76083 -1151.4 -1691.92 4628620.0
656 -0.00445 9.40108e-05 694.235 346.891 6.7911 7.92679 -1212.39 -1780.08 4802570.0
657 -0.00435 9.43793e-05 691.526 351.109 6.90063 8.1034 -1276.42 -1871.78 4985800.0
658 -0.00425 9.47711e-05 688.66 355.55 7.01691 8.29001 -1343.38 -1967.03 5177730.0
659 -0.00415 9.51882e-05 685.649 360.174 7.13945 8.48652 -1412.24 -2065.32 5377240.0
660 -0.00405 9.56241e-05 682.524 364.962 7.2675 8.69028 -1482.79 -2165.57 5583190.0
661 -0.00395 9.60973e-05 679.159 370.035 7.40497 8.90936 -1556.43 -2270.2 5799810.0
662 -0.00385 9.65987e-05 675.637 375.35 7.55053 9.13911 -1632.78 -2377.31 6025410.0
663 -0.00375 9.71374e-05 671.884 380.947 7.70585 9.38368 -1711.94 -2487.61 6261380.0
664 -0.00365 9.77045e-05 667.988 386.717 7.86823 9.63745 -1792.27 -2599.16 6503930.0
665 -0.00355 9.83133e-05 663.853 392.782 8.04143 9.90703 -1875.28 -2713.28 6756820.0
666 -0.00345 9.89651e-05 659.48 399.079 8.22453 10.192 -1959.4 -2829.56 7018300.0
667 -0.00335 9.96484e-05 654.957 405.582 8.41626 10.4867 -2045.03 -2946.01 7287380.0
668 -0.00325 0.000100382 650.171 412.37 8.62009 10.7988 -2132.1 -3063.4 7565870.0
669 -0.00315 0.000101165 645.139 419.448 8.83648 11.1269 -2221.07 -3181.31 7854690.0
670 -0.00305 0.00010199 639.911 426.704 9.06267 11.4675 -2309.63 -3298.01 8149670.0
671 -0.00295 0.000102873 634.428 434.176 9.30116 11.825 -2397.88 -3413.31 8452250.0
672 -0.00285 0.000103807 628.722 441.893 9.55238 12.1967 -2486.32 -3526.31 8762440.0
673 -0.00275 0.000104795 622.793 449.749 9.81475 12.5831 -2572.69 -3636.41 9078140.0
674 -0.00265 0.000105851 616.575 457.885 10.093 12.9886 -2658.8 -3742.89 9402830.0
675 -0.00255 0.000106971 610.119 466.213 10.3853 13.409 -2742.91 -3843.94 9733260.0
676 -0.00245 0.000108155 603.441 474.664 10.6906 13.8445 -2824.03 -3939.8 10069500.0
677 -0.00235 0.000109409 596.526 483.253 11.0102 14.2952 -2901.37 -4027.85 10409700.0
678 -0.00225 0.000110731 589.405 491.952 11.3439 14.7592 -2974.92 -4108.35 10754700.0
679 -0.00215 0.000112127 582.069 500.744 11.6922 15.2373 -3043.82 -4180.03 11103900.0
680 -0.00205 0.000113599 574.526 509.619 12.0557 15.7289 -3107.49 -4241.67 11456800.0
681 -0.00195 0.000115136 566.858 518.453 12.4305 16.2285 -3164.71 -4293.17 11810700.0
682 -0.00185 0.000116767 558.94 527.369 12.8234 16.7444 -3215.61 -4332.45 12169200.0
683 -0.00175 0.000118476 550.874 536.251 13.2303 17.2704 -3258.99 -4359.38 12529300.0
684 -0.00165 0.000120269 542.66 545.065 13.6512 17.8055 -3294.16 -4373.27 12890500.0
685 -0.00155 0.000122138 534.358 553.734 14.0839 18.3468 -3320.56 -4374.45 13251900.0
686 -0.00145 0.000124098 525.916 562.368 14.5329 18.8966 -3339.06 -4361.25 13615800.0
687 -0.00135 0.000126128 517.452 570.811 14.9925 19.4487 -3348.53 -4335.38 13978900.0
688 -0.00125 0.000128243 508.921 579.128 15.466 20.0047 -3349.53 -4295.33 14343100.0
689 -0.00115 0.000130444 500.329 587.225 15.9514 20.5644 -3339.97 -4240.84 14706300.0
690 -0.00105 0.00013272 491.751 595.101 16.4474 21.1237 -3321.4 -4173.68 15069000.0
691 -0.00095 0.000135069 483.198 602.772 16.9543 21.6813 -3294.37 -4094.34 15431900.0
692 -0.00085 0.000137503 474.643 610.168 17.4716 22.2387 -3257.1 -4000.93 15793200.0
693 -0.00075 0.000139994 466.205 617.263 17.9948 22.7893 -3211.55 -3898.27 16153400.0
694 -0.00065 0.00014252 457.938 624.059 18.5213 23.328 -3159.34 -3788.79 16510600.0
695 -0.00055 0.000145132 449.699 630.57 19.0576 23.8654 -3097.35 -3666.2 16866000.0
696 -0.00045 0.000147779 441.644 636.758 19.5955 24.391 -3029.02 -3538.42 17218600.0
697 -0.00035 0.000150469 433.749 642.659 20.137 24.9053 -2954.47 -3403.72 17567400.0
698 -0.00025 0.000153187 426.054 648.242 20.6789 25.4076 -2874.65 -3265.65 17913400.0
699 -0.00015 0.000155936 418.543 653.501 21.2208 25.8975 -2789.1 -3123.22 18254500.0
700 -5e-05 0.000158684 411.295 658.457 21.7586 26.3704 -2700.76 -2980.61 18590400.0
701 5e-05 0.00016147 404.202 663.107 22.2969 26.8337 -2606.87 -2833.81 18921900.0
702 0.00015 0.00016424 397.381 667.509 22.8299 27.2786 -2512.0 -2688.85 19247100.0
703 0.00025 0.000167009 390.796 671.641 23.3586 27.7088 -2415.07 -2543.89 19566600.0
704 0.00035 0.000169756 384.468 675.471 23.8782 28.1216 -2316.9 -2401.88 19878700.0
705 0.00045 0.000172469 378.424 679.015 24.3871 28.5166 -2217.85 -2263.98 20182300.0
706 0.00055 0.000175155 372.622 682.34 24.8881 28.8955 -2119.13 -2129.43 20478800.0
707 0.00065 0.000177788 367.102 685.445 25.3772 29.2559 -2022.33 -2000.49 20766000.0
708 0.00075 0.000180389 361.812 688.296 25.8556 29.6024 -1924.85 -1873.97 21044600.0
709 0.00085 0.000182943 356.759 690.943 26.3226 29.933 -1828.5 -1752.0 21314600.0
710 0.00095 0.000185423 351.989 693.436 26.7756 30.2446 -1735.93 -1637.37 21575500.0
711 0.00105 0.000187843 347.454 695.745 27.2154 30.5411 -1645.7 -1528.0 21826900.0
712 0.00115 0.000190171 343.2 697.888 27.6376 30.8198 -1558.82 -1426.55 22067700.0
713 0.00125 0.000192426 339.179 699.816 28.0425 31.083 -1473.92 -1330.39 22298400.0
714 0.00135 0.000194603 335.381 701.648 28.4341 31.3308 -1392.94 -1239.4 22519400.0
715 0.00145 0.000196712 331.79 703.335 28.8113 31.5668 -1314.47 -1153.68 22731900.0
716 0.00155 0.000198718 328.438 704.868 29.1685 31.7857 -1239.94 -1075.67 22932300.0
717 0.00165 0.000200656 325.265 706.333 29.5142 31.9939 -1168.88 -1001.06 23124900.0
718 0.00175 0.000202505 322.295 707.647 29.8416 32.1889 -1100.17 -930.978 23307800.0
719 0.00185 0.000204294 319.47 708.779 30.1534 32.3739 -1032.57 -863.656 23480800.0
720 0.00195 0.000205966 316.877 709.952 30.4505 32.544 -972.56 -804.59 23645600.0
721 0.00205 0.000207566 314.437 710.94 30.7297 32.7044 -913.352 -749.285 23800700.0
722 0.00215 0.000209078 312.158 711.871 30.9941 32.8529 -857.654 -698.194 23946800.0
723 0.00225 0.000210503 310.05 712.706 31.2419 32.9917 -805.401 -652.2 24084900.0
724 0.00235 0.000211867 308.053 713.516 31.4802 33.1228 -755.987 -607.513 24215600.0
725 0.00245 0.000213164 306.176 714.203 31.7034 33.246 -708.163 -565.726 24339400.0
726 0.00255 0.000214384 304.435 714.897 31.9158 33.36 -664.437 -527.448 24456200.0
727 0.00265 0.000215559 302.776 715.476 32.1168 33.4695 -621.081 -489.697 24566900.0
728 0.00275 0.000216633 301.273 716.063 32.3032 33.5681 -582.732 -457.635 24669500.0
729 0.00285 0.000217652 299.863 716.549 32.4772 33.6606 -545.367 -426.831 24765900.0
730 0.00295 0.000218599 298.564 717.043 32.641 33.7463 -512.102 -399.796 24857100.0
731 0.00305 0.000219498 297.339 717.476 32.795 33.826 -479.447 -373.207 24942200.0
732 0.00315 0.000220326 296.224 717.868 32.9367 33.8995 -449.732 -350.571 25021600.0
733 0.00325 0.000221111 295.17 718.207 33.0697 33.969 -421.106 -328.079 25097000.0
734 0.00335 0.000221861 294.174 718.503 33.1956 34.0344 -393.343 -306.414 25167500.0
735 0.00345 0.00022254 293.277 718.808 33.3112 34.0933 -369.289 -288.494 25233100.0
736 0.00355 0.000223207 292.401 719.114 33.4253 34.1511 -345.356 -268.817 25295600.0
737 0.00365 0.000223811 291.61 719.379 33.5281 34.2029 -324.194 -252.741 25353500.0
738 0.00375 0.000224365 290.891 719.598 33.6213 34.2504 -304.058 -238.259 25407100.0
739 0.00385 0.000224904 290.194 719.78 33.7106 34.2966 -283.915 -222.545 25458000.0
740 0.00395 0.000225396 289.557 719.999 33.7946 34.3382 -266.9 -209.797 25505600.0
741 0.00405 0.000225846 288.983 720.192 33.8711 34.3763 -251.109 -198.402 25550100.0
742 0.00415 0.000226282 288.424 720.314 33.9423 34.413 -234.469 -185.795 25592300.0
743 0.00425 0.000226664 287.94 720.469 34.0069 34.4452 -220.914 -177.255 25631300.0
744 0.00435 0.000227055 287.441 720.593 34.0714 34.4773 -206.458 -165.16 25668700.0
745 0.00445 0.000227416 286.986 720.707 34.1311 34.5076 -193.082 -154.529 25703600.0
746 0.00455 0.000227745 286.572 720.841 34.1868 34.5348 -181.622 -145.72 25736100.0
747 0.00465 0.000228049 286.19 720.935 34.2369 34.5599 -170.35 -138.219 25766300.0
748 0.00475 0.000228329 285.836 721.021 34.283 34.5833 -160.174 -131.056 25794300.0
749 0.00485 0.000228597 285.505 721.07 34.3256 34.6057 -149.739 -123.782 25820400.0
750 0.00495 0.000228849 285.191 721.138 34.3666 34.6254 -140.16 -115.966 25844800.0
751 0.00505 0.000229064 284.922 721.258 34.4047 34.643 -133.304 -111.217 25867600.0
752 0.00515 0.000229298 284.632 721.284 34.441 34.6624 -123.732 -103.377 25889900.0
753 0.00525 0.000229484 284.402 721.334 34.4713 34.6774 -116.855 -99.3316 25909900.0
754 0.00535 0.000229673 284.167 721.371 34.5015 34.6926 -109.438 -93.9446 25928800.0
755 0.00545 0.000229844 283.957 721.435 34.5304 34.7064 -103.476 -89.1645 25947100.0
756 0.00555 0.000230032 283.726 721.478 34.5605 34.7217 -96.5039 -82.0415 25964900.0
757 0.00565 0.000230171 283.551 721.49 34.5821 34.7334 -90.7806 -78.159 25980100.0
758 0.00575 0.000230333 283.353 721.511 34.6073 34.7463 -84.2153 -71.372 25995400.0
759 0.00585 0.000230463 283.193 721.555 34.6291 34.7568 -79.5094 -67.3822 26009200.0
760 0.00595 0.000230584 283.045 721.598 34.6493 34.7666 -75.1813 -63.7567 26022400.0
761 0.00605 0.000230687 282.919 721.591 34.6644 34.7751 -70.8507 -61.2558 26033700.0
762 0.00615 0.000230769 282.818 721.609 34.6777 34.7812 -67.9068 -60.0392 26044200.0
763 0.00625 0.000230865 282.697 721.623 34.6927 34.7887 -64.0359 -57.4159 26054400.0
764 0.00635 0.000230984 282.554 721.676 34.7131 34.7989 -59.959 -52.2191 26066700.0
765 0.00645 0.000231077 282.438 721.653 34.726 34.8062 -55.6796 -48.7995 26075900.0
766 0.00655 0.000231151 282.348 721.626 34.7359 34.8121 -51.7436 -46.0272 26084100.0
767 0.00665 0.000231205 282.28 721.629 34.7441 34.8166 -49.5022 -45.8259 26091000.0
768 0.00675 0.000231278 282.192 721.606 34.7539 34.8227 -45.8517 -42.9813 26098600.0
769 0.00685 0.000231345 282.109 721.635 34.7654 34.828 -43.8653 -40.9105 26106400.0
770 0.00695 0.000231408 282.033 721.601 34.7732 34.8336 -40.2953 -38.6526 26112800.0
771 0.00705 0.000231478 281.945 721.665 34.7868 34.8389 -38.5813 -35.5806 26120300.0
772 0.00715 0.000231533 281.879 721.666 34.7951 34.8434 -36.4437 -33.2509 26126900.0
773 0.00725 0.000231572 281.834 721.651 34.8003 34.8466 -34.5323 -32.989 26132600.0
774 0.00735 0.000231622 281.77 721.631 34.8068 34.8504 -31.9739 -31.0182 26137400.0
775 0.00745 0.000231669 281.715 721.673 34.816 34.854 -30.9591 -29.1294 26142600.0
776 0.00755 0.000231731 281.64 721.635 34.8234 34.8591 -27.4853 -25.2196 26147600.0
777 0.00765 0.000231765 281.598 721.662 34.8298 34.8618 -26.7288 -24.8926 26152600.0
778 0.00775 0.000231779 281.582 721.652 34.8314 34.8621 -25.9533 -25.2274 26154800.0
779 0.00785 0.000231796 281.562 721.706 34.8366 34.8642 -26.214 -26.0618 26159000.0
780 0.00795 0.000231852 281.494 721.668 34.8433 34.8689 -23.1067 -22.3322 26162300.0
781 0.00805 0.000231896 281.439 721.626 34.8478 34.8724 -20.3397 -19.6611 26165500.0
782 0.00815 0.000231936 281.391 721.621 34.8535 34.8754 -18.7674 -17.7627 26169800.0
783 0.00825 0.00023194 281.385 721.631 34.8547 34.8761 -18.5677 -18.6318 26172500.0
784 0.00835 0.000231965 281.354 721.616 34.8577 34.8777 -17.5832 -17.7379 26175000.0
785 0.00845 0.000231986 281.331 721.614 34.8608 34.8798 -16.2916 -16.8313 26178300.0
786 0.00855 0.000232034 281.273 721.602 34.8674 34.883 -14.1825 -13.4357 26181200.0
787 0.00865 0.000232046 281.256 721.629 34.8705 34.8842 -14.2936 -13.9214 26183700.0
788 0.00875 0.000232048 281.252 721.633 34.871 34.8845 -14.2276 -14.4949 26185300.0
789 0.00885 0.00023203 281.275 721.649 34.869 34.8828 -15.2739 -17.3874 26186300.0
790 0.00895 0.00023207 281.226 721.612 34.8733 34.8866 -12.7048 -14.1959 26189300.0
791 0.00905 0.000232089 281.203 721.571 34.8741 34.888 -11.1376 -13.3836 26190600.0
792 0.00915 0.000232122 281.165 721.607 34.8808 34.8903 -10.3786 -10.8245 26192800.0
793 0.00925 0.00023212 281.165 721.635 34.8819 34.8906 -11.1243 -11.6041 26194900.0
794 0.00935 0.000232128 281.156 721.646 34.8837 34.8904 -11.0019 -10.8032 26196200.0
795 0.00945 0.00023216 281.117 721.655 34.8889 34.8931 -9.74135 -7.91844 26198700.0
796 0.00955 0.000232159 281.118 721.667 34.8893 34.8931 -10.0574 -9.01443 26199900.0
797 0.00965 0.000232165 281.11 721.674 34.8906 34.8935 -9.76146 -8.68571 26201000.0
798 0.00975 0.000232161 281.117 721.634 34.888 34.893 -9.15119 -9.81608 26201100.0
799 0.00985 0.000232187 281.085 721.616 34.891 34.8955 -7.81351 -8.27756 26203300.0
800 0.00995 0.000232191 281.083 721.613 34.8914 34.8955 -7.86533 -8.71734 26204000.0
801 0.01005 0.000232212 281.056 721.64 34.8959 34.8973 -7.17871 -6.72993 26206500.0
802 0.01015 0.000232215 281.051 721.622 34.8956 34.8978 -6.86587 -6.92587 26207500.0
803 0.01025 0.000232223 281.042 721.6 34.8956 34.898 -6.04565 -6.12858 26207800.0
804 0.01035 0.000232224 281.04 721.592 34.8954 34.8983 -5.88472 -6.61116 26208000.0
805 0.01045 0.000232241 281.021 721.578 34.8973 34.8996 -4.81027 -4.98802 26208900.0
806 0.01055 0.000232249 281.008 721.613 34.9002 34.9006 -5.11654 -4.36049 26210900.0
807 0.01065 0.000232263 280.991 721.645 34.9038 34.9018 -5.19243 -3.83665 26211500.0
808 0.01075 0.000232246 281.009 721.641 34.901 34.9001 -5.78109 -5.59863 26211200.0
809 0.01085 0.00023225 281.005 721.607 34.9 34.9003 -4.5617 -5.28086 26211300.0
810 0.01095 0.000232261 280.989 721.581 34.9005 34.9018 -3.8548 -4.29835 26213400.0
811 0.01105 0.000232244 281.008 721.601 34.8989 34.9005 -4.98066 -5.94645 26213500.0
812 0.01115 0.00023225 281.004 721.579 34.8987 34.901 -4.21554 -5.33157 26214300.0
813 0.01125 0.000232251 281.002 721.601 34.8999 34.9005 -4.66945 -5.37937 26214000.0
814 0.01135 0.000232242 281.015 721.631 34.9 34.8998 -5.60914 -6.7751 26214700.0
815 0.01145 0.000232252 281.001 721.65 34.9024 34.9007 -5.49374 -5.78488 26215400.0
816 0.01155 0.00023225 281.006 721.633 34.9013 34.9003 -5.4531 -6.54309 26215500.0
817 0.01165 0.000232272 280.978 721.623 34.9041 34.9016 -4.21577 -3.96923 26216500.0
818 0.01175 0.000232263 280.988 721.621 34.9027 34.9013 -4.70342 -5.3355 26216600.0
819 0.01185 0.00023226 280.993 721.641 34.9033 34.9013 -5.19608 -5.5606 26217900.0
820 0.01195 0.000232262 280.99 721.615 34.9022 34.9007 -4.61509 -4.97383 26217200.0
821 0.01205 0.000232268 280.983 721.531 34.8991 34.9012 -2.6214 -4.19658 26216400.0
822 0.01215 0.000232268 280.984 721.603 34.9026 34.9018 -4.03204 -4.50861 26218400.0
823 0.01225 0.000232269 280.982 721.609 34.903 34.9021 -4.07004 -3.99301 26218600.0
824 0.01235 0.000232286 280.964 721.598 34.9051 34.903 -3.32624 -2.56864 26218500.0
825 0.01245 0.000232302 280.942 721.567 34.906 34.9045 -2.09053 -1.09265 26219600.0
826 0.01255 0.000232311 280.934 721.538 34.9059 34.9047 -0.87712 0.0634384 26218900.0
827 0.01265 0.000232309 280.938 721.508 34.9042 34.9045 -0.340234 -0.540117 26217900.0
828 0.01275 0.000232283 280.967 721.547 34.902 34.9025 -2.25553 -3.16368 26218100.0
829 0.01285 0.000232287 280.964 721.572 34.9039 34.9025 -2.73784 -3.03053 26218700.0
830 0.01295 0.000232285 280.963 721.559 34.903 34.9027 -2.57177 -3.35835 26218800.0
831 0.01305 0.000232294 280.955 721.552 34.904 34.9033 -2.05037 -2.08895 26219000.0
832 0.01315 0.000232286 280.963 721.565 34.9035 34.9028 -2.56331 -2.28146 26218900.0
833 0.01325 0.000232294 280.954 721.565 34.9046 34.9036 -2.26983 -1.64939 26219400.0
834 0.01335 0.000232302 280.945 721.563 34.9058 34.9042 -1.94441 -0.87596 26219900.0
835 0.01345 0.000232302 280.946 721.538 34.9045 34.9037 -1.5565 -1.09599 26219400.0
836 0.01355 0.000232311 280.933 721.55 34.9065 34.9047 -1.20313 0.453684 26219800.0
837 0.01365 0.000232318 280.925 721.566 34.9083 34.9048 -1.29855 0.936786 26220100.0
838 0.01375 0.00023231 280.934 721.557 34.9067 34.9044 -1.24999 -0.51301 26220100.0
839 0.01385 0.000232298 280.949 721.616 34.9076 34.9036 -3.11535 -2.43919 26220800.0
840 0.01395 0.000232307 280.935 721.552 34.906 34.9042 -1.46776 -1.29153 26221000.0
841 0.01405 0.000232305 280.939 721.517 34.904 34.904 -0.777772 -1.15816 26221000.0
842 0.01415 0.000232315 280.928 721.5 34.9046 34.9048 -0.0938346 -0.139976 26221100.0
843 0.01425 0.000232316 280.924 721.544 34.9069 34.9049 -0.721235 0.269053 26221000.0
844 0.01435 0.000232326 280.911 721.554 34.9089 34.9058 -0.565436 0.800513 26221400.0
845 0.01445 0.000232313 280.928 721.511 34.9048 34.9048 -0.459307 -1.0169 26221300.0
846 0.01455 0.000232316 280.923 721.553 34.9074 34.9053 -0.733962 0.11874 26222000.0
847 0.01465 0.000232289 280.957 721.55 34.9031 34.9031 -2.15035 -2.24923 26220800.0
848 0.01475 0.000232297 280.945 721.528 34.9033 34.9036 -1.12978 -1.24961 26220700.0
849 0.01485 0.000232314 280.924 721.506 34.9047 34.905 0.110093 0.872519 26221300.0
850 0.01495 0.000232312 280.928 721.511 34.9047 34.905 0.0666115 0.677679 26221100.0
851 0.01505 0.000232297 280.946 721.517 34.9027 34.9033 -0.687245 -1.29865 26220200.0
852 0.01515 0.000232297 280.946 721.549 34.9042 34.9033 -1.52586 -1.88961 26220700.0
853 0.01525 0.000232293 280.948 721.549 34.9038 34.9035 -1.52579 -1.89324 26221600.0
854 0.01535 0.000232295 280.945 721.537 34.9035 34.9032 -1.29581 -1.49066 26221500.0
855 0.01545 0.000232321 280.913 721.539 34.9074 34.9046 -0.100151 1.21347 26222000.0
856 0.01555 0.000232306 280.933 721.517 34.9041 34.9041 -0.501529 -0.0888285 26222600.0
857 0.01565 0.000232303 280.935 721.546 34.9051 34.9039 -1.30799 -0.583336 26223000.0
858 0.01575 0.0002323 280.938 721.563 34.9055 34.904 -1.40824 -0.595912 26223700.0
859 0.01585 0.000232296 280.944 721.586 34.906 34.9033 -1.99658 -0.716326 26223300.0
860 0.01595 0.000232288 280.951 721.611 34.9059 34.9026 -3.07821 -2.29443 26223100.0
861 0.01605 0.000232317 280.919 721.566 34.9081 34.9051 -0.857665 0.771107 26223200.0
862 0.01615 0.000232307 280.929 721.564 34.9065 34.9042 -1.41656 -0.27244 26223100.0
863 0.01625 0.000232305 280.934 721.553 34.9058 34.9043 -1.10504 -0.0867117 26223000.0
864 0.01635 0.00023229 280.951 721.581 34.9049 34.9022 -2.15304 -0.897075 26221800.0
865 0.01645 0.00023229 280.953 721.571 34.9043 34.903 -1.93909 -1.13527 26221800.0
866 0.01655 0.000232299 280.94 721.57 34.9056 34.9031 -1.50087 -0.0565324 26221200.0
867 0.01665 0.000232312 280.923 721.537 34.906 34.9043 -0.263885 0.594041 26222100.0
868 0.01675 0.000232308 280.93 721.542 34.9056 34.904 -0.658079 -0.263126 26221600.0
869 0.01685 0.000232328 280.906 721.539 34.9085 34.9059 0.242735 1.65355 26222900.0
870 0.01695 0.000232317 280.918 721.555 34.9076 34.9048 -0.610496 0.0631207 26222200.0
871 0.01705 0.000232298 280.942 721.572 34.9055 34.9035 -1.47918 -1.65432 26222100.0
872 0.01715 0.000232305 280.932 721.542 34.9052 34.9041 -0.730963 -0.597638 26221600.0
873 0.01725 0.000232309 280.927 721.566 34.907 34.904 -1.18056 -0.127669 26221800.0
874 0.01735 0.000232319 280.916 721.528 34.9066 34.9049 -0.00562102 0.7953 26222300.0
875 0.01745 0.00023232 280.914 721.52 34.9063 34.905 0.36485 1.34531 26222400.0
876 0.01755 0.000232308 280.926 721.534 34.9052 34.904 -0.173651 0.443434 26222500.0
877 0.01765 0.000232302 280.931 721.541 34.9047 34.9037 -0.913268 -0.439407 26222700.0
878 0.01775 0.000232291 280.948 721.519 34.9019 34.9028 -0.713913 -1.03813 26222000.0
879 0.01785 0.000232312 280.919 721.504 34.9044 34.9044 0.65258 1.07407 26222500.0
880 0.01795 0.000232319 280.911 721.487 34.9047 34.9051 1.08038 1.57622 26222700.0
881 0.01805 0.000232321 280.908 721.506 34.9059 34.9059 0.792491 1.5469 26223000.0
882 0.01815 0.000232311 280.921 721.525 34.9053 34.9049 -0.0283333 0.809738 26222200.0
883 0.01825 0.000232334 280.891 721.532 34.9091 34.9072 0.942725 2.51679 26223200.0
884 0.01835 0.000232326 280.899 721.51 34.9068 34.9059 1.10791 1.78808 26222900.0
885 0.01845 0.000232316 280.913 721.536 34.9066 34.9056 -0.109068 -0.0250198 26223100.0
886 0.01855 0.00023232 280.91 721.566 34.9086 34.9053 -0.485094 -0.0741564 26223100.0
887 0.01865 0.00023231 280.917 721.561 34.9069 34.9047 -0.579955 -0.796034 26223300.0
888 0.01875 0.000232328 280.899 721.564 34.9097 34.906 -0.188579 0.523304 26224200.0
889 0.01885 0.000232335 280.889 721.557 34.9105 34.9064 0.473166 1.27258 26224000.0
890 0.01895 0.000232331 280.894 721.555 34.9096 34.9066 0.280722 0.549294 26224400.0
891 0.01905 0.00023232 280.908 721.579 34.9092 34.9051 -0.519543 -0.911387 26224200.0
892 0.01915 0.00023231 280.919 721.603 34.9089 34.9044 -1.56005 -2.0331 26224100.0
893 0.01925 0.000232323 280.905 721.576 34.9095 34.9055 -0.221418 0.0631983 26224600.0
894 0.01935 0.000232314 280.915 721.579 34.9083 34.9053 -0.869534 -0.545721 26224800.0
895 0.01945 0.000232302 280.93 721.564 34.9058 34.9039 -1.22418 -1.76539 26224000.0
896 0.01955 0.000232303 280.929 721.527 34.9042 34.9039 -0.389344 -1.35183 26223500.0
897 0.01965 0.000232318 280.91 721.556 34.9079 34.9054 -0.381111 -0.000258813 26224800.0
898 0.01975 0.000232308 280.924 721.594 34.9081 34.9038 -1.2788 -0.451798 26224200.0
899 0.01985 0.000232329 280.897 721.584 34.9109 34.906 -0.578096 1.35142 26226100.0
900 0.01995 0.000232335 280.891 721.603 34.9127 34.9065 -0.498891 1.45076 26225600.0
901 0.02005 0.000232311 280.919 721.594 34.9085 34.9042 -1.29839 -0.811785 26224900.0
902 0.02015 0.000232316 280.911 721.637 34.9115 34.9052 -1.75781 -0.482328 26225300.0
903 0.02025 0.000232297 280.937 721.617 34.9076 34.904 -2.51871 -2.125 26224700.0
904 0.02035 0.000232308 280.922 721.599 34.9084 34.9044 -1.39232 -0.770952 26224800.0
905 0.02045 0.000232315 280.913 721.612 34.9101 34.9048 -1.37847 -0.28439 26224600.0
906 0.02055 0.000232309 280.922 721.605 34.9088 34.9043 -1.45371 -0.676126 26224000.0
907 0.02065 0.000232312 280.921 721.592 34.9086 34.9046 -1.07899 -0.117254 26224100.0
908 0.02075 0.000232321 280.91 721.591 34.9099 34.9056 -0.788445 0.742017 26224300.0
909 0.02085 0.000232304 280.929 721.564 34.9061 34.9039 -0.891511 -1.14627 26223500.0
910 0.02095 0.000232321 280.907 721.553 34.9082 34.9057 -0.000655978 0.679715 26224800.0
911 0.02105 0.000232311 280.919 721.572 34.9076 34.9049 -0.752982 -0.12044 26224500.0
912 0.02115 0.000232313 280.916 721.564 34.9075 34.9051 -0.532048 0.00577382 26224600.0
913 0.02125 0.000232306 280.923 721.562 34.9063 34.9047 -0.668881 -0.768685 26224800.0
914 0.02135 0.000232308 280.921 721.589 34.9079 34.9048 -1.00256 -0.784019 26225100.0
915 0.02145 0.000232321 280.903 721.595 34.9102 34.9058 -0.576208 0.758639 26225800.0
916 0.02155 0.000232335 280.89 721.584 34.9117 34.9075 0.552579 2.64326 26226800.0
917 0.02165 0.000232323 280.903 721.582 34.9099 34.9066 -0.23417 1.33838 26226100.0
918 0.02175 0.000232286 280.948 721.547 34.9026 34.9033 -0.963618 -2.05873 26223500.0
919 0.02185 0.000232308 280.923 721.534 34.9052 34.905 0.101815 -0.146311 26223900.0
920 0.02195 0.000232329 280.897 721.543 34.9089 34.9067 0.513218 1.35427 26225200.0
921 0.02205 0.00023233 280.896 721.518 34.9078 34.9069 1.47785 1.29507 26224100.0
922 0.02215 0.000232311 280.916 721.503 34.9042 34.9048 1.08681 0.0787881 26222600.0
923 0.02225 0.000232326 280.902 721.557 34.9091 34.9067 0.650976 1.96007 26224800.0
924 0.02235 0.00023233 280.895 721.534 34.9085 34.9071 1.16353 2.95769 26224700.0
925 0.02245 0.00023231 280.919 721.521 34.9049 34.9052 0.594871 1.10847 26223300.0
926 0.02255 0.000232294 280.939 721.528 34.9029 34.904 -0.20136 -0.807078 26222900.0
927 0.02265 0.000232321 280.906 721.518 34.9065 34.9057 1.16696 2.08124 26222700.0
928 0.02275 0.000232306 280.924 721.545 34.9055 34.905 0.208286 0.145791 26222800.0
929 0.02285 0.000232306 280.922 721.497 34.9031 34.9049 0.861308 -0.507134 26222900.0
930 0.02295 0.000232317 280.911 721.499 34.9049 34.9054 1.23753 0.926895 26224100.0
931 0.02305 0.000232318 280.91 721.507 34.9055 34.9056 1.22758 1.07599 26223200.0
932 0.02315 0.000232294 280.939 721.522 34.9025 34.9038 -0.0208311 -1.22142 26222700.0
933 0.02325 0.000232322 280.905 721.513 34.9063 34.9064 1.17662 1.62368 26223600.0
934 0.02335 0.000232299 280.93 721.551 34.9047 34.9037 -0.320865 -0.129167 26222400.0
935 0.02345 0.000232285 280.95 721.526 34.9013 34.904 -0.514053 -1.651 26222500.0
936 0.02355 0.000232306 280.923 721.497 34.9032 34.9049 1.24271 1.23617 26222500.0
937 0.02365 0.000232299 280.931 721.494 34.902 34.9041 0.859305 0.070214 26222100.0
938 0.02375 0.000232299 280.932 721.512 34.9028 34.9046 0.478682 -0.518915 26223300.0
939 0.02385 0.000232282 280.949 721.518 34.9006 34.9032 -0.451117 -1.89724 26222900.0
940 0.02395 0.000232281 280.951 721.522 34.9006 34.903 -0.770454 -2.11165 26223300.0
941 0.02405 0.000232264 280.97 721.565 34.9002 34.9019 -1.99442 -4.03327 26223400.0
942 0.02415 0.000232295 280.933 721.577 34.9054 34.9042 -0.926247 -1.18767 26224700.0
943 0.02425 0.000232301 280.928 721.588 34.9068 34.9049 -1.25279 -1.13016 26225200.0
944 0.02435 0.000232289 280.938 721.611 34.9061 34.9037 -1.89627 -2.24712 26224600.0
945 0.02445 0.000232308 280.918 721.592 34.9081 34.9054 -0.813214 -0.25412 26225200.0
946 0.02455 0.000232306 280.919 721.555 34.9059 34.9053 -0.397026 -0.319475 26224400.0
947 0.02465 0.000232303 280.923 721.54 34.9048 34.9054 -0.0567434 -0.427778 26224400.0
948 0.02475 0.000232308 280.918 721.534 34.9052 34.9051 0.378488 0.438783 26223800.0
949 0.02485 0.000232304 280.918 721.538 34.9049 34.9051 0.14556 0.209414 26223700.0
950 0.02495 0.000232314 280.906 721.572 34.908 34.906 -0.0759884 0.724254 26224300.0
951 0.02505 0.000232324 280.895 721.533 34.9076 34.9067 1.21988 2.40758 26223800.0
952 0.02515 0.000232304 280.916 721.529 34.9044 34.9055 0.72037 0.871893 26223400.0
953 0.02525 0.000232298 280.927 721.528 34.9034 34.9049 0.131621 -0.030321 26222900.0
954 0.02535 0.000232325 280.893 721.471 34.9047 34.9064 2.54886 2.98355 26222800.0
955 0.02545 0.000232326 280.89 721.501 34.9064 34.9075 2.07175 2.61952 26223600.0
956 0.02555 0.000232322 280.894 721.502 34.9058 34.9069 2.14378 2.6699 26223200.0
957 0.02565 0.000232312 280.908 721.526 34.9054 34.9064 1.06324 0.987048 26223700.0
958 0.02575 0.000232322 280.895 721.543 34.9077 34.907 1.30167 2.04386 26224700.0
959 0.02585 0.000232329 280.886 721.533 34.9083 34.9074 1.82763 2.83847 26224600.0
960 0.02595 0.000232325 280.893 721.521 34.9072 34.9071 1.77813 2.4835 26224300.0
961 0.02605 0.000232321 280.898 721.514 34.9062 34.9068 1.91169 1.92119 26223700.0
962 0.02615 0.000232308 280.912 721.558 34.9064 34.9055 0.399182 0.336179 26223600.0
963 0.02625 0.000232318 280.9 721.559 34.908 34.9061 0.837586 0.770321 26224000.0
964 0.02635 0.000232336 280.879 721.551 34.9102 34.9081 1.86519 2.3512 26225400.0
965 0.02645 0.000232319 280.895 721.537 34.907 34.9065 1.51941 0.703271 26224700.0
966 0.02655 0.000232328 280.884 721.537 34.9084 34.9077 1.75171 1.57388 26225300.0
967 0.02665 0.000232317 280.896 721.564 34.9081 34.9069 0.549266 -0.347532 26225700.0
968 0.02675 0.000232317 280.897 721.578 34.9088 34.9068 0.736251 0.259401 26225600.0
969 0.02685 0.000232308 280.908 721.568 34.907 34.9061 0.369021 -0.586805 26225500.0
970 0.02695 0.000232317 280.898 721.571 34.9084 34.9062 0.640839 0.507242 26225200.0
971 0.02705 0.000232335 280.876 721.569 34.911 34.9078 1.59497 2.30299 26225500.0
972 0.02715 0.000232324 280.888 721.549 34.9084 34.9075 1.40136 0.804283 26225300.0
973 0.02725 0.000232308 280.909 721.569 34.9069 34.9064 0.34904 -0.874628 26225100.0
974 0.02735 0.000232325 280.887 721.553 34.9087 34.9074 1.60419 1.27547 26224800.0
975 0.02745 0.000232317 280.896 721.615 34.9106 34.9066 -0.0367309 0.222189 26225500.0
976 0.02755 0.000232322 280.888 721.615 34.9113 34.9073 0.251864 1.49968 26226200.0
977 0.02765 0.000232314 280.9 721.626 34.9106 34.9067 -0.45852 1.22663 26226300.0
978 0.02775 0.000232298 280.921 721.632 34.9084 34.9053 -1.05726 -0.0674048 26225200.0
979 0.02785 0.000232308 280.909 721.608 34.9088 34.9061 -0.218695 1.13903 26225500.0
980 0.02795 0.000232301 280.918 721.628 34.9087 34.9053 -1.10698 0.470925 26225900.0
981 0.02805 0.000232293 280.926 721.622 34.9073 34.9051 -1.19566 -0.838464 26226000.0
982 0.02815 0.000232304 280.912 721.583 34.907 34.9057 0.467359 0.18432 26225700.0
983 0.02825 0.000232301 280.914 721.595 34.9072 34.9057 -0.0954056 -0.163265 26225800.0
984 0.02835 0.000232284 280.935 721.61 34.9053 34.9045 -1.02578 -2.81627 26225000.0
985 0.02845 0.000232289 280.927 721.585 34.9049 34.905 -0.345605 -2.07374 26224700.0
986 0.02855 0.000232279 280.939 721.6 34.9041 34.9042 -0.843442 -2.56782 26224500.0
987 0.02865 0.000232309 280.904 721.597 34.9084 34.9063 0.436731 0.106384 26225700.0
988 0.02875 0.000232309 280.905 721.638 34.9104 34.9066 -0.698477 -0.139442 26226400.0
989 0.02885 0.000232321 280.891 721.591 34.9099 34.9078 0.693761 1.08415 26226800.0
990 0.02895 0.00023232 280.891 721.59 34.9097 34.9075 0.632627 1.6425 26226400.0
991 0.02905 0.000232324 280.885 721.592 34.9104 34.9084 0.859552 2.04758 26227400.0
992 0.02915 0.000232324 280.884 721.597 34.9107 34.9081 1.11506 1.88286 26227800.0
993 0.02925 0.000232332 280.875 721.568 34.9105 34.9085 1.80815 2.41231 26227100.0
994 0.02935 0.000232327 280.88 721.548 34.9087 34.908 2.03459 2.29862 26227000.0
995 0.02945 0.000232311 280.898 721.56 34.9069 34.9068 1.06756 0.767602 26226000.0
996 0.02955 0.00023233 280.875 721.582 34.9109 34.9091 1.71348 2.7943 26227600.0
997 0.02965 0.000232323 280.884 721.582 34.9098 34.9081 1.14042 1.46295 26227000.0
998 0.02975 0.000232327 280.879 721.57 34.9098 34.9085 1.61063 1.83013 26226700.0
999 0.02985 0.000232312 280.896 721.576 34.908 34.9069 0.987235 0.00435998 26225800.0
1000 0.02995 0.000232295 280.914 721.647 34.9088 34.9062 -1.02828 -1.62794 26227000.0
