TITLE = "DSMC"
VARIABLES = "ID" "X" "rho" "v1" "Ttrans" "p" "p1" "q1" "mv1v1v1" "mvvv1v1"
ZONE T="Ma=2.4_inv", I=1000, J=1, K=1, F=POINT
1000 -0.02995 0.00023234 -280.863 721.57 34.9119 34.9104 -0.477286 -1.084 26227400.0
999 -0.02985 0.000232347 -280.856 721.579 34.9133 34.9111 -0.684557 -1.81736 26228100.0
998 -0.02975 0.00023235 -280.852 721.564 34.913 34.9114 -1.23929 -2.3741 26228500.0
997 -0.02965 0.000232336 -280.866 721.587 34.9121 34.9107 -0.301327 -0.902873 26228800.0
996 -0.02955 0.00023233 -280.876 721.601 34.9118 34.9099 0.801634 0.532339 26228500.0
995 -0.02945 0.000232337 -280.866 721.61 34.9133 34.9105 0.134534 -0.515477 26228200.0
994 -0.02935 0.000232331 -280.873 721.586 34.9113 34.9102 0.163763 0.56097 26228000.0
993 -0.02925 0.00023232 -280.887 721.566 34.9086 34.9095 0.231961 1.93152 26227800.0
992 -0.02915 0.000232328 -280.878 721.587 34.9109 34.9096 0.240769 1.16371 26227900.0
991 -0.02905 0.000232342 -280.858 721.59 34.913 34.911 -0.259118 -0.331327 26228100.0
990 -0.02895 0.000232353 -280.847 721.63 34.9166 34.9122 0.189023 -1.1799 26229700.0
989 -0.02885 0.000232352 -280.846 721.631 34.9166 34.9123 0.23047 -0.439775 26230300.0
988 -0.02875 0.000232321 -280.885 721.63 34.9118 34.9095 1.5428 2.40703 26229600.0
987 -0.02865 0.000232347 -280.856 721.605 34.9145 34.9113 -0.0411854 -0.208131 26230100.0
986 -0.02855 0.000232377 -280.818 721.592 34.9184 34.9134 -1.66274 -3.09606 26230600.0
985 -0.02845 0.000232399 -280.793 721.576 34.9209 34.9153 -2.43001 -4.16794 26231600.0
984 -0.02835 0.000232387 -280.806 721.549 34.9178 34.9138 -2.90594 -2.81157 26230200.0
983 -0.02825 0.000232373 -280.825 721.631 34.9197 34.9131 -0.695298 -1.66196 26231200.0
982 -0.02815 0.000232361 -280.838 721.643 34.9185 34.9127 0.120416 -0.591841 26231800.0
981 -0.02805 0.000232347 -280.856 721.621 34.9153 34.9109 0.341548 0.830302 26230400.0
980 -0.02795 0.000232346 -280.856 721.613 34.9147 34.9116 0.27009 0.46132 26231200.0
979 -0.02785 0.000232345 -280.858 721.618 34.9149 34.9112 0.300702 0.467054 26231200.0
978 -0.02775 0.000232338 -280.866 721.626 34.9142 34.9106 0.884512 1.99369 26231400.0
977 -0.02765 0.000232321 -280.889 721.624 34.9115 34.9091 1.46116 2.97209 26230800.0
976 -0.02755 0.000232325 -280.886 721.601 34.911 34.9092 0.998302 2.42773 26230100.0
975 -0.02745 0.000232338 -280.868 721.588 34.9124 34.9101 -0.102456 1.02036 26230600.0
974 -0.02735 0.000232335 -280.873 721.601 34.9125 34.9101 0.499546 1.77831 26230800.0
973 -0.02725 0.000232348 -280.858 721.617 34.9152 34.9114 0.0591656 0.632082 26231700.0
972 -0.02715 0.00023234 -280.867 721.582 34.9123 34.9103 -0.270113 1.71885 26230600.0
971 -0.02705 0.000232337 -280.872 721.58 34.9119 34.91 -0.0245536 2.03819 26230400.0
970 -0.02695 0.00023234 -280.87 721.597 34.9131 34.9104 0.129427 1.78396 26230600.0
969 -0.02685 0.000232346 -280.859 721.598 34.9141 34.9105 -0.351967 0.92989 26229900.0
968 -0.02675 0.000232325 -280.888 721.618 34.9119 34.9089 1.28267 3.10666 26229100.0
967 -0.02665 0.000232331 -280.882 721.624 34.913 34.9092 0.937067 2.48206 26229400.0
966 -0.02655 0.000232335 -280.877 721.609 34.913 34.9097 0.826483 1.75765 26229600.0
965 -0.02645 0.000232329 -280.885 721.644 34.9137 34.909 1.48812 1.74265 26229400.0
964 -0.02635 0.000232335 -280.877 721.624 34.9137 34.9099 0.877612 1.26495 26229200.0
963 -0.02625 0.000232341 -280.867 721.632 34.9149 34.9102 0.782458 0.427354 26229800.0
962 -0.02615 0.000232322 -280.889 721.637 34.9123 34.9085 1.72287 2.10958 26229200.0
961 -0.02605 0.00023232 -280.894 721.667 34.9135 34.9088 2.13005 2.04559 26229900.0
960 -0.02595 0.000232333 -280.877 721.653 34.9148 34.9099 1.37691 1.19179 26229900.0
959 -0.02585 0.000232356 -280.85 721.573 34.9144 34.9109 -1.07025 -1.42266 26229100.0
958 -0.02575 0.000232346 -280.861 721.577 34.9131 34.9105 -0.566019 -0.559283 26228900.0
957 -0.02565 0.000232328 -280.886 721.575 34.9103 34.908 0.194797 0.741141 26226900.0
956 -0.02555 0.000232352 -280.855 721.558 34.913 34.9104 -1.14767 -1.87927 26227800.0
955 -0.02545 0.00023234 -280.869 721.62 34.9142 34.9097 0.453665 -1.00276 26228100.0
954 -0.02535 0.000232341 -280.867 721.563 34.9117 34.9095 -0.835805 -0.924576 26227400.0
953 -0.02525 0.000232331 -280.879 721.563 34.9101 34.9092 -0.3702 0.169809 26227400.0
952 -0.02515 0.000232312 -280.904 721.577 34.9078 34.9073 1.10965 2.80928 26227500.0
951 -0.02505 0.000232333 -280.881 721.58 34.9112 34.9091 -0.00574566 0.528017 26227700.0
950 -0.02495 0.000232335 -280.876 721.585 34.9117 34.9091 0.008393 -0.118226 26228200.0
949 -0.02485 0.000232314 -280.9 721.576 34.9082 34.9073 0.515136 1.37801 26227700.0
948 -0.02475 0.000232318 -280.897 721.584 34.9091 34.9081 0.469894 1.00612 26227900.0
947 -0.02465 0.000232323 -280.89 721.607 34.911 34.9085 0.89824 0.714433 26228200.0
946 -0.02455 0.000232347 -280.863 721.58 34.9133 34.9104 -0.691396 -1.81412 26228900.0
945 -0.02445 0.000232356 -280.852 721.565 34.9139 34.9112 -1.58696 -2.92134 26228900.0
944 -0.02435 0.000232341 -280.87 721.576 34.9122 34.9093 -0.777831 -1.47925 26227800.0
943 -0.02425 0.000232354 -280.854 721.559 34.9133 34.9107 -1.4378 -2.26814 26228300.0
942 -0.02415 0.000232347 -280.863 721.533 34.911 34.9102 -1.79745 -1.63883 26227300.0
941 -0.02405 0.000232344 -280.866 721.559 34.9118 34.9103 -1.03826 -1.02681 26227600.0
940 -0.02395 0.000232328 -280.884 721.569 34.9099 34.9086 -0.220953 0.363969 26226700.0
939 -0.02385 0.000232343 -280.868 721.611 34.9142 34.91 0.21356 -1.22227 26227900.0
938 -0.02375 0.000232326 -280.887 721.581 34.9102 34.909 0.341338 0.717631 26226900.0
937 -0.02365 0.000232333 -280.879 721.554 34.9099 34.9092 -0.473109 -0.0430006 26227000.0
936 -0.02355 0.000232334 -280.877 721.579 34.9113 34.9091 0.029883 -0.317827 26227200.0
935 -0.02345 0.00023234 -280.87 721.589 34.9127 34.9099 -0.0713128 -0.569524 26228200.0
934 -0.02335 0.000232344 -280.867 721.574 34.9126 34.9103 -0.589901 -0.994868 26228500.0
933 -0.02325 0.000232341 -280.87 721.605 34.9137 34.9098 0.0646015 -0.242542 26228100.0
932 -0.02315 0.00023235 -280.859 721.574 34.9134 34.9102 -0.60755 -0.910824 26228500.0
931 -0.02305 0.000232329 -280.886 721.597 34.9115 34.9084 0.442247 0.805824 26228200.0
930 -0.02295 0.000232337 -280.877 721.572 34.9115 34.9094 -0.271893 0.101806 26228300.0
929 -0.02285 0.000232347 -280.865 721.577 34.9132 34.9103 -0.525117 -0.617051 26228900.0
928 -0.02275 0.000232348 -280.864 721.591 34.9141 34.9101 -0.204281 0.11345 26229100.0
927 -0.02265 0.000232367 -280.841 721.588 34.9167 34.9116 -1.16776 -2.19182 26229500.0
926 -0.02255 0.000232377 -280.827 721.564 34.9171 34.9123 -2.19808 -2.43239 26229400.0
925 -0.02245 0.000232358 -280.853 721.615 34.9166 34.9109 -0.293059 -0.0903583 26230500.0
924 -0.02235 0.000232347 -280.864 721.62 34.9153 34.9099 0.187602 0.910984 26229200.0
923 -0.02225 0.000232352 -280.858 721.629 34.9165 34.9106 0.166165 0.268219 26230100.0
922 -0.02215 0.000232357 -280.852 721.617 34.9166 34.9104 -0.127598 -0.695022 26229200.0
921 -0.02205 0.000232345 -280.868 721.586 34.9133 34.9096 -0.312053 0.431796 26228400.0
920 -0.02195 0.00023233 -280.886 721.622 34.9127 34.9084 0.919704 1.68635 26227700.0
919 -0.02185 0.00023235 -280.861 721.59 34.9143 34.9096 -0.29176 -0.657288 26228000.0
918 -0.02175 0.00023234 -280.874 721.571 34.9119 34.9093 -0.222123 0.450675 26227700.0
917 -0.02165 0.000232338 -280.874 721.62 34.9139 34.9091 0.651825 -0.018343 26228100.0
916 -0.02155 0.000232332 -280.884 721.589 34.9115 34.9086 0.363963 1.14797 26227600.0
915 -0.02145 0.000232338 -280.877 721.607 34.9133 34.9093 0.749794 1.04937 26227800.0
914 -0.02135 0.000232348 -280.865 721.584 34.9136 34.9102 -0.261308 0.646817 26228200.0
913 -0.02125 0.000232336 -280.879 721.559 34.9107 34.9088 -0.252162 1.73174 26226800.0
912 -0.02115 0.00023235 -280.862 721.565 34.9131 34.91 -0.905282 0.136472 26226700.0
911 -0.02105 0.000232339 -280.876 721.596 34.9129 34.9092 0.0922397 1.19968 26226800.0
910 -0.02095 0.000232335 -280.878 721.56 34.9106 34.9089 -0.38444 1.40871 26226800.0
909 -0.02085 0.000232339 -280.874 721.583 34.9123 34.9093 0.11165 0.778688 26227700.0
908 -0.02075 0.000232329 -280.885 721.626 34.9129 34.9088 1.13099 1.83565 26228200.0
907 -0.02065 0.000232343 -280.872 721.571 34.9122 34.9093 -0.362016 0.330119 26227300.0
906 -0.02055 0.000232331 -280.884 721.572 34.9106 34.9085 -0.0525444 1.07323 26226700.0
905 -0.02045 0.000232319 -280.898 721.587 34.9094 34.9077 0.974601 2.59456 26226700.0
904 -0.02035 0.00023232 -280.899 721.568 34.9087 34.9076 0.401087 2.30521 26226800.0
903 -0.02025 0.000232309 -280.912 721.595 34.9083 34.907 1.39513 3.30904 26226900.0
902 -0.02015 0.000232332 -280.885 721.595 34.9118 34.9085 0.320182 0.371908 26227800.0
901 -0.02005 0.000232337 -280.881 721.605 34.9131 34.9089 0.402142 -0.928492 26227900.0
900 -0.01995 0.000232336 -280.881 721.61 34.9131 34.9079 0.67348 -1.02883 26226700.0
899 -0.01985 0.000232331 -280.888 721.562 34.9101 34.9087 -0.131954 -0.783763 26227600.0
898 -0.01975 0.000232319 -280.903 721.561 34.9082 34.9065 0.274832 0.529185 26225400.0
897 -0.01965 0.000232334 -280.887 721.594 34.9121 34.9085 0.305329 -0.614396 26227700.0
896 -0.01955 0.000232346 -280.868 721.542 34.9114 34.9094 -1.32776 -1.64206 26226900.0
895 -0.01945 0.000232347 -280.868 721.558 34.9123 34.9096 -1.25606 -2.22002 26227200.0
894 -0.01935 0.000232326 -280.894 721.577 34.9101 34.908 0.251245 0.444957 26226900.0
893 -0.01925 0.000232351 -280.867 721.548 34.9124 34.9096 -1.51197 -2.01304 26226800.0
892 -0.01915 0.000232358 -280.853 721.535 34.9129 34.9102 -1.87271 -2.02629 26226500.0
891 -0.01905 0.000232356 -280.858 721.538 34.9127 34.9103 -1.83965 -1.72948 26226200.0
890 -0.01895 0.000232347 -280.87 721.575 34.9132 34.9091 -0.957075 -1.84252 26225600.0
889 -0.01885 0.000232358 -280.855 721.563 34.9141 34.9104 -1.42226 -2.49011 26227200.0
888 -0.01875 0.00023234 -280.877 721.538 34.9102 34.9089 -0.923342 -0.844026 26225800.0
887 -0.01865 0.000232347 -280.871 721.525 34.9106 34.9091 -1.5646 -2.4703 26225700.0
886 -0.01855 0.00023234 -280.88 721.559 34.9113 34.9088 -0.689066 -2.12798 26226400.0
885 -0.01845 0.000232326 -280.897 721.576 34.9099 34.9073 0.337391 -0.48669 26226100.0
884 -0.01835 0.000232346 -280.872 721.564 34.9124 34.9088 -0.617104 -2.02581 26227100.0
883 -0.01825 0.000232323 -280.898 721.598 34.9107 34.9072 1.08969 0.798167 26227100.0
882 -0.01815 0.000232324 -280.899 721.577 34.9097 34.9076 0.299763 0.679136 26226700.0
881 -0.01805 0.000232341 -280.876 721.552 34.9111 34.9086 -0.764803 -0.84078 26226300.0
880 -0.01795 0.000232353 -280.86 721.548 34.9127 34.9094 -1.32203 -1.52139 26226500.0
879 -0.01785 0.000232357 -280.86 721.531 34.9124 34.9098 -1.61561 -1.73506 26226700.0
878 -0.01775 0.000232358 -280.856 721.494 34.9109 34.9101 -2.54132 -2.15055 26226500.0
877 -0.01765 0.000232366 -280.846 721.523 34.9134 34.9102 -2.33762 -3.76525 26226700.0
876 -0.01755 0.00023234 -280.879 721.507 34.9088 34.9081 -1.20267 -1.04864 26225300.0
875 -0.01745 0.000232332 -280.889 721.55 34.9096 34.9078 -0.469692 -0.5234 26225800.0
874 -0.01735 0.000232333 -280.886 721.533 34.909 34.9075 -0.848703 -1.22701 26225800.0
873 -0.01725 0.000232323 -280.898 721.556 34.9086 34.907 0.202609 -0.103391 26226000.0
872 -0.01715 0.000232333 -280.887 721.543 34.9094 34.9078 -0.568079 -0.607219 26226200.0
871 -0.01705 0.000232352 -280.864 721.553 34.9128 34.9096 -1.29536 -2.44789 26227200.0
870 -0.01695 0.00023235 -280.866 721.565 34.913 34.9091 -0.959258 -2.13295 26227200.0
869 -0.01685 0.000232339 -280.879 721.585 34.9123 34.9082 0.0220701 -1.04222 26227000.0
868 -0.01675 0.000232359 -280.856 721.574 34.9148 34.91 -1.02702 -3.21643 26228300.0
867 -0.01665 0.00023236 -280.853 721.558 34.9142 34.9105 -1.42896 -3.26612 26228400.0
866 -0.01655 0.000232376 -280.834 721.576 34.9175 34.9114 -1.86017 -4.49439 26228200.0
865 -0.01645 0.000232349 -280.866 721.606 34.915 34.9093 0.105933 -1.45463 26228300.0
864 -0.01635 0.000232319 -280.904 721.647 34.9123 34.9069 1.91751 1.17562 26227800.0
863 -0.01625 0.000232326 -280.893 721.56 34.9092 34.9069 0.00150578 0.600294 26226800.0
862 -0.01615 0.000232327 -280.894 721.608 34.9117 34.9074 1.04807 0.577858 26227500.0
861 -0.01605 0.000232317 -280.905 721.611 34.9104 34.9064 1.28576 1.76068 26227500.0
860 -0.01595 0.000232325 -280.896 721.62 34.912 34.9068 1.46954 1.34854 26227800.0
859 -0.01585 0.000232332 -280.888 721.594 34.9118 34.9074 0.5201 0.470684 26227700.0
858 -0.01575 0.000232332 -280.89 721.647 34.9143 34.9074 1.5716 0.534211 26228000.0
857 -0.01565 0.000232328 -280.892 721.592 34.911 34.9068 0.527581 0.379341 26226900.0
856 -0.01555 0.000232328 -280.892 721.597 34.9112 34.9072 0.708053 0.775453 26227700.0
855 -0.01545 0.000232321 -280.902 721.612 34.9109 34.9067 1.29049 1.62224 26227800.0
854 -0.01535 0.000232309 -280.915 721.578 34.9075 34.9059 1.21326 2.26014 26226100.0
853 -0.01525 0.000232315 -280.907 721.584 34.9087 34.9058 1.11034 1.40879 26226100.0
852 -0.01515 0.000232313 -280.907 721.565 34.9074 34.9063 0.797012 1.60776 26226100.0
851 -0.01505 0.000232312 -280.91 721.55 34.9066 34.9057 0.411389 1.40154 26224800.0
850 -0.01495 0.000232333 -280.885 721.524 34.9085 34.9074 -0.987419 -1.11267 26224600.0
849 -0.01485 0.000232322 -280.896 721.53 34.9071 34.9064 -0.479219 -0.30683 26224300.0
848 -0.01475 0.000232328 -280.888 721.524 34.9078 34.9068 -0.7573 -1.05847 26224300.0
847 -0.01465 0.00023234 -280.873 721.499 34.9084 34.908 -1.90979 -3.51227 26223900.0
846 -0.01455 0.000232315 -280.903 721.579 34.9084 34.9057 0.96155 -0.300059 26223600.0
845 -0.01445 0.000232303 -280.918 721.568 34.9062 34.9052 1.17443 1.08849 26223300.0
844 -0.01435 0.000232321 -280.897 721.591 34.91 34.9068 1.00193 -0.637657 26224200.0
843 -0.01425 0.000232328 -280.888 721.577 34.9104 34.9073 0.51809 -1.14727 26223800.0
842 -0.01415 0.000232308 -280.914 721.632 34.9099 34.9064 2.29868 0.941882 26224700.0
841 -0.01405 0.000232309 -280.908 721.579 34.9076 34.9061 1.18101 0.726826 26223200.0
840 -0.01395 0.000232284 -280.943 721.649 34.9072 34.9044 3.76676 3.24801 26223500.0
839 -0.01385 0.000232293 -280.93 721.644 34.9082 34.9048 2.98571 2.20291 26223200.0
838 -0.01375 0.000232289 -280.935 721.594 34.9054 34.9042 2.39863 2.12208 26221700.0
837 -0.01365 0.000232295 -280.928 721.654 34.909 34.9053 3.17591 1.97009 26223000.0
836 -0.01355 0.000232299 -280.923 721.595 34.9069 34.9052 1.72684 1.27862 26222100.0
835 -0.01345 0.000232281 -280.945 721.585 34.9036 34.9038 2.4159 3.23333 26221300.0
834 -0.01335 0.000232274 -280.955 721.583 34.9025 34.9034 2.6396 3.3225 26221000.0
833 -0.01325 0.000232262 -280.967 721.587 34.9009 34.9022 3.23867 4.61421 26220400.0
832 -0.01315 0.000232286 -280.938 721.552 34.9029 34.9048 1.34913 2.44636 26221500.0
831 -0.01305 0.000232284 -280.94 721.577 34.9037 34.9043 1.72607 2.5946 26220900.0
830 -0.01295 0.000232279 -280.947 721.558 34.902 34.9041 1.46258 2.44708 26220200.0
829 -0.01285 0.000232298 -280.924 721.525 34.9033 34.9059 0.40383 1.24717 26220600.0
828 -0.01275 0.000232277 -280.947 721.53 34.9004 34.9041 0.927563 2.89751 26219400.0
827 -0.01265 0.000232285 -280.939 721.514 34.9008 34.9047 0.54262 2.25955 26218600.0
826 -0.01255 0.0002323 -280.92 721.483 34.9016 34.9061 -0.442722 0.480801 26219300.0
825 -0.01245 0.000232295 -280.928 721.539 34.9035 34.9053 0.705507 1.40343 26219600.0
824 -0.01235 0.000232313 -280.907 721.568 34.9077 34.9068 0.711684 -0.167977 26220600.0
823 -0.01225 0.000232301 -280.92 721.55 34.9049 34.9051 1.05616 0.523363 26218600.0
822 -0.01215 0.000232317 -280.902 721.531 34.9065 34.907 -0.242338 -1.48016 26219100.0
821 -0.01205 0.000232301 -280.922 721.535 34.9042 34.9058 0.587879 0.219949 26218100.0
820 -0.01195 0.000232297 -280.926 721.575 34.9056 34.9053 1.42217 0.52466 26218100.0
819 -0.01185 0.000232286 -280.94 721.595 34.9049 34.9042 2.25975 2.11454 26218100.0
818 -0.01175 0.00023229 -280.933 721.628 34.9071 34.9046 2.77872 1.62134 26218800.0
817 -0.01165 0.000232303 -280.917 721.596 34.9075 34.9058 1.70059 0.28545 26218500.0
816 -0.01155 0.00023232 -280.898 721.613 34.9109 34.9076 1.12377 -1.18675 26219200.0
815 -0.01145 0.000232291 -280.931 721.612 34.9065 34.9046 2.72737 2.18043 26217400.0
814 -0.01135 0.000232285 -280.94 721.622 34.9061 34.904 2.92915 2.80011 26216800.0
813 -0.01125 0.000232292 -280.931 721.647 34.9083 34.9051 3.39562 2.65217 26216900.0
812 -0.01115 0.000232278 -280.947 721.65 34.9064 34.9039 3.79414 3.28857 26216000.0
811 -0.01105 0.00023225 -280.982 721.656 34.9023 34.9015 5.2441 5.38098 26215000.0
810 -0.01095 0.000232256 -280.974 721.65 34.9031 34.902 4.60486 3.76479 26214200.0
809 -0.01085 0.00023225 -280.984 721.655 34.9024 34.9014 5.23431 4.89936 26214200.0
808 -0.01075 0.000232236 -281.001 721.673 34.9012 34.9003 6.23046 5.92931 26214300.0
807 -0.01065 0.000232258 -280.973 721.665 34.904 34.902 5.16322 3.43642 26214300.0
806 -0.01055 0.000232235 -281.003 721.711 34.9028 34.9003 7.02071 5.67951 26213900.0
805 -0.01045 0.000232237 -280.997 721.664 34.9009 34.9006 5.87578 5.35271 26213400.0
804 -0.01035 0.000232239 -280.995 721.668 34.9013 34.9003 6.04368 5.34673 26212000.0
803 -0.01025 0.000232227 -281.008 721.633 34.8979 34.8995 5.79846 6.2545 26210300.0
802 -0.01015 0.000232221 -281.016 721.612 34.8959 34.8994 5.49347 6.40019 26209300.0
801 -0.01005 0.000232186 -281.059 721.661 34.8931 34.8965 8.09517 10.0816 26208400.0
800 -0.00995 0.000232189 -281.054 721.669 34.894 34.8968 8.28781 9.29819 26208000.0
799 -0.00985 0.000232186 -281.058 721.697 34.8948 34.8965 8.86634 9.25497 26207100.0
798 -0.00975 0.00023217 -281.076 721.661 34.8907 34.8956 8.81317 10.561 26205700.0
797 -0.00965 0.000232161 -281.088 721.7 34.8913 34.8949 10.0871 11.4336 26205000.0
796 -0.00955 0.000232176 -281.07 721.712 34.894 34.8958 9.68551 9.48205 26204900.0
795 -0.00945 0.00023216 -281.087 721.692 34.8907 34.8946 9.9864 9.74039 26203700.0
794 -0.00935 0.000232135 -281.12 721.658 34.8852 34.893 10.2356 11.4688 26201500.0
793 -0.00925 0.000232112 -281.148 721.681 34.8829 34.8908 11.6229 12.6819 26199800.0
792 -0.00915 0.000232098 -281.164 721.729 34.8831 34.8899 13.4249 13.4851 26198500.0
791 -0.00905 0.000232095 -281.167 721.682 34.8804 34.8895 12.4938 13.3092 26196300.0
790 -0.00895 0.000232089 -281.172 721.703 34.8806 34.8888 12.7573 13.0286 26194300.0
789 -0.00885 0.000232062 -281.206 721.705 34.8765 34.8867 14.0485 14.3315 26192600.0
788 -0.00875 0.00023205 -281.219 721.706 34.8748 34.886 14.839 14.723 26191200.0
787 -0.00865 0.000232017 -281.261 721.7 34.8695 34.8833 15.9381 16.9952 26188400.0
786 -0.00855 0.000232016 -281.259 721.767 34.8726 34.8837 17.1848 16.1394 26187800.0
785 -0.00845 0.000232003 -281.275 721.714 34.8681 34.8825 16.7506 16.0831 26184200.0
784 -0.00835 0.00023197 -281.317 721.764 34.8656 34.8801 19.1262 18.2529 26181600.0
783 -0.00825 0.00023194 -281.351 721.721 34.859 34.8767 19.5976 19.2869 26176600.0
782 -0.00815 0.000231934 -281.358 721.675 34.8559 34.8769 18.8474 18.7738 26174100.0
781 -0.00805 0.000231906 -281.392 721.639 34.8499 34.8744 19.335 19.6036 26170100.0
780 -0.00795 0.000231856 -281.454 721.691 34.845 34.871 22.5561 22.926 26166500.0
779 -0.00785 0.00023182 -281.499 721.692 34.8395 34.8681 24.2042 24.8686 26162400.0
778 -0.00775 0.00023179 -281.533 721.716 34.8362 34.8653 26.0127 25.7597 26158700.0
777 -0.00765 0.000231751 -281.581 721.692 34.8291 34.8622 26.9655 27.386 26154300.0
776 -0.00755 0.000231689 -281.658 721.692 34.8199 34.8569 29.5786 30.6749 26148800.0
775 -0.00745 0.000231644 -281.712 721.732 34.8151 34.8529 32.0817 32.5561 26144300.0
774 -0.00735 0.000231609 -281.754 721.737 34.81 34.8506 33.9766 33.2093 26140500.0
773 -0.00725 0.000231572 -281.799 721.721 34.8037 34.848 35.2813 34.074 26135400.0
772 -0.00715 0.000231544 -281.833 721.711 34.7989 34.8454 36.0671 33.8845 26130000.0
771 -0.00705 0.000231492 -281.897 721.705 34.7909 34.8411 38.1711 35.6574 26123600.0
770 -0.00695 0.000231439 -281.959 721.661 34.7809 34.8367 39.6093 37.2134 26116700.0
769 -0.00685 0.00023139 -282.02 721.668 34.7737 34.8326 41.7632 38.0081 26110300.0
768 -0.00675 0.00023133 -282.093 721.665 34.7646 34.828 44.2639 39.4542 26103000.0
767 -0.00665 0.000231252 -282.19 721.669 34.753 34.8217 47.5325 42.5689 26095300.0
766 -0.00655 0.000231174 -282.283 721.715 34.7436 34.8155 51.9373 45.5754 26088200.0
765 -0.00645 0.000231068 -282.416 721.685 34.7262 34.8071 55.5926 50.8909 26078300.0
764 -0.00635 0.000230963 -282.542 721.69 34.7107 34.7987 60.102 55.2611 26068900.0
763 -0.00625 0.000230896 -282.626 721.674 34.6999 34.7937 62.6836 55.9004 26060300.0
762 -0.00615 0.000230798 -282.743 721.619 34.6825 34.7853 65.7611 58.7884 26048300.0
761 -0.00605 0.00023069 -282.874 721.6 34.6653 34.7767 70.0437 62.1672 26036400.0
760 -0.00595 0.00023057 -283.025 721.563 34.6455 34.7671 74.3489 66.2979 26024300.0
759 -0.00585 0.000230414 -283.214 721.534 34.6206 34.7541 80.2944 72.7362 26009200.0
758 -0.00575 0.0002303 -283.356 721.541 34.6039 34.7449 85.294 74.5449 25996600.0
757 -0.00565 0.000230176 -283.507 721.524 34.5844 34.735 90.0985 77.2989 25982800.0
756 -0.00555 0.000230017 -283.702 721.465 34.5577 34.7216 95.6841 81.8887 25965900.0
755 -0.00545 0.00022985 -283.91 721.425 34.5307 34.7089 101.91 86.4825 25950100.0
754 -0.00535 0.000229658 -284.145 721.361 34.4988 34.6924 108.874 93.0876 25930400.0
753 -0.00525 0.000229487 -284.356 721.354 34.4728 34.6793 116.069 97.0858 25913800.0
752 -0.00515 0.00022928 -284.612 721.329 34.4405 34.6625 124.31 103.511 25893500.0
751 -0.00505 0.000229058 -284.889 721.292 34.4054 34.6441 133.169 110.442 25871900.0
750 -0.00495 0.000228833 -285.168 721.226 34.3684 34.6252 141.31 116.178 25848600.0
749 -0.00485 0.000228602 -285.458 721.127 34.329 34.607 149.323 121.901 25824700.0
748 -0.00475 0.000228335 -285.79 721.057 34.2856 34.5846 159.188 129.43 25797500.0
747 -0.00465 0.000228061 -286.136 720.983 34.2409 34.5623 169.807 136.958 25771000.0
746 -0.00455 0.000227752 -286.524 720.896 34.1904 34.5362 181.338 145.535 25740200.0
745 -0.00445 0.000227424 -286.937 720.785 34.1359 34.5092 193.406 154.853 25708400.0
744 -0.00435 0.000227061 -287.398 720.647 34.0749 34.479 206.025 165.615 25673800.0
743 -0.00425 0.000226683 -287.874 720.479 34.0103 34.4473 219.47 176.21 25636800.0
742 -0.00415 0.000226306 -288.356 720.379 33.9489 34.4157 233.591 184.782 25599000.0
741 -0.00405 0.00022586 -288.923 720.24 33.8755 34.3787 250.362 198.347 25557700.0
740 -0.00395 0.000225371 -289.551 720.099 33.7956 34.337 268.907 213.256 25512000.0
739 -0.00385 0.000224892 -290.169 719.911 33.7149 34.2967 285.957 224.861 25465000.0
738 -0.00375 0.000224376 -290.836 719.693 33.6274 34.253 304.367 237.643 25414200.0
737 -0.00365 0.000223804 -291.577 719.497 33.5326 34.2043 325.619 253.497 25360100.0
736 -0.00355 0.000223185 -292.384 719.246 33.4282 34.1506 348.198 271.588 25301200.0
735 -0.00345 0.000222569 -293.197 718.938 33.3216 34.0975 369.535 286.583 25240600.0
734 -0.00335 0.000221877 -294.108 718.636 33.2041 34.0372 394.36 305.636 25174400.0
733 -0.00325 0.000221118 -295.121 718.298 33.0748 33.9705 421.669 328.89 25102500.0
732 -0.00315 0.000220321 -296.187 717.926 32.9386 33.9006 450.023 351.874 25027400.0
731 -0.00305 0.000219481 -297.32 717.522 32.7946 33.8264 480.173 375.783 24947300.0
730 -0.00295 0.00021859 -298.532 717.133 32.6437 33.7466 512.811 400.387 24862800.0
729 -0.00285 0.000217639 -299.836 716.637 32.4792 33.6613 546.59 428.667 24772300.0
728 -0.00275 0.000216646 -301.213 716.149 32.309 33.5708 582.633 455.781 24676200.0
727 -0.00265 0.000215556 -302.729 715.529 32.1187 33.471 620.892 489.156 24572100.0
726 -0.00255 0.000214418 -304.34 714.929 31.9223 33.3654 661.991 524.264 24463300.0
725 -0.00245 0.000213205 -306.07 714.31 31.7142 33.252 707.245 563.139 24348400.0
724 -0.00235 0.000211922 -307.926 713.582 31.4912 33.1302 753.583 603.43 24225000.0
723 -0.00225 0.000210561 -309.917 712.777 31.2537 32.9992 802.772 647.827 24093600.0
722 -0.00215 0.000209123 -312.046 711.902 31.0021 32.8591 854.904 695.627 23954100.0
721 -0.00205 0.000207618 -314.314 710.987 30.7394 32.711 910.528 746.706 23808700.0
720 -0.00195 0.000206027 -316.74 709.949 30.4594 32.5515 968.257 801.453 23653000.0
719 -0.00185 0.00020432 -319.385 708.851 30.1603 32.3784 1031.53 864.496 23488500.0
718 -0.00175 0.000202547 -322.179 707.694 29.8498 32.1947 1097.66 929.609 23314800.0
717 -0.00165 0.000200704 -325.138 706.381 29.5233 32.001 1165.99 998.702 23132800.0
716 -0.00155 0.000198766 -328.307 704.993 29.1807 31.7929 1238.39 1073.25 22941100.0
715 -0.00145 0.000196761 -331.657 703.485 28.8246 31.5745 1313.55 1152.03 22741100.0
714 -0.00135 0.000194686 -335.188 701.748 28.4502 31.3428 1389.19 1234.3 22530300.0
713 -0.00125 0.000192484 -339.025 699.905 28.0546 31.0913 1470.93 1327.47 22307500.0
712 -0.00115 0.000190212 -343.074 697.944 27.6458 30.8267 1556.23 1425.66 22076500.0
711 -0.00105 0.000187879 -347.334 695.836 27.2242 30.5477 1643.71 1527.83 21835500.0
710 -0.00095 0.000185467 -351.854 693.567 26.787 30.2519 1734.82 1637.19 21584900.0
709 -0.00085 0.000183002 -356.594 691.111 26.3374 29.942 1827.22 1750.18 21325100.0
708 -0.00075 0.000180454 -361.63 688.454 25.8708 29.613 1922.68 1871.68 21055400.0
707 -0.00065 0.000177879 -366.865 685.598 25.396 29.2709 2018.91 1994.79 20778100.0
706 -0.00055 0.000175234 -372.403 682.546 24.9069 28.9092 2117.39 2125.72 20491700.0
705 -0.00045 0.00017256 -378.179 679.209 24.407 28.5319 2214.97 2258.71 20195600.0
704 -0.00035 0.000169838 -384.235 675.656 23.8963 28.1361 2314.29 2397.49 19891700.0
703 -0.00025 0.000167084 -390.572 671.837 23.3759 27.7223 2413.26 2539.51 19579600.0
702 -0.00015 0.000164319 -397.148 667.759 22.8495 27.293 2510.95 2684.17 19261500.0
701 -5e-05 0.000161525 -404.021 663.33 22.3121 26.8444 2606.72 2832.16 18934600.0
700 5e-05 0.000158768 -411.038 658.672 21.7771 26.3861 2698.46 2975.25 18603100.0
699 0.00015 0.000156012 -418.299 653.711 21.238 25.9127 2787.28 3118.99 18267200.0
698 0.00025 0.000153262 -425.805 648.455 20.6959 25.4225 2872.8 3261.35 17925600.0
697 0.00035 0.000150522 -433.56 642.872 20.1508 24.9173 2954.25 3403.01 17579900.0
696 0.00045 0.000147839 -441.426 636.95 19.6094 24.4036 3027.69 3536.15 17230000.0
695 0.00055 0.00014519 -449.482 630.791 19.0719 23.8786 3096.72 3664.43 16878300.0
694 0.00065 0.000142588 -457.685 624.276 18.5365 23.3438 3157.98 3785.71 16522800.0
693 0.00075 0.000140031 -466.042 617.435 18.0047 22.7986 3211.49 3898.87 16163500.0
692 0.00085 0.000137538 -474.492 610.362 17.4816 22.2479 3257.85 4002.2 15804400.0
691 0.00095 0.000135133 -482.937 602.988 16.9683 21.6971 3293.39 4092.13 15443100.0
690 0.00105 0.00013279 -491.457 595.367 16.4634 21.1416 3320.71 4171.05 15081000.0
689 0.00115 0.000130517 -500.017 587.498 15.9677 20.5837 3339.27 4238.24 14718000.0
688 0.00125 0.000128321 -508.57 579.463 15.4844 20.0259 3349.35 4292.02 14355600.0
687 0.00135 0.000126192 -517.158 571.156 15.0092 19.4668 3349.98 4333.93 13991600.0
686 0.00145 0.000124136 -525.719 562.612 14.5437 18.9082 3340.43 4362.09 13625500.0
685 0.00155 0.000122192 -534.088 554.033 14.0977 18.363 3321.7 4374.07 13262800.0
684 0.00165 0.000120311 -542.437 545.282 13.6614 17.8188 3294.8 4373.82 12899800.0
683 0.00175 0.000118524 -550.619 536.514 13.2421 17.2855 3260.03 4359.41 12539200.0
682 0.00185 0.000116808 -558.708 527.615 12.834 16.7585 3216.75 4333.23 12179000.0
681 0.00195 0.00011517 -566.654 518.681 12.4397 16.2404 3166.0 4294.19 11819900.0
680 0.00205 0.000113627 -574.356 509.818 12.0633 15.7388 3108.94 4243.05 11465100.0
679 0.00215 0.000112154 -581.892 500.942 11.6996 15.2474 3045.06 4181.61 11112200.0
678 0.00225 0.000110758 -589.228 492.15 11.3512 14.7693 2976.25 4109.77 10762900.0
677 0.00235 0.000109443 -596.31 483.477 11.0188 14.308 2902.78 4029.48 10418600.0
676 0.00245 0.000108191 -603.21 474.884 10.6991 13.8582 2825.28 3941.35 10078300.0
675 0.00255 0.000107003 -609.906 466.406 10.3927 13.4217 2744.09 3845.93 9741730.0
674 0.00265 0.000105881 -616.373 458.078 10.1002 13.0004 2660.0 3744.72 9410680.0
673 0.00275 0.000104821 -622.602 449.933 9.82124 12.5944 2574.05 3638.87 9085930.0
672 0.00285 0.000103827 -628.566 442.011 9.55679 12.2056 2486.83 3528.93 8768450.0
671 0.00295 0.000102891 -634.291 434.323 9.30591 11.8327 2399.27 3415.91 8458910.0
670 0.00305 0.000102002 -639.812 426.772 9.06511 11.4724 2309.87 3300.08 8153960.0
669 0.00315 0.000101174 -645.049 419.529 8.83898 11.1316 2221.83 3183.69 7859660.0
668 0.00325 0.000100393 -650.069 412.489 8.6235 10.8041 2133.62 3065.87 7572070.0
667 0.00335 9.96645e-05 -654.825 405.743 8.42095 10.4943 2046.92 2948.79 7294480.0
666 0.00345 9.89689e-05 -659.425 399.183 8.22699 10.1946 1961.08 2831.61 7023930.0
665 0.00355 9.83218e-05 -663.769 392.866 8.04385 9.91144 1876.24 2715.91 6762080.0
664 0.00365 9.77173e-05 -667.87 386.87 7.87237 9.64421 1794.39 2602.36 6511100.0
663 0.00375 9.71417e-05 -671.831 381.03 7.70787 9.38599 1713.21 2489.62 6266230.0
662 0.00385 9.66058e-05 -675.559 375.475 7.55361 9.1431 1634.63 2379.71 6031390.0
661 0.00395 9.61055e-05 -679.075 370.177 7.40845 8.91398 1558.67 2273.06 5806700.0
660 0.00405 9.56329e-05 -682.433 365.088 7.27068 8.69505 1484.7 2168.58 5589660.0
659 0.00415 9.51971e-05 -685.557 360.287 7.14237 8.49132 1413.79 2068.05 5382940.0
658 0.00425 9.47776e-05 -688.592 355.649 7.01935 8.29361 1344.89 1969.59 5183230.0
657 0.00435 9.43882e-05 -691.433 351.247 6.90399 8.1083 1278.61 1874.77 4992330.0
656 0.00445 9.40193e-05 -694.147 347.029 6.79443 7.93151 1214.55 1782.79 4808870.0
655 0.00455 9.36804e-05 -696.651 343.075 6.69279 7.76829 1153.78 1695.53 4636030.0
654 0.00465 9.33642e-05 -699.019 339.298 6.59678 7.61406 1095.14 1611.64 4470140.0
653 0.00475 9.30589e-05 -701.308 335.678 6.50505 7.46457 1038.63 1529.55 4310290.0
652 0.00485 9.27732e-05 -703.47 332.226 6.41838 7.32378 984.432 1451.41 4158220.0
651 0.00495 9.25077e-05 -705.489 329.014 6.33814 7.19208 933.728 1377.01 4015040.0
650 0.00505 9.2259e-05 -707.386 325.972 6.26267 7.06842 885.303 1306.24 3878900.0
649 0.00515 9.20235e-05 -709.199 323.032 6.19033 6.95026 838.196 1237.89 3747590.0
648 0.00525 9.17997e-05 -710.928 320.253 6.12215 6.83767 793.614 1172.45 3623160.0
647 0.00535 9.15958e-05 -712.503 317.671 6.05931 6.73479 751.702 1111.24 3506290.0
646 0.00545 9.14064e-05 -713.984 315.236 6.00043 6.63837 712.131 1053.24 3396210.0
645 0.00555 9.12233e-05 -715.42 312.89 5.94384 6.54485 673.815 996.89 3289820.0
644 0.00565 9.10522e-05 -716.76 310.68 5.89079 6.4573 637.511 943.457 3189160.0
643 0.00575 9.08938e-05 -718.013 308.598 5.84113 6.37574 603.204 893.178 3094210.0
642 0.00585 9.07452e-05 -719.188 306.639 5.79456 6.2993 570.812 845.649 3004670.0
641 0.00595 9.06046e-05 -720.302 304.771 5.75034 6.22676 539.729 800.386 2919160.0
640 0.00605 9.0473e-05 -721.353 303.022 5.70904 6.15835 510.622 757.337 2838740.0
639 0.00615 9.03501e-05 -722.328 301.393 5.67064 6.09464 483.491 716.878 2763260.0
638 0.00625 9.02343e-05 -723.26 299.816 5.63372 6.03399 457.069 678.221 2690700.0
637 0.00635 9.01255e-05 -724.136 298.346 5.59934 5.977 432.402 641.729 2622690.0
636 0.00645 9.00218e-05 -724.964 296.945 5.56665 5.92281 408.825 606.94 2557810.0
635 0.00655 8.99235e-05 -725.753 295.615 5.53566 5.87157 386.373 573.926 2496060.0
634 0.00665 8.98315e-05 -726.497 294.356 5.50644 5.8228 365.139 542.323 2437560.0
633 0.00675 8.97449e-05 -727.201 293.174 5.47906 5.77718 345.219 512.703 2382480.0
632 0.00685 8.96656e-05 -727.847 292.072 5.45363 5.73501 326.499 484.882 2330850.0
631 0.00695 8.95895e-05 -728.472 291.023 5.42943 5.6944 308.673 458.169 2281650.0
630 0.00705 8.95146e-05 -729.068 290.006 5.40594 5.65519 291.465 432.682 2234400.0
629 0.00715 8.9451e-05 -729.595 289.101 5.38524 5.62128 275.977 409.818 2191720.0
628 0.00725 8.93901e-05 -730.087 288.237 5.36549 5.58896 261.19 388.145 2151070.0
627 0.00735 8.93316e-05 -730.571 287.416 5.3467 5.55769 247.104 367.246 2112250.0
626 0.00745 8.92732e-05 -731.04 286.61 5.32822 5.52691 233.36 346.861 2074490.0
625 0.00755 8.92224e-05 -731.466 285.873 5.31149 5.49923 220.662 328.056 2039700.0
624 0.00765 8.91722e-05 -731.873 285.173 5.29551 5.47277 208.679 310.229 2006700.0
623 0.00775 8.91264e-05 -732.253 284.52 5.28067 5.44811 197.456 293.47 1975660.0
622 0.00785 8.90814e-05 -732.617 283.894 5.26638 5.42418 186.698 277.337 1945920.0
621 0.00795 8.90415e-05 -732.953 283.319 5.25338 5.40252 176.813 262.493 1918530.0
620 0.00805 8.90026e-05 -733.27 282.762 5.24075 5.38166 167.239 248.373 1892230.0
619 0.00815 8.89681e-05 -733.561 282.252 5.22928 5.36292 158.381 235.367 1867900.0
618 0.00825 8.89303e-05 -733.87 281.726 5.2173 5.34274 149.333 221.949 1843260.0
617 0.00835 8.88999e-05 -734.118 281.283 5.20733 5.32657 141.717 210.682 1822070.0
616 0.00845 8.88695e-05 -734.374 280.842 5.19738 5.30972 134.035 199.089 1800830.0
615 0.00855 8.88395e-05 -734.622 280.417 5.18776 5.29366 126.742 188.331 1780690.0
614 0.00865 8.88115e-05 -734.857 280.01 5.1786 5.27842 119.667 177.939 1761400.0
613 0.00875 8.87855e-05 -735.07 279.644 5.17032 5.26448 113.363 168.409 1743810.0
612 0.00885 8.87627e-05 -735.26 279.313 5.16287 5.25211 107.609 159.702 1727700.0
611 0.00895 8.87393e-05 -735.45 278.982 5.1554 5.2396 101.881 151.021 1711740.0
610 0.00905 8.87181e-05 -735.626 278.675 5.1485 5.22811 96.5593 143.098 1696970.0
609 0.00915 8.86967e-05 -735.806 278.368 5.14158 5.21648 91.2479 135.283 1682410.0
608 0.00925 8.86763e-05 -735.975 278.078 5.13505 5.20538 86.2491 127.768 1668560.0
607 0.00935 8.86578e-05 -736.128 277.81 5.12903 5.19561 81.5173 120.908 1655740.0
606 0.00945 8.86417e-05 -736.262 277.564 5.12355 5.18676 77.2496 114.668 1643990.0
605 0.00955 8.86256e-05 -736.396 277.333 5.11835 5.17813 73.2395 108.696 1632760.0
604 0.00965 8.86102e-05 -736.518 277.117 5.11348 5.16997 69.4833 102.933 1622280.0
603 0.00975 8.85965e-05 -736.638 276.907 5.10881 5.16228 65.7971 97.4841 1612030.0
602 0.00985 8.85819e-05 -736.756 276.698 5.10413 5.15448 62.2125 92.1059 1602140.0
601 0.00995 8.85717e-05 -736.845 276.534 5.10051 5.14868 59.272 87.654 1593850.0
600 0.01005 8.85586e-05 -736.953 276.341 5.09618 5.14149 55.9365 82.6746 1584650.0
599 0.01015 8.85489e-05 -737.039 276.183 5.09272 5.13602 53.1464 78.576 1576910.0
598 0.01025 8.85359e-05 -737.143 276.012 5.08882 5.12933 50.1888 74.075 1568750.0
597 0.01035 8.85263e-05 -737.226 275.86 5.08547 5.12386 47.5503 70.1661 1561470.0
596 0.01045 8.85177e-05 -737.298 275.726 5.08251 5.11911 45.2319 66.8183 1554910.0
595 0.01055 8.8509e-05 -737.371 275.59 5.0795 5.11436 42.7477 63.3138 1548310.0
594 0.01065 8.84988e-05 -737.457 275.445 5.07623 5.10869 40.2805 59.4621 1541490.0
593 0.01075 8.8491e-05 -737.529 275.319 5.07347 5.10426 38.1298 56.3472 1535610.0
592 0.01085 8.8483e-05 -737.591 275.203 5.07087 5.10022 36.0599 53.392 1530010.0
591 0.01095 8.84765e-05 -737.649 275.102 5.06863 5.09648 34.3119 50.7323 1524980.0
590 0.01105 8.84687e-05 -737.71 274.989 5.06611 5.09226 32.3592 47.9307 1519620.0
589 0.01115 8.84615e-05 -737.769 274.895 5.06397 5.08866 30.686 45.3928 1514920.0
588 0.01125 8.84553e-05 -737.826 274.801 5.06187 5.08486 29.0414 42.7782 1510250.0
587 0.01135 8.84505e-05 -737.866 274.722 5.06015 5.08216 27.6917 40.7929 1506350.0
586 0.01145 8.84444e-05 -737.914 274.636 5.05821 5.07914 26.183 38.7157 1502320.0
585 0.01155 8.84398e-05 -737.957 274.56 5.05655 5.07629 24.831 36.6915 1498530.0
584 0.01165 8.84332e-05 -738.009 274.478 5.05467 5.07285 23.4481 34.4458 1494600.0
583 0.01175 8.84291e-05 -738.04 274.415 5.05328 5.07089 22.295 32.9146 1491550.0
582 0.01185 8.84232e-05 -738.095 274.33 5.05138 5.06733 20.8778 30.6611 1487620.0
581 0.01195 8.84204e-05 -738.118 274.279 5.05027 5.06557 19.9607 29.3321 1484990.0
580 0.01205 8.84168e-05 -738.15 274.223 5.04903 5.06365 18.9827 27.9485 1482250.0
579 0.01215 8.84122e-05 -738.186 274.158 5.04758 5.06108 17.8222 26.2497 1479150.0
578 0.01225 8.84106e-05 -738.204 274.124 5.04686 5.06022 17.1797 25.392 1477240.0
577 0.01235 8.8407e-05 -738.232 274.069 5.04564 5.05811 16.2997 24.0729 1474650.0
576 0.01245 8.84054e-05 -738.25 274.037 5.04496 5.05703 15.6789 23.169 1472880.0
575 0.01255 8.84023e-05 -738.27 273.997 5.04404 5.05572 14.9584 22.1059 1470810.0
574 0.01265 8.8401e-05 -738.286 273.965 5.04339 5.05463 14.4181 21.2361 1469150.0
573 0.01275 8.83952e-05 -738.328 273.903 5.04191 5.05184 13.3758 19.5159 1466300.0
572 0.01285 8.83928e-05 -738.348 273.87 5.04117 5.05067 12.7691 18.6568 1464580.0
571 0.01295 8.83918e-05 -738.362 273.84 5.04056 5.0497 12.2847 17.9393 1463130.0
570 0.01305 8.83873e-05 -738.396 273.79 5.03937 5.04754 11.4662 16.6691 1460840.0
569 0.01315 8.83856e-05 -738.405 273.759 5.03872 5.04657 10.8172 15.7489 1459200.0
568 0.01325 8.83828e-05 -738.439 273.714 5.03774 5.04469 10.0694 14.5352 1457180.0
567 0.01335 8.83804e-05 -738.447 273.687 5.03709 5.04375 9.60945 13.8865 1455800.0
566 0.01345 8.83801e-05 -738.459 273.661 5.0366 5.04324 9.15416 13.3947 1454640.0
565 0.01355 8.83778e-05 -738.477 273.629 5.03588 5.04205 8.58122 12.5681 1453180.0
564 0.01365 8.83761e-05 -738.49 273.608 5.03539 5.04112 8.14011 11.933 1451940.0
563 0.01375 8.83748e-05 -738.5 273.584 5.03488 5.04038 7.79841 11.4636 1450860.0
562 0.01385 8.83735e-05 -738.51 273.565 5.03445 5.03979 7.41209 10.8814 1449890.0
561 0.01395 8.83728e-05 -738.523 273.548 5.03411 5.03928 7.08496 10.3556 1448950.0
560 0.01405 8.8372e-05 -738.518 273.543 5.03397 5.03919 6.99364 10.1991 1448490.0
559 0.01415 8.83696e-05 -738.547 273.502 5.03307 5.03734 6.30588 9.11664 1446660.0
558 0.01425 8.837e-05 -738.542 273.503 5.03311 5.03771 6.29741 9.23173 1446450.0
557 0.01435 8.83686e-05 -738.553 273.486 5.03272 5.03702 5.99284 8.75389 1445550.0
556 0.01445 8.8367e-05 -738.565 273.466 5.03227 5.03624 5.63295 8.25692 1444560.0
555 0.01455 8.83665e-05 -738.569 273.451 5.03196 5.03589 5.4016 8.00887 1443850.0
554 0.01465 8.83674e-05 -738.568 273.45 5.032 5.03607 5.38577 7.97853 1443620.0
553 0.01475 8.83642e-05 -738.591 273.425 5.03136 5.03459 4.91855 7.09543 1442380.0
552 0.01485 8.83643e-05 -738.591 273.415 5.03118 5.03445 4.78491 6.98951 1441930.0
551 0.01495 8.83627e-05 -738.603 273.398 5.03077 5.03387 4.48388 6.60347 1441170.0
550 0.01505 8.83627e-05 -738.606 273.388 5.03057 5.03346 4.3324 6.3552 1440690.0
549 0.01515 8.83605e-05 -738.624 273.369 5.0301 5.03247 3.96226 5.72044 1439750.0
548 0.01525 8.83588e-05 -738.635 273.352 5.0297 5.03161 3.70847 5.25144 1438980.0
547 0.01535 8.83587e-05 -738.635 273.35 5.02966 5.03183 3.68477 5.30495 1438850.0
546 0.01545 8.83596e-05 -738.63 273.35 5.0297 5.03206 3.65231 5.37077 1438780.0
545 0.01555 8.83578e-05 -738.635 273.339 5.0294 5.03163 3.44328 4.99646 1438180.0
544 0.01565 8.83576e-05 -738.648 273.32 5.02904 5.03086 3.17238 4.61331 1437440.0
543 0.01575 8.83572e-05 -738.647 273.312 5.02887 5.03074 2.97639 4.40313 1437020.0
542 0.01585 8.8355e-05 -738.666 273.288 5.0283 5.02972 2.58761 3.84875 1436090.0
541 0.01595 8.83558e-05 -738.661 273.291 5.0284 5.03006 2.60753 3.92513 1436150.0
540 0.01605 8.83567e-05 -738.654 273.291 5.02845 5.03035 2.54465 3.93314 1436090.0
539 0.01615 8.83545e-05 -738.67 273.276 5.02805 5.02943 2.36305 3.53965 1435410.0
538 0.01625 8.83538e-05 -738.678 273.264 5.02779 5.02885 2.1797 3.21917 1434910.0
537 0.01635 8.83549e-05 -738.674 273.265 5.02788 5.02925 2.16557 3.28762 1434930.0
536 0.01645 8.83533e-05 -738.683 273.249 5.02748 5.0285 1.92801 2.88845 1434280.0
535 0.01655 8.83536e-05 -738.686 273.247 5.02748 5.02838 1.87412 2.68132 1434100.0
534 0.01665 8.83536e-05 -738.682 273.247 5.02747 5.02851 1.83574 2.63241 1434030.0
533 0.01675 8.83539e-05 -738.68 273.243 5.02742 5.02861 1.76664 2.64665 1433850.0
532 0.01685 8.83538e-05 -738.679 273.251 5.02755 5.02887 1.8709 2.7227 1434020.0
531 0.01695 8.83554e-05 -738.669 273.255 5.02771 5.02968 1.91561 3.06604 1434280.0
530 0.01705 8.83544e-05 -738.67 273.246 5.02749 5.02919 1.78891 2.88293 1433870.0
529 0.01715 8.83546e-05 -738.677 273.249 5.02756 5.02911 1.80423 2.72541 1433870.0
528 0.01725 8.83537e-05 -738.675 273.244 5.02742 5.02899 1.79158 2.78641 1433700.0
527 0.01735 8.83533e-05 -738.686 273.229 5.02713 5.02826 1.4698 2.38554 1432980.0
526 0.01745 8.83511e-05 -738.7 273.222 5.02686 5.0274 1.36086 2.04969 1432490.0
525 0.01755 8.83519e-05 -738.697 273.221 5.02689 5.02765 1.37054 2.14061 1432460.0
524 0.01765 8.83525e-05 -738.692 273.223 5.02697 5.0281 1.36124 2.18686 1432620.0
523 0.01775 8.83528e-05 -738.687 273.225 5.02703 5.0281 1.43192 2.25584 1432600.0
522 0.01785 8.83518e-05 -738.698 273.216 5.0268 5.02759 1.26285 1.9541 1432220.0
521 0.01795 8.83496e-05 -738.711 273.202 5.02641 5.02678 1.0798 1.56586 1431710.0
520 0.01805 8.83513e-05 -738.702 273.206 5.02658 5.02731 1.12945 1.71578 1431880.0
519 0.01815 8.83518e-05 -738.693 273.214 5.02676 5.02784 1.21715 1.92626 1432090.0
518 0.01825 8.83503e-05 -738.708 273.196 5.02634 5.02681 0.949904 1.42013 1431280.0
517 0.01835 8.83489e-05 -738.724 273.189 5.02613 5.02596 0.848807 1.03296 1430870.0
516 0.01845 8.83485e-05 -738.724 273.183 5.026 5.0258 0.755992 0.95168 1430640.0
515 0.01855 8.83491e-05 -738.719 273.188 5.02612 5.02616 0.818402 1.13246 1430830.0
514 0.01865 8.83489e-05 -738.719 273.186 5.02607 5.02615 0.774886 1.12179 1430810.0
513 0.01875 8.83492e-05 -738.719 273.187 5.02611 5.02612 0.793073 1.0744 1430770.0
512 0.01885 8.83489e-05 -738.718 273.192 5.02619 5.02633 0.868654 1.15036 1430950.0
511 0.01895 8.83503e-05 -738.714 273.189 5.02621 5.02648 0.823866 1.16433 1430920.0
510 0.01905 8.83499e-05 -738.713 273.19 5.02621 5.02641 0.806123 1.11455 1430890.0
509 0.01915 8.83499e-05 -738.715 273.183 5.02608 5.0264 0.687815 1.11487 1430700.0
508 0.01925 8.83506e-05 -738.711 273.182 5.0261 5.02666 0.659858 1.16011 1430710.0
507 0.01935 8.83473e-05 -738.738 273.154 5.0254 5.02505 0.23038 0.324814 1429630.0
506 0.01945 8.83485e-05 -738.727 273.162 5.02561 5.02556 0.340475 0.524004 1429900.0
505 0.01955 8.83507e-05 -738.711 273.177 5.02602 5.02656 0.596248 0.974291 1430540.0
504 0.01965 8.83497e-05 -738.716 273.172 5.02586 5.02649 0.4851 0.838213 1430370.0
503 0.01975 8.83526e-05 -738.697 273.186 5.02629 5.02766 0.665932 1.3486 1430970.0
502 0.01985 8.83522e-05 -738.705 273.18 5.02616 5.02714 0.588263 1.06688 1430670.0
501 0.01995 8.83516e-05 -738.709 273.175 5.02604 5.02681 0.511459 0.876755 1430500.0
500 0.02005 8.83523e-05 -738.697 273.185 5.02626 5.02739 0.656205 1.17892 1430870.0
499 0.02015 8.83521e-05 -738.708 273.175 5.02606 5.02694 0.470073 0.824015 1430440.0
498 0.02025 8.83517e-05 -738.707 273.172 5.02598 5.02695 0.473921 0.975749 1430480.0
497 0.02035 8.83511e-05 -738.718 273.166 5.02583 5.02646 0.429833 0.693369 1430250.0
496 0.02045 8.8351e-05 -738.712 273.173 5.02596 5.02662 0.492646 0.752326 1430380.0
495 0.02055 8.8351e-05 -738.713 273.166 5.02584 5.02658 0.385589 0.659287 1430220.0
494 0.02065 8.83504e-05 -738.718 273.164 5.02576 5.02636 0.357285 0.629601 1430100.0
493 0.02075 8.83499e-05 -738.719 273.164 5.02573 5.0262 0.362437 0.530596 1430040.0
492 0.02085 8.835e-05 -738.719 273.164 5.02574 5.02619 0.338297 0.542227 1430010.0
491 0.02095 8.83502e-05 -738.718 273.162 5.02571 5.02618 0.293463 0.476864 1429910.0
490 0.02105 8.83513e-05 -738.711 273.171 5.02594 5.02657 0.453646 0.740957 1430270.0
489 0.02115 8.83503e-05 -738.716 273.166 5.02578 5.0265 0.338476 0.660579 1430100.0
488 0.02125 8.83505e-05 -738.717 273.162 5.02573 5.02628 0.258911 0.566535 1429930.0
487 0.02135 8.83478e-05 -738.729 273.149 5.02533 5.02536 0.109523 0.185959 1429400.0
486 0.02145 8.83484e-05 -738.735 273.148 5.02535 5.02527 0.140013 0.150693 1429470.0
485 0.02155 8.83486e-05 -738.731 273.15 5.02539 5.02529 0.137748 0.169534 1429460.0
484 0.02165 8.8349e-05 -738.731 273.146 5.02535 5.02526 0.100463 0.224295 1429440.0
483 0.02175 8.83501e-05 -738.719 273.161 5.0257 5.02611 0.310403 0.60911 1429990.0
482 0.02185 8.83488e-05 -738.73 273.148 5.02537 5.02541 0.102205 0.201089 1429470.0
481 0.02195 8.83496e-05 -738.722 273.154 5.02554 5.02583 0.159146 0.334179 1429660.0
480 0.02205 8.83491e-05 -738.726 273.153 5.02547 5.02569 0.225099 0.347198 1429710.0
479 0.02215 8.83494e-05 -738.724 273.151 5.02547 5.02569 0.14462 0.270691 1429660.0
478 0.02225 8.83468e-05 -738.735 273.138 5.02508 5.02491 -0.0458901 -0.0656409 1429120.0
477 0.02235 8.83466e-05 -738.741 273.136 5.02503 5.02479 -0.104806 -0.172464 1429010.0
476 0.02245 8.83484e-05 -738.729 273.149 5.02537 5.02559 0.0883055 0.245557 1429530.0
475 0.02255 8.83474e-05 -738.73 273.146 5.02527 5.02538 0.0519373 0.168059 1429390.0
474 0.02265 8.83482e-05 -738.724 273.157 5.02551 5.02587 0.267512 0.558457 1429780.0
473 0.02275 8.83479e-05 -738.725 273.155 5.02545 5.02578 0.192888 0.418514 1429680.0
472 0.02285 8.83469e-05 -738.732 273.153 5.02535 5.0255 0.202956 0.401072 1429570.0
471 0.02295 8.83478e-05 -738.729 273.155 5.02545 5.02566 0.204941 0.48665 1429600.0
470 0.02305 8.83465e-05 -738.733 273.152 5.02532 5.02524 0.202362 0.381868 1429470.0
469 0.02315 8.83454e-05 -738.747 273.14 5.02502 5.02441 0.0220827 0.0125528 1428980.0
468 0.02325 8.83427e-05 -738.77 273.119 5.02449 5.02315 -0.312226 -0.655687 1428110.0
467 0.02335 8.83453e-05 -738.748 273.141 5.02505 5.0245 -0.0190022 -0.0226524 1428970.0
466 0.02345 8.83445e-05 -738.752 273.132 5.02484 5.02414 -0.106908 -0.168522 1428740.0
465 0.02355 8.83464e-05 -738.736 273.147 5.02523 5.02522 0.112202 0.27352 1429370.0
464 0.02365 8.83453e-05 -738.745 273.137 5.02498 5.0247 -0.0561496 0.0598544 1428970.0
463 0.02375 8.83448e-05 -738.748 273.141 5.02501 5.02464 -0.0251501 -0.0764232 1429050.0
462 0.02385 8.83455e-05 -738.737 273.152 5.02527 5.02531 0.195449 0.346113 1429500.0
461 0.02395 8.83457e-05 -738.734 273.148 5.0252 5.02538 0.0900022 0.298446 1429400.0
460 0.02405 8.83442e-05 -738.748 273.139 5.02495 5.02461 -0.019587 -0.0812546 1428960.0
459 0.02415 8.83456e-05 -738.738 273.15 5.02522 5.02532 0.155133 0.24347 1429450.0
458 0.02425 8.83478e-05 -738.725 273.164 5.0256 5.0262 0.386463 0.683694 1430030.0
457 0.02435 8.83459e-05 -738.731 273.159 5.02541 5.02575 0.323735 0.503757 1429780.0
456 0.02445 8.83442e-05 -738.748 273.141 5.02499 5.02475 0.0348706 -0.0716304 1429000.0
455 0.02455 8.83447e-05 -738.746 273.14 5.025 5.0248 -0.00244077 -0.0778779 1428950.0
454 0.02465 8.83459e-05 -738.737 273.154 5.02531 5.02541 0.20325 0.220186 1429450.0
453 0.02475 8.83452e-05 -738.74 273.145 5.02511 5.02525 0.0685089 0.0792136 1429250.0
452 0.02485 8.83449e-05 -738.744 273.138 5.02496 5.02503 -0.0393601 -0.105834 1429040.0
451 0.02495 8.8346e-05 -738.737 273.144 5.02515 5.02561 -0.00953351 0.109702 1429280.0
450 0.02505 8.83467e-05 -738.728 273.152 5.02534 5.02613 0.166709 0.498668 1429690.0
449 0.02515 8.83456e-05 -738.738 273.142 5.02508 5.02535 0.00445677 0.0587985 1429230.0
448 0.02525 8.83463e-05 -738.73 273.151 5.02529 5.02595 0.170209 0.34152 1429660.0
447 0.02535 8.83455e-05 -738.741 273.141 5.02506 5.02531 -0.00087266 -0.000135516 1429210.0
446 0.02545 8.83455e-05 -738.741 273.144 5.02512 5.02531 0.0549472 -0.00366726 1429190.0
445 0.02555 8.83443e-05 -738.742 273.148 5.02512 5.02509 0.152916 -0.018935 1429280.0
444 0.02565 8.83448e-05 -738.748 273.141 5.02502 5.02491 0.0324185 -0.184043 1429010.0
443 0.02575 8.8346e-05 -738.732 273.145 5.02517 5.0257 0.040043 0.176041 1429280.0
442 0.02585 8.83457e-05 -738.736 273.141 5.02506 5.02548 -0.050994 -0.0372969 1429120.0
441 0.02595 8.83451e-05 -738.741 273.139 5.02499 5.02524 -0.0477591 -0.0935815 1429090.0
440 0.02605 8.83446e-05 -738.748 273.13 5.0248 5.02493 -0.158875 -0.142814 1428820.0
439 0.02615 8.83446e-05 -738.742 273.139 5.02497 5.02511 -0.0414779 -0.0487308 1429040.0
438 0.02625 8.83449e-05 -738.744 273.137 5.02496 5.02501 -0.0349141 -0.0895877 1428940.0
437 0.02635 8.83456e-05 -738.739 273.147 5.02517 5.02548 0.0850243 0.0840319 1429280.0
436 0.02645 8.83462e-05 -738.731 273.152 5.0253 5.02587 0.151892 0.184497 1429490.0
435 0.02655 8.83469e-05 -738.724 273.158 5.02546 5.02628 0.282729 0.430874 1429780.0
434 0.02665 8.8347e-05 -738.727 273.155 5.02541 5.02606 0.251617 0.312901 1429670.0
433 0.02675 8.83467e-05 -738.728 273.154 5.02536 5.026 0.172998 0.250434 1429540.0
432 0.02685 8.8345e-05 -738.74 273.144 5.02508 5.02528 0.0084244 -0.0530138 1429100.0
431 0.02695 8.83453e-05 -738.74 273.142 5.02506 5.02507 0.0381851 -0.0336144 1429030.0
430 0.02705 8.83458e-05 -738.737 273.154 5.02531 5.02553 0.259326 0.262732 1429470.0
429 0.02715 8.83464e-05 -738.733 273.157 5.0254 5.02574 0.234902 0.390526 1429470.0
428 0.02725 8.83453e-05 -738.74 273.146 5.02514 5.02519 0.104703 0.158291 1429170.0
427 0.02735 8.83461e-05 -738.738 273.15 5.02525 5.0254 0.152059 0.28891 1429330.0
426 0.02745 8.83451e-05 -738.742 273.144 5.0251 5.02507 0.0725212 0.0991953 1429150.0
425 0.02755 8.83461e-05 -738.742 273.145 5.02516 5.02513 0.0806762 0.139181 1429190.0
424 0.02765 8.83455e-05 -738.742 273.153 5.02527 5.02534 0.217635 0.30191 1429440.0
423 0.02775 8.83458e-05 -738.74 273.153 5.0253 5.02531 0.277644 0.331645 1429520.0
422 0.02785 8.83451e-05 -738.742 273.154 5.02527 5.02508 0.279659 0.228698 1429450.0
421 0.02795 8.83452e-05 -738.736 273.161 5.0254 5.02533 0.376143 0.347775 1429630.0
420 0.02805 8.83459e-05 -738.738 273.153 5.0253 5.02533 0.256349 0.368887 1429400.0
419 0.02815 8.8345e-05 -738.743 273.152 5.02523 5.02501 0.240364 0.246933 1429320.0
418 0.02825 8.83436e-05 -738.752 273.144 5.02501 5.02427 0.134399 -0.130879 1428870.0
417 0.02835 8.83434e-05 -738.752 273.146 5.02503 5.02444 0.126865 -0.136172 1428870.0
416 0.02845 8.8346e-05 -738.737 273.157 5.02538 5.02549 0.332893 0.307435 1429460.0
415 0.02855 8.83444e-05 -738.743 273.153 5.02522 5.02509 0.201447 0.0786729 1429230.0
414 0.02865 8.83458e-05 -738.737 273.151 5.02527 5.02526 0.237194 0.180202 1429310.0
413 0.02875 8.83457e-05 -738.739 273.149 5.02522 5.02524 0.155173 0.0475106 1429230.0
412 0.02885 8.83444e-05 -738.748 273.135 5.02488 5.02441 -0.0710868 -0.329725 1428660.0
411 0.02895 8.83455e-05 -738.739 273.148 5.02519 5.02505 0.112834 -0.00812339 1429080.0
410 0.02905 8.83455e-05 -738.742 273.144 5.02512 5.02508 0.0839095 0.0575848 1429040.0
409 0.02915 8.8345e-05 -738.747 273.138 5.02498 5.02473 -0.0220794 -0.0938888 1428840.0
408 0.02925 8.8346e-05 -738.736 273.149 5.02523 5.02533 0.148791 0.20131 1429250.0
407 0.02935 8.8344e-05 -738.756 273.132 5.0248 5.02419 -0.0881179 -0.317506 1428590.0
406 0.02945 8.83455e-05 -738.742 273.144 5.02512 5.02498 0.0721556 0.0163347 1429070.0
405 0.02955 8.83471e-05 -738.728 273.154 5.02538 5.02583 0.218311 0.42963 1429530.0
404 0.02965 8.83464e-05 -738.738 273.147 5.02522 5.0253 0.111691 0.111178 1429260.0
403 0.02975 8.83468e-05 -738.735 273.145 5.0252 5.02546 0.087361 0.225838 1429330.0
402 0.02985 8.83462e-05 -738.736 273.143 5.02513 5.0253 0.0263872 0.118037 1429210.0
401 0.02995 8.83445e-05 -738.75 273.129 5.02478 5.02461 -0.240457 -0.256288 1428680.0
400 0.03005 8.83472e-05 -738.735 273.143 5.0252 5.02544 0.0325283 0.217009 1429300.0
399 0.03015 8.83455e-05 -738.742 273.138 5.025 5.02504 -0.0323212 0.0663486 1429090.0
398 0.03025 8.8346e-05 -738.738 273.144 5.02514 5.02532 0.0723971 0.222882 1429320.0
397 0.03035 8.83459e-05 -738.74 273.143 5.02512 5.02527 0.052153 0.246989 1429240.0
396 0.03045 8.83447e-05 -738.742 273.139 5.02498 5.02505 -0.0287795 0.109704 1429050.0
395 0.03055 8.83437e-05 -738.758 273.124 5.02464 5.02413 -0.204693 -0.312642 1428470.0
394 0.03065 8.83435e-05 -738.759 273.126 5.02467 5.02409 -0.216939 -0.283331 1428470.0
393 0.03075 8.83434e-05 -738.753 273.131 5.02476 5.02422 -0.133834 -0.227936 1428620.0
392 0.03085 8.83435e-05 -738.76 273.128 5.02471 5.02403 -0.153693 -0.27636 1428550.0
391 0.03095 8.83447e-05 -738.749 273.139 5.02497 5.02473 -0.0384984 0.0380076 1428980.0
390 0.03105 8.83447e-05 -738.747 273.14 5.02499 5.02469 0.0126723 0.0809721 1429020.0
389 0.03115 8.83441e-05 -738.749 273.141 5.02497 5.02457 0.0426872 0.0361371 1429050.0
388 0.03125 8.83437e-05 -738.759 273.131 5.02478 5.02394 -0.117574 -0.311803 1428620.0
387 0.03135 8.83412e-05 -738.772 273.116 5.02436 5.02299 -0.333222 -0.730616 1428040.0
386 0.03145 8.83434e-05 -738.761 273.125 5.02464 5.02379 -0.220459 -0.470547 1428480.0
385 0.03155 8.8342e-05 -738.767 273.112 5.02433 5.02316 -0.423026 -0.712036 1427970.0
384 0.03165 8.83415e-05 -738.774 273.117 5.02439 5.02295 -0.3469 -0.774496 1428100.0
383 0.03175 8.83406e-05 -738.776 273.11 5.02421 5.02277 -0.415728 -0.874615 1427900.0
382 0.03185 8.83432e-05 -738.755 273.132 5.02476 5.02423 -0.0984821 -0.125398 1428780.0
381 0.03195 8.83434e-05 -738.752 273.134 5.02481 5.0245 -0.0510145 -0.0230751 1428970.0
380 0.03205 8.83437e-05 -738.754 273.13 5.02477 5.02442 -0.138473 -0.126964 1428860.0
379 0.03215 8.83433e-05 -738.748 273.136 5.02484 5.02456 -0.0387442 0.0541849 1429020.0
378 0.03225 8.83428e-05 -738.754 273.133 5.02476 5.02425 -0.055749 -0.134798 1428870.0
377 0.03235 8.83435e-05 -738.742 273.148 5.02507 5.02496 0.144624 0.204845 1429380.0
376 0.03245 8.8343e-05 -738.751 273.135 5.02482 5.0244 -0.0269078 -0.0761457 1428950.0
375 0.03255 8.83429e-05 -738.75 273.134 5.02478 5.02441 -0.0819531 -0.148055 1428910.0
374 0.03265 8.83415e-05 -738.757 273.137 5.02476 5.02414 0.0139577 -0.189828 1428980.0
373 0.03275 8.83422e-05 -738.747 273.149 5.02502 5.02454 0.193795 0.034907 1429390.0
372 0.03285 8.83403e-05 -738.767 273.123 5.02442 5.02338 -0.200781 -0.58264 1428470.0
371 0.03295 8.8342e-05 -738.755 273.136 5.02477 5.02434 -0.00564619 -0.136257 1429030.0
370 0.03305 8.83427e-05 -738.746 273.141 5.0249 5.02476 0.0581716 0.0968767 1429220.0
369 0.03315 8.83416e-05 -738.753 273.133 5.02468 5.02427 -0.0436664 -0.10334 1428930.0
368 0.03325 8.83421e-05 -738.751 273.139 5.02483 5.0247 0.0847703 0.202708 1429210.0
367 0.03335 8.8342e-05 -738.749 273.14 5.02483 5.0246 0.0188191 0.164936 1429130.0
366 0.03345 8.83409e-05 -738.763 273.122 5.02444 5.0237 -0.189041 -0.314374 1428520.0
365 0.03355 8.83429e-05 -738.741 273.145 5.02499 5.02507 0.129919 0.32371 1429400.0
364 0.03365 8.83437e-05 -738.741 273.143 5.02499 5.02512 0.11861 0.305196 1429410.0
363 0.03375 8.83431e-05 -738.742 273.139 5.02489 5.02499 0.0139711 0.239405 1429260.0
362 0.03385 8.83435e-05 -738.743 273.138 5.02489 5.02495 0.0162161 0.191486 1429250.0
361 0.03395 8.83434e-05 -738.743 273.142 5.02496 5.02503 0.0636743 0.195604 1429390.0
360 0.03405 8.83438e-05 -738.734 273.151 5.02515 5.0254 0.255744 0.525779 1429670.0
359 0.03415 8.83451e-05 -738.734 273.155 5.02529 5.02559 0.249845 0.492626 1429730.0
358 0.03425 8.83427e-05 -738.754 273.131 5.02471 5.0243 -0.10885 -0.137266 1428790.0
357 0.03435 8.83441e-05 -738.738 273.146 5.02507 5.02527 0.170814 0.390121 1429520.0
356 0.03445 8.83452e-05 -738.738 273.146 5.02513 5.02538 0.116781 0.34105 1429450.0
355 0.03455 8.83444e-05 -738.744 273.145 5.02507 5.02503 0.154032 0.147361 1429380.0
354 0.03465 8.83428e-05 -738.755 273.136 5.02482 5.02426 -0.0263127 -0.163238 1428900.0
353 0.03475 8.83437e-05 -738.745 273.139 5.02493 5.02487 0.0200249 0.0596088 1429160.0
352 0.03485 8.83438e-05 -738.745 273.14 5.02494 5.02492 0.0240685 0.0981898 1429120.0
351 0.03495 8.83445e-05 -738.741 273.144 5.02505 5.02535 0.0268308 0.284938 1429370.0
350 0.03505 8.83427e-05 -738.755 273.125 5.02461 5.02409 -0.216741 -0.244731 1428590.0
349 0.03515 8.83413e-05 -738.761 273.122 5.02446 5.02389 -0.289702 -0.327606 1428500.0
348 0.03525 8.83427e-05 -738.749 273.135 5.02479 5.02466 -0.0849997 0.04768 1428980.0
347 0.03535 8.83431e-05 -738.744 273.138 5.02486 5.02507 -0.0200687 0.214849 1429150.0
346 0.03545 8.83431e-05 -738.746 273.138 5.02486 5.02484 -0.0617751 0.0340375 1429010.0
345 0.03555 8.83428e-05 -738.747 273.138 5.02484 5.02477 -0.0455727 0.0326641 1429030.0
344 0.03565 8.83421e-05 -738.755 273.131 5.02469 5.02418 -0.0705173 -0.182367 1428750.0
343 0.03575 8.83437e-05 -738.743 273.146 5.02505 5.02516 0.137236 0.298487 1429370.0
342 0.03585 8.83439e-05 -738.74 273.147 5.02508 5.02532 0.0981502 0.414073 1429370.0
341 0.03595 8.83429e-05 -738.755 273.128 5.02468 5.02421 -0.140817 -0.162301 1428660.0
340 0.03605 8.83437e-05 -738.745 273.141 5.02496 5.02486 0.0569895 0.165059 1429090.0
339 0.03615 8.83455e-05 -738.733 273.159 5.0254 5.02578 0.352334 0.645301 1429810.0
338 0.03625 8.83441e-05 -738.741 273.148 5.02511 5.02536 0.161854 0.484514 1429400.0
337 0.03635 8.83454e-05 -738.731 273.151 5.02523 5.02583 0.187959 0.689022 1429590.0
336 0.03645 8.83427e-05 -738.75 273.132 5.02474 5.02462 -0.108857 0.0464482 1428790.0
335 0.03655 8.83428e-05 -738.747 273.136 5.0248 5.02485 -0.0473447 0.0697446 1428930.0
334 0.03665 8.83417e-05 -738.752 273.132 5.02468 5.0245 -0.0959076 -0.0683452 1428750.0
333 0.03675 8.83423e-05 -738.754 273.133 5.02472 5.02456 -0.0501362 -0.0277245 1428810.0
332 0.03685 8.83422e-05 -738.757 273.129 5.02466 5.02428 -0.131335 -0.224181 1428620.0
331 0.03695 8.83422e-05 -738.747 273.135 5.02476 5.02476 -0.0266971 0.096345 1428890.0
330 0.03705 8.83436e-05 -738.745 273.137 5.02488 5.0251 -0.013157 0.312445 1429000.0
329 0.03715 8.83436e-05 -738.744 273.14 5.02493 5.02506 0.0106377 0.24471 1429040.0
328 0.03725 8.83428e-05 -738.741 273.143 5.02494 5.02521 0.0443254 0.346121 1429160.0
327 0.03735 8.83431e-05 -738.75 273.134 5.02479 5.02481 -0.0815245 0.209806 1428820.0
326 0.03745 8.83443e-05 -738.738 273.151 5.02517 5.02559 0.195337 0.582416 1429460.0
325 0.03755 8.83447e-05 -738.734 273.152 5.02522 5.0258 0.189389 0.625337 1429480.0
324 0.03765 8.8345e-05 -738.729 273.156 5.0253 5.0259 0.281007 0.638484 1429610.0
323 0.03775 8.83426e-05 -738.751 273.135 5.02479 5.02469 -0.0311577 0.0773028 1428800.0
322 0.03785 8.83402e-05 -738.769 273.118 5.02433 5.02353 -0.323845 -0.519404 1428040.0
321 0.03795 8.83429e-05 -738.743 273.148 5.02504 5.02516 0.16102 0.342932 1429240.0
320 0.03805 8.83435e-05 -738.743 273.145 5.02502 5.02515 0.0975153 0.247737 1429120.0
319 0.03815 8.83428e-05 -738.744 273.147 5.02502 5.02525 0.12332 0.255597 1429230.0
318 0.03825 8.83437e-05 -738.741 273.143 5.025 5.02528 0.066642 0.345034 1429100.0
317 0.03835 8.83445e-05 -738.733 273.157 5.0253 5.02592 0.282704 0.674253 1429570.0
316 0.03845 8.83429e-05 -738.746 273.14 5.02489 5.02488 0.0213827 0.122709 1428920.0
315 0.03855 8.83437e-05 -738.748 273.141 5.02495 5.02511 -0.00411652 0.170841 1428930.0
314 0.03865 8.83447e-05 -738.734 273.149 5.02517 5.02579 0.127898 0.496023 1429330.0
313 0.03875 8.8345e-05 -738.729 273.151 5.02521 5.026 0.203092 0.663347 1429490.0
312 0.03885 8.83438e-05 -738.746 273.14 5.02494 5.02519 -0.00700702 0.286245 1429030.0
311 0.03895 8.83432e-05 -738.753 273.135 5.02482 5.02471 -0.00668436 0.065129 1428800.0
310 0.03905 8.83438e-05 -738.741 273.149 5.02511 5.02533 0.189957 0.366718 1429260.0
309 0.03915 8.83429e-05 -738.749 273.141 5.0249 5.02478 0.0944757 0.167671 1428900.0
308 0.03925 8.83453e-05 -738.739 273.15 5.02522 5.02556 0.239987 0.491043 1429430.0
307 0.03935 8.83436e-05 -738.751 273.136 5.02485 5.0247 -0.0230962 0.124421 1428800.0
306 0.03945 8.83432e-05 -738.755 273.129 5.0247 5.02435 -0.0785651 -0.11583 1428600.0
305 0.03955 8.83413e-05 -738.772 273.111 5.02427 5.02336 -0.406162 -0.657568 1427840.0
304 0.03965 8.83411e-05 -738.774 273.111 5.02425 5.0231 -0.388595 -0.762033 1427760.0
303 0.03975 8.83436e-05 -738.756 273.134 5.02481 5.02437 -0.0650587 -0.0756922 1428610.0
302 0.03985 8.83428e-05 -738.759 273.13 5.02471 5.02403 -0.0968426 -0.180819 1428430.0
301 0.03995 8.83429e-05 -738.758 273.128 5.02467 5.02411 -0.146865 -0.203542 1428390.0
300 0.04005 8.83437e-05 -738.755 273.132 5.02478 5.02432 -0.0469799 -0.0590043 1428540.0
299 0.04015 8.83441e-05 -738.749 273.14 5.02496 5.02467 0.0445787 0.0910349 1428760.0
298 0.04025 8.83421e-05 -738.766 273.118 5.02444 5.02351 -0.347286 -0.481058 1427900.0
297 0.04035 8.8344e-05 -738.749 273.135 5.02486 5.02451 0.0228871 0.0251917 1428640.0
296 0.04045 8.83449e-05 -738.745 273.145 5.0251 5.02507 0.119415 0.193557 1428950.0
295 0.04055 8.83461e-05 -738.734 273.155 5.02535 5.02567 0.334204 0.484891 1429380.0
294 0.04065 8.83474e-05 -738.726 273.167 5.02564 5.02615 0.468393 0.714063 1429670.0
293 0.04075 8.8345e-05 -738.739 273.151 5.02522 5.02519 0.274379 0.272784 1429080.0
292 0.04085 8.8345e-05 -738.747 273.147 5.02514 5.02477 0.235831 0.0883002 1428890.0
291 0.04095 8.83458e-05 -738.737 273.157 5.02537 5.02549 0.317119 0.431693 1429270.0
290 0.04105 8.83458e-05 -738.737 273.153 5.02529 5.02523 0.281514 0.421427 1429120.0
289 0.04115 8.83458e-05 -738.744 273.146 5.02517 5.02495 0.171728 0.144577 1428930.0
288 0.04125 8.83455e-05 -738.748 273.141 5.02505 5.02481 0.0614358 -0.0418123 1428760.0
287 0.04135 8.83445e-05 -738.75 273.142 5.02502 5.02454 0.100925 -0.214288 1428720.0
286 0.04145 8.83447e-05 -738.755 273.136 5.02491 5.02422 -0.00570244 -0.419624 1428490.0
285 0.04155 8.8347e-05 -738.735 273.159 5.02547 5.02567 0.362927 0.364545 1429460.0
284 0.04165 8.83467e-05 -738.739 273.155 5.02537 5.02543 0.31504 0.273704 1429310.0
283 0.04175 8.83458e-05 -738.743 273.151 5.02527 5.02528 0.204383 0.105972 1429130.0
282 0.04185 8.83451e-05 -738.747 273.141 5.02504 5.02479 0.0676447 -0.106183 1428790.0
281 0.04195 8.83433e-05 -738.762 273.126 5.02466 5.02384 -0.155237 -0.630257 1428210.0
280 0.04205 8.83436e-05 -738.763 273.133 5.02481 5.02414 -0.120482 -0.558129 1428400.0
279 0.04215 8.83429e-05 -738.761 273.127 5.02465 5.02381 -0.144197 -0.567548 1428270.0
278 0.04225 8.83419e-05 -738.771 273.116 5.0244 5.02341 -0.35604 -0.822838 1427880.0
277 0.04235 8.83419e-05 -738.769 273.12 5.02446 5.02357 -0.290525 -0.749208 1428000.0
276 0.04245 8.83435e-05 -738.762 273.119 5.02454 5.02402 -0.282199 -0.55969 1428110.0
275 0.04255 8.83419e-05 -738.768 273.119 5.02444 5.02378 -0.313647 -0.658265 1428050.0
274 0.04265 8.83442e-05 -738.752 273.139 5.02494 5.02467 -0.0260233 -0.262202 1428740.0
273 0.04275 8.83436e-05 -738.757 273.126 5.02468 5.02447 -0.195885 -0.461373 1428390.0
272 0.04285 8.83435e-05 -738.752 273.133 5.02479 5.02468 -0.096769 -0.329369 1428600.0
271 0.04295 8.83445e-05 -738.745 273.14 5.02497 5.02511 0.0450632 -0.0506037 1428970.0
270 0.04305 8.83458e-05 -738.742 273.142 5.0251 5.0254 0.099008 0.12194 1429110.0
269 0.04315 8.83443e-05 -738.748 273.14 5.02497 5.02499 0.0359155 -0.0587364 1428940.0
268 0.04325 8.83451e-05 -738.745 273.138 5.02498 5.02516 0.00109653 -0.0590688 1428930.0
267 0.04335 8.83451e-05 -738.739 273.142 5.02505 5.02549 0.0453386 0.144768 1429120.0
266 0.04345 8.83466e-05 -738.731 273.151 5.0253 5.02598 0.181005 0.42113 1429450.0
265 0.04355 8.8346e-05 -738.733 273.153 5.0253 5.02598 0.229707 0.444264 1429490.0
264 0.04365 8.8345e-05 -738.741 273.143 5.02507 5.02531 0.116465 0.197704 1429160.0
263 0.04375 8.83457e-05 -738.741 273.144 5.02513 5.02549 0.0995934 0.248386 1429200.0
262 0.04385 8.8345e-05 -738.738 273.139 5.025 5.0256 0.0179637 0.282401 1429150.0
261 0.04395 8.83444e-05 -738.745 273.137 5.02491 5.02507 -0.0327074 0.0750213 1428890.0
260 0.04405 8.83433e-05 -738.753 273.124 5.02461 5.02438 -0.204098 -0.218044 1428460.0
259 0.04415 8.83461e-05 -738.732 273.151 5.02527 5.02601 0.145161 0.518964 1429430.0
258 0.04425 8.83445e-05 -738.74 273.144 5.02505 5.02556 0.0869584 0.37179 1429220.0
257 0.04435 8.83429e-05 -738.753 273.128 5.02468 5.02442 -0.168424 -0.228168 1428520.0
256 0.04445 8.83444e-05 -738.744 273.14 5.02498 5.02519 0.0455103 0.117011 1428970.0
255 0.04455 8.83431e-05 -738.753 273.128 5.02468 5.02447 -0.193891 -0.400544 1428440.0
254 0.04465 8.83446e-05 -738.741 273.141 5.02501 5.02539 0.0604505 0.149855 1429070.0
253 0.04475 8.83445e-05 -738.741 273.138 5.02494 5.02523 -0.0286144 0.0207706 1428880.0
252 0.04485 8.83431e-05 -738.749 273.136 5.02483 5.02493 -0.0202128 -0.0900836 1428800.0
251 0.04495 8.83426e-05 -738.759 273.127 5.02464 5.02422 -0.164378 -0.411739 1428380.0
250 0.04505 8.83432e-05 -738.75 273.141 5.02492 5.02474 0.0903246 -0.141436 1428870.0
249 0.04515 8.83444e-05 -738.746 273.146 5.02508 5.02509 0.155796 0.0247702 1429090.0
248 0.04525 8.83444e-05 -738.74 273.153 5.02522 5.02541 0.283568 0.293516 1429380.0
247 0.04535 8.83431e-05 -738.752 273.142 5.02495 5.02467 0.118848 -0.0255372 1428950.0
246 0.04545 8.83435e-05 -738.756 273.14 5.02493 5.02446 0.0789126 -0.160587 1428780.0
245 0.04555 8.8342e-05 -738.753 273.137 5.02478 5.02447 -0.0392395 -0.12804 1428680.0
244 0.04565 8.83423e-05 -738.763 273.125 5.02459 5.02397 -0.171991 -0.374296 1428330.0
243 0.04575 8.83435e-05 -738.748 273.142 5.02497 5.02498 0.0571486 0.0789319 1429000.0
242 0.04585 8.83434e-05 -738.746 273.14 5.02493 5.02475 0.0196333 -0.0969777 1428890.0
241 0.04595 8.83444e-05 -738.744 273.148 5.02513 5.02524 0.187227 0.198469 1429250.0
240 0.04605 8.83433e-05 -738.748 273.142 5.02495 5.02476 0.0365295 -0.0292249 1428900.0
239 0.04615 8.83442e-05 -738.739 273.148 5.02512 5.02528 0.100586 0.166459 1429180.0
238 0.04625 8.8344e-05 -738.745 273.147 5.02508 5.02518 0.0950915 0.151782 1429180.0
237 0.04635 8.8343e-05 -738.749 273.148 5.02504 5.02492 0.131461 0.109289 1429160.0
236 0.04645 8.83433e-05 -738.749 273.146 5.02502 5.02495 0.087967 0.074774 1429100.0
235 0.04655 8.83425e-05 -738.75 273.139 5.02485 5.02473 -0.0307438 -0.054332 1428910.0
234 0.04665 8.8345e-05 -738.737 273.151 5.02521 5.02566 0.126127 0.330846 1429410.0
233 0.04675 8.8343e-05 -738.748 273.14 5.0249 5.02501 0.00782617 0.0953407 1429020.0
232 0.04685 8.83425e-05 -738.752 273.139 5.02485 5.02461 -0.0255234 -0.0125327 1428860.0
231 0.04695 8.83421e-05 -738.758 273.134 5.02473 5.02428 -0.118826 -0.191847 1428610.0
230 0.04705 8.83428e-05 -738.753 273.141 5.02491 5.02469 0.0199611 0.0180905 1428920.0
229 0.04715 8.83441e-05 -738.744 273.154 5.02523 5.02526 0.294041 0.377824 1429440.0
228 0.04725 8.83436e-05 -738.745 273.156 5.02523 5.02523 0.311005 0.367899 1429500.0
227 0.04735 8.83427e-05 -738.756 273.143 5.02493 5.02441 0.11271 -0.0292801 1428980.0
226 0.04745 8.83439e-05 -738.746 273.148 5.0251 5.02492 0.190078 0.279958 1429270.0
225 0.04755 8.83438e-05 -738.745 273.149 5.02511 5.0251 0.15078 0.330308 1429280.0
224 0.04765 8.83438e-05 -738.746 273.141 5.02497 5.02502 0.0623184 0.296857 1429060.0
223 0.04775 8.83449e-05 -738.733 273.159 5.02536 5.02599 0.328992 0.677964 1429720.0
222 0.04785 8.83432e-05 -738.749 273.144 5.02498 5.02482 0.0667888 0.0932711 1429000.0
221 0.04795 8.83439e-05 -738.746 273.148 5.0251 5.02518 0.155981 0.316693 1429190.0
220 0.04805 8.83437e-05 -738.745 273.147 5.02507 5.02515 0.136186 0.32416 1429210.0
219 0.04815 8.83429e-05 -738.742 273.149 5.02506 5.02511 0.126213 0.30011 1429160.0
218 0.04825 8.83442e-05 -738.746 273.148 5.02512 5.02525 0.153956 0.373977 1429260.0
217 0.04835 8.8342e-05 -738.763 273.132 5.02469 5.02403 -0.10243 -0.193867 1428510.0
216 0.04845 8.83423e-05 -738.759 273.135 5.02477 5.0243 -0.0310964 -0.0572484 1428700.0
215 0.04855 8.83422e-05 -738.76 273.135 5.02475 5.0243 -0.0534913 -0.0803798 1428660.0
214 0.04865 8.83437e-05 -738.747 273.148 5.02508 5.02504 0.183205 0.331744 1429190.0
213 0.04875 8.8344e-05 -738.744 273.154 5.02521 5.0252 0.257103 0.421087 1429390.0
212 0.04885 8.8343e-05 -738.756 273.142 5.02494 5.02451 0.0608913 0.0729703 1428840.0
211 0.04895 8.83422e-05 -738.757 273.144 5.02492 5.0244 0.124777 0.0585186 1428910.0
210 0.04905 8.83432e-05 -738.753 273.148 5.02506 5.0247 0.15871 0.17785 1429110.0
209 0.04915 8.83453e-05 -738.734 273.167 5.02553 5.02587 0.476305 0.745042 1429870.0
208 0.04925 8.83436e-05 -738.747 273.156 5.02522 5.02513 0.30966 0.405311 1429390.0
207 0.04935 8.8343e-05 -738.757 273.146 5.02502 5.02452 0.149672 0.0879359 1429010.0
206 0.04945 8.83431e-05 -738.755 273.146 5.02502 5.02462 0.16282 0.162659 1429040.0
205 0.04955 8.83426e-05 -738.753 273.148 5.02503 5.02472 0.184774 0.241825 1429090.0
204 0.04965 8.83444e-05 -738.743 273.155 5.02526 5.02524 0.264402 0.413968 1429340.0
203 0.04975 8.83432e-05 -738.754 273.147 5.02504 5.02465 0.191752 0.161296 1429080.0
202 0.04985 8.83429e-05 -738.754 273.146 5.02501 5.02454 0.15504 0.067581 1429030.0
201 0.04995 8.83426e-05 -738.754 273.143 5.02493 5.02443 0.119338 0.0766917 1428910.0
200 0.05005 8.83435e-05 -738.749 273.152 5.02515 5.02491 0.20149 0.319499 1429250.0
199 0.05015 8.83416e-05 -738.766 273.131 5.02465 5.02388 -0.0750984 -0.158904 1428550.0
198 0.05025 8.83453e-05 -738.742 273.156 5.02532 5.0255 0.274571 0.579421 1429600.0
197 0.05035 8.83446e-05 -738.742 273.16 5.02535 5.02534 0.381064 0.580828 1429660.0
196 0.05045 8.83428e-05 -738.751 273.149 5.02505 5.02475 0.154796 0.249396 1429160.0
195 0.05055 8.83434e-05 -738.748 273.147 5.02504 5.0249 0.152681 0.314174 1429140.0
194 0.05065 8.83425e-05 -738.755 273.136 5.02479 5.02438 -0.0896597 0.0486824 1428670.0
193 0.05075 8.83451e-05 -738.74 273.154 5.02527 5.02552 0.186609 0.584768 1429430.0
192 0.05085 8.83444e-05 -738.74 273.156 5.02527 5.02554 0.199073 0.553786 1429440.0
191 0.05095 8.83447e-05 -738.738 273.159 5.02535 5.02576 0.32502 0.736324 1429630.0
190 0.05105 8.8346e-05 -738.728 273.166 5.02555 5.02631 0.393158 0.926817 1429860.0
189 0.05115 8.83455e-05 -738.733 273.161 5.02544 5.02586 0.306639 0.611938 1429580.0
188 0.05125 8.83457e-05 -738.732 273.161 5.02544 5.026 0.317913 0.690642 1429670.0
187 0.05135 8.83455e-05 -738.732 273.162 5.02545 5.02603 0.314017 0.723621 1429710.0
186 0.05145 8.83444e-05 -738.741 273.152 5.0252 5.02549 0.210332 0.438592 1429390.0
185 0.05155 8.83435e-05 -738.752 273.141 5.02495 5.02475 0.0249855 0.120034 1428940.0
184 0.05165 8.83429e-05 -738.751 273.139 5.02488 5.0247 -0.00912724 0.131528 1428880.0
183 0.05175 8.83422e-05 -738.76 273.136 5.02478 5.02428 -0.0381382 -0.0422823 1428680.0
182 0.05185 8.83416e-05 -738.76 273.135 5.02473 5.02408 -0.0737835 -0.181939 1428590.0
181 0.05195 8.83417e-05 -738.765 273.132 5.02467 5.02399 -0.113274 -0.204225 1428510.0
180 0.05205 8.83435e-05 -738.748 273.144 5.025 5.02476 0.0558316 0.19252 1428950.0
179 0.05215 8.83413e-05 -738.767 273.129 5.0246 5.02382 -0.186496 -0.280936 1428250.0
178 0.05225 8.83432e-05 -738.75 273.145 5.02499 5.02478 0.102584 0.263414 1428990.0
177 0.05235 8.83438e-05 -738.745 273.154 5.02521 5.02522 0.245554 0.492528 1429320.0
176 0.05245 8.83448e-05 -738.74 273.156 5.0253 5.02542 0.280476 0.512319 1429400.0
175 0.05255 8.8345e-05 -738.739 273.16 5.02537 5.02556 0.263161 0.545709 1429430.0
174 0.05265 8.83421e-05 -738.755 273.141 5.02487 5.02449 0.0347211 0.149327 1428740.0
173 0.05275 8.83423e-05 -738.76 273.146 5.02498 5.02426 0.118071 0.0720124 1428770.0
172 0.05285 8.83433e-05 -738.754 273.153 5.02516 5.02464 0.247833 0.300158 1429060.0
171 0.05295 8.83441e-05 -738.743 273.158 5.02528 5.02534 0.232311 0.514838 1429260.0
170 0.05305 8.83433e-05 -738.747 273.15 5.0251 5.02503 0.13428 0.37054 1429010.0
169 0.05315 8.83426e-05 -738.76 273.139 5.02485 5.02436 -0.0374116 0.109791 1428600.0
168 0.05325 8.83403e-05 -738.77 273.136 5.02467 5.02373 -0.0813429 -0.175604 1428380.0
167 0.05335 8.8341e-05 -738.773 273.131 5.02462 5.02351 -0.109175 -0.247416 1428270.0
166 0.05345 8.83418e-05 -738.763 273.142 5.02487 5.02424 0.0549089 0.114536 1428680.0
165 0.05355 8.83419e-05 -738.765 273.139 5.02482 5.02406 0.0265333 0.0845617 1428560.0
164 0.05365 8.8341e-05 -738.766 273.142 5.02483 5.02393 0.115147 0.0526079 1428610.0
163 0.05375 8.83426e-05 -738.759 273.151 5.02507 5.02453 0.18885 0.343235 1428930.0
162 0.05385 8.83421e-05 -738.757 273.151 5.02505 5.02459 0.212357 0.380256 1428990.0
161 0.05395 8.83419e-05 -738.76 273.145 5.02493 5.02435 0.0738695 0.203157 1428730.0
160 0.05405 8.83411e-05 -738.768 273.14 5.02479 5.02406 0.0515136 0.104934 1428580.0
159 0.05415 8.83409e-05 -738.765 273.135 5.02469 5.02394 -0.0648124 -0.0784151 1428390.0
158 0.05425 8.83395e-05 -738.776 273.128 5.02448 5.0234 -0.145395 -0.373852 1428140.0
157 0.05435 8.83418e-05 -738.757 273.149 5.02499 5.0246 0.164943 0.180364 1428950.0
156 0.05445 8.8343e-05 -738.75 273.151 5.0251 5.02492 0.214589 0.286355 1429100.0
155 0.05455 8.83425e-05 -738.757 273.151 5.02506 5.02463 0.155052 0.145846 1428940.0
154 0.05465 8.83415e-05 -738.762 273.148 5.02497 5.02422 0.156447 -0.0622083 1428850.0
153 0.05475 8.83433e-05 -738.751 273.156 5.02521 5.02487 0.280416 0.23397 1429130.0
152 0.05485 8.83421e-05 -738.763 273.148 5.025 5.02431 0.137843 -0.0793162 1428810.0
151 0.05495 8.83419e-05 -738.762 273.144 5.02491 5.0243 0.0738957 -0.0542212 1428700.0
150 0.05505 8.83413e-05 -738.758 273.151 5.025 5.02443 0.206319 0.023631 1428900.0
149 0.05515 8.83405e-05 -738.77 273.136 5.02468 5.02367 -0.0489982 -0.37756 1428260.0
148 0.05525 8.83401e-05 -738.775 273.134 5.02461 5.02338 -0.115669 -0.558791 1428080.0
147 0.05535 8.83417e-05 -738.763 273.141 5.02484 5.02423 0.027654 -0.110248 1428550.0
146 0.05545 8.83411e-05 -738.769 273.136 5.02472 5.02384 -0.078787 -0.325177 1428320.0
145 0.05555 8.83414e-05 -738.764 273.139 5.02478 5.02405 0.0182973 -0.151516 1428500.0
144 0.05565 8.83439e-05 -738.749 273.159 5.02529 5.02514 0.268017 0.366103 1429190.0
143 0.05575 8.83428e-05 -738.748 273.159 5.02524 5.02508 0.292505 0.47242 1429210.0
142 0.05585 8.83446e-05 -738.74 273.171 5.02556 5.02562 0.545924 0.7585 1429700.0
141 0.05595 8.83437e-05 -738.753 273.166 5.02542 5.02508 0.429788 0.493836 1429370.0
140 0.05605 8.83429e-05 -738.752 273.167 5.02539 5.02486 0.442171 0.494068 1429330.0
139 0.05615 8.83445e-05 -738.742 273.18 5.02571 5.02555 0.657029 0.887553 1429820.0
138 0.05625 8.83439e-05 -738.752 273.165 5.02541 5.02493 0.426165 0.510269 1429300.0
137 0.05635 8.83433e-05 -738.757 273.165 5.02537 5.02459 0.463824 0.451078 1429220.0
136 0.05645 8.83429e-05 -738.758 273.158 5.02522 5.02444 0.321365 0.322982 1428980.0
135 0.05655 8.83415e-05 -738.775 273.14 5.02481 5.02344 0.0350137 -0.232241 1428290.0
134 0.05665 8.83414e-05 -738.776 273.137 5.02475 5.02322 -0.0459144 -0.477868 1428100.0
133 0.05675 8.83418e-05 -738.771 273.137 5.02478 5.02364 -0.0465918 -0.299413 1428250.0
132 0.05685 8.83427e-05 -738.767 273.141 5.0249 5.02388 0.0184347 -0.171096 1428410.0
131 0.05695 8.83427e-05 -738.765 273.14 5.02488 5.02383 0.003278 -0.240865 1428340.0
130 0.05705 8.8343e-05 -738.763 273.141 5.02491 5.02396 0.015509 -0.183431 1428390.0
129 0.05715 8.83434e-05 -738.754 273.154 5.02517 5.02448 0.229273 0.180642 1428860.0
128 0.05725 8.83417e-05 -738.771 273.133 5.0247 5.02356 -0.0972894 -0.383326 1428110.0
127 0.05735 8.83429e-05 -738.768 273.133 5.02477 5.02374 -0.111905 -0.339786 1428120.0
126 0.05745 8.83459e-05 -738.737 273.17 5.02561 5.02571 0.400768 0.587596 1429480.0
125 0.05755 8.83462e-05 -738.733 273.171 5.02566 5.02605 0.483921 0.755223 1429660.0
124 0.05765 8.83442e-05 -738.748 273.158 5.02529 5.02512 0.258592 0.256083 1429050.0
123 0.05775 8.83455e-05 -738.738 273.166 5.02551 5.02557 0.393656 0.530311 1429460.0
122 0.05785 8.83448e-05 -738.743 273.157 5.02531 5.02544 0.211705 0.38366 1429160.0
121 0.05795 8.83454e-05 -738.742 273.153 5.02528 5.02552 0.169647 0.42753 1429120.0
120 0.05805 8.83448e-05 -738.741 273.153 5.02525 5.02539 0.142832 0.383881 1429010.0
119 0.05815 8.83444e-05 -738.745 273.151 5.02517 5.02514 0.136765 0.312662 1428910.0
118 0.05825 8.83444e-05 -738.743 273.157 5.0253 5.02529 0.206156 0.325489 1429090.0
117 0.05835 8.83429e-05 -738.758 273.137 5.02485 5.02429 -0.120471 -0.203697 1428360.0
116 0.05845 8.83437e-05 -738.753 273.147 5.02506 5.02467 0.010218 0.0830577 1428660.0
115 0.05855 8.83458e-05 -738.736 273.16 5.02543 5.02579 0.228653 0.629357 1429310.0
114 0.05865 8.83477e-05 -738.72 273.178 5.02586 5.02672 0.525813 1.06092 1430000.0
113 0.05875 8.83469e-05 -738.723 273.18 5.02586 5.02667 0.590956 1.13576 1430060.0
112 0.05885 8.83455e-05 -738.733 273.163 5.02546 5.02583 0.262833 0.650809 1429400.0
111 0.05895 8.83446e-05 -738.744 273.15 5.02517 5.02527 0.0458396 0.218985 1428910.0
110 0.05905 8.83439e-05 -738.749 273.149 5.02512 5.02502 0.0163734 0.13175 1428830.0
109 0.05915 8.83437e-05 -738.746 273.151 5.02514 5.02516 0.115086 0.266597 1429020.0
108 0.05925 8.83441e-05 -738.748 273.153 5.02519 5.02525 0.141534 0.307036 1429040.0
107 0.05935 8.8345e-05 -738.736 273.16 5.02537 5.02574 0.268036 0.574182 1429380.0
106 0.05945 8.83449e-05 -738.739 273.157 5.02532 5.02546 0.205276 0.416974 1429160.0
105 0.05955 8.8344e-05 -738.749 273.154 5.02521 5.02506 0.17941 0.247029 1429000.0
104 0.05965 8.83444e-05 -738.739 273.166 5.02546 5.02574 0.406928 0.69371 1429480.0
103 0.05975 8.83444e-05 -738.74 273.17 5.02552 5.0256 0.433283 0.717612 1429470.0
102 0.05985 8.83445e-05 -738.746 273.163 5.02541 5.02526 0.366063 0.571585 1429300.0
101 0.05995 8.83437e-05 -738.749 273.161 5.02532 5.02505 0.290191 0.458919 1429100.0
100 0.06005 8.83425e-05 -738.755 273.154 5.02513 5.02456 0.214301 0.205724 1428830.0
99 0.06015 8.83442e-05 -738.744 273.165 5.02542 5.02536 0.38045 0.528576 1429300.0
98 0.06025 8.83436e-05 -738.747 273.156 5.02523 5.02511 0.214344 0.354387 1429010.0
97 0.06035 8.83435e-05 -738.746 273.163 5.02535 5.02518 0.330731 0.465019 1429200.0
96 0.06045 8.8342e-05 -738.761 273.147 5.02498 5.02416 0.0313084 -0.141935 1428460.0
95 0.06055 8.83435e-05 -738.75 273.157 5.02524 5.02486 0.201159 0.224946 1428860.0
94 0.06065 8.83439e-05 -738.74 273.16 5.02532 5.02536 0.245951 0.464179 1429030.0
93 0.06075 8.83446e-05 -738.739 273.169 5.02552 5.02563 0.390021 0.57518 1429410.0
92 0.06085 8.83418e-05 -738.761 273.145 5.02491 5.02403 -0.0203664 -0.171888 1428380.0
91 0.06095 8.83435e-05 -738.746 273.159 5.02527 5.02518 0.194751 0.35293 1428970.0
90 0.06105 8.83446e-05 -738.74 273.164 5.02543 5.02547 0.270597 0.505386 1429120.0
89 0.06115 8.83436e-05 -738.75 273.157 5.02525 5.02499 0.176542 0.324246 1428870.0
88 0.06125 8.83423e-05 -738.76 273.149 5.02503 5.0243 0.0869751 0.0731204 1428510.0
87 0.06135 8.83437e-05 -738.75 273.157 5.02525 5.02493 0.193357 0.30237 1428790.0
86 0.06145 8.83459e-05 -738.731 273.177 5.02575 5.02621 0.545969 1.08431 1429640.0
85 0.06155 8.83446e-05 -738.744 273.16 5.02536 5.02534 0.209356 0.575196 1428970.0
84 0.06165 8.83417e-05 -738.762 273.147 5.02496 5.02422 0.0236132 0.0848085 1428350.0
83 0.06175 8.83419e-05 -738.769 273.14 5.02484 5.02394 -0.0507547 -0.0268128 1428170.0
82 0.06185 8.8342e-05 -738.766 273.142 5.02488 5.02398 -0.0318744 -0.000314996 1428230.0
81 0.06195 8.83434e-05 -738.751 273.159 5.02526 5.02489 0.227574 0.340755 1428870.0
80 0.06205 8.83449e-05 -738.743 273.162 5.02541 5.02538 0.221559 0.481184 1429050.0
79 0.06215 8.83463e-05 -738.732 273.173 5.02569 5.02592 0.393768 0.788189 1429440.0
78 0.06225 8.83461e-05 -738.736 273.174 5.0257 5.02603 0.451843 0.897423 1429580.0
77 0.06235 8.83444e-05 -738.747 273.167 5.02548 5.02521 0.381749 0.58296 1429240.0
76 0.06245 8.83437e-05 -738.751 273.159 5.02528 5.02497 0.263968 0.467869 1428980.0
75 0.06255 8.83429e-05 -738.761 273.147 5.02502 5.02445 0.0363884 0.100287 1428530.0
74 0.06265 8.83436e-05 -738.754 273.155 5.02521 5.02467 0.121079 0.219993 1428670.0
73 0.06275 8.83444e-05 -738.751 273.158 5.0253 5.0249 0.226228 0.496013 1428860.0
72 0.06285 8.83441e-05 -738.745 273.165 5.02542 5.02528 0.292909 0.640479 1429110.0
71 0.06295 8.83454e-05 -738.741 273.171 5.02561 5.0257 0.444082 0.855037 1429410.0
70 0.06305 8.83445e-05 -738.746 273.164 5.02543 5.02526 0.244892 0.604278 1429060.0
69 0.06315 8.83429e-05 -738.757 273.15 5.02508 5.02447 0.0869434 0.268325 1428580.0
68 0.06325 8.83429e-05 -738.757 273.15 5.02507 5.02454 0.0141283 0.178917 1428530.0
67 0.06335 8.83425e-05 -738.761 273.148 5.02502 5.02432 0.0249319 0.211558 1428420.0
66 0.06345 8.83437e-05 -738.746 273.162 5.02533 5.02516 0.209355 0.669528 1428960.0
65 0.06355 8.83431e-05 -738.757 273.149 5.02506 5.02459 0.0223312 0.332273 1428550.0
64 0.06365 8.83424e-05 -738.759 273.143 5.02492 5.02429 -0.0582155 0.189715 1428300.0
63 0.06375 8.83429e-05 -738.764 273.139 5.02488 5.02409 -0.124628 -0.0844743 1428150.0
62 0.06385 8.83431e-05 -738.751 273.151 5.02511 5.02477 0.0807286 0.281666 1428610.0
61 0.06395 8.83426e-05 -738.759 273.148 5.02503 5.02446 -0.00950012 0.135126 1428420.0
60 0.06405 8.83438e-05 -738.746 273.155 5.02522 5.02517 0.129018 0.561831 1428810.0
59 0.06415 8.83428e-05 -738.762 273.142 5.02492 5.02426 -0.113146 0.0264118 1428210.0
58 0.06425 8.83416e-05 -738.763 273.145 5.02491 5.02414 -0.0409178 0.0352158 1428210.0
57 0.06435 8.8344e-05 -738.748 273.156 5.02525 5.02512 0.17065 0.487358 1428710.0
56 0.06445 8.8342e-05 -738.757 273.155 5.02511 5.02447 0.162219 0.254453 1428480.0
55 0.06455 8.83457e-05 -738.733 273.18 5.02578 5.02602 0.573343 0.993089 1429490.0
54 0.06465 8.8344e-05 -738.748 273.161 5.02533 5.02505 0.202913 0.451648 1428710.0
53 0.06475 8.83438e-05 -738.753 273.157 5.02525 5.02492 0.191956 0.425701 1428600.0
52 0.06485 8.83438e-05 -738.748 273.155 5.02521 5.02508 0.148529 0.449653 1428550.0
51 0.06495 8.83431e-05 -738.754 273.156 5.0252 5.02486 0.15134 0.314576 1428550.0
50 0.06505 8.83441e-05 -738.743 273.166 5.02544 5.02543 0.359966 0.638415 1428900.0
49 0.06515 8.8341e-05 -738.768 273.145 5.02487 5.0238 0.0189067 -0.147567 1427960.0
48 0.06525 8.83413e-05 -738.762 273.148 5.02495 5.02414 0.059756 0.000220875 1428060.0
47 0.06535 8.83432e-05 -738.755 273.159 5.02526 5.02478 0.24693 0.299425 1428550.0
46 0.06545 8.83446e-05 -738.739 273.171 5.02556 5.02562 0.406901 0.602825 1429000.0
45 0.06555 8.8345e-05 -738.735 273.174 5.02563 5.02602 0.454448 0.775877 1429190.0
44 0.06565 8.83441e-05 -738.748 273.159 5.02531 5.02514 0.183448 0.224367 1428570.0
43 0.06575 8.83434e-05 -738.75 273.15 5.02511 5.02487 0.101304 0.201838 1428280.0
42 0.06585 8.83431e-05 -738.754 273.149 5.02507 5.02472 0.032089 0.0666681 1428170.0
41 0.06595 8.83434e-05 -738.749 273.157 5.02523 5.02512 0.152531 0.268467 1428430.0
40 0.06605 8.83465e-05 -738.732 273.17 5.02565 5.02621 0.375141 0.817623 1429080.0
39 0.06615 8.83448e-05 -738.735 273.175 5.02564 5.02585 0.474701 0.760723 1429080.0
38 0.06625 8.83453e-05 -738.736 273.181 5.02578 5.02602 0.592783 0.837311 1429300.0
37 0.06635 8.83438e-05 -738.741 273.17 5.02549 5.02551 0.411997 0.611556 1428840.0
36 0.06645 8.8342e-05 -738.752 273.161 5.02524 5.02478 0.307583 0.295915 1428470.0
35 0.06655 8.8346e-05 -738.731 273.18 5.0258 5.02623 0.566951 0.938395 1429210.0
34 0.06665 8.83429e-05 -738.746 273.162 5.02529 5.02521 0.277505 0.543889 1428560.0
33 0.06675 8.83435e-05 -738.741 273.167 5.02542 5.02544 0.414473 0.788402 1428760.0
32 0.06685 8.83439e-05 -738.743 273.169 5.02548 5.0255 0.388709 0.755189 1428740.0
31 0.06695 8.83441e-05 -738.741 273.167 5.02545 5.0253 0.388814 0.739959 1428720.0
30 0.06705 8.83428e-05 -738.752 273.165 5.02533 5.0248 0.345815 0.526109 1428530.0
29 0.06715 8.83429e-05 -738.749 273.164 5.02533 5.02486 0.392947 0.567789 1428530.0
28 0.06725 8.83444e-05 -738.742 273.174 5.02559 5.02553 0.50085 0.859576 1428930.0
27 0.06735 8.83442e-05 -738.744 273.171 5.02552 5.02535 0.534316 0.880141 1428860.0
26 0.06745 8.83427e-05 -738.75 273.164 5.02533 5.02486 0.369992 0.656758 1428530.0
25 0.06755 8.83442e-05 -738.741 273.171 5.02554 5.02545 0.476975 0.983637 1428860.0
24 0.06765 8.83435e-05 -738.747 273.16 5.0253 5.02487 0.268461 0.660093 1428370.0
23 0.06775 8.83433e-05 -738.755 273.152 5.02514 5.02462 0.142906 0.462884 1428080.0
22 0.06785 8.83441e-05 -738.748 273.162 5.02537 5.02501 0.34502 0.724673 1428460.0
21 0.06795 8.83425e-05 -738.759 273.154 5.02513 5.02435 0.212418 0.455175 1428150.0
20 0.06805 8.83441e-05 -738.747 273.165 5.02542 5.02513 0.378022 0.892835 1428570.0
19 0.06815 8.83444e-05 -738.747 273.168 5.02549 5.02507 0.449069 0.91832 1428650.0
18 0.06825 8.83449e-05 -738.738 273.176 5.02568 5.02563 0.563881 1.15103 1428970.0
17 0.06835 8.83438e-05 -738.747 273.17 5.0255 5.02521 0.454256 0.940266 1428630.0
16 0.06845 8.83431e-05 -738.75 273.166 5.02538 5.02485 0.442099 0.888039 1428490.0
15 0.06855 8.83435e-05 -738.753 273.162 5.02533 5.02485 0.327502 0.849603 1428340.0
14 0.06865 8.83425e-05 -738.752 273.167 5.02536 5.02465 0.410024 0.812941 1428370.0
13 0.06875 8.8343e-05 -738.748 273.175 5.02554 5.02499 0.564441 1.08838 1428670.0
12 0.06885 8.83433e-05 -738.748 273.174 5.02555 5.02497 0.595575 1.09029 1428690.0
11 0.06895 8.83432e-05 -738.752 273.171 5.02549 5.02481 0.523709 1.06297 1428570.0
10 0.06905 8.83424e-05 -738.755 273.166 5.02534 5.02451 0.484149 0.98619 1428370.0
9 0.06915 8.83417e-05 -738.763 273.16 5.02518 5.02412 0.336395 0.744283 1428020.0
8 0.06925 8.83431e-05 -738.757 273.164 5.02534 5.02442 0.44058 0.882494 1428180.0
7 0.06935 8.83421e-05 -738.754 273.166 5.02534 5.02451 0.496646 0.955654 1428290.0
6 0.06945 8.83419e-05 -738.758 273.165 5.02529 5.02434 0.445251 0.850896 1428160.0
5 0.06955 8.8344e-05 -738.753 273.172 5.02555 5.02489 0.629619 1.16954 1428540.0
4 0.06965 8.83419e-05 -738.755 273.168 5.02534 5.02454 0.500169 0.951314 1428220.0
3 0.06975 8.83419e-05 -738.761 273.157 5.02515 5.02403 0.350058 0.737859 1427840.0
2 0.06985 8.83416e-05 -738.765 273.154 5.02507 5.02391 0.276343 0.659572 1427690.0
1 0.06995 8.83411e-05 -738.771 273.148 5.02493 5.02342 0.171686 0.410518 1427390.0
