TITLE = "DSMC"
VARIABLES = "ID" "X" "rho" "v1" "Ttrans" "p" "p1" "q1" "mv1v1v1" "mvvv1v1"
ZONE T="Ma=4.8_inv", I=800, J=1, K=1, F=POINT
800 -0.02995 0.000312662 -417.468 2202.32 143.392 143.39 -2.84409 0.509522 328808000.0
799 -0.02985 0.000312677 -417.451 2202.24 143.394 143.393 -9.42615 -8.67594 328808000.0
798 -0.02975 0.000312663 -417.47 2202.39 143.397 143.389 1.44729 -2.09897 328816000.0
797 -0.02965 0.000312678 -417.45 2202.35 143.402 143.392 -4.44674 -10.0361 328812000.0
796 -0.02955 0.000312671 -417.46 2202.31 143.395 143.391 -5.1865 -6.00396 328810000.0
795 -0.02945 0.000312667 -417.465 2202.36 143.397 143.391 -1.13334 -3.87424 328817000.0
794 -0.02935 0.000312668 -417.464 2202.37 143.398 143.39 -0.21136 -1.91988 328812000.0
793 -0.02925 0.000312644 -417.496 2202.36 143.387 143.386 2.7354 7.87309 328810000.0
792 -0.02915 0.000312656 -417.482 2202.43 143.397 143.386 3.84263 0.567024 328807000.0
791 -0.02905 0.000312658 -417.48 2202.35 143.392 143.389 -0.249821 1.49031 328812000.0
790 -0.02895 0.000312661 -417.477 2202.37 143.395 143.389 -0.00813265 -0.139191 328812000.0
789 -0.02885 0.000312663 -417.47 2202.37 143.396 143.389 0.753002 0.0605903 328812000.0
788 -0.02875 0.000312662 -417.475 2202.4 143.397 143.39 0.4337 -1.13186 328810000.0
787 -0.02865 0.000312673 -417.457 2202.4 143.403 143.39 -1.54429 -6.7061 328813000.0
786 -0.02855 0.000312669 -417.461 2202.4 143.4 143.39 -0.613884 -4.03662 328803000.0
785 -0.02845 0.000312673 -417.457 2202.32 143.397 143.391 -3.34384 -5.14337 328807000.0
784 -0.02835 0.000312663 -417.47 2202.39 143.398 143.39 1.02362 0.145717 328814000.0
783 -0.02825 0.000312657 -417.48 2202.29 143.388 143.389 -2.64498 -0.500989 328805000.0
782 -0.02815 0.000312664 -417.465 2202.32 143.393 143.387 -3.15454 -3.74192 328796000.0
781 -0.02805 0.000312643 -417.502 2202.38 143.387 143.386 4.14166 10.0455 328802000.0
780 -0.02795 0.00031267 -417.461 2202.39 143.4 143.391 -0.100716 -1.36315 328807000.0
779 -0.02785 0.000312666 -417.467 2202.38 143.398 143.39 -0.290046 0.273628 328805000.0
778 -0.02775 0.000312665 -417.469 2202.43 143.401 143.39 2.39131 1.42693 328810000.0
777 -0.02765 0.000312669 -417.463 2202.37 143.398 143.39 -2.41327 -1.27588 328808000.0
776 -0.02755 0.00031266 -417.474 2202.41 143.397 143.39 1.52759 3.94067 328811000.0
775 -0.02745 0.000312661 -417.474 2202.37 143.395 143.388 0.178297 1.41668 328805000.0
774 -0.02735 0.000312649 -417.49 2202.43 143.393 143.388 4.6715 8.14856 328810000.0
773 -0.02725 0.000312654 -417.483 2202.38 143.392 143.389 1.05098 4.64346 328814000.0
772 -0.02715 0.000312654 -417.484 2202.36 143.391 143.388 2.39772 6.2504 328809000.0
771 -0.02705 0.00031264 -417.502 2202.35 143.384 143.384 4.19383 11.1797 328800000.0
770 -0.02695 0.000312655 -417.481 2202.37 143.392 143.39 -0.0868136 3.74401 328813000.0
769 -0.02685 0.000312657 -417.479 2202.37 143.393 143.388 -0.452945 5.2075 328810000.0
768 -0.02675 0.000312642 -417.499 2202.5 143.395 143.385 9.36443 13.6363 328812000.0
767 -0.02665 0.000312649 -417.488 2202.44 143.394 143.387 5.10137 8.1604 328812000.0
766 -0.02655 0.000312675 -417.459 2202.4 143.403 143.393 -0.722429 -2.29415 328820000.0
765 -0.02645 0.000312681 -417.445 2202.37 143.404 143.393 -3.45069 -5.40655 328818000.0
764 -0.02635 0.000312667 -417.467 2202.45 143.403 143.39 0.732679 0.559812 328817000.0
763 -0.02625 0.000312659 -417.474 2202.46 143.4 143.388 4.60334 6.97404 328819000.0
762 -0.02615 0.000312658 -417.477 2202.52 143.403 143.389 6.4109 7.30079 328817000.0
761 -0.02605 0.000312665 -417.472 2202.54 143.408 143.388 5.65291 1.9919 328817000.0
760 -0.02595 0.000312641 -417.505 2202.58 143.399 143.386 11.7203 14.2952 328816000.0
759 -0.02585 0.000312656 -417.483 2202.5 143.401 143.387 6.7877 8.43778 328807000.0
758 -0.02575 0.000312645 -417.496 2202.5 143.396 143.385 8.54174 12.5904 328801000.0
757 -0.02565 0.000312674 -417.459 2202.43 143.405 143.392 -1.13814 -1.79967 328814000.0
756 -0.02555 0.00031266 -417.478 2202.39 143.395 143.389 1.08067 5.77063 328804000.0
755 -0.02545 0.000312662 -417.473 2202.44 143.4 143.387 1.41695 3.83555 328800000.0
754 -0.02535 0.000312668 -417.467 2202.44 143.403 143.39 2.24373 6.00066 328805000.0
753 -0.02525 0.00031267 -417.462 2202.37 143.4 143.39 -0.858863 3.07077 328803000.0
752 -0.02515 0.00031266 -417.472 2202.36 143.394 143.389 -1.00342 5.76166 328805000.0
751 -0.02505 0.000312667 -417.467 2202.33 143.395 143.389 -2.94166 1.74291 328801000.0
750 -0.02495 0.000312666 -417.468 2202.41 143.4 143.389 -0.101301 1.48496 328806000.0
749 -0.02485 0.000312672 -417.459 2202.44 143.405 143.393 0.937043 -0.536132 328817000.0
748 -0.02475 0.00031266 -417.477 2202.31 143.39 143.389 -3.8843 4.21341 328806000.0
747 -0.02465 0.000312667 -417.466 2202.36 143.397 143.391 -3.08968 3.24946 328814000.0
746 -0.02455 0.000312671 -417.46 2202.35 143.398 143.389 -3.60677 0.873839 328802000.0
745 -0.02445 0.000312674 -417.46 2202.43 143.405 143.393 -0.724485 -0.780945 328815000.0
744 -0.02435 0.000312668 -417.465 2202.37 143.398 143.39 -2.44586 2.22393 328806000.0
743 -0.02425 0.00031266 -417.471 2202.51 143.403 143.39 4.63585 5.77657 328808000.0
742 -0.02415 0.000312676 -417.458 2202.52 143.411 143.394 2.16964 1.00133 328822000.0
741 -0.02405 0.000312672 -417.458 2202.46 143.406 143.391 0.951705 2.90861 328813000.0
740 -0.02395 0.000312673 -417.455 2202.48 143.408 143.391 0.678355 -1.957 328815000.0
739 -0.02385 0.000312662 -417.47 2202.45 143.401 143.389 2.82237 1.13335 328810000.0
738 -0.02375 0.000312672 -417.462 2202.42 143.403 143.392 -2.42259 -6.57447 328815000.0
737 -0.02365 0.000312674 -417.454 2202.35 143.399 143.392 -5.74667 -8.71055 328806000.0
736 -0.02355 0.00031267 -417.464 2202.38 143.4 143.395 -2.57405 -2.74856 328819000.0
735 -0.02345 0.000312664 -417.466 2202.4 143.398 143.389 -0.207782 -2.4207 328803000.0
734 -0.02335 0.000312667 -417.464 2202.43 143.401 143.391 -0.43183 -5.22004 328805000.0
733 -0.02325 0.000312671 -417.46 2202.48 143.407 143.391 1.57029 -6.42273 328807000.0
732 -0.02315 0.000312668 -417.461 2202.49 143.406 143.392 1.30237 -4.89259 328805000.0
731 -0.02305 0.000312673 -417.458 2202.42 143.403 143.393 -2.25753 -7.06161 328803000.0
730 -0.02295 0.000312674 -417.455 2202.36 143.4 143.394 -4.50741 -8.40917 328805000.0
729 -0.02285 0.00031266 -417.474 2202.4 143.397 143.39 -0.449595 -2.22978 328798000.0
728 -0.02275 0.000312679 -417.448 2202.4 143.405 143.393 -4.40682 -10.2062 328801000.0
727 -0.02265 0.000312671 -417.457 2202.35 143.398 143.393 -3.63995 -3.24729 328797000.0
726 -0.02255 0.00031268 -417.446 2202.35 143.402 143.393 -6.5136 -7.03392 328793000.0
725 -0.02245 0.000312673 -417.455 2202.39 143.401 143.393 -3.42518 -3.42435 328801000.0
724 -0.02235 0.000312666 -417.465 2202.37 143.397 143.391 -3.47026 -0.0754823 328795000.0
723 -0.02225 0.000312669 -417.457 2202.34 143.397 143.391 -4.13995 0.52876 328796000.0
722 -0.02215 0.000312661 -417.47 2202.43 143.399 143.392 -0.112387 1.46813 328807000.0
721 -0.02205 0.000312676 -417.448 2202.33 143.399 143.393 -5.3469 -4.47299 328806000.0
720 -0.02195 0.000312696 -417.423 2202.36 143.411 143.395 -9.65627 -16.7257 328808000.0
719 -0.02185 0.000312676 -417.447 2202.37 143.402 143.392 -4.77949 -4.02872 328802000.0
718 -0.02175 0.000312677 -417.452 2202.38 143.403 143.394 -4.43258 -6.17702 328810000.0
717 -0.02165 0.00031266 -417.473 2202.36 143.394 143.39 -2.05389 -0.182703 328799000.0
716 -0.02155 0.000312672 -417.457 2202.4 143.402 143.394 -1.58405 -1.71596 328814000.0
715 -0.02145 0.000312672 -417.456 2202.39 143.401 143.391 -3.3568 -1.76252 328806000.0
714 -0.02135 0.000312674 -417.457 2202.52 143.41 143.392 3.56749 0.323315 328815000.0
713 -0.02125 0.000312678 -417.453 2202.4 143.405 143.393 -3.00897 -5.16818 328817000.0
712 -0.02115 0.000312688 -417.438 2202.33 143.404 143.395 -7.26428 -10.3354 328820000.0
711 -0.02105 0.000312676 -417.451 2202.3 143.397 143.392 -6.70262 -6.26697 328811000.0
710 -0.02095 0.000312663 -417.469 2202.3 143.391 143.391 -5.38736 0.186239 328806000.0
709 -0.02085 0.000312655 -417.48 2202.43 143.396 143.389 1.74154 3.33078 328807000.0
708 -0.02075 0.000312666 -417.467 2202.34 143.395 143.391 -3.14985 -2.82626 328808000.0
707 -0.02065 0.00031268 -417.447 2202.35 143.402 143.394 -5.83182 -10.9842 328807000.0
706 -0.02055 0.000312669 -417.461 2202.41 143.401 143.392 -2.64663 -7.65951 328814000.0
705 -0.02045 0.000312664 -417.467 2202.36 143.396 143.391 -3.83405 -3.76846 328810000.0
704 -0.02035 0.000312659 -417.471 2202.41 143.396 143.389 -0.631892 -0.81663 328807000.0
703 -0.02025 0.000312672 -417.455 2202.31 143.396 143.392 -6.28293 -6.47632 328809000.0
702 -0.02015 0.000312663 -417.468 2202.35 143.395 143.392 -3.90753 -4.60161 328812000.0
701 -0.02005 0.000312665 -417.464 2202.26 143.389 143.391 -7.64421 -1.99374 328805000.0
700 -0.01995 0.000312665 -417.462 2202.36 143.396 143.391 -5.91679 -5.93951 328807000.0
699 -0.01985 0.000312657 -417.473 2202.41 143.396 143.39 -0.474979 -0.656699 328804000.0
698 -0.01975 0.000312659 -417.469 2202.53 143.404 143.391 4.16393 0.432584 328817000.0
697 -0.01965 0.000312661 -417.465 2202.5 143.403 143.39 2.51853 -2.69598 328815000.0
696 -0.01955 0.000312661 -417.467 2202.49 143.403 143.39 1.34048 -0.462895 328810000.0
695 -0.01945 0.000312659 -417.467 2202.46 143.4 143.391 0.50448 -1.24381 328815000.0
694 -0.01935 0.000312675 -417.448 2202.42 143.405 143.394 -3.30666 -6.87006 328823000.0
693 -0.01925 0.000312665 -417.459 2202.36 143.397 143.391 -4.65585 -4.07931 328819000.0
692 -0.01915 0.000312673 -417.447 2202.4 143.402 143.393 -4.1722 -8.14926 328821000.0
691 -0.01905 0.000312676 -417.447 2202.41 143.404 143.395 -3.909 -6.72293 328825000.0
690 -0.01895 0.000312675 -417.447 2202.45 143.406 143.395 -1.89067 -6.01505 328827000.0
689 -0.01885 0.000312683 -417.438 2202.39 143.406 143.394 -6.06807 -7.71616 328822000.0
688 -0.01875 0.000312651 -417.475 2202.39 143.392 143.389 1.17717 6.84246 328811000.0
687 -0.01865 0.000312668 -417.457 2202.35 143.397 143.393 -5.01584 -3.75262 328815000.0
686 -0.01855 0.000312667 -417.454 2202.42 143.401 143.394 -2.16772 -1.47136 328822000.0
685 -0.01845 0.000312662 -417.46 2202.34 143.394 143.392 -4.89613 -2.94181 328813000.0
684 -0.01835 0.000312666 -417.458 2202.48 143.404 143.394 -0.265834 -6.48167 328826000.0
683 -0.01825 0.000312658 -417.465 2202.44 143.398 143.393 0.521653 -0.428146 328824000.0
682 -0.01815 0.000312664 -417.458 2202.45 143.402 143.393 -0.893583 -5.76479 328824000.0
681 -0.01805 0.000312653 -417.476 2202.49 143.399 143.391 3.409 4.331 328823000.0
680 -0.01795 0.000312653 -417.472 2202.38 143.392 143.391 -2.03357 2.91315 328815000.0
679 -0.01785 0.00031266 -417.463 2202.48 143.401 143.391 1.72262 1.23229 328820000.0
678 -0.01775 0.000312679 -417.436 2202.45 143.408 143.397 -2.93447 -5.40742 328830000.0
677 -0.01765 0.000312679 -417.441 2202.55 143.415 143.397 -0.561425 -6.4741 328830000.0
676 -0.01755 0.000312679 -417.44 2202.52 143.413 143.395 -0.00269446 -4.47687 328822000.0
675 -0.01745 0.00031266 -417.461 2202.54 143.406 143.392 2.94108 4.27036 328815000.0
674 -0.01735 0.000312668 -417.453 2202.62 143.414 143.394 5.13688 1.44573 328822000.0
673 -0.01725 0.000312676 -417.445 2202.54 143.413 143.394 1.29282 -3.62617 328814000.0
672 -0.01715 0.000312679 -417.438 2202.52 143.413 143.397 -0.758559 -2.78401 328817000.0
671 -0.01705 0.00031267 -417.447 2202.54 143.41 143.395 1.86218 3.15748 328814000.0
670 -0.01695 0.000312662 -417.461 2202.5 143.404 143.392 2.29428 6.76191 328809000.0
669 -0.01685 0.000312643 -417.487 2202.53 143.397 143.39 6.5268 13.8423 328809000.0
668 -0.01675 0.00031265 -417.473 2202.57 143.403 143.39 6.51387 11.0935 328815000.0
667 -0.01665 0.000312671 -417.447 2202.55 143.411 143.395 2.75336 -1.87785 328824000.0
666 -0.01655 0.000312664 -417.457 2202.5 143.405 143.393 0.97787 -1.03228 328816000.0
665 -0.01645 0.000312658 -417.468 2202.51 143.402 143.393 1.71216 2.07324 328822000.0
664 -0.01635 0.00031267 -417.448 2202.52 143.409 143.393 0.887146 -3.13674 328821000.0
663 -0.01625 0.000312672 -417.444 2202.51 143.41 143.395 -0.100639 -6.85351 328821000.0
662 -0.01615 0.000312655 -417.468 2202.55 143.404 143.392 3.90136 1.53896 328820000.0
661 -0.01605 0.000312661 -417.46 2202.47 143.402 143.392 0.428645 -2.85379 328818000.0
660 -0.01595 0.000312675 -417.445 2202.47 143.408 143.395 -1.95228 -9.06483 328818000.0
659 -0.01585 0.000312664 -417.457 2202.47 143.403 143.392 0.18725 0.084922 328808000.0
658 -0.01575 0.000312655 -417.473 2202.52 143.402 143.391 4.30582 1.67966 328810000.0
657 -0.01565 0.000312675 -417.444 2202.41 143.404 143.394 -4.31307 -6.71608 328805000.0
656 -0.01555 0.000312669 -417.454 2202.41 143.401 143.394 -4.03031 -4.92611 328800000.0
655 -0.01545 0.000312672 -417.445 2202.44 143.405 143.394 -2.97984 -5.33952 328800000.0
654 -0.01535 0.00031266 -417.466 2202.46 143.4 143.39 0.70133 -1.11591 328795000.0
653 -0.01525 0.000312661 -417.467 2202.46 143.4 143.391 1.57908 2.1623 328799000.0
652 -0.01515 0.000312658 -417.47 2202.47 143.4 143.392 1.80664 2.17282 328808000.0
651 -0.01505 0.000312649 -417.485 2202.44 143.394 143.39 1.73431 8.40681 328800000.0
650 -0.01495 0.000312663 -417.465 2202.48 143.403 143.392 0.497491 3.62399 328808000.0
649 -0.01485 0.000312651 -417.481 2202.52 143.4 143.388 4.6365 8.38428 328804000.0
648 -0.01475 0.000312645 -417.492 2202.56 143.4 143.388 7.79247 15.3416 328805000.0
647 -0.01465 0.000312652 -417.481 2202.52 143.401 143.39 4.35075 11.0573 328809000.0
646 -0.01455 0.000312653 -417.482 2202.48 143.398 143.389 3.2171 9.74912 328810000.0
645 -0.01445 0.000312649 -417.487 2202.56 143.402 143.389 6.25082 12.2032 328807000.0
644 -0.01435 0.000312655 -417.481 2202.62 143.408 143.39 9.23248 11.2611 328807000.0
643 -0.01425 0.000312653 -417.482 2202.53 143.402 143.388 5.68442 9.92873 328800000.0
642 -0.01415 0.000312651 -417.485 2202.56 143.402 143.388 7.12899 9.91275 328796000.0
641 -0.01405 0.00031266 -417.474 2202.42 143.397 143.388 -0.826468 3.33601 328788000.0
640 -0.01395 0.000312634 -417.504 2202.56 143.395 143.387 10.3584 18.4666 328799000.0
639 -0.01385 0.000312639 -417.501 2202.51 143.394 143.387 6.38635 14.3553 328792000.0
638 -0.01375 0.000312626 -417.513 2202.49 143.387 143.384 9.47965 17.7366 328785000.0
637 -0.01365 0.000312615 -417.531 2202.48 143.381 143.382 9.34907 21.1155 328785000.0
636 -0.01355 0.000312623 -417.518 2202.52 143.387 143.383 11.2065 18.2427 328783000.0
635 -0.01345 0.00031261 -417.538 2202.61 143.387 143.383 15.4768 24.4921 328785000.0
634 -0.01335 0.000312609 -417.539 2202.59 143.385 143.382 15.8589 26.2229 328779000.0
633 -0.01325 0.000312613 -417.53 2202.59 143.387 143.383 13.8297 22.367 328776000.0
632 -0.01315 0.00031261 -417.539 2202.59 143.386 143.381 14.5329 23.3261 328768000.0
631 -0.01305 0.00031264 -417.497 2202.58 143.399 143.388 9.80272 10.42 328777000.0
630 -0.01295 0.000312622 -417.522 2202.63 143.394 143.385 14.3854 18.5963 328768000.0
629 -0.01285 0.000312628 -417.511 2202.62 143.396 143.385 14.0109 17.0638 328766000.0
628 -0.01275 0.000312625 -417.515 2202.64 143.396 143.384 14.491 17.0354 328761000.0
627 -0.01265 0.000312626 -417.514 2202.65 143.397 143.384 14.8416 15.6558 328759000.0
626 -0.01255 0.000312639 -417.501 2202.57 143.398 143.387 9.45451 8.84459 328762000.0
625 -0.01245 0.000312628 -417.512 2202.58 143.394 143.383 10.9284 11.971 328751000.0
624 -0.01235 0.000312622 -417.517 2202.54 143.388 143.384 11.7209 14.5795 328751000.0
623 -0.01225 0.000312615 -417.535 2202.61 143.39 143.385 15.5541 16.7235 328754000.0
622 -0.01215 0.000312615 -417.527 2202.49 143.381 143.383 11.2477 13.9173 328736000.0
621 -0.01205 0.000312605 -417.542 2202.56 143.382 143.382 15.4844 20.4924 328744000.0
620 -0.01195 0.000312601 -417.548 2202.6 143.382 143.381 17.5961 22.1811 328733000.0
619 -0.01185 0.000312599 -417.55 2202.56 143.379 143.381 17.9499 22.3195 328732000.0
618 -0.01175 0.000312603 -417.546 2202.54 143.379 143.382 14.2755 19.248 328731000.0
617 -0.01165 0.000312597 -417.554 2202.61 143.381 143.381 18.4205 21.7391 328724000.0
616 -0.01155 0.000312578 -417.573 2202.68 143.377 143.376 24.7148 28.5708 328710000.0
615 -0.01145 0.000312594 -417.559 2202.62 143.381 143.382 20.2909 23.3153 328714000.0
614 -0.01135 0.000312584 -417.569 2202.63 143.377 143.379 22.9749 25.3237 328703000.0
613 -0.01125 0.000312584 -417.569 2202.66 143.378 143.377 23.0844 25.8496 328696000.0
612 -0.01115 0.000312568 -417.588 2202.71 143.375 143.378 28.1563 32.2298 328697000.0
611 -0.01105 0.000312576 -417.578 2202.64 143.374 143.379 24.4268 27.0546 328684000.0
610 -0.01095 0.00031256 -417.599 2202.66 143.368 143.375 27.7665 33.533 328672000.0
609 -0.01085 0.000312548 -417.614 2202.74 143.367 143.373 34.0425 39.1452 328670000.0
608 -0.01075 0.000312541 -417.626 2202.68 143.36 143.372 31.3934 36.4854 328658000.0
607 -0.01065 0.000312546 -417.613 2202.63 143.359 143.373 29.998 34.0544 328651000.0
606 -0.01055 0.000312523 -417.649 2202.76 143.357 143.37 37.6933 43.4932 328647000.0
605 -0.01045 0.000312519 -417.652 2202.72 143.353 143.368 38.3172 44.1658 328637000.0
604 -0.01035 0.000312527 -417.643 2202.76 143.359 143.371 37.5097 38.8888 328639000.0
603 -0.01025 0.000312513 -417.66 2202.85 143.358 143.369 44.2661 47.1146 328636000.0
602 -0.01015 0.000312505 -417.672 2202.82 143.352 143.365 45.0237 51.7746 328618000.0
601 -0.01005 0.000312492 -417.689 2202.86 143.349 143.363 49.1846 58.6477 328616000.0
600 -0.00995 0.000312451 -417.742 2202.99 143.339 143.355 62.5628 75.1912 328594000.0
599 -0.00985 0.000312446 -417.747 2202.95 143.334 143.355 60.4815 76.511 328583000.0
598 -0.00975 0.000312441 -417.757 2202.97 143.333 143.353 63.7871 77.717 328572000.0
597 -0.00965 0.000312425 -417.777 2203.12 143.335 143.351 71.0089 82.4167 328563000.0
596 -0.00955 0.000312432 -417.767 2202.78 143.317 143.353 57.9398 76.7866 328539000.0
595 -0.00945 0.000312419 -417.788 2203.02 143.326 143.351 68.7039 77.4871 328538000.0
594 -0.00935 0.000312395 -417.816 2203.08 143.319 143.345 75.3772 83.6253 328515000.0
593 -0.00925 0.000312366 -417.854 2203.13 143.309 143.341 82.4015 93.4954 328493000.0
592 -0.00915 0.00031234 -417.896 2203.19 143.301 143.337 90.4898 103.335 328473000.0
591 -0.00905 0.000312322 -417.912 2203.2 143.293 143.332 94.4204 105.746 328447000.0
590 -0.00895 0.000312315 -417.924 2203.21 143.291 143.335 96.2958 106.76 328437000.0
589 -0.00885 0.000312272 -417.98 2203.26 143.275 143.326 106.904 124.174 328412000.0
588 -0.00875 0.000312261 -417.994 2203.36 143.276 143.323 113.846 124.558 328388000.0
587 -0.00865 0.000312218 -418.05 2203.45 143.262 143.314 124.271 134.336 328358000.0
586 -0.00855 0.000312209 -418.067 2203.44 143.257 143.315 126.846 137.009 328343000.0
585 -0.00845 0.000312162 -418.125 2203.54 143.242 143.305 138.627 152.961 328309000.0
584 -0.00835 0.000312122 -418.183 2203.52 143.222 143.3 145.046 164.118 328278000.0
583 -0.00825 0.000312111 -418.195 2203.55 143.22 143.295 149.191 159.771 328240000.0
582 -0.00815 0.000312063 -418.258 2203.7 143.207 143.288 164.152 176.372 328210000.0
581 -0.00805 0.000312017 -418.321 2203.76 143.19 143.282 174.122 188.255 328178000.0
580 -0.00795 0.000311988 -418.358 2203.73 143.174 143.274 179.663 190.124 328130000.0
579 -0.00785 0.000311943 -418.419 2203.87 143.163 143.267 193.964 199.362 328091000.0
578 -0.00775 0.000311876 -418.511 2204.01 143.141 143.255 211.437 216.754 328038000.0
577 -0.00765 0.000311825 -418.581 2204.07 143.122 143.246 224.614 229.025 327995000.0
576 -0.00755 0.000311797 -418.612 2204.07 143.109 143.241 228.337 224.672 327947000.0
575 -0.00745 0.000311735 -418.7 2204.11 143.083 143.229 242.775 239.816 327883000.0
574 -0.00735 0.000311665 -418.79 2204.23 143.059 143.217 260.802 253.848 327826000.0
573 -0.00725 0.000311596 -418.885 2204.31 143.033 143.207 277.297 270.489 327770000.0
572 -0.00715 0.000311482 -419.037 2204.51 142.993 143.185 307.651 305.678 327692000.0
571 -0.00705 0.000311408 -419.137 2204.56 142.962 143.171 322.606 314.776 327621000.0
570 -0.00695 0.000311351 -419.214 2204.61 142.939 143.162 336.948 319.462 327549000.0
569 -0.00685 0.000311237 -419.37 2204.71 142.893 143.141 362.166 345.478 327459000.0
568 -0.00675 0.000311115 -419.533 2204.82 142.845 143.119 391.224 375.533 327368000.0
567 -0.00665 0.000311028 -419.651 2204.89 142.809 143.105 409.965 388.708 327280000.0
566 -0.00655 0.000310913 -419.804 2205.04 142.766 143.083 436.588 404.988 327172000.0
565 -0.00645 0.000310792 -419.967 2205.11 142.715 143.062 463.485 427.253 327075000.0
564 -0.00635 0.000310648 -420.164 2205.27 142.659 143.036 497.65 458.868 326954000.0
563 -0.00625 0.000310483 -420.385 2205.36 142.589 143.007 533.58 492.398 326831000.0
562 -0.00615 0.00031034 -420.582 2205.49 142.532 142.98 565.711 513.811 326706000.0
561 -0.00605 0.000310158 -420.824 2205.65 142.459 142.948 606.932 550.186 326560000.0
560 -0.00595 0.000309961 -421.095 2205.82 142.379 142.912 651.116 585.918 326406000.0
559 -0.00585 0.000309767 -421.358 2206.0 142.302 142.877 696.876 621.697 326247000.0
558 -0.00575 0.000309551 -421.651 2206.16 142.213 142.838 744.697 657.729 326070000.0
557 -0.00565 0.00030934 -421.937 2206.27 142.123 142.8 790.117 686.486 325890000.0
556 -0.00555 0.000309079 -422.295 2206.44 142.014 142.752 846.851 738.13 325693000.0
555 -0.00545 0.000308807 -422.667 2206.69 141.905 142.703 909.806 784.167 325483000.0
554 -0.00535 0.000308525 -423.051 2206.79 141.782 142.65 968.948 825.977 325250000.0
553 -0.00525 0.000308206 -423.493 2206.96 141.646 142.594 1037.66 881.041 325015000.0
552 -0.00515 0.000307868 -423.957 2207.08 141.499 142.532 1109.25 937.317 324754000.0
551 -0.00505 0.000307514 -424.442 2207.29 141.35 142.466 1184.56 986.966 324475000.0
550 -0.00495 0.00030712 -424.99 2207.4 141.175 142.393 1266.61 1051.21 324173000.0
549 -0.00485 0.000306693 -425.579 2207.65 140.995 142.315 1360.5 1122.79 323855000.0
548 -0.00475 0.000306266 -426.17 2207.76 140.806 142.237 1448.56 1183.16 323516000.0
547 -0.00465 0.000305786 -426.845 2207.99 140.6 142.148 1551.02 1254.44 323156000.0
546 -0.00455 0.00030526 -427.581 2208.17 140.37 142.05 1662.67 1334.95 322765000.0
545 -0.00445 0.000304678 -428.396 2208.33 140.112 141.94 1785.6 1429.57 322332000.0
544 -0.00435 0.000304066 -429.261 2208.53 139.843 141.827 1912.74 1522.85 321875000.0
543 -0.00425 0.000303427 -430.159 2208.7 139.56 141.707 2049.04 1616.77 321401000.0
542 -0.00415 0.000302728 -431.156 2208.85 139.248 141.576 2194.63 1720.05 320882000.0
541 -0.00405 0.000301961 -432.249 2209.02 138.906 141.429 2354.54 1835.48 320311000.0
540 -0.00395 0.000301152 -433.412 2209.1 138.539 141.276 2519.64 1953.87 319715000.0
539 -0.00385 0.000300288 -434.657 2209.21 138.148 141.111 2700.54 2085.59 319083000.0
538 -0.00375 0.000299343 -436.033 2209.29 137.718 140.928 2895.64 2228.8 318390000.0
537 -0.00365 0.000298325 -437.517 2209.47 137.261 140.73 3110.28 2383.15 317655000.0
536 -0.00355 0.000297249 -439.104 2209.59 136.774 140.52 3336.78 2543.03 316869000.0
535 -0.00345 0.000296086 -440.827 2209.63 136.241 140.292 3578.7 2720.52 316032000.0
534 -0.00335 0.000294834 -442.698 2209.74 135.672 140.044 3843.9 2916.2 315137000.0
533 -0.00325 0.00029348 -444.74 2209.74 135.048 139.773 4128.28 3136.94 314169000.0
532 -0.00315 0.000292063 -446.903 2209.72 134.395 139.488 4424.83 3352.96 313140000.0
531 -0.00305 0.000290549 -449.225 2209.62 133.693 139.179 4743.9 3591.56 312044000.0
530 -0.00295 0.00028892 -451.76 2209.4 132.929 138.843 5084.74 3858.16 310870000.0
529 -0.00285 0.000287182 -454.492 2209.32 132.125 138.482 5457.71 4150.59 309627000.0
528 -0.00275 0.000285321 -457.461 2209.15 131.259 138.09 5858.68 4470.77 308296000.0
527 -0.00265 0.000283359 -460.628 2208.9 130.341 137.67 6283.59 4810.81 306884000.0
526 -0.00255 0.000281261 -464.064 2208.5 129.353 137.216 6737.17 5186.25 305373000.0
525 -0.00245 0.000279034 -467.766 2208.01 128.3 136.727 7219.51 5596.73 303771000.0
524 -0.00235 0.000276714 -471.688 2207.45 127.201 136.21 7729.36 6022.58 302081000.0
523 -0.00225 0.000274229 -475.962 2206.79 126.021 135.644 8280.02 6502.08 300283000.0
522 -0.00215 0.000271648 -480.489 2205.77 124.778 135.05 8849.27 7004.98 298388000.0
521 -0.00205 0.00026891 -485.374 2204.8 123.466 134.403 9464.16 7557.07 296380000.0
520 -0.00195 0.000266036 -490.625 2203.64 122.082 133.713 10116.9 8160.8 294270000.0
519 -0.00185 0.000263036 -496.218 2202.34 120.634 132.976 10806.6 8808.76 292054000.0
518 -0.00175 0.000259895 -502.216 2200.8 119.11 132.187 11537.4 9513.82 289731000.0
517 -0.00165 0.000256621 -508.621 2198.92 117.509 131.344 12299.9 10274.9 287290000.0
516 -0.00155 0.000253226 -515.442 2196.76 115.841 130.449 13101.4 11089.8 284743000.0
515 -0.00145 0.000249716 -522.687 2194.42 114.113 129.497 13945.6 11960.6 282092000.0
514 -0.00135 0.000246085 -530.398 2191.6 112.309 128.484 14820.6 12894.5 279328000.0
513 -0.00125 0.000242354 -538.566 2188.4 110.445 127.413 15733.2 13890.0 276469000.0
512 -0.00115 0.000238531 -547.202 2184.78 108.523 126.28 16677.6 14943.5 273507000.0
511 -0.00105 0.000234596 -556.384 2180.66 106.531 125.077 17660.3 16076.0 270449000.0
510 -0.00095 0.00023059 -566.041 2175.94 104.486 123.813 18667.8 17263.9 267308000.0
509 -0.00085 0.000226499 -576.268 2170.66 102.383 122.472 19708.0 18527.3 264073000.0
508 -0.00075 0.000222347 -587.032 2164.89 100.239 121.065 20782.4 19861.2 260788000.0
507 -0.00065 0.000218163 -598.29 2158.23 98.0501 119.593 21863.6 21240.8 257430000.0
506 -0.00055 0.000213958 -610.047 2150.77 95.8279 118.055 22954.6 22668.5 254015000.0
505 -0.00045 0.000209727 -622.356 2142.56 93.5745 116.448 24062.4 24154.2 250567000.0
504 -0.00035 0.000205471 -635.242 2133.42 91.2843 114.763 25178.6 25696.0 247076000.0
503 -0.00025 0.000201254 -648.56 2123.31 88.9876 113.027 26283.0 27256.4 243573000.0
502 -0.00015 0.000197055 -662.375 2112.18 86.6738 111.222 27377.1 28843.0 240043000.0
501 -5e-05 0.00019288 -676.713 2099.93 84.3454 109.351 28459.4 30458.1 236516000.0
500 5e-05 0.000188763 -691.477 2086.64 82.0228 107.426 29519.2 32076.0 233003000.0
499 0.00015 0.000184697 -706.691 2072.08 79.6961 105.44 30545.8 33692.5 229491000.0
498 0.00025 0.000180705 -722.308 2056.52 77.3877 103.406 31542.7 35293.5 226014000.0
497 0.00035 0.000176777 -738.359 2039.55 75.0809 101.313 32495.3 36878.6 222548000.0
496 0.00045 0.000172948 -754.702 2021.27 72.7963 99.1816 33391.7 38417.0 219117000.0
495 0.00055 0.000169209 -771.378 2001.76 70.5352 97.0087 34233.7 39907.5 215716000.0
494 0.00065 0.000165575 -788.317 1980.94 68.3022 94.8028 35012.9 41336.8 212349000.0
493 0.00075 0.000162041 -805.503 1958.74 66.0952 92.5631 35721.7 42698.9 209011000.0
492 0.00085 0.000158623 -822.859 1935.37 63.9294 90.3024 36358.6 43971.3 205706000.0
491 0.00095 0.00015532 -840.356 1910.75 61.802 88.0236 36919.3 45154.1 202434000.0
490 0.00105 0.00015213 -857.975 1884.76 59.7089 85.7262 37393.5 46233.8 199166000.0
489 0.00115 0.000149052 -875.707 1857.73 57.6622 83.4196 37796.1 47215.4 195941000.0
488 0.00125 0.00014611 -893.326 1829.67 55.6701 81.1229 38105.9 48065.7 192713000.0
487 0.00135 0.000143276 -910.999 1800.53 53.7211 78.8217 38335.7 48806.5 189504000.0
486 0.00145 0.000140558 -928.63 1770.31 51.8172 76.5253 38477.6 49425.3 186283000.0
485 0.00155 0.000137963 -946.087 1739.31 49.9701 74.2524 38535.0 49917.3 183062000.0
484 0.00165 0.000135475 -963.467 1707.39 48.1686 71.9889 38509.3 50288.5 179825000.0
483 0.00175 0.000133116 -980.541 1675.02 46.4323 69.7652 38404.8 50527.1 176577000.0
482 0.00185 0.000130854 -997.489 1641.85 44.7392 67.5576 38220.8 50649.0 173303000.0
481 0.00195 0.000128691 -1014.25 1608.14 43.0967 65.3739 37966.0 50657.2 170011000.0
480 0.00205 0.000126642 -1030.68 1574.16 41.514 63.2362 37642.3 50548.4 166704000.0
479 0.00215 0.000124692 -1046.78 1539.84 39.9837 61.1377 37248.0 50323.1 163344000.0
478 0.00225 0.000122839 -1062.58 1505.27 38.5052 59.0816 36794.1 49997.7 159968000.0
477 0.00235 0.000121073 -1078.08 1470.6 37.0776 57.0621 36285.4 49572.3 156563000.0
476 0.00245 0.000119398 -1093.21 1435.83 35.7 55.0925 35721.3 49057.7 153125000.0
475 0.00255 0.000117803 -1108.0 1401.13 34.3719 53.1651 35112.4 48458.8 149669000.0
474 0.00265 0.000116297 -1122.35 1366.73 33.0994 51.2954 34463.7 47778.0 146189000.0
473 0.00275 0.000114867 -1136.31 1332.5 31.8736 49.477 33775.8 47029.3 142692000.0
472 0.00285 0.000113507 -1149.94 1298.57 30.6943 47.702 33059.2 46215.1 139183000.0
471 0.00295 0.00011222 -1163.12 1265.03 29.5626 45.986 32314.0 45348.4 135669000.0
470 0.00305 0.000111001 -1175.9 1231.87 28.4749 44.3211 31542.8 44429.6 132138000.0
469 0.00315 0.000109844 -1188.28 1199.28 27.4326 42.7075 30757.6 43470.5 128626000.0
468 0.00325 0.000108759 -1200.14 1167.46 26.4411 41.1637 29960.8 42477.1 125120000.0
467 0.00335 0.000107724 -1211.67 1136.09 25.4856 39.6615 29151.7 41453.6 121627000.0
466 0.00345 0.000106737 -1222.87 1105.2 24.5654 38.2014 28331.8 40401.9 118143000.0
465 0.00355 0.000105807 -1233.63 1075.03 23.6867 36.8013 27509.7 39337.8 114693000.0
464 0.00365 0.000104925 -1243.99 1045.54 22.845 35.4509 26685.6 38260.1 111271000.0
463 0.00375 0.00010409 -1253.97 1016.84 22.041 34.1511 25865.3 37173.3 107883000.0
462 0.00385 0.000103301 -1263.54 988.939 21.2738 32.9045 25052.6 36087.5 104550000.0
461 0.00395 0.000102557 -1272.72 961.84 20.5418 31.7088 24247.4 35002.6 101261000.0
460 0.00405 0.00010185 -1281.56 935.507 19.8416 30.5568 23451.5 33918.8 98021500.0
459 0.00415 0.000101172 -1290.14 909.677 19.1654 29.4391 22659.4 32838.0 94823200.0
458 0.00425 0.000100536 -1298.28 884.883 18.5259 28.3778 21886.0 31773.4 91695100.0
457 0.00435 9.99362e-05 -1306.1 860.851 17.9152 27.3601 21127.2 30723.2 88632700.0
456 0.00445 9.93651e-05 -1313.6 837.668 17.3331 26.3828 20386.6 29688.0 85644700.0
455 0.00455 9.88212e-05 -1320.82 815.13 16.7744 25.4416 19656.8 28665.5 82705400.0
454 0.00465 9.83114e-05 -1327.67 793.478 16.2446 24.549 18947.3 27669.3 79844200.0
453 0.00475 9.78222e-05 -1334.32 772.374 15.7338 23.6834 18250.0 26687.3 77044700.0
452 0.00485 9.73613e-05 -1340.62 752.192 15.2505 22.8619 17575.8 25730.9 74323500.0
451 0.00495 9.69245e-05 -1346.68 732.63 14.7873 22.0726 16916.9 24795.2 71669600.0
450 0.00505 9.65107e-05 -1352.45 713.891 14.3475 21.3202 16279.6 23885.1 69096000.0
449 0.00515 9.6118e-05 -1357.98 695.815 13.9273 20.6007 15660.5 22999.8 66595800.0
448 0.00525 9.57436e-05 -1363.29 678.28 13.5235 19.9092 15055.3 22136.3 64155500.0
447 0.00535 9.53897e-05 -1368.35 661.514 13.1404 19.25 14472.4 21298.9 61796500.0
446 0.00545 9.50534e-05 -1373.19 645.38 12.7748 18.6189 13907.8 20485.7 59509700.0
445 0.00555 9.47367e-05 -1377.77 630.021 12.4292 18.0213 13366.9 19702.2 57307800.0
444 0.00565 9.44338e-05 -1382.2 615.117 12.0964 17.4447 12839.6 18939.1 55166900.0
443 0.00575 9.41467e-05 -1386.42 600.813 11.7792 16.8951 12330.5 18202.2 53096800.0
442 0.00585 9.38732e-05 -1390.45 587.043 11.4758 16.3696 11837.3 17488.6 51088700.0
441 0.00595 9.3614e-05 -1394.3 573.97 11.1892 15.868 11368.1 16801.0 49170400.0
440 0.00605 9.33691e-05 -1397.96 561.43 10.9161 15.3918 10914.5 16138.5 47311800.0
439 0.00615 9.31344e-05 -1401.49 549.239 10.6523 14.931 10472.6 15493.8 45504000.0
438 0.00625 9.29137e-05 -1404.82 537.702 10.4038 14.498 10052.3 14880.0 43778200.0
437 0.00635 9.2701e-05 -1408.03 526.552 10.1647 14.0793 9644.3 14282.6 42102900.0
436 0.00645 9.25007e-05 -1411.1 515.785 9.93535 13.6795 9249.36 13707.4 40482800.0
435 0.00655 9.23092e-05 -1414.01 505.588 9.71876 13.2994 8874.07 13156.0 38936100.0
434 0.00665 9.21267e-05 -1416.81 495.743 9.5107 12.9348 8510.25 12622.7 37436400.0
433 0.00675 9.19528e-05 -1419.49 486.318 9.31225 12.5855 8161.3 12108.8 35996400.0
432 0.00685 9.17881e-05 -1422.04 477.295 9.12312 12.253 7825.29 11614.7 34605100.0
431 0.00695 9.16323e-05 -1424.48 468.68 8.94325 11.9364 7505.06 11142.5 33279200.0
430 0.00705 9.14816e-05 -1426.8 460.411 8.77101 11.633 7196.08 10687.0 31998400.0
429 0.00715 9.13415e-05 -1429.0 452.58 8.60861 11.347 6902.45 10252.7 30774700.0
428 0.00725 9.12048e-05 -1431.14 444.903 8.44992 11.0676 6614.73 9829.51 29583200.0
427 0.00735 9.10766e-05 -1433.15 437.696 8.30136 10.8057 6343.05 9427.32 28447200.0
426 0.00745 9.0954e-05 -1435.08 430.755 8.15872 10.5547 6081.59 9041.57 27358200.0
425 0.00755 9.08376e-05 -1436.91 424.15 8.02333 10.3152 5832.2 8671.15 26314500.0
424 0.00765 9.07286e-05 -1438.65 417.88 7.89525 10.0892 5594.79 8319.26 25319300.0
423 0.00775 9.06223e-05 -1440.33 411.791 7.77108 9.87051 5364.1 7978.33 24354000.0
422 0.00785 9.05225e-05 -1441.93 405.974 7.65287 9.66215 5142.92 7650.86 23425200.0
421 0.00795 9.0425e-05 -1443.48 400.359 7.53889 9.46047 4929.56 7334.77 22532200.0
420 0.00805 9.03329e-05 -1444.95 394.955 7.42956 9.26814 4723.26 7030.62 21667200.0
419 0.00815 9.02425e-05 -1446.39 389.725 7.32386 9.08089 4523.95 6735.79 20834700.0
418 0.00825 9.01613e-05 -1447.71 384.898 7.22663 8.90894 4339.47 6461.28 20055200.0
417 0.00835 9.00825e-05 -1448.96 380.299 7.13404 8.74543 4163.33 6199.1 19309200.0
416 0.00845 9.00071e-05 -1450.18 375.827 7.04425 8.58632 3992.05 5944.25 18585800.0
415 0.00855 8.99348e-05 -1451.35 371.563 6.95874 8.43432 3828.66 5699.99 17894000.0
414 0.00865 8.98656e-05 -1452.48 367.461 6.87661 8.28815 3671.32 5464.55 17228100.0
413 0.00875 8.9799e-05 -1453.54 363.488 6.79722 8.1487 3518.38 5239.12 16581700.0
412 0.00885 8.97353e-05 -1454.58 359.649 6.72067 8.01346 3370.53 5020.43 15958500.0
411 0.00895 8.96752e-05 -1455.55 356.062 6.64918 7.88654 3232.29 4814.56 15372000.0
410 0.00905 8.96192e-05 -1456.47 352.679 6.5819 7.76703 3102.09 4619.33 14817300.0
409 0.00915 8.95642e-05 -1457.35 349.393 6.51656 7.65202 2975.18 4431.23 14276900.0
408 0.00925 8.95125e-05 -1458.2 346.264 6.45448 7.54217 2854.12 4250.43 13761000.0
407 0.00935 8.9462e-05 -1459.03 343.171 6.39321 7.43397 2734.58 4073.68 13254400.0
406 0.00945 8.94147e-05 -1459.8 340.275 6.3359 7.33286 2622.84 3907.91 12780200.0
405 0.00955 8.93682e-05 -1460.55 337.495 6.28088 7.23533 2514.75 3746.5 12317600.0
404 0.00965 8.93254e-05 -1461.25 334.881 6.22924 7.14411 2413.61 3595.71 11885100.0
403 0.00975 8.92842e-05 -1461.94 332.3 6.17837 7.05419 2313.65 3447.1 11458900.0
402 0.00985 8.92441e-05 -1462.59 329.876 6.13057 6.96921 2219.66 3306.24 11057200.0
401 0.00995 8.92045e-05 -1463.23 327.484 6.0834 6.88566 2126.69 3168.16 10661600.0
400 0.01005 8.91673e-05 -1463.84 325.25 6.03938 6.80739 2039.86 3037.89 10288900.0
399 0.01015 8.91337e-05 -1464.4 323.147 5.99807 6.73449 1958.4 2916.21 9939620.0
398 0.01025 8.91009e-05 -1464.94 321.082 5.95755 6.66333 1877.99 2797.47 9596290.0
397 0.01035 8.90687e-05 -1465.47 319.105 5.91872 6.59453 1800.91 2682.23 9265110.0
396 0.01045 8.90386e-05 -1465.96 317.254 5.88241 6.5307 1729.02 2575.14 8955890.0
395 0.01055 8.90112e-05 -1466.44 315.449 5.84715 6.46794 1658.73 2469.72 8653240.0
394 0.01065 8.89812e-05 -1466.9 313.72 5.81313 6.40762 1591.36 2369.06 8364360.0
393 0.01075 8.89557e-05 -1467.33 312.079 5.78107 6.35147 1527.12 2273.7 8086200.0
392 0.01085 8.89297e-05 -1467.76 310.474 5.74966 6.29596 1464.85 2181.2 7820430.0
391 0.01095 8.89064e-05 -1468.15 309.012 5.72109 6.24548 1407.62 2094.88 7570340.0
390 0.01105 8.88832e-05 -1468.53 307.551 5.69256 6.19538 1350.53 2010.25 7324910.0
389 0.01115 8.88618e-05 -1468.89 306.183 5.66585 6.14879 1297.25 1931.28 7094230.0
388 0.01125 8.88394e-05 -1469.25 304.834 5.63947 6.10214 1244.44 1852.65 6867330.0
387 0.01135 8.88197e-05 -1469.59 303.555 5.61457 6.05775 1194.72 1778.11 6653430.0
386 0.01145 8.87999e-05 -1469.91 302.326 5.5906 6.01569 1146.57 1706.44 6445020.0
385 0.01155 8.87818e-05 -1470.21 301.176 5.56818 5.97602 1101.64 1639.14 6250190.0
384 0.01165 8.87628e-05 -1470.52 300.01 5.54545 5.93573 1056.08 1571.56 6054880.0
383 0.01175 8.87457e-05 -1470.81 298.921 5.52425 5.89832 1013.43 1507.94 5869790.0
382 0.01185 8.87292e-05 -1471.08 297.882 5.50403 5.86267 972.691 1447.21 5693800.0
381 0.01195 8.8713e-05 -1471.34 296.894 5.48477 5.82861 934.145 1389.44 5526300.0
380 0.01205 8.86988e-05 -1471.59 295.946 5.46638 5.7965 896.957 1334.63 5365830.0
379 0.01215 8.86847e-05 -1471.83 295.035 5.44869 5.76558 861.112 1281.44 5209170.0
378 0.01225 8.86709e-05 -1472.06 294.163 5.43174 5.73581 827.196 1230.99 5062720.0
377 0.01235 8.86579e-05 -1472.28 293.341 5.41577 5.70754 794.991 1182.46 4922030.0
376 0.01245 8.86452e-05 -1472.48 292.549 5.40037 5.68036 763.857 1135.98 4785920.0
375 0.01255 8.86333e-05 -1472.68 291.782 5.3855 5.6543 733.972 1091.55 4656560.0
374 0.01265 8.8622e-05 -1472.87 291.047 5.37124 5.62941 704.962 1048.75 4530300.0
373 0.01275 8.86106e-05 -1473.07 290.319 5.35712 5.60466 676.54 1006.64 4407790.0
372 0.01285 8.86003e-05 -1473.24 289.656 5.34426 5.58191 650.46 967.295 4293030.0
371 0.01295 8.85889e-05 -1473.41 288.989 5.33127 5.55929 624.479 928.776 4180510.0
370 0.01305 8.85801e-05 -1473.58 288.36 5.31913 5.53793 599.707 891.905 4072890.0
369 0.01315 8.85712e-05 -1473.73 287.778 5.30786 5.51828 576.81 857.787 3971730.0
368 0.01325 8.85614e-05 -1473.88 287.197 5.29656 5.49842 554.052 823.757 3872440.0
367 0.01335 8.85521e-05 -1474.03 286.617 5.2853 5.47881 531.374 790.535 3775050.0
366 0.01345 8.8545e-05 -1474.17 286.103 5.27541 5.46125 510.997 759.811 3684810.0
365 0.01355 8.85366e-05 -1474.3 285.6 5.26563 5.44419 491.427 730.644 3599450.0
364 0.01365 8.85282e-05 -1474.42 285.103 5.25597 5.42731 471.834 701.594 3513800.0
363 0.01375 8.85218e-05 -1474.55 284.634 5.24695 5.4117 453.436 674.57 3434090.0
362 0.01385 8.85145e-05 -1474.67 284.175 5.23805 5.39597 435.37 647.611 3355250.0
361 0.01395 8.85075e-05 -1474.78 283.751 5.22982 5.38159 418.728 622.698 3281790.0
360 0.01405 8.85012e-05 -1474.88 283.343 5.22193 5.36768 402.732 598.73 3211760.0
359 0.01415 8.84945e-05 -1474.99 282.923 5.2138 5.35363 386.33 574.908 3141240.0
358 0.01425 8.84892e-05 -1475.08 282.563 5.20685 5.34132 372.076 553.325 3077660.0
357 0.01435 8.84842e-05 -1475.18 282.193 5.19974 5.32902 357.63 531.918 3014560.0
356 0.01445 8.84772e-05 -1475.27 281.849 5.19299 5.31681 344.083 511.068 2954800.0
355 0.01455 8.84725e-05 -1475.36 281.519 5.18663 5.30569 331.009 491.565 2897180.0
354 0.01465 8.84676e-05 -1475.45 281.183 5.18017 5.29447 318.028 472.481 2840710.0
353 0.01475 8.84632e-05 -1475.53 280.865 5.17404 5.28379 305.284 453.772 2785120.0
352 0.01485 8.84577e-05 -1475.6 280.577 5.16841 5.27393 294.054 436.737 2734740.0
351 0.01495 8.84541e-05 -1475.67 280.304 5.16319 5.26485 283.393 420.725 2687450.0
350 0.01505 8.84497e-05 -1475.74 280.034 5.15795 5.25567 272.75 404.906 2640080.0
349 0.01515 8.84457e-05 -1475.81 279.761 5.15268 5.24643 262.038 389.118 2593750.0
348 0.01525 8.84414e-05 -1475.88 279.503 5.14769 5.23752 251.787 373.731 2549010.0
347 0.01535 8.8438e-05 -1475.94 279.286 5.14349 5.2301 243.228 360.648 2509850.0
346 0.01545 8.84341e-05 -1476.0 279.037 5.13867 5.22186 233.537 346.375 2467890.0
345 0.01555 8.8431e-05 -1476.06 278.82 5.13449 5.21456 224.98 333.635 2429500.0
344 0.01565 8.84274e-05 -1476.11 278.606 5.13034 5.2073 216.603 321.158 2392660.0
343 0.01575 8.8424e-05 -1476.17 278.389 5.12616 5.20002 207.941 308.501 2354970.0
342 0.01585 8.84207e-05 -1476.23 278.167 5.12188 5.1926 199.404 295.97 2318160.0
341 0.01595 8.84172e-05 -1476.27 277.996 5.11853 5.18682 192.507 285.554 2286510.0
340 0.01605 8.84155e-05 -1476.32 277.806 5.11493 5.18037 185.115 274.485 2254240.0
339 0.01615 8.84123e-05 -1476.37 277.627 5.11145 5.17419 178.026 263.83 2222810.0
338 0.01625 8.84092e-05 -1476.41 277.468 5.10835 5.16899 171.809 254.726 2194500.0
337 0.01635 8.84075e-05 -1476.45 277.309 5.10532 5.16365 165.561 245.321 2167130.0
336 0.01645 8.84047e-05 -1476.49 277.146 5.10215 5.15812 159.171 235.763 2138710.0
335 0.01655 8.84021e-05 -1476.53 277.001 5.09934 5.15342 153.401 227.159 2112980.0
334 0.01665 8.84003e-05 -1476.56 276.857 5.09657 5.14862 147.768 218.967 2087690.0
333 0.01675 8.83968e-05 -1476.6 276.712 5.09372 5.14377 142.092 210.507 2063120.0
332 0.01685 8.83956e-05 -1476.64 276.571 5.09104 5.13908 136.513 202.323 2038820.0
331 0.01695 8.83936e-05 -1476.67 276.45 5.0887 5.13527 131.716 195.322 2017080.0
330 0.01705 8.83918e-05 -1476.7 276.323 5.08626 5.131 126.783 187.954 1995240.0
329 0.01715 8.83896e-05 -1476.73 276.192 5.08373 5.12664 121.568 180.338 1972560.0
328 0.01725 8.83867e-05 -1476.77 276.058 5.08109 5.12205 116.381 172.854 1950560.0
327 0.01735 8.8386e-05 -1476.79 275.964 5.07932 5.11874 112.63 166.872 1933070.0
326 0.01745 8.83846e-05 -1476.82 275.848 5.0771 5.11485 108.086 160.283 1913580.0
325 0.01755 8.83817e-05 -1476.85 275.751 5.07515 5.11145 104.221 154.403 1896170.0
324 0.01765 8.83817e-05 -1476.87 275.663 5.07353 5.1087 100.696 149.315 1880500.0
323 0.01775 8.83796e-05 -1476.89 275.564 5.07159 5.10539 96.9761 143.727 1863660.0
322 0.01785 8.83784e-05 -1476.92 275.472 5.06983 5.10228 93.2068 138.117 1847040.0
321 0.01795 8.83768e-05 -1476.94 275.4 5.06841 5.0998 90.4549 133.79 1834180.0
320 0.01805 8.83768e-05 -1476.96 275.316 5.06687 5.0971 87.129 128.947 1819330.0
319 0.01815 8.83738e-05 -1476.98 275.222 5.06497 5.09398 83.4547 123.724 1803430.0
318 0.01825 8.8373e-05 -1477.0 275.145 5.06351 5.09134 80.3865 119.143 1789650.0
317 0.01835 8.83721e-05 -1477.02 275.073 5.06212 5.08917 77.5274 114.967 1777080.0
316 0.01845 8.83714e-05 -1477.04 275.009 5.06091 5.08706 75.0604 111.15 1765440.0
315 0.01855 8.83695e-05 -1477.06 274.931 5.05936 5.08436 72.0323 106.67 1752560.0
314 0.01865 8.83682e-05 -1477.08 274.858 5.05795 5.08194 69.1233 102.426 1739730.0
313 0.01875 8.8368e-05 -1477.09 274.796 5.05679 5.07987 66.6325 98.7013 1728610.0
312 0.01885 8.8366e-05 -1477.11 274.743 5.0557 5.07808 64.5968 95.552 1718850.0
311 0.01895 8.83665e-05 -1477.12 274.684 5.05465 5.07609 62.3947 92.1322 1708780.0
310 0.01905 8.83652e-05 -1477.14 274.63 5.05358 5.07433 60.0828 88.8655 1698510.0
309 0.01915 8.83639e-05 -1477.15 274.571 5.05242 5.07232 57.8582 85.5578 1688580.0
308 0.01925 8.8364e-05 -1477.16 274.521 5.05151 5.07087 55.9421 82.7456 1679780.0
307 0.01935 8.8363e-05 -1477.17 274.466 5.05044 5.06897 53.5718 79.3102 1669480.0
306 0.01945 8.83625e-05 -1477.19 274.413 5.04944 5.06736 51.6664 76.5149 1661150.0
305 0.01955 8.83615e-05 -1477.2 274.369 5.04857 5.06588 49.8022 73.8186 1652700.0
304 0.01965 8.83607e-05 -1477.21 274.325 5.04771 5.06424 48.0735 71.0245 1644920.0
303 0.01975 8.83602e-05 -1477.22 274.282 5.04688 5.06283 46.4546 68.7029 1637540.0
302 0.01985 8.83597e-05 -1477.23 274.231 5.04592 5.06131 44.3509 65.7101 1628580.0
301 0.01995 8.8359e-05 -1477.24 274.2 5.04531 5.06022 43.185 63.8071 1622900.0
300 0.02005 8.8358e-05 -1477.25 274.162 5.04456 5.05893 41.7609 61.571 1616160.0
299 0.02015 8.83581e-05 -1477.26 274.121 5.0438 5.05769 39.976 59.0039 1608400.0
298 0.02025 8.83574e-05 -1477.27 274.082 5.04305 5.05646 38.5777 57.0713 1602290.0
297 0.02035 8.83561e-05 -1477.28 274.047 5.04233 5.05517 37.1939 54.8946 1596110.0
296 0.02045 8.8356e-05 -1477.29 274.014 5.04172 5.05422 35.8813 52.9858 1590080.0
295 0.02055 8.83557e-05 -1477.3 273.977 5.04102 5.05293 34.3245 50.6394 1583430.0
294 0.02065 8.83555e-05 -1477.31 273.946 5.04044 5.05197 33.1653 49.0007 1578150.0
293 0.02075 8.83551e-05 -1477.31 273.915 5.03985 5.05095 31.9282 47.1924 1572440.0
292 0.02085 8.83537e-05 -1477.32 273.892 5.03935 5.05014 31.0912 45.9098 1568570.0
291 0.02095 8.83539e-05 -1477.33 273.863 5.03882 5.04916 29.914 44.0639 1563300.0
290 0.02105 8.83523e-05 -1477.34 273.828 5.03809 5.04791 28.543 42.1378 1557340.0
289 0.02115 8.83532e-05 -1477.34 273.807 5.03775 5.04731 27.6772 40.8193 1553280.0
288 0.02125 8.83526e-05 -1477.35 273.785 5.03732 5.0465 26.9128 39.5174 1549560.0
287 0.02135 8.83516e-05 -1477.35 273.755 5.0367 5.04548 25.5756 37.6751 1544090.0
286 0.02145 8.83516e-05 -1477.36 273.731 5.03626 5.04469 24.7872 36.4935 1540300.0
285 0.02155 8.83503e-05 -1477.37 273.707 5.03575 5.04388 23.7528 35.08 1535680.0
284 0.02165 8.83508e-05 -1477.37 273.687 5.03541 5.04337 23.0086 34.0218 1532350.0
283 0.02175 8.83503e-05 -1477.38 273.667 5.035 5.04248 22.1509 32.611 1528300.0
282 0.02185 8.83504e-05 -1477.39 273.644 5.03459 5.04193 21.2748 31.4197 1524790.0
281 0.02195 8.83501e-05 -1477.39 273.624 5.0342 5.04125 20.5873 30.4413 1521440.0
280 0.02205 8.83491e-05 -1477.39 273.608 5.03386 5.04075 19.7754 29.3221 1518010.0
279 0.02215 8.83486e-05 -1477.4 273.586 5.03342 5.03996 19.0131 28.233 1514690.0
278 0.02225 8.83494e-05 -1477.4 273.571 5.03318 5.03952 18.38 27.2662 1511800.0
277 0.02235 8.83486e-05 -1477.41 273.554 5.03283 5.03897 17.7826 26.4342 1509200.0
276 0.02245 8.83479e-05 -1477.41 273.54 5.03253 5.03847 17.1536 25.4324 1506390.0
275 0.02255 8.83487e-05 -1477.41 273.523 5.03226 5.03792 16.5155 24.4839 1503470.0
274 0.02265 8.83472e-05 -1477.42 273.509 5.03192 5.03725 16.0198 23.6601 1501120.0
273 0.02275 8.83479e-05 -1477.42 273.497 5.03174 5.03697 15.4476 22.7958 1498520.0
272 0.02285 8.83469e-05 -1477.42 273.478 5.03135 5.03641 14.8307 21.9042 1495790.0
271 0.02295 8.83471e-05 -1477.43 273.466 5.03113 5.03607 14.3551 21.2625 1493520.0
270 0.02305 8.83472e-05 -1477.43 273.46 5.03102 5.03569 13.962 20.5785 1491630.0
269 0.02315 8.83463e-05 -1477.43 273.444 5.03069 5.03515 13.4748 19.8946 1489320.0
268 0.02325 8.83463e-05 -1477.44 273.434 5.03049 5.03481 12.9136 19.0728 1487000.0
267 0.02335 8.83468e-05 -1477.44 273.418 5.03022 5.03433 12.4613 18.3336 1484960.0
266 0.02345 8.83463e-05 -1477.44 273.41 5.03005 5.03402 12.0747 17.6998 1483180.0
265 0.02355 8.83459e-05 -1477.45 273.402 5.02988 5.03373 11.7611 17.2159 1481690.0
264 0.02365 8.83464e-05 -1477.45 273.395 5.02978 5.0336 11.3944 16.7063 1479930.0
263 0.02375 8.83458e-05 -1477.45 273.382 5.0295 5.03308 10.9786 16.0547 1478060.0
262 0.02385 8.83457e-05 -1477.46 273.373 5.02933 5.03285 10.5955 15.4691 1476340.0
261 0.02395 8.83456e-05 -1477.46 273.362 5.02913 5.0325 10.1868 14.861 1474500.0
260 0.02405 8.83452e-05 -1477.46 273.356 5.02899 5.03229 9.93807 14.493 1473300.0
259 0.02415 8.83458e-05 -1477.46 273.344 5.02881 5.03191 9.45389 13.7444 1471140.0
258 0.02425 8.83447e-05 -1477.47 273.331 5.0285 5.0316 8.97198 13.22 1469270.0
257 0.02435 8.83456e-05 -1477.47 273.326 5.02847 5.03135 8.72045 12.7999 1468000.0
256 0.02445 8.83452e-05 -1477.47 273.314 5.02822 5.03101 8.31054 12.1913 1466300.0
255 0.02455 8.83437e-05 -1477.47 273.31 5.02807 5.03069 8.07302 11.8378 1465130.0
254 0.02465 8.83448e-05 -1477.47 273.302 5.02797 5.03059 7.79877 11.4167 1463870.0
253 0.02475 8.83448e-05 -1477.47 273.296 5.02786 5.03022 7.5943 11.0678 1462720.0
252 0.02485 8.83439e-05 -1477.48 273.292 5.02775 5.03006 7.29887 10.6476 1461390.0
251 0.02495 8.83444e-05 -1477.48 273.286 5.02767 5.02988 7.17717 10.4018 1460710.0
250 0.02505 8.83443e-05 -1477.48 273.281 5.02757 5.02977 6.93003 10.0359 1459580.0
249 0.02515 8.83444e-05 -1477.48 273.275 5.02747 5.02953 6.6649 9.61475 1458310.0
248 0.02525 8.83447e-05 -1477.48 273.267 5.02733 5.0293 6.39611 9.17952 1457210.0
247 0.02535 8.83435e-05 -1477.48 273.259 5.02712 5.02891 6.14424 8.8534 1455960.0
246 0.02545 8.83439e-05 -1477.49 273.256 5.02709 5.02884 5.90852 8.57251 1455110.0
245 0.02555 8.83442e-05 -1477.49 273.249 5.02698 5.02864 5.64201 8.14862 1453830.0
244 0.02565 8.83434e-05 -1477.49 273.24 5.02676 5.02829 5.39389 7.83847 1452820.0
243 0.02575 8.83441e-05 -1477.49 273.237 5.02675 5.02823 5.15554 7.4985 1451830.0
242 0.02585 8.83431e-05 -1477.49 273.231 5.02658 5.02794 5.07888 7.33453 1451280.0
241 0.02595 8.8344e-05 -1477.49 273.229 5.02659 5.02798 4.90831 7.08514 1450560.0
240 0.02605 8.83431e-05 -1477.49 273.225 5.02647 5.02787 4.76007 6.94596 1449830.0
239 0.02615 8.83438e-05 -1477.49 273.222 5.02646 5.02786 4.67153 6.80918 1449260.0
238 0.02625 8.83433e-05 -1477.49 273.222 5.02642 5.02776 4.60302 6.67784 1448840.0
237 0.02635 8.83436e-05 -1477.49 273.222 5.02644 5.02776 4.53951 6.47211 1448420.0
236 0.02645 8.83434e-05 -1477.49 273.208 5.02618 5.02735 4.17568 6.0255 1447010.0
235 0.02655 8.83428e-05 -1477.5 273.206 5.0261 5.02719 3.99536 5.79181 1446280.0
234 0.02665 8.83432e-05 -1477.5 273.202 5.02606 5.02711 3.88379 5.62554 1445680.0
233 0.02675 8.83426e-05 -1477.5 273.199 5.02596 5.02691 3.78267 5.46417 1445150.0
232 0.02685 8.83435e-05 -1477.5 273.194 5.02591 5.02679 3.46807 5.00266 1444010.0
231 0.02695 8.83426e-05 -1477.5 273.187 5.02575 5.02656 3.3197 4.81587 1443340.0
230 0.02705 8.83431e-05 -1477.5 273.187 5.02577 5.02669 3.25754 4.7248 1443070.0
229 0.02715 8.8343e-05 -1477.5 273.183 5.02569 5.02657 3.16162 4.56417 1442510.0
228 0.02725 8.83431e-05 -1477.5 273.179 5.02563 5.02637 3.01073 4.30497 1441940.0
227 0.02735 8.83433e-05 -1477.5 273.176 5.02557 5.0263 2.89386 4.1623 1441320.0
226 0.02745 8.83434e-05 -1477.51 273.172 5.02551 5.02619 2.71581 4.00017 1440800.0
225 0.02755 8.8343e-05 -1477.51 273.17 5.02545 5.02614 2.66068 3.87017 1440490.0
224 0.02765 8.83425e-05 -1477.5 273.167 5.02537 5.02609 2.58049 3.71776 1440160.0
223 0.02775 8.83436e-05 -1477.51 273.165 5.0254 5.02606 2.46143 3.57023 1439570.0
222 0.02785 8.83435e-05 -1477.51 273.161 5.02531 5.02597 2.32718 3.38567 1439030.0
221 0.02795 8.8343e-05 -1477.51 273.164 5.02534 5.02607 2.30517 3.33933 1439100.0
220 0.02805 8.8343e-05 -1477.5 273.159 5.02525 5.02589 2.24815 3.25159 1438490.0
219 0.02815 8.83435e-05 -1477.51 273.157 5.02523 5.0259 2.14853 3.12515 1438300.0
218 0.02825 8.83421e-05 -1477.51 273.156 5.02514 5.02574 2.08964 3.01225 1437920.0
217 0.02835 8.83438e-05 -1477.51 273.151 5.02514 5.02569 1.93419 2.80228 1437370.0
216 0.02845 8.83427e-05 -1477.51 273.149 5.02505 5.02556 1.86086 2.62966 1437080.0
215 0.02855 8.83428e-05 -1477.51 273.151 5.0251 5.02566 1.82885 2.59764 1436970.0
214 0.02865 8.8343e-05 -1477.51 273.149 5.02506 5.02561 1.7941 2.55619 1436770.0
213 0.02875 8.83423e-05 -1477.51 273.146 5.02496 5.02548 1.7378 2.47479 1436360.0
212 0.02885 8.83434e-05 -1477.51 273.148 5.02507 5.02559 1.68242 2.37994 1436170.0
211 0.02895 8.83432e-05 -1477.51 273.142 5.02494 5.02541 1.56555 2.22258 1435630.0
210 0.02905 8.83426e-05 -1477.51 273.142 5.02492 5.02544 1.53375 2.18812 1435520.0
209 0.02915 8.83431e-05 -1477.51 273.143 5.02496 5.02539 1.52459 2.19848 1435380.0
208 0.02925 8.83431e-05 -1477.51 273.141 5.02492 5.02544 1.53875 2.15235 1435280.0
207 0.02935 8.83422e-05 -1477.51 273.139 5.02484 5.02528 1.41958 2.00795 1434840.0
206 0.02945 8.83428e-05 -1477.51 273.137 5.02483 5.02532 1.38411 1.96692 1434580.0
205 0.02955 8.8343e-05 -1477.51 273.137 5.02484 5.02538 1.34957 1.95557 1434490.0
204 0.02965 8.83426e-05 -1477.51 273.137 5.02482 5.0253 1.34525 1.93157 1434290.0
203 0.02975 8.83433e-05 -1477.51 273.135 5.02483 5.02543 1.29937 1.90468 1434260.0
202 0.02985 8.83429e-05 -1477.51 273.137 5.02483 5.02547 1.29982 1.92702 1434130.0
201 0.02995 8.83428e-05 -1477.51 273.135 5.0248 5.02541 1.2757 1.89142 1434040.0
200 0.03005 8.83433e-05 -1477.51 273.133 5.0248 5.02541 1.20336 1.78436 1433790.0
199 0.03015 8.83426e-05 -1477.51 273.134 5.02477 5.02536 1.21162 1.75311 1433710.0
198 0.03025 8.83425e-05 -1477.51 273.132 5.02472 5.02517 1.14055 1.68123 1433450.0
197 0.03035 8.83429e-05 -1477.51 273.132 5.02474 5.02524 1.12566 1.63265 1433330.0
196 0.03045 8.83423e-05 -1477.51 273.131 5.02469 5.02522 1.07429 1.57264 1433100.0
195 0.03055 8.83426e-05 -1477.51 273.13 5.02469 5.02521 1.02476 1.51409 1432890.0
194 0.03065 8.83425e-05 -1477.51 273.127 5.02464 5.02521 0.919239 1.36463 1432610.0
193 0.03075 8.83426e-05 -1477.51 273.128 5.02465 5.02519 0.996716 1.46042 1432760.0
192 0.03085 8.83425e-05 -1477.51 273.127 5.02462 5.02507 0.904086 1.33785 1432450.0
191 0.03095 8.83429e-05 -1477.51 273.126 5.02463 5.02518 0.915335 1.37372 1432430.0
190 0.03105 8.83427e-05 -1477.51 273.127 5.02464 5.02522 0.889411 1.35518 1432280.0
189 0.03115 8.83424e-05 -1477.51 273.129 5.02465 5.02522 0.881562 1.33126 1432150.0
188 0.03125 8.83426e-05 -1477.51 273.124 5.02458 5.0252 0.880192 1.33712 1432080.0
187 0.03135 8.83425e-05 -1477.51 273.126 5.02462 5.02525 0.843619 1.24084 1432010.0
186 0.03145 8.83423e-05 -1477.51 273.127 5.02462 5.02523 0.897955 1.30297 1432060.0
185 0.03155 8.83428e-05 -1477.51 273.126 5.02463 5.02521 0.830631 1.20516 1431820.0
184 0.03165 8.83421e-05 -1477.51 273.125 5.02456 5.02505 0.786692 1.12869 1431660.0
183 0.03175 8.83427e-05 -1477.51 273.122 5.02455 5.025 0.775392 1.10356 1431550.0
182 0.03185 8.83423e-05 -1477.51 273.125 5.02459 5.02509 0.716793 1.01601 1431490.0
181 0.03195 8.83415e-05 -1477.51 273.121 5.02447 5.02492 0.68954 0.993551 1431250.0
180 0.03205 8.83427e-05 -1477.51 273.122 5.02454 5.02499 0.671536 0.989952 1431190.0
179 0.03215 8.83424e-05 -1477.51 273.122 5.02453 5.02502 0.645449 0.973965 1431060.0
178 0.03225 8.83426e-05 -1477.51 273.119 5.0245 5.02501 0.623667 0.948867 1431040.0
177 0.03235 8.83425e-05 -1477.51 273.121 5.02452 5.02505 0.609575 0.983154 1430930.0
176 0.03245 8.83421e-05 -1477.51 273.122 5.02451 5.02502 0.61798 1.00367 1430990.0
175 0.03255 8.83424e-05 -1477.51 273.12 5.0245 5.02501 0.558027 0.940429 1430750.0
174 0.03265 8.83423e-05 -1477.51 273.116 5.02441 5.02492 0.531049 0.882023 1430650.0
173 0.03275 8.83417e-05 -1477.51 273.118 5.02442 5.02494 0.545653 0.891097 1430590.0
172 0.03285 8.8342e-05 -1477.51 273.118 5.02444 5.02494 0.50387 0.82314 1430530.0
171 0.03295 8.83425e-05 -1477.51 273.116 5.02443 5.02482 0.542773 0.875546 1430530.0
170 0.03305 8.83417e-05 -1477.52 273.118 5.02442 5.02482 0.507884 0.800429 1430450.0
169 0.03315 8.83422e-05 -1477.51 273.117 5.02443 5.02475 0.527673 0.835923 1430410.0
168 0.03325 8.83423e-05 -1477.52 273.116 5.02442 5.02486 0.493397 0.840556 1430320.0
167 0.03335 8.83423e-05 -1477.52 273.116 5.02441 5.02483 0.471594 0.841493 1430230.0
166 0.03345 8.83417e-05 -1477.51 273.115 5.02437 5.02472 0.475293 0.86119 1430210.0
165 0.03355 8.83426e-05 -1477.52 273.116 5.02443 5.02487 0.473577 0.828529 1430260.0
164 0.03365 8.83422e-05 -1477.51 273.116 5.02442 5.02485 0.483707 0.847273 1430210.0
163 0.03375 8.83422e-05 -1477.52 273.115 5.02439 5.02486 0.487136 0.868163 1430240.0
162 0.03385 8.83423e-05 -1477.51 273.117 5.02444 5.02485 0.500018 0.872603 1430220.0
161 0.03395 8.83425e-05 -1477.52 273.115 5.0244 5.02482 0.487243 0.806562 1430140.0
160 0.03405 8.8342e-05 -1477.51 273.116 5.0244 5.02474 0.431163 0.740671 1429980.0
159 0.03415 8.8343e-05 -1477.52 273.114 5.02442 5.02473 0.48545 0.793888 1430060.0
158 0.03425 8.83424e-05 -1477.52 273.115 5.0244 5.02472 0.440627 0.705585 1429990.0
157 0.03435 8.83425e-05 -1477.52 273.114 5.02439 5.02467 0.430329 0.702089 1429900.0
156 0.03445 8.83423e-05 -1477.52 273.114 5.02438 5.02465 0.383505 0.657254 1429830.0
155 0.03455 8.83423e-05 -1477.52 273.111 5.02433 5.02458 0.368445 0.621822 1429690.0
154 0.03465 8.83426e-05 -1477.52 273.112 5.02436 5.0246 0.374097 0.600007 1429660.0
153 0.03475 8.83426e-05 -1477.51 273.114 5.0244 5.02454 0.362162 0.574146 1429620.0
152 0.03485 8.83432e-05 -1477.52 273.112 5.0244 5.02449 0.375133 0.601268 1429600.0
151 0.03495 8.8342e-05 -1477.52 273.112 5.02433 5.02442 0.357953 0.564187 1429530.0
150 0.03505 8.83423e-05 -1477.52 273.113 5.02437 5.02439 0.329308 0.554529 1429440.0
149 0.03515 8.83424e-05 -1477.52 273.111 5.02433 5.02436 0.34566 0.588859 1429430.0
148 0.03525 8.83419e-05 -1477.52 273.111 5.02431 5.02431 0.322585 0.541112 1429390.0
147 0.03535 8.83428e-05 -1477.52 273.112 5.02436 5.02434 0.305787 0.499272 1429310.0
146 0.03545 8.83423e-05 -1477.52 273.11 5.02431 5.0243 0.31346 0.568941 1429320.0
145 0.03555 8.83423e-05 -1477.52 273.112 5.02433 5.02439 0.301013 0.5006 1429350.0
144 0.03565 8.83428e-05 -1477.52 273.111 5.02435 5.02439 0.291741 0.484608 1429220.0
143 0.03575 8.83427e-05 -1477.52 273.11 5.02433 5.02437 0.327256 0.505231 1429230.0
142 0.03585 8.83425e-05 -1477.52 273.114 5.02438 5.02443 0.330489 0.482188 1429290.0
141 0.03595 8.83426e-05 -1477.52 273.112 5.02435 5.02439 0.303634 0.452842 1429180.0
140 0.03605 8.83424e-05 -1477.52 273.113 5.02436 5.02437 0.343237 0.48225 1429270.0
139 0.03615 8.83429e-05 -1477.52 273.113 5.0244 5.02441 0.303888 0.424054 1429140.0
138 0.03625 8.83421e-05 -1477.52 273.111 5.02431 5.02432 0.334643 0.468477 1429130.0
137 0.03635 8.83422e-05 -1477.52 273.113 5.02435 5.02435 0.325195 0.477975 1429150.0
136 0.03645 8.83432e-05 -1477.52 273.11 5.02436 5.0244 0.329785 0.474214 1429060.0
135 0.03655 8.83422e-05 -1477.52 273.111 5.02433 5.02436 0.318589 0.492034 1429010.0
134 0.03665 8.83428e-05 -1477.52 273.111 5.02434 5.02441 0.307669 0.484638 1429030.0
133 0.03675 8.83432e-05 -1477.52 273.112 5.02439 5.02441 0.30424 0.463828 1429010.0
132 0.03685 8.83422e-05 -1477.52 273.111 5.02433 5.02434 0.325242 0.510518 1428970.0
131 0.03695 8.83419e-05 -1477.52 273.113 5.02434 5.0244 0.301152 0.468676 1428950.0
130 0.03705 8.83434e-05 -1477.52 273.111 5.02438 5.02447 0.344746 0.52594 1428990.0
129 0.03715 8.83427e-05 -1477.52 273.112 5.02436 5.02425 0.319194 0.475953 1428860.0
128 0.03725 8.83432e-05 -1477.52 273.113 5.02442 5.02434 0.313363 0.465482 1428900.0
127 0.03735 8.83419e-05 -1477.52 273.113 5.02434 5.02427 0.330151 0.462271 1428830.0
126 0.03745 8.83429e-05 -1477.52 273.112 5.02438 5.02429 0.290884 0.457755 1428830.0
125 0.03755 8.83424e-05 -1477.52 273.111 5.02434 5.0242 0.305078 0.435498 1428780.0
124 0.03765 8.83425e-05 -1477.52 273.114 5.0244 5.02426 0.311386 0.464245 1428830.0
123 0.03775 8.83427e-05 -1477.52 273.109 5.02431 5.02415 0.288467 0.438066 1428750.0
122 0.03785 8.83422e-05 -1477.52 273.111 5.02431 5.02423 0.281755 0.403894 1428760.0
121 0.03795 8.83424e-05 -1477.52 273.112 5.02435 5.02409 0.267592 0.394617 1428690.0
120 0.03805 8.8342e-05 -1477.52 273.11 5.0243 5.02413 0.245831 0.374948 1428690.0
119 0.03815 8.83419e-05 -1477.52 273.109 5.02426 5.024 0.245471 0.382073 1428600.0
118 0.03825 8.83428e-05 -1477.52 273.109 5.02432 5.02422 0.239928 0.396007 1428700.0
117 0.03835 8.83418e-05 -1477.52 273.11 5.02428 5.02407 0.242788 0.411262 1428630.0
116 0.03845 8.83429e-05 -1477.52 273.111 5.02435 5.02414 0.251328 0.42551 1428670.0
115 0.03855 8.83421e-05 -1477.52 273.108 5.02426 5.02411 0.244953 0.396807 1428610.0
114 0.03865 8.83418e-05 -1477.52 273.109 5.02426 5.02411 0.237878 0.361914 1428610.0
113 0.03875 8.83424e-05 -1477.52 273.107 5.02425 5.02403 0.201757 0.322823 1428480.0
112 0.03885 8.83418e-05 -1477.53 273.11 5.02427 5.02402 0.196542 0.339079 1428450.0
111 0.03895 8.83414e-05 -1477.52 273.107 5.02421 5.02384 0.194173 0.319581 1428410.0
110 0.03905 8.83425e-05 -1477.52 273.108 5.02427 5.02389 0.182329 0.296026 1428410.0
109 0.03915 8.83412e-05 -1477.52 273.107 5.02418 5.02381 0.217592 0.343055 1428390.0
108 0.03925 8.83418e-05 -1477.52 273.108 5.02424 5.02394 0.202849 0.296084 1428410.0
107 0.03935 8.83419e-05 -1477.52 273.107 5.02423 5.02396 0.212513 0.311878 1428430.0
106 0.03945 8.83421e-05 -1477.52 273.109 5.02427 5.02401 0.19842 0.300919 1428480.0
105 0.03955 8.83423e-05 -1477.52 273.106 5.02423 5.02389 0.211851 0.320693 1428370.0
104 0.03965 8.83426e-05 -1477.53 273.108 5.02428 5.02402 0.190789 0.285724 1428420.0
103 0.03975 8.83422e-05 -1477.52 273.108 5.02427 5.02391 0.202016 0.311792 1428370.0
102 0.03985 8.83419e-05 -1477.52 273.104 5.02418 5.02388 0.199617 0.327347 1428320.0
101 0.03995 8.83421e-05 -1477.52 273.109 5.02428 5.02411 0.201671 0.383453 1428440.0
100 0.04005 8.83426e-05 -1477.52 273.106 5.02424 5.02397 0.229276 0.426069 1428360.0
99 0.04015 8.83426e-05 -1477.52 273.11 5.02432 5.02416 0.236388 0.423326 1428460.0
98 0.04025 8.83418e-05 -1477.52 273.108 5.02423 5.024 0.245429 0.419653 1428380.0
97 0.04035 8.83424e-05 -1477.52 273.106 5.02424 5.02409 0.239971 0.398954 1428400.0
96 0.04045 8.83419e-05 -1477.52 273.11 5.02428 5.02401 0.266668 0.404364 1428380.0
95 0.04055 8.83423e-05 -1477.52 273.107 5.02424 5.02401 0.265902 0.392093 1428340.0
94 0.04065 8.8342e-05 -1477.53 273.109 5.02428 5.02402 0.262239 0.385766 1428360.0
93 0.04075 8.83417e-05 -1477.52 273.109 5.02425 5.02404 0.272376 0.435742 1428360.0
92 0.04085 8.8342e-05 -1477.52 273.109 5.02427 5.0241 0.286402 0.496819 1428380.0
91 0.04095 8.83418e-05 -1477.52 273.109 5.02427 5.02406 0.276856 0.460355 1428370.0
90 0.04105 8.83427e-05 -1477.52 273.109 5.02431 5.02405 0.28128 0.447711 1428360.0
89 0.04115 8.8342e-05 -1477.52 273.11 5.02429 5.024 0.29494 0.477613 1428340.0
88 0.04125 8.83419e-05 -1477.52 273.109 5.02426 5.02394 0.315938 0.501404 1428330.0
87 0.04135 8.83423e-05 -1477.52 273.112 5.02435 5.02408 0.336444 0.541462 1428420.0
86 0.04145 8.83427e-05 -1477.52 273.11 5.02433 5.02392 0.309966 0.517267 1428310.0
85 0.04155 8.8342e-05 -1477.52 273.112 5.02432 5.02398 0.31823 0.509344 1428340.0
84 0.04165 8.83423e-05 -1477.52 273.108 5.02427 5.02388 0.324399 0.514051 1428260.0
83 0.04175 8.83418e-05 -1477.53 273.111 5.02429 5.02385 0.298608 0.46339 1428260.0
82 0.04185 8.83422e-05 -1477.53 273.111 5.02432 5.02392 0.305198 0.4617 1428260.0
81 0.04195 8.83422e-05 -1477.53 273.108 5.02426 5.02379 0.294732 0.433424 1428220.0
80 0.04205 8.83418e-05 -1477.52 273.108 5.02424 5.02378 0.283271 0.449916 1428210.0
79 0.04215 8.83419e-05 -1477.53 273.11 5.02429 5.0239 0.293388 0.443651 1428280.0
78 0.04225 8.83415e-05 -1477.52 273.109 5.02423 5.02375 0.31126 0.480247 1428220.0
77 0.04235 8.83425e-05 -1477.53 273.106 5.02424 5.02374 0.316214 0.471363 1428180.0
76 0.04245 8.83415e-05 -1477.52 273.111 5.02428 5.02373 0.329866 0.513084 1428240.0
75 0.04255 8.83422e-05 -1477.53 273.111 5.02431 5.0239 0.347545 0.478287 1428340.0
74 0.04265 8.83412e-05 -1477.52 273.109 5.02423 5.02375 0.369264 0.540566 1428240.0
73 0.04275 8.83425e-05 -1477.52 273.109 5.0243 5.02391 0.361521 0.521489 1428290.0
72 0.04285 8.8342e-05 -1477.52 273.109 5.02427 5.02391 0.36622 0.531359 1428290.0
71 0.04295 8.83421e-05 -1477.52 273.11 5.02429 5.02376 0.346994 0.50016 1428240.0
70 0.04305 8.83413e-05 -1477.53 273.108 5.02421 5.02378 0.336907 0.459284 1428190.0
69 0.04315 8.83416e-05 -1477.53 273.109 5.02425 5.02378 0.352782 0.452373 1428160.0
68 0.04325 8.83418e-05 -1477.52 273.109 5.02425 5.02372 0.335132 0.43579 1428140.0
67 0.04335 8.83423e-05 -1477.53 273.109 5.02429 5.02381 0.335176 0.41498 1428130.0
66 0.04345 8.83414e-05 -1477.52 273.11 5.02425 5.02381 0.34835 0.474414 1428170.0
65 0.04355 8.83417e-05 -1477.52 273.11 5.02427 5.02388 0.336824 0.510458 1428190.0
64 0.04365 8.83422e-05 -1477.52 273.108 5.02426 5.02385 0.344647 0.502292 1428150.0
63 0.04375 8.83419e-05 -1477.52 273.109 5.02426 5.02387 0.332735 0.546393 1428170.0
62 0.04385 8.83417e-05 -1477.52 273.108 5.02424 5.02392 0.346568 0.549287 1428170.0
61 0.04395 8.83415e-05 -1477.52 273.108 5.02423 5.0239 0.35946 0.568393 1428190.0
60 0.04405 8.83431e-05 -1477.52 273.109 5.02434 5.024 0.343342 0.538658 1428220.0
59 0.04415 8.83419e-05 -1477.52 273.107 5.02424 5.0239 0.348993 0.553663 1428160.0
58 0.04425 8.83411e-05 -1477.53 273.111 5.02425 5.02395 0.3464 0.58119 1428170.0
57 0.04435 8.83419e-05 -1477.52 273.108 5.02424 5.02391 0.380167 0.61524 1428150.0
56 0.04445 8.83419e-05 -1477.53 273.11 5.02429 5.02396 0.372894 0.561854 1428170.0
55 0.04455 8.83422e-05 -1477.52 273.107 5.02424 5.02389 0.383845 0.594346 1428140.0
54 0.04465 8.83419e-05 -1477.52 273.111 5.02429 5.02392 0.395285 0.597693 1428160.0
53 0.04475 8.83423e-05 -1477.53 273.111 5.02432 5.02388 0.414056 0.623297 1428140.0
52 0.04485 8.83422e-05 -1477.53 273.112 5.02433 5.02397 0.411379 0.623624 1428190.0
51 0.04495 8.83422e-05 -1477.52 273.11 5.0243 5.02387 0.415512 0.64495 1428110.0
50 0.04505 8.8342e-05 -1477.53 273.111 5.02431 5.02393 0.386746 0.61897 1428110.0
49 0.04515 8.83423e-05 -1477.53 273.108 5.02427 5.02381 0.394748 0.654959 1428040.0
48 0.04525 8.83414e-05 -1477.53 273.11 5.02425 5.0238 0.399866 0.65604 1428050.0
47 0.04535 8.83415e-05 -1477.53 273.11 5.02427 5.0238 0.395863 0.607477 1428020.0
46 0.04545 8.8342e-05 -1477.53 273.11 5.02428 5.02364 0.377327 0.58507 1427920.0
45 0.04555 8.83411e-05 -1477.53 273.109 5.02421 5.02358 0.407349 0.613987 1427910.0
44 0.04565 8.83418e-05 -1477.53 273.109 5.02425 5.02368 0.40629 0.652245 1427940.0
43 0.04575 8.83417e-05 -1477.53 273.11 5.02427 5.02363 0.382556 0.624683 1427900.0
42 0.04585 8.83417e-05 -1477.53 273.108 5.02423 5.02361 0.392857 0.648149 1427880.0
41 0.04595 8.83414e-05 -1477.53 273.112 5.0243 5.0237 0.378653 0.618455 1427900.0
40 0.04605 8.83408e-05 -1477.53 273.107 5.02416 5.0234 0.380319 0.606036 1427770.0
39 0.04615 8.83422e-05 -1477.53 273.107 5.02425 5.02351 0.384078 0.593031 1427800.0
38 0.04625 8.83416e-05 -1477.53 273.109 5.02425 5.02349 0.362481 0.578716 1427800.0
37 0.04635 8.83416e-05 -1477.53 273.11 5.02426 5.02355 0.398855 0.632368 1427820.0
36 0.04645 8.83424e-05 -1477.53 273.109 5.02429 5.0236 0.412837 0.632996 1427840.0
35 0.04655 8.83408e-05 -1477.53 273.111 5.02423 5.02353 0.404374 0.640748 1427830.0
34 0.04665 8.83418e-05 -1477.53 273.11 5.02427 5.02365 0.422042 0.650315 1427840.0
33 0.04675 8.83415e-05 -1477.53 273.109 5.02425 5.02357 0.410903 0.651737 1427820.0
32 0.04685 8.83415e-05 -1477.53 273.109 5.02425 5.02368 0.420759 0.672647 1427830.0
31 0.04695 8.83415e-05 -1477.53 273.111 5.02428 5.02364 0.410573 0.634507 1427790.0
30 0.04705 8.8342e-05 -1477.53 273.108 5.02426 5.02359 0.381385 0.602533 1427750.0
29 0.04715 8.8342e-05 -1477.53 273.108 5.02426 5.02356 0.374154 0.574256 1427710.0
28 0.04725 8.8341e-05 -1477.53 273.11 5.02423 5.02361 0.360404 0.581185 1427730.0
27 0.04735 8.83416e-05 -1477.53 273.109 5.02425 5.0235 0.369548 0.603352 1427660.0
26 0.04745 8.83418e-05 -1477.53 273.107 5.02422 5.02355 0.359186 0.58005 1427650.0
25 0.04755 8.83412e-05 -1477.53 273.109 5.02423 5.02353 0.354266 0.60854 1427650.0
24 0.04765 8.83416e-05 -1477.53 273.108 5.02423 5.02361 0.357254 0.612731 1427670.0
23 0.04775 8.83421e-05 -1477.53 273.109 5.02427 5.02358 0.35347 0.621448 1427630.0
22 0.04785 8.83411e-05 -1477.53 273.108 5.0242 5.02357 0.352615 0.654802 1427630.0
21 0.04795 8.8342e-05 -1477.53 273.106 5.02421 5.0236 0.335198 0.631873 1427610.0
20 0.04805 8.83411e-05 -1477.53 273.108 5.02419 5.0236 0.371767 0.676002 1427590.0
19 0.04815 8.83413e-05 -1477.53 273.109 5.02422 5.02358 0.375793 0.714569 1427550.0
18 0.04825 8.83416e-05 -1477.53 273.108 5.02422 5.02361 0.358588 0.657208 1427520.0
17 0.04835 8.83418e-05 -1477.53 273.107 5.02423 5.02369 0.369436 0.708676 1427540.0
16 0.04845 8.83409e-05 -1477.53 273.108 5.0242 5.02354 0.344087 0.647599 1427500.0
15 0.04855 8.83406e-05 -1477.53 273.106 5.02414 5.02359 0.359322 0.644019 1427480.0
14 0.04865 8.8342e-05 -1477.53 273.108 5.02425 5.02366 0.33557 0.612071 1427490.0
13 0.04875 8.83417e-05 -1477.53 273.107 5.02421 5.02357 0.32276 0.570844 1427420.0
12 0.04885 8.83409e-05 -1477.53 273.108 5.02418 5.02356 0.324283 0.549471 1427370.0
11 0.04895 8.8342e-05 -1477.53 273.104 5.02418 5.02339 0.306005 0.528539 1427260.0
10 0.04905 8.83418e-05 -1477.53 273.107 5.02422 5.02343 0.309445 0.485847 1427240.0
9 0.04915 8.83416e-05 -1477.53 273.106 5.02419 5.02339 0.27239 0.448403 1427200.0
8 0.04925 8.83413e-05 -1477.53 273.104 5.02413 5.0233 0.280198 0.470624 1427110.0
7 0.04935 8.83412e-05 -1477.53 273.105 5.02415 5.02335 0.27128 0.459097 1427100.0
6 0.04945 8.8342e-05 -1477.53 273.105 5.02419 5.02345 0.242474 0.391653 1427060.0
5 0.04955 8.83418e-05 -1477.53 273.104 5.02417 5.02334 0.212605 0.330234 1426990.0
4 0.04965 8.83412e-05 -1477.53 273.104 5.02414 5.0233 0.210982 0.297449 1426920.0
3 0.04975 8.83412e-05 -1477.53 273.102 5.02411 5.02312 0.165581 0.220176 1426780.0
2 0.04985 8.83412e-05 -1477.53 273.102 5.0241 5.0231 0.145209 0.142602 1426660.0
1 0.04995 8.83419e-05 -1477.53 273.101 5.02412 5.02301 0.111425 0.0790497 1426530.0
