TITLE = "DSMC"
VARIABLES = "ID" "X" "rho" "v1" "Ttrans" "p" "p1" "q1" "mv1v1v1" "mvvv1v1"
ZONE T="Ma=4.8_inv", I=800, J=1, K=1, F=POINT
800 -0.02995 0.000312851 -417.458 2200.64 143.369 143.365 -4.29502 -7.48908 328501000.0
799 -0.02985 0.000312835 -417.477 2200.67 143.364 143.361 0.415689 1.67647 328495000.0
798 -0.02975 0.000312835 -417.48 2200.64 143.362 143.362 -0.879602 1.08095 328500000.0
797 -0.02965 0.000312838 -417.473 2200.67 143.365 143.362 -0.532651 1.41839 328498000.0
796 -0.02955 0.000312853 -417.455 2200.65 143.371 143.363 -3.8402 -5.2137 328494000.0
795 -0.02945 0.00031286 -417.442 2200.68 143.376 143.365 -4.28835 -10.0619 328494000.0
794 -0.02935 0.000312869 -417.435 2200.69 143.38 143.366 -4.85612 -14.7977 328499000.0
793 -0.02925 0.000312868 -417.433 2200.72 143.383 143.365 -5.27324 -17.1877 328497000.0
792 -0.02915 0.000312855 -417.451 2200.64 143.371 143.363 -4.51307 -9.72935 328498000.0
791 -0.02905 0.000312856 -417.45 2200.64 143.372 143.365 -5.01268 -8.72764 328501000.0
790 -0.02895 0.000312843 -417.468 2200.64 143.365 143.362 -2.30549 -3.02824 328497000.0
789 -0.02885 0.000312839 -417.471 2200.68 143.367 143.36 -0.226753 -4.11319 328497000.0
788 -0.02875 0.000312849 -417.462 2200.73 143.374 143.364 0.341016 -5.54891 328513000.0
787 -0.02865 0.000312842 -417.469 2200.64 143.365 143.361 -1.97626 -1.46651 328504000.0
786 -0.02855 0.000312819 -417.502 2200.71 143.359 143.357 6.06175 9.9301 328497000.0
785 -0.02845 0.000312833 -417.482 2200.64 143.361 143.361 0.531194 4.38514 328506000.0
784 -0.02835 0.000312845 -417.468 2200.59 143.363 143.362 -4.44873 1.10868 328500000.0
783 -0.02825 0.000312842 -417.47 2200.56 143.36 143.362 -4.74297 3.0145 328495000.0
782 -0.02815 0.00031286 -417.448 2200.72 143.378 143.365 -1.56168 -5.77768 328507000.0
781 -0.02805 0.000312838 -417.473 2200.73 143.37 143.36 1.77395 5.64402 328497000.0
780 -0.02795 0.00031283 -417.49 2200.76 143.368 143.36 5.31203 11.6848 328508000.0
779 -0.02785 0.000312838 -417.474 2200.66 143.365 143.359 0.0679745 7.45235 328496000.0
778 -0.02775 0.000312848 -417.462 2200.67 143.37 143.364 -1.2447 1.40147 328514000.0
777 -0.02765 0.000312854 -417.455 2200.66 143.372 143.363 -3.69924 -1.6112 328503000.0
776 -0.02755 0.000312852 -417.456 2200.7 143.374 143.361 -0.0921174 0.399298 328498000.0
775 -0.02745 0.000312852 -417.46 2200.7 143.373 143.364 -0.803782 0.976924 328507000.0
774 -0.02735 0.000312863 -417.44 2200.74 143.382 143.365 -1.16677 -7.08277 328510000.0
773 -0.02725 0.000312855 -417.454 2200.73 143.377 143.364 0.801605 -2.41958 328516000.0
772 -0.02715 0.000312855 -417.451 2200.7 143.375 143.363 -1.60092 -5.31264 328513000.0
771 -0.02705 0.000312856 -417.454 2200.67 143.374 143.364 -1.79485 -6.13806 328512000.0
770 -0.02695 0.000312859 -417.446 2200.65 143.374 143.364 -4.0333 -9.65147 328516000.0
769 -0.02685 0.000312855 -417.453 2200.71 143.376 143.366 -0.310812 -10.6503 328520000.0
768 -0.02675 0.000312844 -417.469 2200.76 143.374 143.362 3.28214 -6.21352 328513000.0
767 -0.02665 0.000312837 -417.477 2200.74 143.37 143.361 4.30241 -0.178352 328509000.0
766 -0.02655 0.000312846 -417.464 2200.74 143.373 143.363 2.37767 -3.727 328508000.0
765 -0.02645 0.000312845 -417.465 2200.85 143.38 143.361 6.77026 -1.15117 328510000.0
764 -0.02635 0.000312847 -417.464 2200.75 143.375 143.362 2.97095 -0.996467 328504000.0
763 -0.02625 0.000312858 -417.448 2200.68 143.375 143.363 -2.96313 -6.65529 328500000.0
762 -0.02615 0.000312892 -417.404 2200.67 143.39 143.37 -8.17735 -20.567 328513000.0
761 -0.02605 0.000312857 -417.45 2200.76 143.38 143.363 0.830223 -5.06158 328506000.0
760 -0.02595 0.000312855 -417.453 2200.77 143.379 143.363 1.7037 -1.73913 328507000.0
759 -0.02585 0.00031286 -417.446 2200.75 143.381 143.364 1.91946 -4.4522 328509000.0
758 -0.02575 0.000312854 -417.452 2200.65 143.372 143.364 -2.82106 -5.65062 328508000.0
757 -0.02565 0.00031286 -417.447 2200.67 143.375 143.366 -3.14741 -7.651 328511000.0
756 -0.02555 0.000312859 -417.445 2200.6 143.37 143.364 -6.68341 -10.6285 328506000.0
755 -0.02545 0.000312839 -417.477 2200.7 143.368 143.362 2.51743 3.97628 328503000.0
754 -0.02535 0.000312861 -417.444 2200.65 143.375 143.365 -4.39531 -7.49176 328510000.0
753 -0.02525 0.000312852 -417.457 2200.71 143.374 143.363 0.367997 -1.2376 328508000.0
752 -0.02515 0.000312853 -417.457 2200.62 143.369 143.364 -1.6294 0.21323 328506000.0
751 -0.02505 0.00031284 -417.471 2200.65 143.365 143.359 0.0839972 3.50973 328494000.0
750 -0.02495 0.00031285 -417.461 2200.65 143.37 143.361 -2.5353 -1.86478 328497000.0
749 -0.02485 0.000312853 -417.454 2200.57 143.366 143.363 -5.296 -0.490948 328495000.0
748 -0.02475 0.000312877 -417.426 2200.6 143.379 143.366 -8.32287 -13.1897 328503000.0
747 -0.02465 0.000312868 -417.433 2200.61 143.376 143.364 -6.47009 -10.0576 328497000.0
746 -0.02455 0.00031286 -417.446 2200.64 143.373 143.363 -3.16738 -7.1396 328489000.0
745 -0.02445 0.000312855 -417.454 2200.68 143.374 143.363 -0.617737 -4.23839 328489000.0
744 -0.02435 0.000312853 -417.454 2200.61 143.369 143.362 -2.16902 -1.87021 328488000.0
743 -0.02425 0.000312848 -417.463 2200.67 143.37 143.361 1.37835 1.09883 328488000.0
742 -0.02415 0.000312856 -417.455 2200.62 143.37 143.363 -3.18627 -4.41848 328496000.0
741 -0.02405 0.000312847 -417.463 2200.66 143.368 143.362 0.27724 -1.96354 328502000.0
740 -0.02395 0.000312842 -417.471 2200.69 143.369 143.359 0.955813 -1.14732 328498000.0
739 -0.02385 0.000312849 -417.46 2200.62 143.367 143.361 -1.63359 -3.25909 328502000.0
738 -0.02375 0.000312859 -417.446 2200.59 143.37 143.364 -5.11246 -4.99572 328502000.0
737 -0.02365 0.000312868 -417.435 2200.56 143.372 143.364 -8.78481 -10.3908 328501000.0
736 -0.02355 0.000312858 -417.447 2200.65 143.373 143.364 -2.91338 -7.31156 328505000.0
735 -0.02345 0.000312866 -417.44 2200.69 143.38 143.365 -1.91802 -8.62977 328503000.0
734 -0.02335 0.000312857 -417.45 2200.66 143.373 143.362 -1.0847 0.482899 328496000.0
733 -0.02325 0.000312838 -417.475 2200.68 143.366 143.359 3.25691 10.0029 328497000.0
732 -0.02315 0.000312847 -417.461 2200.6 143.365 143.361 -2.10623 2.17362 328497000.0
731 -0.02305 0.000312838 -417.477 2200.65 143.364 143.36 1.10067 6.89699 328494000.0
730 -0.02295 0.000312837 -417.478 2200.59 143.36 143.359 0.395372 5.57357 328489000.0
729 -0.02285 0.000312831 -417.482 2200.63 143.359 143.358 3.11081 6.92885 328490000.0
728 -0.02275 0.000312828 -417.49 2200.58 143.355 143.356 1.78044 9.97988 328482000.0
727 -0.02265 0.000312847 -417.462 2200.61 143.365 143.361 -0.22677 3.42511 328495000.0
726 -0.02255 0.000312851 -417.459 2200.74 143.376 143.361 3.56215 0.493825 328495000.0
725 -0.02245 0.000312835 -417.484 2200.72 143.367 143.358 6.38654 7.80512 328492000.0
724 -0.02235 0.000312856 -417.45 2200.59 143.368 143.362 -3.14685 -2.52595 328490000.0
723 -0.02225 0.000312846 -417.465 2200.64 143.367 143.359 1.30359 3.71271 328486000.0
722 -0.02215 0.000312853 -417.458 2200.63 143.369 143.36 0.158964 1.95377 328485000.0
721 -0.02205 0.00031286 -417.449 2200.58 143.37 143.363 -4.08754 -4.08104 328492000.0
720 -0.02195 0.000312841 -417.471 2200.64 143.365 143.357 2.44691 6.13716 328478000.0
719 -0.02185 0.000312825 -417.496 2200.67 143.359 143.357 6.43021 12.3146 328483000.0
718 -0.02175 0.000312834 -417.482 2200.71 143.366 143.358 6.99248 7.99221 328481000.0
717 -0.02165 0.000312839 -417.476 2200.61 143.362 143.357 2.20873 1.65996 328476000.0
716 -0.02155 0.000312841 -417.47 2200.59 143.362 143.358 0.305897 -2.24065 328470000.0
715 -0.02145 0.00031286 -417.444 2200.53 143.367 143.361 -5.51726 -12.4372 328473000.0
714 -0.02135 0.000312856 -417.453 2200.58 143.368 143.361 -1.89406 -12.5731 328469000.0
713 -0.02125 0.000312862 -417.445 2200.55 143.369 143.361 -5.14679 -18.6404 328467000.0
712 -0.02115 0.000312852 -417.456 2200.56 143.365 143.359 -1.25233 -13.2016 328467000.0
711 -0.02105 0.00031286 -417.447 2200.56 143.368 143.362 -4.25395 -16.102 328472000.0
710 -0.02095 0.000312839 -417.475 2200.6 143.361 143.358 2.61371 -2.73662 328468000.0
709 -0.02085 0.000312854 -417.457 2200.55 143.365 143.361 -1.95788 -8.13119 328472000.0
708 -0.02075 0.000312846 -417.467 2200.6 143.365 143.36 1.14115 -4.17652 328469000.0
707 -0.02065 0.000312861 -417.446 2200.58 143.37 143.362 -4.1193 -11.1754 328470000.0
706 -0.02055 0.000312862 -417.445 2200.45 143.362 143.362 -8.77487 -11.9733 328459000.0
705 -0.02045 0.000312868 -417.441 2200.5 143.368 143.363 -6.8025 -12.0267 328469000.0
704 -0.02035 0.000312856 -417.452 2200.57 143.368 143.36 -0.990621 -5.68566 328471000.0
703 -0.02025 0.000312872 -417.433 2200.48 143.369 143.364 -8.44446 -9.24975 328474000.0
702 -0.02015 0.000312866 -417.445 2200.55 143.37 143.363 -4.3128 -6.26423 328478000.0
701 -0.02005 0.000312858 -417.453 2200.58 143.369 143.359 -1.65894 -4.74336 328467000.0
700 -0.01995 0.00031287 -417.436 2200.51 143.37 143.363 -6.04139 -6.58208 328474000.0
699 -0.01985 0.000312872 -417.436 2200.57 143.374 143.364 -5.20291 -6.53623 328478000.0
698 -0.01975 0.000312864 -417.442 2200.68 143.378 143.361 0.868163 -1.56351 328481000.0
697 -0.01965 0.000312874 -417.432 2200.62 143.378 143.365 -1.90235 -5.81451 328486000.0
696 -0.01955 0.000312879 -417.428 2200.54 143.375 143.364 -6.48423 -5.69158 328481000.0
695 -0.01945 0.000312883 -417.422 2200.49 143.374 143.366 -9.66534 -10.1156 328483000.0
694 -0.01935 0.00031288 -417.426 2200.5 143.373 143.363 -7.64448 -6.15616 328481000.0
693 -0.01925 0.000312868 -417.441 2200.55 143.372 143.362 -4.43538 0.066992 328483000.0
692 -0.01915 0.000312874 -417.433 2200.65 143.381 143.363 -1.5845 -3.7221 328484000.0
691 -0.01905 0.000312856 -417.457 2200.73 143.378 143.36 5.80464 3.85276 328489000.0
690 -0.01895 0.000312861 -417.451 2200.59 143.37 143.36 -0.903138 -0.00772307 328479000.0
689 -0.01885 0.000312853 -417.462 2200.6 143.368 143.359 0.979084 2.7845 328476000.0
688 -0.01875 0.000312868 -417.445 2200.62 143.376 143.361 -1.85379 -4.94056 328483000.0
687 -0.01865 0.000312865 -417.445 2200.6 143.373 143.361 -1.25632 -4.04661 328487000.0
686 -0.01855 0.000312848 -417.47 2200.61 143.366 143.357 3.64017 5.00969 328476000.0
685 -0.01845 0.000312854 -417.462 2200.6 143.368 143.359 1.40283 2.78386 328479000.0
684 -0.01835 0.000312858 -417.458 2200.55 143.367 143.36 -1.35538 0.283226 328475000.0
683 -0.01825 0.000312857 -417.456 2200.54 143.365 143.358 -0.866449 2.31963 328465000.0
682 -0.01815 0.000312863 -417.454 2200.61 143.372 143.359 0.522854 -1.35144 328475000.0
681 -0.01805 0.000312845 -417.473 2200.65 143.367 143.358 5.32819 8.96573 328476000.0
680 -0.01795 0.000312868 -417.444 2200.6 143.374 143.36 -1.22065 -4.25504 328480000.0
679 -0.01785 0.000312852 -417.464 2200.6 143.367 143.359 2.09024 7.68564 328480000.0
678 -0.01775 0.000312848 -417.468 2200.59 143.365 143.356 1.83089 10.0786 328469000.0
677 -0.01765 0.000312852 -417.462 2200.66 143.371 143.359 5.33094 7.9811 328483000.0
676 -0.01755 0.000312853 -417.462 2200.59 143.367 143.356 1.7642 5.93869 328470000.0
675 -0.01745 0.000312848 -417.47 2200.58 143.364 143.357 1.74131 5.97728 328476000.0
674 -0.01735 0.000312853 -417.459 2200.52 143.363 143.357 -1.35423 2.83071 328471000.0
673 -0.01725 0.000312852 -417.465 2200.56 143.365 143.359 0.741502 5.82359 328477000.0
672 -0.01715 0.000312839 -417.482 2200.61 143.362 143.356 5.71495 13.5895 328472000.0
671 -0.01705 0.000312853 -417.461 2200.57 143.366 143.357 0.984361 5.29284 328463000.0
670 -0.01695 0.000312845 -417.475 2200.6 143.364 143.355 4.06633 10.5109 328460000.0
669 -0.01685 0.000312855 -417.459 2200.56 143.366 143.358 0.135855 4.19504 328463000.0
668 -0.01675 0.000312856 -417.462 2200.47 143.36 143.358 -2.44052 5.39822 328457000.0
667 -0.01665 0.000312855 -417.46 2200.54 143.365 143.358 -1.24332 4.02105 328460000.0
666 -0.01655 0.000312849 -417.468 2200.62 143.367 143.357 4.42362 8.77593 328464000.0
665 -0.01645 0.000312842 -417.477 2200.5 143.356 143.356 0.29373 12.6531 328455000.0
664 -0.01635 0.000312856 -417.46 2200.56 143.366 143.357 1.03903 5.39575 328455000.0
663 -0.01625 0.000312842 -417.477 2200.55 143.36 143.355 2.42102 12.6297 328455000.0
662 -0.01615 0.00031286 -417.456 2200.57 143.369 143.36 0.59439 4.1632 328466000.0
661 -0.01605 0.000312855 -417.46 2200.57 143.367 143.357 0.746016 4.61356 328457000.0
660 -0.01595 0.000312858 -417.457 2200.59 143.369 143.358 1.4433 0.955289 328453000.0
659 -0.01585 0.000312855 -417.46 2200.61 143.369 143.357 2.84438 4.09383 328458000.0
658 -0.01575 0.000312871 -417.439 2200.6 143.376 143.361 -0.529088 -6.362 328456000.0
657 -0.01565 0.000312855 -417.457 2200.57 143.367 143.358 1.58213 2.67782 328454000.0
656 -0.01555 0.000312846 -417.472 2200.53 143.36 143.356 1.66647 6.98961 328452000.0
655 -0.01545 0.00031286 -417.452 2200.47 143.363 143.358 -3.96693 -1.17763 328450000.0
654 -0.01535 0.000312857 -417.457 2200.5 143.363 143.358 -1.49033 1.9859 328452000.0
653 -0.01525 0.000312842 -417.477 2200.55 143.359 143.354 3.27557 7.99842 328456000.0
652 -0.01515 0.000312856 -417.459 2200.47 143.361 143.357 -3.2897 -0.601766 328456000.0
651 -0.01505 0.000312858 -417.452 2200.5 143.363 143.357 -2.21264 -0.262248 328455000.0
650 -0.01495 0.000312836 -417.484 2200.64 143.362 143.356 5.8115 9.10117 328464000.0
649 -0.01485 0.000312837 -417.481 2200.57 143.358 143.355 4.05483 9.21166 328454000.0
648 -0.01475 0.000312855 -417.458 2200.63 143.37 143.358 2.40964 4.08009 328459000.0
647 -0.01465 0.000312859 -417.453 2200.67 143.375 143.357 4.87501 4.1265 328456000.0
646 -0.01455 0.000312881 -417.42 2200.6 143.38 143.363 -3.54348 -6.40133 328463000.0
645 -0.01445 0.000312877 -417.428 2200.62 143.38 143.361 -1.54812 -5.49855 328460000.0
644 -0.01435 0.000312874 -417.43 2200.63 143.379 143.361 0.0394939 -2.83641 328458000.0
643 -0.01425 0.00031288 -417.421 2200.59 143.379 143.363 -2.67136 -7.10938 328465000.0
642 -0.01415 0.000312851 -417.461 2200.6 143.367 143.358 2.80758 5.05369 328454000.0
641 -0.01405 0.00031285 -417.463 2200.53 143.362 143.358 0.0566243 4.48439 328452000.0
640 -0.01395 0.000312849 -417.463 2200.63 143.368 143.358 4.25884 6.1322 328453000.0
639 -0.01385 0.000312858 -417.452 2200.64 143.372 143.36 3.65355 3.46006 328454000.0
638 -0.01375 0.000312873 -417.436 2200.63 143.379 143.36 0.570842 -7.27192 328455000.0
637 -0.01365 0.000312859 -417.451 2200.6 143.371 143.359 2.53981 0.654607 328449000.0
636 -0.01355 0.000312832 -417.487 2200.55 143.355 143.354 5.01113 10.4303 328436000.0
635 -0.01345 0.000312841 -417.476 2200.53 143.358 143.356 2.65794 4.83036 328441000.0
634 -0.01335 0.000312833 -417.483 2200.62 143.36 143.356 6.42564 6.91293 328441000.0
633 -0.01325 0.000312841 -417.474 2200.57 143.36 143.357 4.59876 5.99602 328439000.0
632 -0.01315 0.000312845 -417.468 2200.59 143.364 143.358 4.87725 5.50404 328439000.0
631 -0.01305 0.000312816 -417.505 2200.61 143.351 143.352 10.3462 15.4597 328426000.0
630 -0.01295 0.000312808 -417.52 2200.63 143.349 143.35 12.1844 18.8049 328422000.0
629 -0.01285 0.000312815 -417.509 2200.68 143.355 143.352 14.2546 13.67 328424000.0
628 -0.01275 0.000312792 -417.538 2200.62 143.341 143.347 15.748 23.5008 328411000.0
627 -0.01265 0.000312798 -417.529 2200.66 143.346 143.349 16.4931 19.9945 328424000.0
626 -0.01255 0.000312803 -417.525 2200.64 143.348 143.349 13.6019 14.2547 328413000.0
625 -0.01245 0.000312798 -417.529 2200.6 143.342 143.347 14.2779 17.9265 328407000.0
624 -0.01235 0.000312823 -417.498 2200.63 143.356 143.353 10.2099 7.0323 328412000.0
623 -0.01225 0.000312807 -417.515 2200.6 143.347 143.35 11.6751 15.4049 328402000.0
622 -0.01215 0.000312797 -417.533 2200.62 143.343 143.35 14.2727 20.0397 328405000.0
621 -0.01205 0.000312811 -417.514 2200.65 143.351 143.351 12.5833 12.7973 328405000.0
620 -0.01195 0.000312787 -417.543 2200.59 143.337 143.345 14.2046 21.7502 328387000.0
619 -0.01185 0.000312796 -417.53 2200.61 143.342 143.348 14.7358 20.4451 328389000.0
618 -0.01175 0.0003128 -417.529 2200.68 143.349 143.349 14.4298 16.8377 328387000.0
617 -0.01165 0.000312812 -417.51 2200.61 143.349 143.35 10.6217 8.53669 328380000.0
616 -0.01155 0.000312794 -417.535 2200.61 143.341 143.347 14.3279 15.489 328369000.0
615 -0.01145 0.000312787 -417.544 2200.62 143.338 143.345 15.8401 19.5152 328362000.0
614 -0.01135 0.000312784 -417.549 2200.63 143.338 143.347 17.1494 20.7731 328366000.0
613 -0.01125 0.00031277 -417.567 2200.75 143.34 143.344 24.0072 25.6706 328366000.0
612 -0.01115 0.000312753 -417.585 2200.81 143.335 143.339 30.8604 33.976 328349000.0
611 -0.01105 0.00031275 -417.594 2200.86 143.337 143.34 31.518 29.996 328357000.0
610 -0.01095 0.000312751 -417.593 2200.82 143.335 143.341 31.9485 30.2314 328351000.0
609 -0.01085 0.000312754 -417.59 2200.86 143.339 143.342 32.1722 27.8299 328344000.0
608 -0.01075 0.000312732 -417.618 2200.83 143.327 143.336 34.955 37.8492 328328000.0
607 -0.01065 0.000312731 -417.617 2200.85 143.328 143.336 37.14 39.1974 328324000.0
606 -0.01055 0.000312737 -417.612 2200.89 143.333 143.338 37.0874 35.6438 328330000.0
605 -0.01045 0.00031273 -417.62 2200.9 143.331 143.336 39.3052 37.8023 328319000.0
604 -0.01035 0.000312714 -417.643 2200.94 143.326 143.333 44.2149 46.0985 328307000.0
603 -0.01025 0.000312711 -417.644 2200.92 143.323 143.332 43.4506 43.9937 328293000.0
602 -0.01015 0.000312707 -417.653 2200.9 143.321 143.332 43.2769 45.7639 328284000.0
601 -0.01005 0.000312706 -417.654 2200.86 143.318 143.332 43.1543 45.8198 328275000.0
600 -0.00995 0.000312696 -417.666 2200.93 143.317 143.33 47.9544 48.5229 328264000.0
599 -0.00985 0.000312686 -417.679 2200.96 143.315 143.329 50.29 50.9894 328255000.0
598 -0.00975 0.000312665 -417.708 2201.0 143.308 143.325 55.7941 57.5694 328238000.0
597 -0.00965 0.000312649 -417.728 2201.01 143.301 143.322 59.9934 64.3511 328226000.0
596 -0.00955 0.000312621 -417.766 2201.1 143.294 143.317 69.1491 76.4943 328207000.0
595 -0.00945 0.000312619 -417.768 2201.14 143.295 143.315 70.584 73.5165 328191000.0
594 -0.00935 0.000312594 -417.801 2201.16 143.286 143.311 76.509 82.4461 328168000.0
593 -0.00925 0.00031259 -417.808 2201.13 143.282 143.311 76.1341 81.1244 328152000.0
592 -0.00915 0.000312582 -417.817 2201.13 143.278 143.309 76.7939 78.4367 328134000.0
591 -0.00905 0.000312555 -417.853 2201.2 143.27 143.305 85.5421 89.9375 328119000.0
590 -0.00895 0.000312531 -417.887 2201.22 143.26 143.301 91.413 97.6441 328102000.0
589 -0.00885 0.000312518 -417.901 2201.21 143.254 143.3 94.3256 97.8514 328082000.0
588 -0.00875 0.000312491 -417.94 2201.35 143.25 143.293 104.899 104.749 328059000.0
587 -0.00865 0.000312468 -417.966 2201.31 143.238 143.29 104.996 109.035 328032000.0
586 -0.00855 0.000312444 -418.001 2201.39 143.232 143.287 113.693 116.719 328013000.0
585 -0.00845 0.000312408 -418.046 2201.42 143.217 143.28 122.359 129.647 327980000.0
584 -0.00835 0.000312363 -418.109 2201.52 143.203 143.272 132.73 141.123 327950000.0
583 -0.00825 0.000312333 -418.146 2201.64 143.197 143.267 145.974 148.686 327918000.0
582 -0.00815 0.000312292 -418.201 2201.67 143.18 143.26 154.113 160.466 327886000.0
581 -0.00805 0.000312262 -418.238 2201.7 143.168 143.257 160.725 168.532 327858000.0
580 -0.00795 0.000312218 -418.299 2201.8 143.155 143.248 172.388 176.478 327815000.0
579 -0.00785 0.000312184 -418.341 2201.84 143.142 143.243 180.448 186.271 327775000.0
578 -0.00775 0.000312141 -418.396 2201.89 143.125 143.234 190.17 193.452 327722000.0
577 -0.00765 0.000312107 -418.441 2202.02 143.118 143.23 202.438 200.278 327693000.0
576 -0.00755 0.00031204 -418.532 2202.22 143.1 143.218 222.384 221.192 327647000.0
575 -0.00745 0.000311986 -418.601 2202.25 143.078 143.208 233.499 231.313 327590000.0
574 -0.00735 0.000311906 -418.709 2202.33 143.046 143.194 251.952 250.52 327529000.0
573 -0.00725 0.000311848 -418.786 2202.38 143.022 143.185 265.598 258.981 327481000.0
572 -0.00715 0.000311775 -418.88 2202.36 142.988 143.17 276.554 267.942 327396000.0
571 -0.00705 0.000311689 -418.996 2202.56 142.961 143.157 302.138 289.264 327334000.0
570 -0.00695 0.000311606 -419.106 2202.59 142.926 143.143 319.646 307.184 327260000.0
569 -0.00685 0.000311489 -419.259 2202.77 142.883 143.121 347.701 336.574 327177000.0
568 -0.00675 0.000311393 -419.385 2202.91 142.849 143.105 371.218 355.68 327100000.0
567 -0.00665 0.000311292 -419.52 2202.99 142.807 143.088 393.495 375.364 327010000.0
566 -0.00655 0.000311172 -419.679 2203.16 142.763 143.067 423.268 396.419 326906000.0
565 -0.00645 0.000311058 -419.831 2203.24 142.716 143.048 447.664 416.419 326811000.0
564 -0.00635 0.000310925 -420.004 2203.37 142.663 143.025 478.844 441.579 326698000.0
563 -0.00625 0.000310777 -420.205 2203.48 142.603 142.999 510.864 470.931 326586000.0
562 -0.00615 0.000310632 -420.397 2203.58 142.542 142.975 540.943 495.248 326458000.0
561 -0.00605 0.000310467 -420.617 2203.67 142.473 142.945 578.496 524.366 326327000.0
560 -0.00595 0.000310303 -420.832 2203.8 142.406 142.917 611.917 548.307 326185000.0
559 -0.00585 0.000310108 -421.096 2203.98 142.328 142.882 656.676 582.573 326028000.0
558 -0.00575 0.000309926 -421.337 2204.17 142.257 142.853 699.105 609.56 325881000.0
557 -0.00565 0.000309703 -421.636 2204.31 142.164 142.814 746.463 648.159 325705000.0
556 -0.00555 0.000309455 -421.968 2204.46 142.06 142.768 800.043 692.536 325512000.0
555 -0.00545 0.000309202 -422.306 2204.67 141.957 142.724 855.215 729.303 325311000.0
554 -0.00535 0.000308928 -422.675 2204.77 141.837 142.677 912.998 773.055 325095000.0
553 -0.00525 0.00030861 -423.104 2204.92 141.701 142.623 978.681 828.662 324860000.0
552 -0.00515 0.000308276 -423.556 2205.15 141.562 142.562 1051.58 883.668 324606000.0
551 -0.00505 0.000307936 -424.011 2205.37 141.42 142.503 1124.21 932.882 324340000.0
550 -0.00495 0.000307555 -424.535 2205.65 141.263 142.435 1209.23 993.967 324060000.0
549 -0.00485 0.000307139 -425.097 2205.86 141.085 142.361 1298.93 1060.71 323751000.0
548 -0.00475 0.000306702 -425.694 2206.07 140.898 142.284 1390.79 1124.89 323430000.0
547 -0.00465 0.000306209 -426.367 2206.34 140.689 142.195 1495.96 1202.13 323066000.0
546 -0.00455 0.000305699 -427.069 2206.47 140.463 142.106 1600.44 1277.91 322699000.0
545 -0.00445 0.000305149 -427.821 2206.65 140.222 142.004 1713.93 1354.92 322283000.0
544 -0.00435 0.00030455 -428.653 2207.03 139.97 141.898 1844.38 1444.75 321864000.0
543 -0.00425 0.000303883 -429.577 2207.18 139.674 141.777 1980.64 1549.97 321390000.0
542 -0.00415 0.000303201 -430.527 2207.47 139.378 141.651 2126.02 1646.74 320887000.0
541 -0.00405 0.000302427 -431.612 2207.79 139.043 141.51 2292.85 1773.09 320349000.0
540 -0.00395 0.000301631 -432.734 2208.0 138.69 141.366 2457.23 1886.39 319784000.0
539 -0.00385 0.000300784 -433.934 2208.01 138.301 141.208 2626.01 2003.18 319158000.0
538 -0.00375 0.000299848 -435.264 2208.17 137.881 141.033 2818.98 2141.63 318490000.0
537 -0.00365 0.000298842 -436.708 2208.3 137.426 140.845 3025.53 2292.17 317779000.0
536 -0.00355 0.000297788 -438.226 2208.53 136.956 140.647 3246.27 2441.47 317030000.0
535 -0.00345 0.000296629 -439.914 2208.69 136.433 140.428 3489.52 2619.1 316215000.0
534 -0.00335 0.000295392 -441.727 2208.83 135.873 140.189 3746.19 2803.56 315340000.0
533 -0.00325 0.000294061 -443.697 2209.03 135.272 139.932 4028.79 3009.91 314413000.0
532 -0.00315 0.000292664 -445.779 2209.07 134.632 139.663 4318.78 3218.36 313425000.0
531 -0.00305 0.000291156 -448.05 2209.01 133.935 139.365 4630.33 3448.74 312350000.0
530 -0.00295 0.000289546 -450.505 2208.98 133.192 139.046 4967.3 3701.78 311214000.0
529 -0.00285 0.000287799 -453.196 2208.97 132.388 138.693 5338.17 3988.72 309993000.0
528 -0.00275 0.000285963 -456.057 2208.95 131.542 138.323 5732.89 4292.44 308713000.0
527 -0.00265 0.000283993 -459.17 2208.88 130.632 137.919 6158.11 4628.54 307336000.0
526 -0.00255 0.00028191 -462.507 2208.68 129.662 137.484 6605.5 4987.24 305869000.0
525 -0.00245 0.000279698 -466.112 2208.42 128.629 137.017 7086.75 5379.55 304310000.0
524 -0.00235 0.00027735 -469.995 2208.02 127.527 136.513 7598.85 5807.87 302658000.0
523 -0.00225 0.000274861 -474.179 2207.55 126.355 135.969 8145.74 6275.35 300902000.0
522 -0.00215 0.000272258 -478.643 2206.96 125.126 135.392 8725.56 6771.78 299053000.0
521 -0.00205 0.000269505 -483.454 2206.28 123.822 134.768 9343.88 7316.71 297097000.0
520 -0.00195 0.000266628 -488.582 2205.34 122.448 134.104 9993.07 7899.81 295033000.0
519 -0.00185 0.000263598 -494.112 2204.23 120.995 133.391 10684.1 8541.83 292865000.0
518 -0.00175 0.000260442 -499.996 2202.99 119.48 132.628 11414.3 9230.7 290586000.0
517 -0.00165 0.000257159 -506.278 2201.59 117.898 131.819 12185.6 9967.08 288205000.0
516 -0.00155 0.000253721 -513.024 2199.89 116.232 130.95 12999.9 10779.8 285712000.0
515 -0.00145 0.000250178 -520.166 2197.76 114.498 130.03 13843.1 11640.4 283105000.0
514 -0.00135 0.000246485 -527.826 2195.54 112.694 129.044 14744.3 12582.7 280400000.0
513 -0.00125 0.000242692 -535.932 2192.83 110.823 128.002 15673.2 13578.2 277591000.0
512 -0.00115 0.000238782 -544.558 2189.68 108.881 126.893 16644.2 14649.9 274675000.0
511 -0.00105 0.000234776 -553.688 2186.01 106.875 125.723 17647.8 15794.1 271683000.0
510 -0.00095 0.000230695 -563.308 2181.96 104.823 124.491 18687.0 16999.1 268609000.0
509 -0.00085 0.000226531 -573.475 2177.31 102.711 123.188 19758.1 18276.7 265449000.0
508 -0.00075 0.000222307 -584.177 2171.92 100.546 121.821 20852.8 19622.6 262219000.0
507 -0.00065 0.000218006 -595.49 2165.97 98.331 120.376 21983.7 21054.0 258936000.0
506 -0.00055 0.000213664 -607.361 2159.27 96.0746 118.862 23135.2 22550.4 255602000.0
505 -0.00045 0.0002093 -619.791 2151.75 93.7845 117.278 24302.2 24104.0 252233000.0
504 -0.00035 0.000204901 -632.839 2143.16 91.447 115.618 25479.7 25730.1 248833000.0
503 -0.00025 0.000200493 -646.475 2133.72 89.0854 113.883 26669.1 27414.8 245420000.0
502 -0.00015 0.000196097 -660.681 2123.3 86.7064 112.081 27859.7 29148.2 242015000.0
501 -5e-05 0.000191672 -675.623 2111.57 84.2817 110.184 29055.3 30963.9 238611000.0
500 5e-05 0.000187252 -691.547 2098.25 81.819 108.127 30255.6 32862.1 235140000.0
499 0.00015 0.000183048 -707.698 2083.13 79.4057 106.005 31363.0 34647.3 231591000.0
498 0.00025 0.000178983 -724.034 2066.62 77.0269 103.858 32399.7 36361.8 228061000.0
497 0.00035 0.000175021 -740.684 2048.87 74.6748 101.67 33381.3 38026.5 224561000.0
496 0.00045 0.000171184 -757.528 2029.72 72.3551 99.4562 34290.9 39621.6 221090000.0
495 0.00055 0.00016746 -774.631 2009.43 70.0733 97.2104 35139.7 41147.1 217662000.0
494 0.00065 0.000163848 -791.953 1987.71 67.8208 94.9377 35914.1 42600.5 214266000.0
493 0.00075 0.000160327 -809.574 1964.6 65.5918 92.6235 36620.5 43986.5 210900000.0
492 0.00085 0.000156948 -827.232 1940.37 63.4176 90.307 37243.7 45258.3 207574000.0
491 0.00095 0.00015367 -845.098 1914.71 61.272 87.9625 37784.2 46442.0 204264000.0
490 0.00105 0.000150524 -862.978 1887.92 59.1778 85.6186 38241.3 47512.4 200989000.0
489 0.00115 0.000147506 -880.847 1859.98 57.1332 83.2741 38606.1 48454.2 197711000.0
488 0.00125 0.000144602 -898.743 1830.84 55.1308 80.9282 38883.2 49284.4 194448000.0
487 0.00135 0.000141825 -916.527 1800.86 53.1868 78.5958 39076.1 49984.1 191197000.0
486 0.00145 0.000139158 -934.295 1769.92 51.2898 76.2671 39185.4 50562.4 187941000.0
485 0.00155 0.000136612 -951.889 1738.04 49.4443 73.9598 39203.3 51009.0 184673000.0
484 0.00165 0.000134173 -969.377 1705.27 47.6462 71.668 39136.3 51330.4 181381000.0
483 0.00175 0.000131856 -986.586 1672.02 45.9103 69.4129 38990.7 51521.9 178081000.0
482 0.00185 0.000129645 -1003.58 1638.12 44.2254 67.1852 38764.4 51588.3 174747000.0
481 0.00195 0.000127536 -1020.33 1603.86 42.596 64.9901 38470.9 51538.0 171404000.0
480 0.00205 0.000125543 -1036.7 1569.3 41.0268 62.8432 38103.2 51361.5 168011000.0
479 0.00215 0.000123633 -1052.85 1534.28 39.5013 60.7261 37668.6 51083.2 164591000.0
478 0.00225 0.000121824 -1068.62 1499.27 38.0351 58.6588 37179.0 50700.9 161154000.0
477 0.00235 0.000120101 -1084.11 1463.9 36.6123 56.6286 36624.4 50217.7 157657000.0
476 0.00245 0.00011847 -1099.16 1428.75 35.248 54.6561 36025.0 49646.5 154153000.0
475 0.00255 0.000116916 -1113.9 1393.63 33.9307 52.724 35379.8 48990.1 150616000.0
474 0.00265 0.000115449 -1128.18 1358.83 32.6682 50.8522 34694.5 48257.0 147057000.0
473 0.00275 0.000114058 -1142.07 1324.34 31.4552 49.0322 33978.8 47459.3 143498000.0
472 0.00285 0.000112734 -1155.59 1290.09 30.2862 47.26 33227.7 46595.9 139908000.0
471 0.00295 0.000111479 -1168.71 1256.27 29.1639 45.5401 32452.7 45679.6 136316000.0
470 0.00305 0.000110296 -1181.34 1223.01 28.0905 43.8838 31656.7 44718.8 132723000.0
469 0.00315 0.000109174 -1193.59 1190.33 27.0618 42.2779 30847.3 43716.8 129138000.0
468 0.00325 0.000108104 -1205.5 1158.0 26.0686 40.7161 30019.0 42679.5 125551000.0
467 0.00335 0.000107095 -1216.95 1126.46 25.122 39.2149 29186.2 41617.2 121991000.0
466 0.00345 0.000106146 -1227.92 1095.74 24.2203 37.7766 28351.2 40536.8 118460000.0
465 0.00355 0.000105239 -1238.59 1065.53 23.3513 36.3782 27510.4 39436.9 114950000.0
464 0.00365 0.000104386 -1248.8 1036.21 22.5247 35.0394 26675.5 38330.8 111486000.0
463 0.00375 0.000103574 -1258.65 1007.47 21.7296 33.7467 25837.6 37216.2 108041000.0
462 0.00385 0.000102809 -1268.11 979.571 20.9718 32.5071 25009.8 36104.6 104657000.0
461 0.00395 0.000102085 -1277.16 952.563 20.2501 31.3195 24192.4 34995.2 101321000.0
460 0.00405 0.000101392 -1285.96 926.025 19.5523 30.166 23377.0 33886.8 98022000.0
459 0.00415 0.000100742 -1294.33 900.549 18.8925 29.0683 22581.7 32791.6 94795800.0
458 0.00425 0.000100126 -1302.33 875.917 18.2634 28.0182 21801.4 31712.4 91637800.0
457 0.00435 9.9544e-05 -1310.03 852.058 17.6626 27.0094 21037.0 30647.5 88547700.0
456 0.00445 9.89892e-05 -1317.43 828.874 17.0862 26.0389 20283.9 29596.4 85510300.0
455 0.00455 9.84603e-05 -1324.56 806.312 16.5323 25.1029 19543.0 28560.0 82531600.0
454 0.00465 9.79638e-05 -1331.32 784.776 16.0096 24.216 18827.0 27550.4 79641100.0
453 0.00475 9.7494e-05 -1337.78 764.017 15.5114 23.3684 18131.3 26565.3 76832100.0
452 0.00485 9.70499e-05 -1343.96 744.016 15.0365 22.5584 17454.5 25604.2 74098800.0
451 0.00495 9.66246e-05 -1349.92 724.652 14.581 21.7762 16793.2 24659.2 71425200.0
450 0.00505 9.6223e-05 -1355.58 706.052 14.1477 21.0337 16152.9 23745.4 68835200.0
449 0.00515 9.58443e-05 -1361.01 688.112 13.734 20.3222 15530.0 22852.8 66310200.0
448 0.00525 9.54807e-05 -1366.21 670.831 13.3382 19.6387 14926.5 21984.7 63866000.0
447 0.00535 9.51386e-05 -1371.16 654.34 12.9637 18.9895 14346.8 21145.5 61508100.0
446 0.00545 9.48116e-05 -1375.92 638.307 12.6026 18.3642 13778.8 20326.6 59201100.0
445 0.00555 9.45034e-05 -1380.45 623.04 12.2612 17.7709 13235.5 19538.6 56988200.0
444 0.00565 9.42099e-05 -1384.79 608.287 11.9337 17.2015 12706.9 18773.1 54833800.0
443 0.00575 9.3934e-05 -1388.89 594.243 11.624 16.6632 12201.2 18038.7 52766300.0
442 0.00585 9.36672e-05 -1392.85 580.653 11.3259 16.1434 11709.3 17323.3 50755700.0
441 0.00595 9.34185e-05 -1396.61 567.685 11.0436 15.65 11238.0 16635.9 48823700.0
440 0.00605 9.31803e-05 -1400.21 555.224 10.7736 15.1775 10783.4 15972.1 46959600.0
439 0.00615 9.2951e-05 -1403.68 543.143 10.5133 14.7215 10339.8 15325.3 45140100.0
438 0.00625 9.2735e-05 -1406.97 531.662 10.2671 14.2897 9917.46 14707.1 43403800.0
437 0.00635 9.2532e-05 -1410.1 520.763 10.0346 13.8797 9514.86 14113.3 41738900.0
436 0.00645 9.23379e-05 -1413.07 510.33 9.81297 13.4899 9128.29 13544.8 40140800.0
435 0.00655 9.21536e-05 -1415.92 500.24 9.59975 13.115 8752.54 12993.4 38586800.0
434 0.00665 9.19759e-05 -1418.68 490.502 9.39473 12.7535 8389.31 12459.2 37086100.0
433 0.00675 9.18112e-05 -1421.26 481.292 9.20184 12.4145 8044.48 11952.4 35654200.0
432 0.00685 9.16514e-05 -1423.74 472.466 9.01737 12.0886 7713.24 11463.0 34276500.0
431 0.00695 9.14983e-05 -1426.14 463.91 8.83928 11.7742 7391.01 10989.0 32940600.0
430 0.00705 9.13536e-05 -1428.42 455.758 8.67022 11.4753 7083.53 10535.0 31660300.0
429 0.00715 9.12166e-05 -1430.58 447.978 8.50943 11.191 6789.26 10100.3 30433000.0
428 0.00725 9.10873e-05 -1432.64 440.55 8.35647 10.9207 6507.74 9684.02 29257300.0
427 0.00735 9.09645e-05 -1434.57 433.58 8.21317 10.6668 6242.92 9289.61 28143300.0
426 0.00745 9.08444e-05 -1436.49 426.614 8.07056 10.4148 5977.58 8899.44 27039100.0
425 0.00755 9.07316e-05 -1438.28 420.121 7.93786 10.1797 5730.05 8532.75 26000600.0
424 0.00765 9.06254e-05 -1440.0 413.883 7.81084 9.95463 5491.44 8178.85 24997900.0
423 0.00775 9.05236e-05 -1441.62 407.939 7.69001 9.74144 5263.69 7842.22 24040100.0
422 0.00785 9.04288e-05 -1443.14 402.384 7.57736 9.54179 5050.7 7524.44 23137500.0
421 0.00795 9.0338e-05 -1444.62 396.984 7.46816 9.34732 4843.45 7214.61 22260400.0
420 0.00805 9.02475e-05 -1446.06 391.681 7.36101 9.15765 4639.24 6912.78 21401500.0
419 0.00815 9.01648e-05 -1447.41 386.717 7.26106 8.98129 4447.93 6629.27 20591500.0
418 0.00825 9.00839e-05 -1448.72 381.905 7.16428 8.80893 4262.53 6353.19 19809100.0
417 0.00835 9.00071e-05 -1449.97 377.309 7.07202 8.64548 4084.75 6089.39 19056600.0
416 0.00845 8.99342e-05 -1451.13 372.98 6.98523 8.49271 3917.5 5841.62 18346500.0
415 0.00855 8.98656e-05 -1452.27 368.791 6.90151 8.34252 3755.39 5598.16 17657400.0
414 0.00865 8.97964e-05 -1453.39 364.685 6.81941 8.19607 3596.02 5360.75 16982800.0
413 0.00875 8.97334e-05 -1454.42 360.875 6.74342 8.0604 3448.3 5139.33 16353500.0
412 0.00885 8.96736e-05 -1455.4 357.231 6.67088 7.93196 3306.99 4928.87 15751400.0
411 0.00895 8.96154e-05 -1456.34 353.713 6.6009 7.80795 3169.92 4724.95 15166200.0
410 0.00905 8.95613e-05 -1457.24 350.355 6.5343 7.68985 3039.53 4530.8 14611000.0
409 0.00915 8.95083e-05 -1458.1 347.133 6.47037 7.57732 2913.7 4344.57 14073100.0
408 0.00925 8.94579e-05 -1458.94 343.988 6.40813 7.46695 2791.18 4163.07 13552900.0
407 0.00935 8.94081e-05 -1459.74 341.001 6.34896 7.361 2674.44 3987.84 13053900.0
406 0.00945 8.93635e-05 -1460.49 338.218 6.29399 7.26312 2565.93 3825.07 12588100.0
405 0.00955 8.93193e-05 -1461.21 335.495 6.24023 7.16812 2459.55 3667.12 12133400.0
404 0.00965 8.92765e-05 -1461.91 332.869 6.18842 7.07605 2356.65 3513.71 11692400.0
403 0.00975 8.92383e-05 -1462.55 330.453 6.14089 6.99227 2262.51 3373.41 11287600.0
402 0.00985 8.91986e-05 -1463.21 327.979 6.09221 6.90607 2165.23 3229.73 10872900.0
401 0.00995 8.91634e-05 -1463.79 325.779 6.04894 6.82999 2079.27 3101.84 10502800.0
400 0.01005 8.91296e-05 -1464.36 323.643 6.007 6.75544 1995.3 2976.02 10139300.0
399 0.01015 8.90974e-05 -1464.89 321.624 5.96737 6.68531 1916.16 2857.57 9796790.0
398 0.01025 8.90653e-05 -1465.42 319.638 5.9284 6.61616 1838.34 2741.19 9462100.0
397 0.01035 8.90347e-05 -1465.92 317.704 5.8905 6.54921 1762.24 2628.13 9133800.0
396 0.01045 8.90049e-05 -1466.42 315.876 5.85465 6.4851 1690.38 2520.08 8824500.0
395 0.01055 8.89768e-05 -1466.88 314.111 5.82009 6.42377 1620.91 2416.57 8524440.0
394 0.01065 8.89517e-05 -1467.31 312.484 5.7883 6.36755 1557.08 2320.87 8247430.0
393 0.01075 8.8926e-05 -1467.74 310.848 5.75634 6.3107 1492.77 2225.03 7970700.0
392 0.01085 8.89007e-05 -1468.15 309.296 5.72597 6.25761 1431.53 2134.63 7706610.0
391 0.01095 8.88769e-05 -1468.55 307.783 5.69644 6.20521 1372.1 2046.29 7450940.0
390 0.01105 8.88551e-05 -1468.92 306.349 5.66851 6.15595 1315.6 1962.5 7207580.0
389 0.01115 8.88336e-05 -1469.26 305.039 5.64291 6.11054 1263.87 1884.6 6981760.0
388 0.01125 8.88132e-05 -1469.6 303.76 5.61795 6.0663 1213.64 1809.37 6763870.0
387 0.01135 8.87945e-05 -1469.92 302.541 5.59423 6.02427 1165.36 1736.72 6551840.0
386 0.01145 8.87754e-05 -1470.24 301.339 5.57081 5.98295 1118.02 1666.15 6347200.0
385 0.01155 8.87577e-05 -1470.54 300.192 5.54849 5.94371 1072.86 1599.43 6152200.0
384 0.01165 8.87415e-05 -1470.81 299.127 5.5278 5.90705 1030.62 1536.01 5966610.0
383 0.01175 8.87243e-05 -1471.09 298.049 5.5068 5.87052 988.06 1473.67 5783580.0
382 0.01185 8.87088e-05 -1471.35 297.051 5.4874 5.83612 948.729 1414.79 5612240.0
381 0.01195 8.86939e-05 -1471.6 296.127 5.46943 5.80404 912.197 1359.2 5451040.0
380 0.01205 8.86796e-05 -1471.85 295.183 5.4511 5.77172 874.852 1303.85 5289570.0
379 0.01215 8.86658e-05 -1472.07 294.304 5.43404 5.74163 840.121 1252.03 5137720.0
378 0.01225 8.86522e-05 -1472.29 293.459 5.4176 5.71266 806.868 1202.43 4993270.0
377 0.01235 8.86396e-05 -1472.51 292.635 5.40162 5.68483 774.151 1154.42 4851370.0
376 0.01245 8.86277e-05 -1472.71 291.867 5.38671 5.65826 743.813 1108.78 4718600.0
375 0.01255 8.86159e-05 -1472.91 291.097 5.37179 5.63164 713.487 1063.18 4586700.0
374 0.01265 8.86047e-05 -1473.09 290.405 5.35834 5.60774 685.87 1021.64 4464860.0
373 0.01275 8.85939e-05 -1473.27 289.711 5.34489 5.58419 658.457 980.927 4345030.0
372 0.01285 8.85836e-05 -1473.44 289.064 5.33234 5.56205 632.849 942.361 4232340.0
371 0.01295 8.85747e-05 -1473.6 288.44 5.32028 5.54086 608.201 905.632 4124320.0
370 0.01305 8.85651e-05 -1473.75 287.849 5.30882 5.52043 584.749 870.057 4020730.0
369 0.01315 8.85564e-05 -1473.9 287.268 5.29757 5.50094 561.735 836.181 3920350.0
368 0.01325 8.85476e-05 -1474.04 286.712 5.2868 5.48243 539.745 803.981 3823700.0
367 0.01335 8.85397e-05 -1474.18 286.178 5.27648 5.46437 518.535 772.318 3730520.0
366 0.01345 8.85324e-05 -1474.3 285.693 5.2671 5.44794 499.348 743.57 3645470.0
365 0.01355 8.85247e-05 -1474.44 285.194 5.25744 5.43071 479.518 713.8 3558690.0
364 0.01365 8.85161e-05 -1474.56 284.703 5.24789 5.41386 460.141 684.976 3474080.0
363 0.01375 8.85107e-05 -1474.68 284.28 5.23976 5.39947 443.256 659.208 3398580.0
362 0.01385 8.85035e-05 -1474.78 283.842 5.23127 5.38459 426.121 633.712 3323300.0
361 0.01395 8.84975e-05 -1474.9 283.422 5.22318 5.37052 409.306 608.787 3249390.0
360 0.01405 8.84912e-05 -1474.99 283.032 5.21562 5.35744 393.892 585.823 3181110.0
359 0.01415 8.84852e-05 -1475.09 282.642 5.20808 5.34408 378.447 562.694 3113230.0
358 0.01425 8.84795e-05 -1475.19 282.28 5.20106 5.33186 363.983 541.258 3049270.0
357 0.01435 8.84744e-05 -1475.28 281.916 5.19407 5.31962 349.624 520.005 2986100.0
356 0.01445 8.84691e-05 -1475.36 281.602 5.18795 5.30888 337.185 501.058 2930470.0
355 0.01455 8.84638e-05 -1475.44 281.271 5.18156 5.29777 324.033 481.706 2872050.0
354 0.01465 8.84599e-05 -1475.53 280.965 5.17569 5.28756 311.84 463.513 2818480.0
353 0.01475 8.84541e-05 -1475.6 280.656 5.16967 5.27674 299.682 445.07 2764540.0
352 0.01485 8.84501e-05 -1475.69 280.356 5.1639 5.2666 287.751 427.287 2712390.0
351 0.01495 8.84465e-05 -1475.75 280.09 5.1588 5.25774 277.23 411.518 2665490.0
350 0.01505 8.84417e-05 -1475.83 279.81 5.15336 5.24805 266.056 394.912 2616480.0
349 0.01515 8.8437e-05 -1475.89 279.542 5.14815 5.23917 255.435 379.521 2570160.0
348 0.01525 8.84342e-05 -1475.96 279.294 5.14342 5.23091 245.712 365.009 2527240.0
347 0.01535 8.84297e-05 -1476.02 279.051 5.13868 5.22266 235.968 350.908 2484470.0
346 0.01545 8.84269e-05 -1476.08 278.828 5.1344 5.21528 227.019 337.651 2444600.0
345 0.01555 8.84238e-05 -1476.13 278.608 5.13018 5.20798 218.349 324.904 2406540.0
344 0.01565 8.84208e-05 -1476.18 278.409 5.12634 5.2013 210.468 313.001 2371050.0
343 0.01575 8.84171e-05 -1476.23 278.208 5.12242 5.19444 202.483 301.044 2335580.0
342 0.01585 8.84146e-05 -1476.28 278.012 5.11867 5.18795 194.746 289.394 2301180.0
341 0.01595 8.84112e-05 -1476.33 277.831 5.11514 5.18169 187.409 278.345 2268050.0
340 0.01605 8.84089e-05 -1476.38 277.648 5.11164 5.17545 180.175 267.445 2236450.0
339 0.01615 8.84065e-05 -1476.42 277.485 5.10849 5.16989 173.706 257.681 2206880.0
338 0.01625 8.84038e-05 -1476.46 277.319 5.10528 5.16443 167.101 247.981 2177880.0
337 0.01635 8.84015e-05 -1476.5 277.155 5.10213 5.15876 160.668 238.174 2149110.0
336 0.01645 8.83987e-05 -1476.55 276.995 5.09904 5.15361 154.307 229.211 2121610.0
335 0.01655 8.83978e-05 -1476.58 276.873 5.09674 5.14962 149.487 221.952 2099100.0
334 0.01665 8.83948e-05 -1476.61 276.727 5.09386 5.14469 143.555 213.141 2072850.0
333 0.01675 8.83933e-05 -1476.65 276.584 5.09115 5.1398 137.952 204.619 2047920.0
332 0.01685 8.83903e-05 -1476.69 276.448 5.08847 5.13517 132.528 196.632 2024220.0
331 0.01695 8.83901e-05 -1476.71 276.331 5.08631 5.13141 127.815 189.668 2002820.0
330 0.01705 8.83871e-05 -1476.74 276.222 5.08413 5.12775 123.559 183.272 1983150.0
329 0.01715 8.83863e-05 -1476.78 276.086 5.08157 5.12309 118.127 175.394 1960120.0
328 0.01725 8.83834e-05 -1476.81 275.966 5.07922 5.11919 113.481 168.677 1939600.0
327 0.01735 8.83824e-05 -1476.83 275.862 5.07724 5.11574 109.167 162.385 1920660.0
326 0.01745 8.83803e-05 -1476.86 275.76 5.07524 5.11212 105.261 156.305 1903130.0
325 0.01755 8.83794e-05 -1476.89 275.665 5.07343 5.10893 101.366 150.491 1885880.0
324 0.01765 8.83775e-05 -1476.91 275.573 5.07164 5.10583 97.7761 145.059 1869480.0
323 0.01775 8.83769e-05 -1476.93 275.484 5.06997 5.10292 94.2438 139.86 1853600.0
322 0.01785 8.83752e-05 -1476.95 275.393 5.06819 5.09983 90.67 134.521 1837470.0
321 0.01795 8.8374e-05 -1476.97 275.317 5.06673 5.09729 87.5442 129.777 1823420.0
320 0.01805 8.83727e-05 -1476.99 275.24 5.06523 5.09476 84.6002 125.405 1809710.0
319 0.01815 8.83713e-05 -1477.01 275.161 5.06369 5.09217 81.3475 120.634 1795390.0
318 0.01825 8.83711e-05 -1477.03 275.087 5.06234 5.08976 78.4501 116.309 1782200.0
317 0.01835 8.83696e-05 -1477.05 275.019 5.06099 5.08728 75.7228 112.033 1769670.0
316 0.01845 8.83687e-05 -1477.07 274.946 5.05959 5.08496 72.8499 107.873 1757020.0
315 0.01855 8.83676e-05 -1477.08 274.883 5.05837 5.0828 70.2744 104.008 1745500.0
314 0.01865 8.8367e-05 -1477.1 274.822 5.05722 5.08067 67.9027 100.407 1734640.0
313 0.01875 8.83653e-05 -1477.12 274.755 5.05588 5.07831 65.2377 96.3565 1722610.0
312 0.01885 8.83646e-05 -1477.14 274.678 5.05442 5.07587 62.1079 92.1805 1709660.0
311 0.01895 8.83638e-05 -1477.15 274.618 5.05327 5.07389 59.7246 88.7403 1699130.0
310 0.01905 8.83632e-05 -1477.17 274.567 5.0523 5.0722 57.7878 85.725 1690150.0
309 0.01915 8.83625e-05 -1477.18 274.525 5.0515 5.07067 56.0425 83.0131 1681880.0
308 0.01925 8.83612e-05 -1477.19 274.481 5.0506 5.06898 54.2564 79.9902 1673260.0
307 0.01935 8.83605e-05 -1477.2 274.421 5.04947 5.06728 52.0132 76.9718 1663720.0
306 0.01945 8.83601e-05 -1477.21 274.387 5.04882 5.06606 50.5656 74.7442 1656710.0
305 0.01955 8.83598e-05 -1477.22 274.339 5.04792 5.06449 48.6042 71.8825 1647870.0
304 0.01965 8.83582e-05 -1477.24 274.286 5.04685 5.06253 46.584 68.8227 1639310.0
303 0.01975 8.83579e-05 -1477.25 274.25 5.04617 5.06124 45.0513 66.5015 1632080.0
302 0.01985 8.83571e-05 -1477.26 274.207 5.04533 5.05981 43.4473 64.0493 1624760.0
301 0.01995 8.83563e-05 -1477.27 274.162 5.04445 5.05833 41.5611 61.4541 1616800.0
300 0.02005 8.83568e-05 -1477.28 274.127 5.04383 5.05733 40.1093 59.3123 1610250.0
299 0.02015 8.83556e-05 -1477.28 274.084 5.04298 5.05594 38.608 57.0671 1603370.0
298 0.02025 8.83553e-05 -1477.3 274.052 5.04238 5.05482 37.1854 54.9919 1597260.0
297 0.02035 8.83543e-05 -1477.31 274.012 5.04158 5.05349 35.6697 52.8517 1590630.0
296 0.02045 8.83542e-05 -1477.31 273.988 5.04113 5.05272 34.5925 51.0554 1585510.0
295 0.02055 8.83536e-05 -1477.32 273.954 5.04048 5.05154 33.381 49.2614 1580040.0
294 0.02065 8.83527e-05 -1477.33 273.926 5.03992 5.0506 32.1641 47.56 1574640.0
293 0.02075 8.83526e-05 -1477.34 273.891 5.03926 5.04945 30.8148 45.6743 1568820.0
292 0.02085 8.83526e-05 -1477.35 273.864 5.03877 5.04859 29.6734 43.9996 1563750.0
291 0.02095 8.83518e-05 -1477.35 273.839 5.03826 5.04775 28.715 42.5501 1559190.0
290 0.02105 8.83517e-05 -1477.36 273.811 5.03774 5.0469 27.6803 41.0364 1554600.0
289 0.02115 8.83511e-05 -1477.36 273.793 5.03737 5.04627 26.7863 39.6955 1550560.0
288 0.02125 8.83502e-05 -1477.37 273.766 5.03682 5.04527 25.8108 38.1418 1545990.0
287 0.02135 8.83508e-05 -1477.37 273.741 5.0364 5.04455 24.8284 36.7897 1541730.0
286 0.02145 8.83503e-05 -1477.38 273.717 5.03593 5.04381 23.8738 35.4071 1537370.0
285 0.02155 8.8349e-05 -1477.39 273.694 5.03543 5.04298 23.0108 34.1635 1533480.0
284 0.02165 8.835e-05 -1477.39 273.676 5.03516 5.04248 22.2011 32.9212 1529970.0
283 0.02175 8.83487e-05 -1477.4 273.651 5.03462 5.04152 21.2956 31.585 1525850.0
282 0.02185 8.8349e-05 -1477.4 273.638 5.03441 5.04117 20.6296 30.6017 1522840.0
281 0.02195 8.83484e-05 -1477.4 273.619 5.03401 5.04056 20.0033 29.7252 1519750.0
280 0.02205 8.8349e-05 -1477.41 273.608 5.03385 5.04026 19.4639 28.7813 1517290.0
279 0.02215 8.8348e-05 -1477.41 273.586 5.03339 5.0396 18.7532 27.849 1514060.0
278 0.02225 8.83484e-05 -1477.42 273.575 5.03321 5.03905 18.1054 26.7985 1511100.0
277 0.02235 8.8348e-05 -1477.42 273.555 5.03282 5.03851 17.4924 25.8962 1508420.0
276 0.02245 8.83476e-05 -1477.42 273.547 5.03264 5.03817 17.0473 25.1243 1505960.0
275 0.02255 8.83479e-05 -1477.43 273.535 5.03244 5.03781 16.5583 24.3773 1503670.0
274 0.02265 8.8347e-05 -1477.43 273.514 5.03201 5.03717 15.7654 23.3055 1500160.0
273 0.02275 8.83466e-05 -1477.43 273.498 5.03169 5.03663 15.1524 22.3884 1497500.0
272 0.02285 8.83472e-05 -1477.44 273.49 5.03158 5.03636 14.6951 21.661 1495200.0
271 0.02295 8.83461e-05 -1477.44 273.472 5.03119 5.03578 14.1758 20.9446 1492970.0
270 0.02305 8.83475e-05 -1477.44 273.466 5.03116 5.03562 13.7784 20.3517 1490920.0
269 0.02315 8.8346e-05 -1477.45 273.447 5.03072 5.03492 13.1864 19.5306 1488360.0
268 0.02325 8.83454e-05 -1477.45 273.439 5.03054 5.03465 12.7943 18.9653 1486470.0
267 0.02335 8.83462e-05 -1477.46 273.424 5.0303 5.03417 12.2397 18.1196 1484130.0
266 0.02345 8.83461e-05 -1477.46 273.415 5.03014 5.03381 11.7617 17.4071 1482030.0
265 0.02355 8.83455e-05 -1477.46 273.399 5.02981 5.03343 11.3686 16.808 1479900.0
264 0.02365 8.83455e-05 -1477.46 273.391 5.02966 5.03318 10.9413 16.2393 1478290.0
263 0.02375 8.83458e-05 -1477.46 273.381 5.0295 5.03288 10.525 15.5496 1476450.0
262 0.02385 8.83454e-05 -1477.47 273.372 5.02929 5.03259 10.0891 15.0075 1474560.0
261 0.02395 8.83445e-05 -1477.47 273.359 5.02901 5.03213 9.6827 14.4195 1472760.0
260 0.02405 8.83453e-05 -1477.47 273.349 5.02887 5.03195 9.17886 13.7215 1470790.0
259 0.02415 8.83447e-05 -1477.47 273.34 5.02868 5.03166 8.97087 13.3896 1469710.0
258 0.02425 8.83447e-05 -1477.47 273.336 5.0286 5.03156 8.71007 13.0052 1468450.0
257 0.02435 8.8345e-05 -1477.48 273.328 5.02848 5.0314 8.38801 12.5322 1466980.0
256 0.02445 8.83442e-05 -1477.48 273.32 5.02827 5.0311 8.09714 12.1476 1465770.0
255 0.02455 8.83447e-05 -1477.48 273.314 5.02819 5.03098 7.84582 11.7268 1464600.0
254 0.02465 8.8345e-05 -1477.48 273.304 5.02803 5.03064 7.44221 11.1405 1462920.0
253 0.02475 8.83443e-05 -1477.48 273.297 5.02786 5.03031 7.20672 10.8095 1461780.0
252 0.02485 8.83441e-05 -1477.49 273.291 5.02774 5.03018 7.00226 10.441 1460750.0
251 0.02495 8.83443e-05 -1477.49 273.286 5.02766 5.02986 6.61643 9.90342 1459510.0
250 0.02505 8.83443e-05 -1477.49 273.278 5.0275 5.02968 6.4766 9.67734 1458380.0
249 0.02515 8.8344e-05 -1477.49 273.278 5.0275 5.0296 6.38595 9.52991 1458010.0
248 0.02525 8.83435e-05 -1477.49 273.27 5.02731 5.02936 6.1492 9.25223 1456870.0
247 0.02535 8.83439e-05 -1477.49 273.265 5.02725 5.02931 5.82326 8.82694 1455560.0
246 0.02545 8.83434e-05 -1477.49 273.259 5.02711 5.02905 5.6603 8.54294 1454780.0
245 0.02555 8.83433e-05 -1477.5 273.254 5.02702 5.02894 5.45234 8.28205 1453920.0
244 0.02565 8.83439e-05 -1477.5 273.252 5.02702 5.02893 5.40934 8.15845 1453510.0
243 0.02575 8.8343e-05 -1477.5 273.249 5.02691 5.02872 5.22329 7.8451 1452530.0
242 0.02585 8.83437e-05 -1477.5 273.244 5.02685 5.02855 5.02487 7.5729 1451740.0
241 0.02595 8.83426e-05 -1477.5 273.236 5.02664 5.02827 4.79909 7.20835 1450650.0
240 0.02605 8.83438e-05 -1477.5 273.238 5.02675 5.02829 4.74895 7.0793 1450330.0
239 0.02615 8.83431e-05 -1477.5 273.237 5.0267 5.0282 4.72654 6.96883 1449940.0
238 0.02625 8.83439e-05 -1477.5 273.232 5.02664 5.02817 4.5426 6.76308 1449260.0
237 0.02635 8.83427e-05 -1477.5 273.232 5.02658 5.02812 4.47689 6.64449 1448820.0
236 0.02645 8.83438e-05 -1477.5 273.226 5.02652 5.02807 4.2526 6.3378 1447940.0
235 0.02655 8.83433e-05 -1477.51 273.225 5.02648 5.02797 4.22649 6.2426 1447670.0
234 0.02665 8.83425e-05 -1477.5 273.219 5.02633 5.02772 4.04408 6.00141 1446800.0
233 0.02675 8.83435e-05 -1477.5 273.222 5.02644 5.02784 4.02758 5.9203 1446620.0
232 0.02685 8.83432e-05 -1477.51 273.215 5.02629 5.02752 3.86557 5.66578 1445790.0
231 0.02695 8.8343e-05 -1477.51 273.209 5.02617 5.02741 3.5948 5.32354 1444810.0
230 0.02705 8.83423e-05 -1477.51 273.207 5.02608 5.02725 3.49567 5.16042 1444270.0
229 0.02715 8.83428e-05 -1477.51 273.201 5.02601 5.0271 3.36232 5.00785 1443730.0
228 0.02725 8.83424e-05 -1477.51 273.195 5.02588 5.02696 3.02819 4.57656 1442620.0
227 0.02735 8.8343e-05 -1477.51 273.194 5.02589 5.02689 2.94606 4.38277 1442110.0
226 0.02745 8.83416e-05 -1477.51 273.191 5.02575 5.02668 2.85764 4.36182 1441660.0
225 0.02755 8.83428e-05 -1477.51 273.19 5.02581 5.02676 2.82088 4.27639 1441410.0
224 0.02765 8.83424e-05 -1477.51 273.188 5.02574 5.02666 2.75374 4.16281 1441060.0
223 0.02775 8.83429e-05 -1477.51 273.188 5.02578 5.02662 2.62907 3.96599 1440600.0
222 0.02785 8.83423e-05 -1477.51 273.183 5.02564 5.02647 2.55228 3.77268 1440150.0
221 0.02795 8.83426e-05 -1477.51 273.181 5.02562 5.02634 2.41176 3.61165 1439620.0
220 0.02805 8.8342e-05 -1477.51 273.179 5.02555 5.02627 2.33902 3.54806 1439270.0
219 0.02815 8.83424e-05 -1477.51 273.177 5.02554 5.02629 2.34108 3.5258 1439220.0
218 0.02825 8.83419e-05 -1477.51 273.174 5.02546 5.0262 2.19922 3.35615 1438690.0
217 0.02835 8.83424e-05 -1477.52 273.175 5.0255 5.02625 2.17601 3.29724 1438410.0
216 0.02845 8.8342e-05 -1477.51 273.174 5.02546 5.02627 2.19575 3.31128 1438400.0
215 0.02855 8.83429e-05 -1477.51 273.173 5.0255 5.02625 2.17781 3.28631 1438220.0
214 0.02865 8.83419e-05 -1477.52 273.172 5.02542 5.02615 2.09337 3.11382 1437830.0
213 0.02875 8.83422e-05 -1477.52 273.169 5.02539 5.02607 2.00196 3.00174 1437490.0
212 0.02885 8.83426e-05 -1477.52 273.169 5.0254 5.02605 1.93929 2.94865 1437100.0
211 0.02895 8.83416e-05 -1477.52 273.164 5.02527 5.02598 1.80413 2.7492 1436610.0
210 0.02905 8.8343e-05 -1477.52 273.164 5.02533 5.02602 1.68677 2.60125 1436260.0
209 0.02915 8.83421e-05 -1477.52 273.163 5.02527 5.02599 1.75681 2.65284 1436260.0
208 0.02925 8.8342e-05 -1477.52 273.165 5.02529 5.02587 1.69887 2.57942 1436090.0
207 0.02935 8.83425e-05 -1477.52 273.161 5.02526 5.02582 1.62958 2.47161 1435780.0
206 0.02945 8.83423e-05 -1477.52 273.162 5.02526 5.02584 1.61842 2.44929 1435660.0
205 0.02955 8.83416e-05 -1477.52 273.16 5.02518 5.02573 1.60179 2.37626 1435540.0
204 0.02965 8.83414e-05 -1477.52 273.161 5.02519 5.0257 1.61027 2.36024 1435400.0
203 0.02975 8.83421e-05 -1477.52 273.159 5.0252 5.02565 1.53859 2.2476 1435080.0
202 0.02985 8.83421e-05 -1477.52 273.155 5.02512 5.0254 1.40726 2.06356 1434610.0
201 0.02995 8.83418e-05 -1477.52 273.157 5.02513 5.0255 1.40723 2.00509 1434520.0
200 0.03005 8.8342e-05 -1477.52 273.155 5.02511 5.02545 1.4367 2.04108 1434440.0
199 0.03015 8.83426e-05 -1477.52 273.155 5.02514 5.0255 1.35074 1.92705 1434270.0
198 0.03025 8.83411e-05 -1477.52 273.154 5.02504 5.02543 1.33389 1.87722 1434100.0
197 0.03035 8.83424e-05 -1477.52 273.152 5.02507 5.02547 1.2613 1.80071 1433870.0
196 0.03045 8.83422e-05 -1477.52 273.152 5.02507 5.02531 1.22081 1.75939 1433540.0
195 0.03055 8.83417e-05 -1477.52 273.15 5.025 5.02531 1.22412 1.77551 1433530.0
194 0.03065 8.83422e-05 -1477.52 273.152 5.02506 5.02541 1.23049 1.7836 1433520.0
193 0.03075 8.83414e-05 -1477.52 273.149 5.02497 5.02531 1.23198 1.79177 1433360.0
192 0.03085 8.83426e-05 -1477.52 273.15 5.02505 5.02546 1.17091 1.69348 1433250.0
191 0.03095 8.83416e-05 -1477.52 273.149 5.02498 5.02535 1.15852 1.726 1433180.0
190 0.03105 8.83416e-05 -1477.52 273.146 5.02494 5.02524 1.07734 1.56678 1432800.0
189 0.03115 8.8342e-05 -1477.52 273.143 5.0249 5.02519 1.02996 1.49667 1432690.0
188 0.03125 8.83416e-05 -1477.52 273.143 5.02487 5.02516 0.972128 1.43849 1432470.0
187 0.03135 8.83417e-05 -1477.52 273.142 5.02487 5.02514 0.92166 1.36836 1432380.0
186 0.03145 8.83417e-05 -1477.52 273.141 5.02484 5.02509 0.896882 1.34225 1432280.0
185 0.03155 8.83418e-05 -1477.52 273.141 5.02485 5.02512 0.890104 1.33251 1432240.0
184 0.03165 8.83425e-05 -1477.52 273.139 5.02486 5.02511 0.879151 1.30133 1432210.0
183 0.03175 8.83416e-05 -1477.53 273.137 5.02477 5.02502 0.800958 1.18271 1431880.0
182 0.03185 8.83409e-05 -1477.53 273.137 5.02473 5.02487 0.757637 1.11781 1431730.0
181 0.03195 8.83417e-05 -1477.53 273.135 5.02473 5.02486 0.728241 1.0532 1431530.0
180 0.03205 8.8342e-05 -1477.53 273.134 5.02474 5.02483 0.671291 0.971052 1431480.0
179 0.03215 8.83414e-05 -1477.53 273.134 5.0247 5.02468 0.646184 0.906566 1431300.0
178 0.03225 8.83416e-05 -1477.53 273.135 5.02472 5.02476 0.658783 0.916034 1431300.0
177 0.03235 8.83421e-05 -1477.53 273.134 5.02473 5.02469 0.61416 0.861478 1431140.0
176 0.03245 8.83411e-05 -1477.53 273.133 5.02465 5.02472 0.635964 0.92873 1431140.0
175 0.03255 8.83415e-05 -1477.53 273.133 5.02469 5.0247 0.583797 0.834765 1430990.0
174 0.03265 8.83424e-05 -1477.53 273.134 5.02475 5.02473 0.603422 0.806705 1430970.0
173 0.03275 8.83417e-05 -1477.53 273.135 5.02472 5.02467 0.629544 0.829642 1430920.0
172 0.03285 8.83413e-05 -1477.52 273.133 5.02467 5.02464 0.636316 0.827148 1430900.0
171 0.03295 8.8342e-05 -1477.53 273.133 5.02471 5.02466 0.554576 0.712605 1430750.0
170 0.03305 8.83419e-05 -1477.53 273.133 5.0247 5.02464 0.547683 0.694509 1430660.0
169 0.03315 8.83419e-05 -1477.53 273.131 5.02468 5.02456 0.539714 0.680803 1430650.0
168 0.03325 8.83411e-05 -1477.53 273.133 5.02465 5.02445 0.528044 0.624762 1430640.0
167 0.03335 8.83416e-05 -1477.53 273.132 5.02466 5.02446 0.572849 0.674416 1430680.0
166 0.03345 8.83417e-05 -1477.53 273.129 5.02462 5.02446 0.48013 0.609149 1430510.0
165 0.03355 8.8342e-05 -1477.53 273.131 5.02467 5.02447 0.465306 0.572875 1430410.0
164 0.03365 8.83416e-05 -1477.53 273.128 5.0246 5.02441 0.434576 0.549127 1430340.0
163 0.03375 8.83415e-05 -1477.53 273.132 5.02466 5.02444 0.47549 0.561233 1430520.0
162 0.03385 8.83418e-05 -1477.53 273.126 5.02457 5.02439 0.421701 0.478552 1430240.0
161 0.03395 8.8341e-05 -1477.53 273.128 5.02457 5.02439 0.373791 0.460807 1430140.0
160 0.03405 8.83422e-05 -1477.53 273.127 5.02461 5.02448 0.373285 0.460068 1430150.0
159 0.03415 8.83414e-05 -1477.53 273.129 5.0246 5.02438 0.406317 0.522831 1430120.0
158 0.03425 8.83411e-05 -1477.53 273.13 5.02461 5.02449 0.411325 0.521207 1430210.0
157 0.03435 8.83413e-05 -1477.53 273.129 5.02459 5.02443 0.426902 0.515947 1430160.0
156 0.03445 8.83412e-05 -1477.53 273.129 5.0246 5.02448 0.37006 0.431923 1429990.0
155 0.03455 8.83419e-05 -1477.53 273.128 5.02461 5.02447 0.384643 0.443525 1429960.0
154 0.03465 8.83405e-05 -1477.53 273.129 5.02455 5.02441 0.373136 0.446601 1429860.0
153 0.03475 8.83419e-05 -1477.53 273.127 5.0246 5.02455 0.381437 0.48987 1429980.0
152 0.03485 8.83415e-05 -1477.53 273.128 5.02458 5.02448 0.361775 0.470409 1429870.0
151 0.03495 8.83415e-05 -1477.53 273.125 5.02454 5.02436 0.332764 0.401897 1429710.0
150 0.03505 8.8341e-05 -1477.53 273.127 5.02455 5.02439 0.299454 0.359968 1429690.0
149 0.03515 8.8342e-05 -1477.53 273.126 5.02459 5.02444 0.33791 0.392559 1429730.0
148 0.03525 8.83415e-05 -1477.53 273.127 5.02457 5.02439 0.305477 0.352613 1429660.0
147 0.03535 8.83407e-05 -1477.53 273.127 5.02453 5.02427 0.29775 0.329297 1429530.0
146 0.03545 8.83416e-05 -1477.53 273.126 5.02457 5.02436 0.282299 0.321297 1429530.0
145 0.03555 8.83418e-05 -1477.53 273.125 5.02456 5.02436 0.274679 0.346409 1429480.0
144 0.03565 8.83408e-05 -1477.53 273.125 5.0245 5.02428 0.287471 0.421838 1429410.0
143 0.03575 8.83416e-05 -1477.53 273.126 5.02457 5.02443 0.246566 0.352639 1429420.0
142 0.03585 8.83414e-05 -1477.53 273.125 5.02453 5.02426 0.237277 0.372791 1429290.0
141 0.03595 8.83412e-05 -1477.53 273.123 5.02447 5.02429 0.273962 0.410968 1429310.0
140 0.03605 8.83411e-05 -1477.53 273.127 5.02455 5.02433 0.276555 0.408041 1429370.0
139 0.03615 8.83414e-05 -1477.53 273.124 5.02451 5.02427 0.288963 0.412422 1429350.0
138 0.03625 8.83413e-05 -1477.53 273.124 5.0245 5.02429 0.275584 0.410319 1429280.0
137 0.03635 8.83412e-05 -1477.53 273.125 5.02451 5.02433 0.298989 0.449836 1429290.0
136 0.03645 8.83413e-05 -1477.53 273.125 5.02453 5.02436 0.258244 0.422296 1429230.0
135 0.03655 8.83413e-05 -1477.53 273.124 5.0245 5.02432 0.275418 0.435261 1429180.0
134 0.03665 8.83416e-05 -1477.53 273.126 5.02457 5.02446 0.249088 0.391462 1429190.0
133 0.03675 8.83408e-05 -1477.53 273.125 5.0245 5.02435 0.306056 0.47456 1429200.0
132 0.03685 8.83417e-05 -1477.53 273.124 5.02454 5.02445 0.311181 0.500583 1429170.0
131 0.03695 8.83416e-05 -1477.53 273.126 5.02456 5.02444 0.301669 0.533861 1429160.0
130 0.03705 8.83406e-05 -1477.53 273.125 5.02448 5.02428 0.315372 0.552725 1429110.0
129 0.03715 8.83415e-05 -1477.53 273.126 5.02456 5.02453 0.301659 0.493327 1429160.0
128 0.03725 8.83414e-05 -1477.53 273.125 5.02454 5.02442 0.325337 0.479932 1429100.0
127 0.03735 8.8341e-05 -1477.53 273.125 5.0245 5.02445 0.27544 0.446864 1429050.0
126 0.03745 8.83413e-05 -1477.53 273.124 5.02452 5.02447 0.292135 0.417596 1429020.0
125 0.03755 8.83414e-05 -1477.53 273.126 5.02454 5.02451 0.287937 0.446922 1429010.0
124 0.03765 8.83412e-05 -1477.53 273.124 5.0245 5.02452 0.300384 0.498531 1429020.0
123 0.03775 8.83419e-05 -1477.53 273.124 5.02454 5.02461 0.26258 0.421508 1429010.0
122 0.03785 8.83415e-05 -1477.53 273.126 5.02455 5.02455 0.298913 0.493916 1429020.0
121 0.03795 8.83417e-05 -1477.53 273.126 5.02456 5.02458 0.289304 0.497318 1429050.0
120 0.03805 8.83418e-05 -1477.53 273.125 5.02455 5.02472 0.279091 0.503172 1429090.0
119 0.03815 8.83409e-05 -1477.53 273.124 5.0245 5.02471 0.291717 0.526565 1429050.0
118 0.03825 8.83426e-05 -1477.53 273.125 5.0246 5.02474 0.259629 0.499857 1429020.0
117 0.03835 8.83408e-05 -1477.53 273.125 5.02449 5.02461 0.267501 0.48196 1428950.0
116 0.03845 8.83427e-05 -1477.53 273.126 5.02462 5.02473 0.27846 0.488522 1428990.0
115 0.03855 8.83405e-05 -1477.53 273.124 5.02447 5.02458 0.296495 0.50996 1428910.0
114 0.03865 8.83423e-05 -1477.53 273.125 5.02458 5.02468 0.270952 0.480545 1428930.0
113 0.03875 8.83421e-05 -1477.53 273.125 5.02457 5.02467 0.27123 0.483894 1428880.0
112 0.03885 8.8342e-05 -1477.53 273.124 5.02455 5.02463 0.236703 0.459883 1428880.0
111 0.03895 8.83416e-05 -1477.53 273.124 5.02453 5.02454 0.231881 0.436047 1428850.0
110 0.03905 8.83412e-05 -1477.53 273.126 5.02454 5.0245 0.221513 0.429386 1428810.0
109 0.03915 8.83417e-05 -1477.53 273.123 5.02451 5.02446 0.216594 0.402589 1428750.0
108 0.03925 8.83414e-05 -1477.53 273.124 5.0245 5.02451 0.236142 0.41661 1428800.0
107 0.03935 8.83412e-05 -1477.53 273.124 5.0245 5.02442 0.250951 0.428847 1428800.0
106 0.03945 8.83415e-05 -1477.53 273.126 5.02455 5.0245 0.250115 0.407517 1428790.0
105 0.03955 8.83415e-05 -1477.53 273.124 5.02452 5.02438 0.238932 0.392723 1428700.0
104 0.03965 8.83411e-05 -1477.53 273.123 5.02448 5.02438 0.230865 0.348427 1428710.0
103 0.03975 8.83419e-05 -1477.53 273.125 5.02456 5.02446 0.25905 0.361428 1428750.0
102 0.03985 8.83414e-05 -1477.53 273.124 5.02452 5.02448 0.244794 0.364591 1428750.0
101 0.03995 8.83415e-05 -1477.53 273.124 5.02452 5.02441 0.261232 0.410392 1428700.0
100 0.04005 8.83414e-05 -1477.53 273.124 5.02452 5.02441 0.261216 0.400098 1428710.0
99 0.04015 8.83412e-05 -1477.53 273.124 5.02449 5.02447 0.242225 0.361698 1428720.0
98 0.04025 8.83413e-05 -1477.53 273.126 5.02454 5.02445 0.244184 0.384581 1428740.0
97 0.04035 8.83414e-05 -1477.53 273.124 5.02452 5.02455 0.28242 0.459238 1428770.0
96 0.04045 8.8341e-05 -1477.53 273.126 5.02453 5.02459 0.275376 0.475837 1428790.0
95 0.04055 8.83418e-05 -1477.53 273.126 5.02458 5.02444 0.248151 0.422029 1428670.0
94 0.04065 8.83412e-05 -1477.53 273.124 5.02451 5.02435 0.276228 0.414422 1428640.0
93 0.04075 8.8341e-05 -1477.53 273.126 5.02452 5.02439 0.272605 0.433682 1428680.0
92 0.04085 8.8342e-05 -1477.53 273.125 5.02457 5.02444 0.26036 0.426487 1428690.0
91 0.04095 8.83418e-05 -1477.53 273.128 5.0246 5.02448 0.262859 0.41481 1428680.0
90 0.04105 8.83408e-05 -1477.53 273.124 5.02448 5.0244 0.290163 0.459259 1428660.0
89 0.04115 8.83415e-05 -1477.53 273.127 5.02457 5.02449 0.278946 0.441161 1428720.0
88 0.04125 8.83417e-05 -1477.53 273.123 5.02451 5.02431 0.242504 0.389342 1428610.0
87 0.04135 8.83407e-05 -1477.53 273.125 5.0245 5.0243 0.256772 0.407901 1428590.0
86 0.04145 8.83418e-05 -1477.53 273.124 5.02454 5.02432 0.25557 0.397539 1428590.0
85 0.04155 8.83411e-05 -1477.53 273.124 5.0245 5.02432 0.269208 0.404855 1428630.0
84 0.04165 8.83417e-05 -1477.53 273.127 5.02458 5.02444 0.262713 0.36291 1428670.0
83 0.04175 8.83407e-05 -1477.53 273.126 5.0245 5.02438 0.259432 0.396671 1428630.0
82 0.04185 8.83415e-05 -1477.53 273.124 5.02451 5.02433 0.282221 0.412904 1428590.0
81 0.04195 8.83416e-05 -1477.53 273.126 5.02456 5.02447 0.284389 0.444244 1428690.0
80 0.04205 8.83414e-05 -1477.53 273.126 5.02454 5.02442 0.286219 0.470065 1428690.0
79 0.04215 8.83417e-05 -1477.53 273.125 5.02455 5.0244 0.273779 0.460682 1428630.0
78 0.04225 8.83414e-05 -1477.53 273.126 5.02455 5.0244 0.275894 0.473754 1428650.0
77 0.04235 8.83419e-05 -1477.53 273.126 5.02458 5.0245 0.299656 0.521876 1428680.0
76 0.04245 8.83409e-05 -1477.53 273.127 5.02454 5.02445 0.305223 0.538864 1428670.0
75 0.04255 8.83417e-05 -1477.53 273.126 5.02456 5.02448 0.310889 0.541496 1428650.0
74 0.04265 8.83412e-05 -1477.53 273.126 5.02453 5.02439 0.303955 0.536383 1428610.0
73 0.04275 8.83417e-05 -1477.53 273.127 5.02458 5.0244 0.314213 0.570737 1428590.0
72 0.04285 8.83413e-05 -1477.53 273.126 5.02454 5.02432 0.29258 0.555739 1428580.0
71 0.04295 8.83411e-05 -1477.53 273.127 5.02455 5.02429 0.338432 0.597644 1428560.0
70 0.04305 8.83415e-05 -1477.53 273.126 5.02455 5.02431 0.32265 0.587054 1428600.0
69 0.04315 8.83415e-05 -1477.53 273.128 5.02459 5.02437 0.355573 0.642755 1428630.0
68 0.04325 8.83417e-05 -1477.53 273.127 5.02459 5.02428 0.310731 0.600584 1428570.0
67 0.04335 8.83413e-05 -1477.53 273.125 5.02453 5.02418 0.315657 0.59115 1428480.0
66 0.04345 8.83409e-05 -1477.53 273.126 5.02452 5.02413 0.290883 0.543751 1428430.0
65 0.04355 8.83415e-05 -1477.53 273.127 5.02458 5.0241 0.306415 0.544683 1428430.0
64 0.04365 8.83413e-05 -1477.53 273.127 5.02456 5.0242 0.292126 0.500692 1428440.0
63 0.04375 8.83415e-05 -1477.53 273.127 5.02457 5.02414 0.286376 0.532254 1428430.0
62 0.04385 8.83411e-05 -1477.53 273.126 5.02453 5.02403 0.303083 0.549112 1428360.0
61 0.04395 8.83415e-05 -1477.53 273.126 5.02455 5.02413 0.313734 0.546269 1428410.0
60 0.04405 8.83405e-05 -1477.53 273.128 5.02452 5.02405 0.325743 0.527305 1428400.0
59 0.04415 8.83411e-05 -1477.53 273.128 5.02457 5.02407 0.309617 0.497027 1428360.0
58 0.04425 8.83411e-05 -1477.53 273.125 5.02452 5.024 0.330132 0.526515 1428330.0
57 0.04435 8.83425e-05 -1477.53 273.126 5.02461 5.02408 0.300473 0.45549 1428350.0
56 0.04445 8.83399e-05 -1477.53 273.126 5.02447 5.02385 0.325912 0.450074 1428210.0
55 0.04455 8.83416e-05 -1477.53 273.127 5.02459 5.02401 0.282269 0.409249 1428280.0
54 0.04465 8.83412e-05 -1477.53 273.126 5.02454 5.0239 0.302596 0.430965 1428210.0
53 0.04475 8.83406e-05 -1477.53 273.127 5.02452 5.02392 0.296284 0.421793 1428230.0
52 0.04485 8.83409e-05 -1477.53 273.127 5.02453 5.02396 0.313652 0.472722 1428230.0
51 0.04495 8.83407e-05 -1477.53 273.123 5.02446 5.02384 0.322041 0.473486 1428180.0
50 0.04505 8.83414e-05 -1477.53 273.129 5.02461 5.02402 0.327458 0.495454 1428240.0
49 0.04515 8.83411e-05 -1477.53 273.126 5.02453 5.02396 0.316725 0.511991 1428240.0
48 0.04525 8.8341e-05 -1477.53 273.128 5.02456 5.02397 0.333426 0.533453 1428240.0
47 0.04535 8.83412e-05 -1477.53 273.127 5.02456 5.02401 0.356625 0.584789 1428260.0
46 0.04545 8.83415e-05 -1477.53 273.125 5.02453 5.02393 0.328089 0.536741 1428190.0
45 0.04555 8.83414e-05 -1477.53 273.127 5.02456 5.02406 0.318948 0.524167 1428200.0
44 0.04565 8.83403e-05 -1477.53 273.125 5.02446 5.0239 0.290949 0.488191 1428100.0
43 0.04575 8.83416e-05 -1477.53 273.127 5.02458 5.02405 0.296527 0.51718 1428150.0
42 0.04585 8.83416e-05 -1477.53 273.126 5.02456 5.02406 0.311978 0.540261 1428150.0
41 0.04595 8.83415e-05 -1477.53 273.126 5.02456 5.02407 0.311865 0.525999 1428140.0
40 0.04605 8.83412e-05 -1477.53 273.125 5.02452 5.02395 0.284368 0.497408 1428040.0
39 0.04615 8.83406e-05 -1477.53 273.123 5.02445 5.02388 0.288977 0.517683 1427990.0
38 0.04625 8.83418e-05 -1477.53 273.128 5.02461 5.02406 0.309371 0.589155 1428080.0
37 0.04635 8.83408e-05 -1477.53 273.123 5.02447 5.0239 0.303553 0.587258 1427990.0
36 0.04645 8.83415e-05 -1477.53 273.125 5.02453 5.02398 0.286235 0.56184 1427950.0
35 0.04655 8.83409e-05 -1477.53 273.125 5.0245 5.02386 0.2895 0.556604 1427910.0
34 0.04665 8.83415e-05 -1477.53 273.125 5.02454 5.02389 0.244711 0.506399 1427860.0
33 0.04675 8.83414e-05 -1477.53 273.124 5.02452 5.02385 0.292455 0.564888 1427870.0
32 0.04685 8.83414e-05 -1477.53 273.124 5.02452 5.02387 0.269083 0.543224 1427850.0
31 0.04695 8.8341e-05 -1477.53 273.124 5.02449 5.02374 0.253136 0.527172 1427780.0
30 0.04705 8.83409e-05 -1477.53 273.123 5.02446 5.02361 0.276869 0.559526 1427730.0
29 0.04715 8.83409e-05 -1477.53 273.126 5.02452 5.02376 0.265135 0.565984 1427810.0
28 0.04725 8.83415e-05 -1477.53 273.125 5.02453 5.02386 0.275935 0.595217 1427810.0
27 0.04735 8.83411e-05 -1477.53 273.124 5.02449 5.02381 0.295102 0.612218 1427830.0
26 0.04745 8.83419e-05 -1477.53 273.124 5.02455 5.02379 0.306023 0.601455 1427760.0
25 0.04755 8.83407e-05 -1477.53 273.124 5.02447 5.02366 0.293861 0.618083 1427680.0
24 0.04765 8.83417e-05 -1477.53 273.123 5.02452 5.02375 0.249063 0.526576 1427690.0
23 0.04775 8.83408e-05 -1477.53 273.125 5.0245 5.02369 0.289783 0.6058 1427660.0
22 0.04785 8.83411e-05 -1477.53 273.124 5.02449 5.02369 0.279265 0.610739 1427620.0
21 0.04795 8.83409e-05 -1477.53 273.124 5.02448 5.02367 0.271225 0.599784 1427610.0
20 0.04805 8.83415e-05 -1477.53 273.125 5.02453 5.0238 0.271685 0.569483 1427660.0
19 0.04815 8.83412e-05 -1477.53 273.126 5.02454 5.02385 0.248378 0.548161 1427650.0
18 0.04825 8.83412e-05 -1477.53 273.123 5.02448 5.0237 0.239357 0.560194 1427560.0
17 0.04835 8.83419e-05 -1477.53 273.124 5.02454 5.02378 0.222455 0.517301 1427580.0
16 0.04845 8.83411e-05 -1477.53 273.126 5.02452 5.02375 0.201216 0.485947 1427540.0
15 0.04855 8.83412e-05 -1477.53 273.122 5.02446 5.02366 0.227083 0.52608 1427490.0
14 0.04865 8.83416e-05 -1477.53 273.122 5.0245 5.02375 0.184172 0.469487 1427520.0
13 0.04875 8.83417e-05 -1477.53 273.12 5.02447 5.02366 0.200885 0.486431 1427430.0
12 0.04885 8.83409e-05 -1477.54 273.122 5.02444 5.0236 0.191917 0.460645 1427390.0
11 0.04895 8.83412e-05 -1477.53 273.122 5.02446 5.02352 0.171083 0.435472 1427340.0
10 0.04905 8.83405e-05 -1477.53 273.123 5.02445 5.02351 0.157484 0.377593 1427280.0
9 0.04915 8.83422e-05 -1477.53 273.121 5.02449 5.02355 0.156715 0.394158 1427250.0
8 0.04925 8.83407e-05 -1477.53 273.122 5.02443 5.02343 0.13319 0.374507 1427150.0
7 0.04935 8.83413e-05 -1477.53 273.122 5.02447 5.02354 0.111854 0.322222 1427170.0
6 0.04945 8.83417e-05 -1477.53 273.122 5.02449 5.02345 0.120691 0.296661 1427080.0
5 0.04955 8.83401e-05 -1477.54 273.119 5.02434 5.02326 0.0934617 0.261172 1426970.0
4 0.04965 8.83414e-05 -1477.54 273.119 5.02443 5.02336 0.0701461 0.20259 1426940.0
3 0.04975 8.83413e-05 -1477.54 273.118 5.0244 5.02324 0.0448716 0.165532 1426850.0
2 0.04985 8.83407e-05 -1477.54 273.117 5.02434 5.02312 0.0274097 0.121387 1426730.0
1 0.04995 8.8341e-05 -1477.54 273.116 5.02434 5.02301 0.00736635 0.0366125 1426630.0
