TITLE = "DSMC"
VARIABLES = "ID" "X" "rho" "v1" "Ttrans" "p" "p1" "q1" "mv1v1v1" "mvvv1v1"
ZONE T="Ma=4.8_inv", I=800, J=1, K=1, F=POINT
800 -0.02995 0.000312654 -417.474 2202.5 143.4 143.392 1.28755 0.503595 328811000.0
799 -0.02985 0.00031267 -417.452 2202.44 143.404 143.396 -2.32723 -5.67326 328821000.0
798 -0.02975 0.000312665 -417.454 2202.45 143.402 143.393 -2.0492 -3.89786 328809000.0
797 -0.02965 0.000312664 -417.463 2202.41 143.399 143.394 -4.9419 -4.37789 328815000.0
796 -0.02955 0.000312665 -417.457 2202.36 143.396 143.394 -6.32681 -6.90539 328815000.0
795 -0.02945 0.000312661 -417.463 2202.37 143.395 143.394 -5.31484 -5.1073 328814000.0
794 -0.02935 0.000312636 -417.495 2202.36 143.383 143.389 -1.62792 7.51249 328809000.0
793 -0.02925 0.000312661 -417.458 2202.38 143.396 143.393 -3.77144 -0.421251 328813000.0
792 -0.02915 0.000312666 -417.456 2202.44 143.402 143.396 -3.42464 -1.26268 328823000.0
791 -0.02905 0.000312664 -417.456 2202.52 143.406 143.395 -0.335404 0.95186 328824000.0
790 -0.02895 0.000312675 -417.44 2202.47 143.408 143.396 -3.85696 -3.88427 328825000.0
789 -0.02885 0.000312682 -417.432 2202.5 143.413 143.398 -4.54692 -6.61686 328830000.0
788 -0.02875 0.000312674 -417.443 2202.5 143.409 143.395 -2.95864 -2.7645 328821000.0
787 -0.02865 0.000312675 -417.439 2202.46 143.407 143.396 -4.52932 -3.06139 328823000.0
786 -0.02855 0.000312657 -417.467 2202.47 143.4 143.392 -0.27145 6.99718 328818000.0
785 -0.02845 0.000312654 -417.469 2202.41 143.394 143.393 -2.3218 8.50332 328821000.0
784 -0.02835 0.000312656 -417.466 2202.34 143.391 143.391 -5.05502 5.29593 328818000.0
783 -0.02825 0.00031268 -417.435 2202.37 143.404 143.395 -8.47331 -5.57159 328825000.0
782 -0.02815 0.00031268 -417.433 2202.37 143.404 143.397 -9.39161 -5.48118 328826000.0
781 -0.02805 0.000312667 -417.451 2202.43 143.402 143.394 -3.36925 1.14954 328822000.0
780 -0.02795 0.000312666 -417.451 2202.45 143.402 143.393 -3.21265 0.452512 328824000.0
779 -0.02785 0.000312672 -417.446 2202.41 143.402 143.397 -5.32685 -2.66202 328832000.0
778 -0.02775 0.000312685 -417.429 2202.4 143.408 143.398 -9.1871 -7.16532 328831000.0
777 -0.02765 0.000312687 -417.424 2202.36 143.406 143.398 -11.1103 -7.14451 328832000.0
776 -0.02755 0.000312699 -417.41 2202.41 143.415 143.4 -11.6653 -12.2344 328839000.0
775 -0.02745 0.000312706 -417.402 2202.41 143.418 143.4 -11.7134 -13.6953 328834000.0
774 -0.02735 0.000312686 -417.425 2202.42 143.41 143.398 -6.8247 -3.3738 328836000.0
773 -0.02725 0.000312678 -417.44 2202.43 143.406 143.397 -5.46054 -1.90172 328834000.0
772 -0.02715 0.000312672 -417.443 2202.4 143.402 143.396 -6.53399 -1.0164 328832000.0
771 -0.02705 0.000312656 -417.469 2202.52 143.402 143.392 1.75414 8.00996 328831000.0
770 -0.02695 0.000312663 -417.456 2202.56 143.408 143.393 2.34458 1.90017 328834000.0
769 -0.02685 0.000312659 -417.462 2202.5 143.402 143.391 0.236159 3.47463 328828000.0
768 -0.02675 0.000312671 -417.447 2202.51 143.409 143.396 -1.29807 -2.35664 328837000.0
767 -0.02665 0.000312666 -417.455 2202.55 143.409 143.394 1.26973 -3.23527 328832000.0
766 -0.02655 0.000312665 -417.457 2202.49 143.404 143.393 -1.06234 -0.866534 328829000.0
765 -0.02645 0.00031268 -417.437 2202.46 143.409 143.398 -5.61393 -7.94108 328840000.0
764 -0.02635 0.00031268 -417.434 2202.43 143.408 143.395 -6.83842 -12.3622 328825000.0
763 -0.02625 0.000312662 -417.456 2202.52 143.405 143.394 1.3502 -3.36815 328833000.0
762 -0.02615 0.000312655 -417.47 2202.51 143.401 143.391 1.50793 0.145958 328823000.0
761 -0.02605 0.000312679 -417.436 2202.4 143.405 143.397 -8.45785 -12.594 328825000.0
760 -0.02595 0.000312671 -417.446 2202.45 143.405 143.397 -5.07433 -10.1892 328833000.0
759 -0.02585 0.000312679 -417.435 2202.43 143.407 143.396 -6.64275 -13.3783 328825000.0
758 -0.02575 0.000312663 -417.458 2202.49 143.404 143.394 -0.807079 -7.10455 328829000.0
757 -0.02565 0.000312654 -417.471 2202.5 143.401 143.394 1.11 -3.08038 328830000.0
756 -0.02555 0.000312653 -417.47 2202.38 143.392 143.392 -3.61707 -3.65308 328816000.0
755 -0.02545 0.000312656 -417.469 2202.44 143.397 143.393 -1.20367 -3.14114 328825000.0
754 -0.02535 0.000312671 -417.451 2202.45 143.405 143.396 -3.55922 -10.0023 328837000.0
753 -0.02525 0.000312656 -417.469 2202.48 143.4 143.392 1.73946 -0.088845 328829000.0
752 -0.02515 0.000312672 -417.45 2202.46 143.406 143.396 -4.31724 -8.62106 328831000.0
751 -0.02505 0.000312652 -417.473 2202.48 143.398 143.392 2.81082 3.55723 328829000.0
750 -0.02495 0.000312649 -417.481 2202.51 143.399 143.393 4.38881 5.47009 328826000.0
749 -0.02485 0.000312664 -417.457 2202.5 143.405 143.392 0.188795 -5.20988 328824000.0
748 -0.02475 0.000312682 -417.437 2202.51 143.413 143.396 -2.34754 -10.1063 328833000.0
747 -0.02465 0.000312653 -417.476 2202.53 143.402 143.392 4.27096 3.6024 328828000.0
746 -0.02455 0.000312668 -417.454 2202.49 143.406 143.394 -0.471551 -6.70599 328825000.0
745 -0.02445 0.000312653 -417.474 2202.44 143.396 143.39 0.285804 -1.04916 328816000.0
744 -0.02435 0.000312653 -417.475 2202.47 143.398 143.392 2.58027 1.51433 328823000.0
743 -0.02425 0.00031264 -417.496 2202.47 143.392 143.387 5.96962 7.28396 328814000.0
742 -0.02415 0.000312652 -417.475 2202.51 143.4 143.391 3.36566 0.29948 328828000.0
741 -0.02405 0.000312647 -417.485 2202.47 143.395 143.39 3.03843 3.71963 328827000.0
740 -0.02395 0.00031266 -417.468 2202.41 143.397 143.392 -2.38336 -4.94566 328823000.0
739 -0.02385 0.000312644 -417.487 2202.43 143.391 143.389 3.01655 1.51353 328819000.0
738 -0.02375 0.000312634 -417.502 2202.41 143.385 143.387 3.7263 7.37973 328820000.0
737 -0.02365 0.000312635 -417.501 2202.47 143.389 143.387 5.80443 6.35114 328822000.0
736 -0.02355 0.000312637 -417.501 2202.58 143.398 143.389 8.09588 3.66779 328830000.0
735 -0.02345 0.00031264 -417.495 2202.52 143.395 143.388 7.21699 0.173231 328826000.0
734 -0.02335 0.000312658 -417.47 2202.37 143.394 143.391 -3.70833 -6.07286 328828000.0
733 -0.02325 0.000312659 -417.47 2202.46 143.4 143.391 -0.127736 -7.83807 328828000.0
732 -0.02315 0.000312641 -417.496 2202.51 143.395 143.387 5.50055 1.73013 328822000.0
731 -0.02305 0.000312647 -417.483 2202.49 143.396 143.39 3.80595 -2.29937 328826000.0
730 -0.02295 0.000312662 -417.466 2202.41 143.398 143.392 -2.52379 -8.95139 328821000.0
729 -0.02285 0.000312662 -417.468 2202.36 143.395 143.392 -3.36927 -7.05729 328823000.0
728 -0.02275 0.000312666 -417.458 2202.44 143.402 143.394 -2.59698 -10.673 328823000.0
727 -0.02265 0.000312664 -417.464 2202.41 143.399 143.392 -2.60285 -5.89741 328815000.0
726 -0.02255 0.00031268 -417.442 2202.4 143.406 143.395 -5.9812 -11.5598 328818000.0
725 -0.02245 0.000312671 -417.454 2202.47 143.406 143.391 -1.38951 -7.32194 328815000.0
724 -0.02235 0.000312678 -417.444 2202.44 143.407 143.395 -4.51866 -9.56319 328827000.0
723 -0.02225 0.000312658 -417.473 2202.5 143.402 143.391 0.591997 -0.15749 328823000.0
722 -0.02215 0.000312654 -417.481 2202.45 143.397 143.391 -0.309065 0.701038 328819000.0
721 -0.02205 0.000312657 -417.473 2202.41 143.396 143.391 -0.425706 -0.75484 328819000.0
720 -0.02195 0.000312664 -417.466 2202.39 143.397 143.393 -4.25008 -7.53606 328822000.0
719 -0.02185 0.000312664 -417.461 2202.48 143.404 143.393 -1.49764 -5.26122 328821000.0
718 -0.02175 0.000312669 -417.458 2202.49 143.407 143.395 -1.80692 -8.49786 328829000.0
717 -0.02165 0.000312663 -417.464 2202.45 143.401 143.392 -2.36146 -5.42299 328816000.0
716 -0.02155 0.000312676 -417.449 2202.3 143.398 143.395 -9.71391 -10.7334 328812000.0
715 -0.02145 0.000312687 -417.43 2202.33 143.404 143.397 -11.8858 -16.646 328819000.0
714 -0.02135 0.000312706 -417.406 2202.29 143.411 143.401 -17.3732 -25.1353 328823000.0
713 -0.02125 0.000312699 -417.42 2202.38 143.413 143.4 -9.81377 -20.0334 328828000.0
712 -0.02115 0.000312677 -417.444 2202.43 143.406 143.395 -5.32268 -12.1454 328822000.0
711 -0.02105 0.000312672 -417.452 2202.47 143.406 143.394 -2.06194 -8.56033 328822000.0
710 -0.02095 0.000312661 -417.467 2202.52 143.405 143.393 0.995579 -5.14609 328828000.0
709 -0.02085 0.000312656 -417.476 2202.55 143.404 143.393 3.85254 -1.76746 328830000.0
708 -0.02075 0.000312657 -417.468 2202.41 143.396 143.391 -1.69556 -3.66752 328825000.0
707 -0.02065 0.000312654 -417.478 2202.5 143.4 143.392 2.02078 -0.0265708 328832000.0
706 -0.02055 0.00031264 -417.495 2202.4 143.387 143.389 0.26091 9.38395 328812000.0
705 -0.02045 0.00031263 -417.508 2202.43 143.385 143.388 3.58462 14.2309 328816000.0
704 -0.02035 0.000312643 -417.495 2202.38 143.387 143.389 0.65099 8.55241 328814000.0
703 -0.02025 0.000312639 -417.492 2202.41 143.387 143.388 1.194 7.39162 328814000.0
702 -0.02015 0.000312641 -417.497 2202.54 143.397 143.389 6.0329 7.01074 328819000.0
701 -0.02005 0.000312645 -417.493 2202.55 143.399 143.39 5.16575 6.06296 328821000.0
700 -0.01995 0.000312646 -417.493 2202.51 143.397 143.39 4.11743 8.10485 328812000.0
699 -0.01985 0.000312633 -417.508 2202.48 143.39 143.388 4.89277 11.9306 328816000.0
698 -0.01975 0.000312637 -417.507 2202.55 143.395 143.387 7.89301 11.3116 328813000.0
697 -0.01965 0.000312664 -417.467 2202.53 143.407 143.394 1.97954 -1.02971 328829000.0
696 -0.01955 0.000312663 -417.469 2202.34 143.394 143.391 -5.31459 -1.05331 328816000.0
695 -0.01945 0.000312644 -417.497 2202.34 143.385 143.39 -1.44304 6.79776 328815000.0
694 -0.01935 0.000312668 -417.462 2202.29 143.393 143.393 -9.01532 -6.35571 328819000.0
693 -0.01925 0.000312666 -417.469 2202.32 143.394 143.394 -7.65942 -6.17906 328819000.0
692 -0.01915 0.000312655 -417.479 2202.38 143.393 143.389 -2.35561 -2.54688 328808000.0
691 -0.01905 0.000312662 -417.475 2202.31 143.391 143.392 -6.43811 -4.09761 328813000.0
690 -0.01895 0.000312661 -417.471 2202.37 143.395 143.391 -4.02253 -5.19799 328815000.0
689 -0.01885 0.000312665 -417.467 2202.4 143.399 143.392 -3.98044 -6.64577 328819000.0
688 -0.01875 0.000312659 -417.476 2202.43 143.398 143.392 -1.70255 -4.31702 328815000.0
687 -0.01865 0.000312663 -417.472 2202.55 143.408 143.394 1.23246 -7.96036 328827000.0
686 -0.01855 0.00031265 -417.483 2202.57 143.403 143.39 6.63573 0.00892422 328817000.0
685 -0.01845 0.000312642 -417.497 2202.52 143.396 143.389 5.36737 1.90538 328822000.0
684 -0.01835 0.000312654 -417.484 2202.46 143.398 143.392 1.10958 -4.41408 328826000.0
683 -0.01825 0.000312639 -417.502 2202.48 143.392 143.388 4.13445 3.15623 328822000.0
682 -0.01815 0.000312641 -417.497 2202.46 143.391 143.389 2.95164 4.0346 328828000.0
681 -0.01805 0.000312649 -417.489 2202.56 143.402 143.389 6.47371 0.873917 328830000.0
680 -0.01795 0.000312654 -417.484 2202.54 143.402 143.388 4.56602 0.875934 328825000.0
679 -0.01785 0.00031266 -417.474 2202.41 143.397 143.392 -2.33568 -1.06112 328821000.0
678 -0.01775 0.000312659 -417.477 2202.46 143.4 143.392 -0.361235 1.40837 328821000.0
677 -0.01765 0.000312664 -417.471 2202.4 143.398 143.393 -1.76933 1.63519 328821000.0
676 -0.01755 0.000312674 -417.458 2202.46 143.407 143.391 -2.75048 -2.23656 328814000.0
675 -0.01745 0.000312671 -417.464 2202.52 143.409 143.393 0.204247 1.89344 328821000.0
674 -0.01735 0.000312666 -417.469 2202.45 143.403 143.391 -1.02263 1.12818 328819000.0
673 -0.01725 0.000312659 -417.478 2202.41 143.397 143.391 -1.99897 2.47998 328819000.0
672 -0.01715 0.000312666 -417.466 2202.52 143.407 143.391 1.40005 -3.16773 328824000.0
671 -0.01705 0.000312655 -417.482 2202.56 143.405 143.39 5.72823 1.97922 328824000.0
670 -0.01695 0.000312662 -417.474 2202.6 143.41 143.392 5.26846 -1.71189 328828000.0
669 -0.01685 0.000312667 -417.465 2202.54 143.409 143.391 1.458 -4.72711 328823000.0
668 -0.01675 0.000312672 -417.458 2202.55 143.412 143.393 1.53876 -8.26237 328829000.0
667 -0.01665 0.000312668 -417.461 2202.43 143.402 143.391 -1.22836 -4.54515 328819000.0
666 -0.01655 0.00031266 -417.477 2202.48 143.402 143.392 1.80993 -1.57325 328819000.0
665 -0.01645 0.000312652 -417.488 2202.49 143.398 143.39 1.32448 -0.713583 328819000.0
664 -0.01635 0.000312644 -417.497 2202.47 143.394 143.39 2.89619 5.73812 328815000.0
663 -0.01625 0.000312654 -417.48 2202.5 143.4 143.39 3.53096 1.19328 328815000.0
662 -0.01615 0.000312637 -417.506 2202.49 143.392 143.388 5.3551 5.70757 328818000.0
661 -0.01605 0.000312622 -417.529 2202.49 143.385 143.384 9.7187 12.1844 328810000.0
660 -0.01595 0.000312631 -417.515 2202.45 143.386 143.387 5.46293 9.36686 328810000.0
659 -0.01585 0.000312628 -417.52 2202.4 143.382 143.385 4.24843 10.404 328802000.0
658 -0.01575 0.000312641 -417.501 2202.46 143.391 143.39 4.96928 6.10661 328814000.0
657 -0.01565 0.000312653 -417.484 2202.52 143.401 143.392 4.58336 3.0686 328823000.0
656 -0.01555 0.000312654 -417.483 2202.48 143.399 143.389 3.55495 1.81714 328810000.0
655 -0.01545 0.000312645 -417.501 2202.52 143.397 143.389 4.52102 4.97161 328815000.0
654 -0.01535 0.000312662 -417.471 2202.33 143.393 143.392 -5.08982 -2.37105 328809000.0
653 -0.01525 0.000312657 -417.478 2202.33 143.39 143.391 -5.07074 -2.40343 328804000.0
652 -0.01515 0.000312644 -417.497 2202.5 143.395 143.389 4.33814 7.55063 328812000.0
651 -0.01505 0.00031264 -417.498 2202.5 143.394 143.388 5.77531 9.18205 328812000.0
650 -0.01495 0.000312653 -417.485 2202.58 143.405 143.391 7.15346 1.88668 328819000.0
649 -0.01485 0.000312666 -417.466 2202.4 143.399 143.392 -1.9112 -6.9308 328815000.0
648 -0.01475 0.000312639 -417.499 2202.41 143.387 143.389 2.47634 5.81783 328813000.0
647 -0.01465 0.00031265 -417.484 2202.45 143.395 143.391 1.96732 2.05672 328816000.0
646 -0.01455 0.000312632 -417.508 2202.5 143.39 143.385 8.62416 8.44266 328805000.0
645 -0.01445 0.000312636 -417.502 2202.51 143.393 143.39 5.77506 1.57014 328814000.0
644 -0.01435 0.000312624 -417.516 2202.6 143.393 143.386 13.2885 14.7099 328808000.0
643 -0.01425 0.000312626 -417.513 2202.63 143.396 143.386 13.4321 14.1371 328806000.0
642 -0.01415 0.000312624 -417.519 2202.5 143.386 143.386 8.8382 16.6069 328798000.0
641 -0.01405 0.000312629 -417.51 2202.55 143.392 143.387 9.60558 12.4343 328802000.0
640 -0.01395 0.000312628 -417.512 2202.55 143.392 143.387 9.14399 10.4145 328803000.0
639 -0.01385 0.000312618 -417.526 2202.66 143.394 143.385 16.8725 16.9243 328806000.0
638 -0.01375 0.000312638 -417.496 2202.56 143.397 143.389 7.94081 8.96956 328809000.0
637 -0.01365 0.00031264 -417.498 2202.54 143.396 143.389 5.6634 9.60359 328806000.0
636 -0.01355 0.000312653 -417.482 2202.54 143.403 143.392 5.01972 5.52232 328813000.0
635 -0.01345 0.000312642 -417.495 2202.55 143.398 143.389 7.00788 8.8241 328801000.0
634 -0.01335 0.000312624 -417.518 2202.66 143.397 143.384 14.6621 17.0142 328791000.0
633 -0.01325 0.000312641 -417.493 2202.64 143.403 143.388 10.7337 8.54405 328796000.0
632 -0.01315 0.000312657 -417.474 2202.59 143.407 143.394 4.85844 0.476686 328808000.0
631 -0.01305 0.000312642 -417.49 2202.51 143.396 143.388 4.39529 8.54682 328785000.0
630 -0.01295 0.00031264 -417.498 2202.65 143.404 143.388 10.7518 8.92196 328791000.0
629 -0.01285 0.000312636 -417.503 2202.67 143.403 143.388 11.2836 9.30779 328789000.0
628 -0.01275 0.000312638 -417.499 2202.56 143.397 143.388 7.60168 8.15214 328782000.0
627 -0.01265 0.000312645 -417.492 2202.54 143.399 143.392 5.46779 6.08011 328795000.0
626 -0.01255 0.000312628 -417.513 2202.55 143.392 143.385 9.13081 13.0347 328777000.0
625 -0.01245 0.000312608 -417.539 2202.66 143.389 143.383 17.9354 21.641 328779000.0
624 -0.01235 0.00031259 -417.562 2202.62 143.379 143.38 18.9493 28.5596 328769000.0
623 -0.01225 0.0003126 -417.549 2202.68 143.387 143.381 21.144 26.2978 328764000.0
622 -0.01215 0.000312587 -417.568 2202.74 143.385 143.381 25.1836 28.4507 328769000.0
621 -0.01205 0.000312588 -417.569 2202.74 143.385 143.379 24.5426 28.9423 328759000.0
620 -0.01195 0.000312606 -417.541 2202.77 143.396 143.382 21.8457 19.0423 328764000.0
619 -0.01185 0.000312613 -417.538 2202.73 143.396 143.383 19.674 17.4628 328759000.0
618 -0.01175 0.000312608 -417.54 2202.83 143.4 143.382 24.9609 20.5634 328754000.0
617 -0.01165 0.000312606 -417.544 2202.78 143.396 143.382 22.5509 21.8284 328752000.0
616 -0.01155 0.000312596 -417.561 2202.67 143.385 143.379 22.2163 26.2242 328739000.0
615 -0.01145 0.000312576 -417.584 2202.68 143.376 143.376 25.8443 33.3048 328731000.0
614 -0.01135 0.000312571 -417.593 2202.77 143.38 143.377 29.4991 35.6892 328735000.0
613 -0.01125 0.000312549 -417.622 2202.74 143.368 143.372 34.084 43.6056 328722000.0
612 -0.01115 0.000312544 -417.627 2202.71 143.363 143.37 32.1788 43.0643 328711000.0
611 -0.01105 0.000312531 -417.644 2202.8 143.363 143.367 37.5519 46.5418 328696000.0
610 -0.01095 0.00031253 -417.648 2202.76 143.36 143.368 36.7529 49.1851 328690000.0
609 -0.01085 0.000312542 -417.63 2202.72 143.363 143.369 32.2515 39.4866 328678000.0
608 -0.01075 0.000312561 -417.607 2202.64 143.366 143.375 26.1783 31.0118 328681000.0
607 -0.01065 0.00031255 -417.622 2202.67 143.363 143.372 28.8538 34.6515 328667000.0
606 -0.01055 0.000312521 -417.659 2202.75 143.356 143.364 38.202 46.1274 328646000.0
605 -0.01045 0.000312506 -417.675 2202.83 143.354 143.363 44.6185 52.018 328639000.0
604 -0.01035 0.000312514 -417.666 2202.85 143.359 143.366 42.9336 47.5219 328639000.0
603 -0.01025 0.0003125 -417.687 2202.85 143.352 143.363 46.62 53.5589 328628000.0
602 -0.01015 0.000312489 -417.697 2202.82 143.346 143.361 45.3678 54.5579 328621000.0
601 -0.01005 0.000312479 -417.712 2202.9 143.346 143.359 52.3892 60.1088 328607000.0
600 -0.00995 0.000312459 -417.742 2202.92 143.338 143.356 56.119 66.2426 328602000.0
599 -0.00985 0.000312451 -417.746 2202.96 143.337 143.355 60.2613 69.8852 328588000.0
598 -0.00975 0.00031245 -417.752 2202.95 143.336 143.355 58.5042 67.9786 328579000.0
597 -0.00965 0.000312441 -417.764 2202.98 143.334 143.353 62.4854 70.1767 328568000.0
596 -0.00955 0.000312415 -417.795 2203.04 143.326 143.349 69.4776 78.7777 328552000.0
595 -0.00945 0.000312394 -417.824 2203.12 143.321 143.344 76.5367 83.7136 328535000.0
594 -0.00935 0.000312377 -417.85 2203.11 143.313 143.342 80.2579 89.4184 328521000.0
593 -0.00925 0.000312351 -417.88 2203.07 143.298 143.338 83.1925 98.5562 328496000.0
592 -0.00915 0.000312333 -417.906 2203.18 143.297 143.335 91.157 103.372 328479000.0
591 -0.00905 0.000312311 -417.934 2203.21 143.289 143.329 95.5418 109.334 328450000.0
590 -0.00895 0.000312291 -417.96 2203.28 143.285 143.327 102.856 113.333 328430000.0
589 -0.00885 0.000312293 -417.96 2203.34 143.289 143.326 103.582 108.421 328406000.0
588 -0.00875 0.000312262 -418.003 2203.44 143.281 143.322 114.549 119.854 328393000.0
587 -0.00865 0.000312223 -418.053 2203.39 143.26 143.313 121.542 134.338 328353000.0
586 -0.00855 0.000312208 -418.073 2203.41 143.255 143.313 122.649 132.969 328337000.0
585 -0.00845 0.00031218 -418.113 2203.43 143.243 143.306 129.655 140.475 328298000.0
584 -0.00835 0.000312143 -418.165 2203.55 143.234 143.299 143.215 153.106 328266000.0
583 -0.00825 0.000312104 -418.216 2203.62 143.221 143.293 151.896 162.403 328236000.0
582 -0.00815 0.000312051 -418.284 2203.71 143.202 143.282 165.908 178.243 328191000.0
581 -0.00805 0.000312026 -418.32 2203.73 143.192 143.28 172.095 182.035 328162000.0
580 -0.00795 0.000311978 -418.382 2203.75 143.171 143.271 181.476 193.681 328115000.0
579 -0.00785 0.000311934 -418.444 2203.8 143.154 143.261 191.221 201.0 328072000.0
578 -0.00775 0.000311889 -418.499 2203.83 143.135 143.254 200.865 204.896 328027000.0
577 -0.00765 0.000311838 -418.57 2203.92 143.118 143.245 215.84 214.812 327973000.0
576 -0.00755 0.000311779 -418.649 2203.92 143.091 143.236 225.432 229.856 327926000.0
575 -0.00745 0.000311706 -418.748 2204.06 143.067 143.222 246.004 250.312 327870000.0
574 -0.00735 0.000311634 -418.842 2204.21 143.043 143.212 265.814 267.314 327817000.0
573 -0.00725 0.000311552 -418.951 2204.39 143.017 143.195 287.339 284.756 327750000.0
572 -0.00715 0.000311485 -419.043 2204.48 142.993 143.183 305.842 297.521 327686000.0
571 -0.00705 0.000311395 -419.165 2204.63 142.961 143.168 327.771 317.106 327620000.0
570 -0.00695 0.000311319 -419.266 2204.7 142.93 143.153 344.855 328.758 327540000.0
569 -0.00685 0.000311221 -419.396 2204.73 142.888 143.137 364.829 349.716 327458000.0
568 -0.00675 0.000311118 -419.533 2204.93 142.853 143.119 392.543 373.507 327380000.0
567 -0.00665 0.00031101 -419.681 2205.03 142.81 143.099 417.892 393.763 327284000.0
566 -0.00655 0.000310902 -419.826 2205.11 142.766 143.08 440.677 412.042 327181000.0
565 -0.00645 0.00031077 -420.005 2205.21 142.711 143.057 470.179 441.814 327081000.0
564 -0.00635 0.000310634 -420.184 2205.36 142.658 143.031 501.553 466.228 326959000.0
563 -0.00625 0.000310498 -420.375 2205.5 142.605 143.008 533.83 488.571 326849000.0
562 -0.00615 0.000310333 -420.595 2205.59 142.535 142.978 569.558 520.324 326718000.0
561 -0.00605 0.000310156 -420.833 2205.74 142.464 142.945 608.753 551.295 326575000.0
560 -0.00595 0.000309974 -421.083 2205.88 142.39 142.914 648.822 581.72 326426000.0
559 -0.00585 0.000309762 -421.37 2206.07 142.304 142.875 698.915 625.95 326259000.0
558 -0.00575 0.000309561 -421.643 2206.18 142.219 142.838 741.955 655.792 326086000.0
557 -0.00565 0.000309318 -421.973 2206.34 142.118 142.794 794.033 700.921 325901000.0
556 -0.00555 0.000309066 -422.317 2206.56 142.015 142.749 851.989 745.2 325709000.0
555 -0.00545 0.000308819 -422.654 2206.72 141.913 142.704 906.36 780.323 325499000.0
554 -0.00535 0.000308536 -423.045 2206.89 141.794 142.653 967.874 825.063 325275000.0
553 -0.00525 0.000308215 -423.48 2207.04 141.656 142.594 1036.55 880.657 325030000.0
552 -0.00515 0.000307886 -423.938 2207.21 141.515 142.534 1109.0 935.148 324779000.0
551 -0.00505 0.000307545 -424.405 2207.35 141.368 142.47 1179.57 979.616 324495000.0
550 -0.00495 0.000307155 -424.945 2207.56 141.202 142.4 1265.23 1043.38 324201000.0
549 -0.00485 0.000306721 -425.545 2207.71 141.012 142.32 1355.47 1115.34 323874000.0
548 -0.00475 0.00030627 -426.173 2207.79 140.809 142.234 1448.13 1184.85 323526000.0
547 -0.00465 0.00030579 -426.844 2208.0 140.602 142.147 1550.9 1256.3 323168000.0
546 -0.00455 0.000305279 -427.555 2208.25 140.384 142.053 1661.6 1328.34 322785000.0
545 -0.00445 0.000304701 -428.368 2208.38 140.126 141.946 1781.02 1419.73 322359000.0
544 -0.00435 0.000304074 -429.252 2208.56 139.848 141.827 1911.76 1520.32 321900000.0
543 -0.00425 0.000303401 -430.202 2208.82 139.556 141.702 2057.73 1630.6 321416000.0
542 -0.00415 0.000302715 -431.179 2208.91 139.246 141.571 2197.29 1726.03 320894000.0
541 -0.00405 0.000301951 -432.269 2209.04 138.902 141.426 2356.45 1842.55 320336000.0
540 -0.00395 0.000301148 -433.422 2209.11 138.538 141.273 2520.62 1959.16 319731000.0
539 -0.00385 0.000300285 -434.668 2209.26 138.15 141.108 2700.31 2086.17 319095000.0
538 -0.00375 0.000299344 -436.037 2209.43 137.727 140.927 2899.19 2233.26 318409000.0
537 -0.00365 0.000298319 -437.535 2209.51 137.261 140.728 3112.46 2391.8 317672000.0
536 -0.00355 0.000297229 -439.135 2209.62 136.766 140.517 3341.59 2561.27 316888000.0
535 -0.00345 0.000296079 -440.838 2209.64 136.239 140.29 3578.63 2731.72 316047000.0
534 -0.00335 0.000294833 -442.706 2209.61 135.663 140.044 3836.8 2926.45 315149000.0
533 -0.00325 0.000293509 -444.704 2209.67 135.057 139.777 4117.74 3131.1 314189000.0
532 -0.00315 0.00029207 -446.895 2209.68 134.396 139.487 4421.24 3363.46 313164000.0
531 -0.00305 0.000290538 -449.251 2209.66 133.69 139.176 4745.9 3611.19 312066000.0
530 -0.00295 0.000288913 -451.778 2209.57 132.937 138.842 5092.09 3879.41 310900000.0
529 -0.00285 0.000287196 -454.478 2209.36 132.134 138.483 5455.86 4158.13 309657000.0
528 -0.00275 0.000285336 -457.443 2209.19 131.268 138.092 5855.84 4479.97 308327000.0
527 -0.00265 0.000283397 -460.573 2208.85 130.356 137.677 6270.23 4804.84 306913000.0
526 -0.00255 0.000281313 -463.984 2208.41 129.372 137.226 6719.51 5172.83 305405000.0
525 -0.00245 0.000279098 -467.666 2207.97 128.328 136.74 7201.6 5574.98 303811000.0
524 -0.00235 0.000276758 -471.618 2207.39 127.218 136.219 7714.35 6015.48 302117000.0
523 -0.00225 0.000274291 -475.861 2206.69 126.044 135.658 8260.11 6486.69 300321000.0
522 -0.00215 0.000271677 -480.44 2205.93 124.8 135.056 8845.0 7006.28 298432000.0
521 -0.00205 0.000268939 -485.331 2204.99 123.49 134.409 9463.52 7562.23 296428000.0
520 -0.00195 0.000266075 -490.556 2203.83 122.11 133.722 10112.7 8161.03 294321000.0
519 -0.00185 0.000263082 -496.139 2202.45 120.661 132.987 10797.1 8803.93 292104000.0
518 -0.00175 0.000259949 -502.116 2200.81 119.135 132.2 11519.9 9501.77 289773000.0
517 -0.00165 0.000256674 -508.525 2199.03 117.539 131.358 12289.3 10264.9 287336000.0
516 -0.00155 0.000253278 -515.342 2196.86 115.869 130.461 13089.3 11077.6 284786000.0
515 -0.00145 0.000249759 -522.606 2194.49 114.136 129.507 13934.2 11956.2 282135000.0
514 -0.00135 0.000246152 -530.26 2191.61 112.341 128.503 14801.1 12873.1 279380000.0
513 -0.00125 0.000242429 -538.407 2188.41 110.48 127.434 15709.8 13861.9 276512000.0
512 -0.00115 0.000238586 -547.075 2184.83 108.551 126.298 16661.2 14929.2 273556000.0
511 -0.00105 0.000234636 -556.283 2180.68 106.551 125.091 17647.5 16071.4 270498000.0
510 -0.00095 0.000230616 -565.988 2175.98 104.5 123.82 18659.8 17268.5 267348000.0
509 -0.00085 0.000226537 -576.172 2170.75 102.404 122.486 19699.3 18524.6 264130000.0
508 -0.00075 0.00022241 -586.866 2164.88 100.267 121.088 20759.2 19835.4 260844000.0
507 -0.00065 0.000218227 -598.113 2158.32 98.0832 119.617 21844.2 21216.0 257492000.0
506 -0.00055 0.000214014 -609.889 2150.79 95.8539 118.077 22935.2 22650.6 254077000.0
505 -0.00045 0.000209779 -622.202 2142.62 93.6001 116.467 24044.5 24136.2 250625000.0
504 -0.00035 0.00020554 -635.036 2133.56 91.3214 114.791 25158.1 25666.0 247144000.0
503 -0.00025 0.000201303 -648.398 2123.45 89.0144 113.047 26268.2 27240.7 243639000.0
502 -0.00015 0.000197096 -662.245 2112.38 86.7 111.24 27369.8 28834.9 240119000.0
501 -5e-05 0.000192925 -676.561 2100.29 84.3794 109.373 28456.1 30446.8 236601000.0
500 5e-05 0.000188799 -691.343 2086.89 82.0478 107.443 29512.2 32067.4 233069000.0
499 0.00015 0.000184736 -706.553 2072.45 79.7268 105.462 30544.9 33688.5 229577000.0
498 0.00025 0.000180729 -722.215 2056.78 77.4078 103.419 31542.5 35300.8 226088000.0
497 0.00035 0.000176816 -738.2 2039.78 75.106 101.334 32487.6 36873.9 222620000.0
496 0.00045 0.000172987 -754.539 2021.64 72.8258 99.2055 33389.5 38415.2 219197000.0
495 0.00055 0.000169248 -771.21 2002.04 70.5614 97.0326 34228.6 39907.0 215791000.0
494 0.00065 0.000165611 -788.145 1981.22 68.327 94.8251 35006.7 41335.5 212422000.0
493 0.00075 0.000162087 -805.286 1959.17 66.1284 92.5921 35716.4 42689.2 209088000.0
492 0.00085 0.000158671 -822.621 1935.91 63.9666 90.3348 36357.8 43961.0 205788000.0
491 0.00095 0.000155366 -840.123 1911.2 61.8347 88.0547 36915.8 45145.0 202507000.0
490 0.00105 0.000152169 -857.773 1885.38 59.744 85.7553 37400.4 46231.8 199256000.0
489 0.00115 0.000149095 -875.451 1858.31 57.6967 83.453 37797.1 47207.3 196020000.0
488 0.00125 0.000146149 -893.107 1830.18 55.7007 81.1536 38107.1 48061.0 192788000.0
487 0.00135 0.00014332 -910.735 1800.95 53.7502 78.8583 38331.6 48800.2 189567000.0
486 0.00145 0.000140599 -928.363 1770.87 51.8488 76.5633 38480.0 49425.3 186364000.0
485 0.00155 0.000138003 -945.824 1739.91 50.0015 74.2884 38538.7 49916.4 183140000.0
484 0.00165 0.000135519 -963.163 1708.06 48.2028 72.03 38513.4 50286.3 179903000.0
483 0.00175 0.000133145 -980.339 1675.6 46.4583 69.7935 38413.4 50534.0 176663000.0
482 0.00185 0.000130884 -997.276 1642.55 44.7687 67.5876 38234.3 50655.8 173395000.0
481 0.00195 0.00012873 -1013.96 1608.96 43.1313 65.4149 37978.7 50660.7 170104000.0
480 0.00205 0.000126683 -1030.34 1574.93 41.5479 63.2802 37651.6 50548.9 166779000.0
479 0.00215 0.000124731 -1046.48 1540.63 40.0167 61.18 37261.2 50328.4 163429000.0
478 0.00225 0.000122866 -1062.35 1505.92 38.5305 59.112 36805.6 50006.3 160045000.0
477 0.00235 0.0001211 -1077.85 1471.25 37.1024 57.0941 36297.8 49583.8 156641000.0
476 0.00245 0.000119425 -1092.97 1436.54 35.7258 55.1237 35736.4 49068.8 153207000.0
475 0.00255 0.000117834 -1107.71 1401.91 34.4003 53.2035 35127.8 48469.8 149749000.0
474 0.00265 0.000116324 -1122.1 1367.38 33.1229 51.3299 34476.5 47792.7 146265000.0
473 0.00275 0.000114895 -1136.05 1333.25 31.8996 49.5125 33792.4 47043.2 142769000.0
472 0.00285 0.000113528 -1149.73 1299.11 30.7128 47.7306 33070.9 46232.9 139252000.0
471 0.00295 0.000112251 -1162.82 1265.84 29.5893 46.0263 32331.8 45366.4 135747000.0
470 0.00305 0.000111026 -1175.64 1232.57 28.4976 44.3558 31559.1 44448.6 132211000.0
469 0.00315 0.00010987 -1188.01 1200.0 27.4555 42.7447 30774.5 43492.1 128701000.0
468 0.00325 0.000108777 -1199.95 1168.03 26.4584 41.1894 29976.2 42497.4 125193000.0
467 0.00335 0.000107741 -1211.49 1136.56 25.5001 39.6871 29163.6 41475.3 121693000.0
466 0.00345 0.000106758 -1222.65 1105.74 24.5823 38.2322 28345.1 40425.0 118209000.0
465 0.00355 0.000105818 -1233.5 1075.42 23.6978 36.8189 27519.9 39355.6 114750000.0
464 0.00365 0.000104942 -1243.81 1046.24 22.8639 35.4775 26706.4 38282.3 111352000.0
463 0.00375 0.000104106 -1253.79 1017.47 22.058 34.1758 25884.1 37194.1 107959000.0
462 0.00385 0.000103315 -1263.39 989.476 21.2881 32.9257 25068.7 36106.4 104619000.0
461 0.00395 0.000102566 -1272.62 962.338 20.5543 31.7233 24263.3 35017.4 101328000.0
460 0.00405 0.000101857 -1281.47 935.949 19.8524 30.5699 23466.4 33935.1 98087700.0
459 0.00415 0.000101189 -1289.95 910.428 19.1843 29.4664 22683.3 32863.1 94909900.0
458 0.00425 0.000100553 -1298.1 885.612 18.5441 28.4042 21910.0 31799.3 91782500.0
457 0.00435 9.9948e-05 -1305.95 861.515 17.9311 27.3811 21148.7 30745.0 88709100.0
456 0.00445 9.93735e-05 -1313.51 838.054 17.3425 26.396 20399.0 29704.8 85697100.0
455 0.00455 9.88313e-05 -1320.72 815.542 16.7846 25.4574 19670.3 28685.1 82761900.0
454 0.00465 9.83191e-05 -1327.59 793.886 16.2542 24.5614 18961.6 27686.8 79902200.0
453 0.00475 9.78358e-05 -1334.15 772.967 15.7481 23.7076 18269.7 26713.6 77115800.0
452 0.00485 9.73755e-05 -1340.45 752.765 15.2644 22.886 17594.5 25756.7 74391000.0
451 0.00495 9.69346e-05 -1346.56 733.01 14.7965 22.0902 16928.6 24815.1 71715900.0
450 0.00505 9.65197e-05 -1352.34 714.189 14.3549 21.3369 16289.4 23906.2 69142900.0
449 0.00515 9.61251e-05 -1357.89 696.08 13.9337 20.6132 15668.4 23014.7 66629900.0
448 0.00525 9.57508e-05 -1363.2 678.595 13.5308 19.9219 15065.5 22151.5 64195800.0
447 0.00535 9.53973e-05 -1368.26 661.865 13.1485 19.2633 14484.1 21314.3 61840100.0
446 0.00545 9.50618e-05 -1373.09 645.797 12.7841 18.6339 13922.1 20503.0 59559800.0
445 0.00555 9.47438e-05 -1377.69 630.314 12.4359 18.0338 13377.3 19718.7 57350900.0
444 0.00565 9.44387e-05 -1382.14 615.301 12.1006 17.4536 12845.4 18950.9 55194200.0
443 0.00575 9.4151e-05 -1386.36 601.066 11.7847 16.9046 12338.7 18214.5 53129300.0
442 0.00585 9.38778e-05 -1390.4 587.345 11.4822 16.3787 11848.2 17501.8 51131300.0
441 0.00595 9.36168e-05 -1394.28 574.078 11.1916 15.8725 11371.1 16808.2 49187600.0
440 0.00605 9.33712e-05 -1397.95 561.468 10.9171 15.3946 10915.4 16144.6 47324100.0
439 0.00615 9.31389e-05 -1401.43 549.425 10.6564 14.9405 10478.8 15507.3 45533600.0
438 0.00625 9.29171e-05 -1404.79 537.784 10.4057 14.5035 10054.5 14888.2 43793400.0
437 0.00635 9.27028e-05 -1408.01 526.607 10.166 14.0833 9645.93 14289.5 42116000.0
436 0.00645 9.25035e-05 -1411.07 515.916 9.93817 13.6847 9254.12 13716.2 40506700.0
435 0.00655 9.23118e-05 -1413.98 505.715 9.72148 13.3051 8878.44 13165.0 38958000.0
434 0.00665 9.21297e-05 -1416.79 495.848 9.51301 12.9392 8513.74 12630.1 37455100.0
433 0.00675 9.19576e-05 -1419.43 486.527 9.31675 12.5948 8168.43 12121.0 36023300.0
432 0.00685 9.17921e-05 -1422.0 477.45 9.12648 12.2603 7831.2 11625.2 34630300.0
431 0.00695 9.1634e-05 -1424.44 468.825 8.94618 11.9423 7509.74 11150.2 33297100.0
430 0.00705 9.14842e-05 -1426.78 460.514 8.77321 11.6373 7199.71 10693.3 32014400.0
429 0.00715 9.13414e-05 -1429.01 452.558 8.60819 11.3462 6901.55 10253.5 30776700.0
428 0.00725 9.12068e-05 -1431.12 445.07 8.45328 11.0724 6620.73 9837.02 29606600.0
427 0.00735 9.10799e-05 -1433.12 437.853 8.30463 10.8111 6348.74 9435.55 28470400.0
426 0.00745 9.09564e-05 -1435.06 430.899 8.16167 10.5581 6086.93 9047.63 27379700.0
425 0.00755 9.0839e-05 -1436.92 424.197 8.02434 10.3163 5833.54 8674.18 26323700.0
424 0.00765 9.07275e-05 -1438.69 417.79 7.89345 10.0856 5591.37 8316.66 25313900.0
423 0.00775 9.06198e-05 -1440.39 411.687 7.76891 9.86443 5359.5 7971.59 24341600.0
422 0.00785 9.05183e-05 -1442.0 405.832 7.64985 9.65379 5137.48 7642.51 23412600.0
421 0.00795 9.04226e-05 -1443.54 400.254 7.53671 9.45423 4925.09 7328.01 22521200.0
420 0.00805 9.0331e-05 -1445.0 394.899 7.42836 9.26307 4721.02 7026.09 21664200.0
419 0.00815 9.02438e-05 -1446.39 389.845 7.3262 9.08253 4528.23 6739.58 20851700.0
418 0.00825 9.01604e-05 -1447.73 384.943 7.2274 8.90756 4340.69 6460.91 20061300.0
417 0.00835 9.00808e-05 -1449.01 380.264 7.13325 8.74121 4161.97 6195.5 19308600.0
416 0.00845 9.00066e-05 -1450.21 375.858 7.04479 8.58432 3993.11 5943.71 18593500.0
415 0.00855 8.99342e-05 -1451.37 371.6 6.95938 8.43346 3829.72 5700.73 17902600.0
414 0.00865 8.98651e-05 -1452.48 367.498 6.87726 8.28871 3672.1 5466.75 17234600.0
413 0.00875 8.97994e-05 -1453.55 363.563 6.79865 8.14937 3521.02 5241.87 16595900.0
412 0.00885 8.97351e-05 -1454.57 359.772 6.72294 8.01618 3374.9 5026.24 15978300.0
411 0.00895 8.96764e-05 -1455.54 356.182 6.65152 7.89013 3236.79 4820.79 15392000.0
410 0.00905 8.9619e-05 -1456.46 352.765 6.58347 7.76921 3104.85 4623.13 14829500.0
409 0.00915 8.95652e-05 -1457.35 349.468 6.51804 7.65379 2977.52 4434.17 14288400.0
408 0.00925 8.95113e-05 -1458.22 346.255 6.45421 7.54079 2853.58 4249.94 13763800.0
407 0.00935 8.94608e-05 -1459.05 343.177 6.39323 7.43267 2734.48 4072.94 13258600.0
406 0.00945 8.94132e-05 -1459.82 340.293 6.33613 7.33217 2622.72 3907.2 12782400.0
405 0.00955 8.93681e-05 -1460.55 337.554 6.28197 7.23654 2516.75 3748.99 12328900.0
404 0.00965 8.93241e-05 -1461.27 334.895 6.22941 7.14353 2413.93 3595.75 11890800.0
403 0.00975 8.92822e-05 -1461.96 332.329 6.17879 7.05338 2314.22 3446.71 11465400.0
402 0.00985 8.92435e-05 -1462.6 329.942 6.13175 6.96997 2221.53 3307.6 11066500.0
401 0.00995 8.92058e-05 -1463.22 327.647 6.08652 6.88958 2132.56 3173.98 10685400.0
400 0.01005 8.91693e-05 -1463.81 325.416 6.0426 6.81217 2046.11 3045.37 10315000.0
399 0.01015 8.91348e-05 -1464.37 323.284 6.0007 6.73858 1962.96 2922.03 9957820.0
398 0.01025 8.91015e-05 -1464.92 321.224 5.96022 6.66719 1882.78 2803.1 9615060.0
397 0.01035 8.90688e-05 -1465.46 319.203 5.92056 6.59681 1804.35 2686.34 9280900.0
396 0.01045 8.90384e-05 -1465.95 317.368 5.88451 6.53299 1732.96 2579.31 8972940.0
395 0.01055 8.90102e-05 -1466.44 315.547 5.84889 6.46965 1662.02 2473.26 8668650.0
394 0.01065 8.89814e-05 -1466.89 313.837 5.81531 6.41096 1595.45 2374.66 8382100.0
393 0.01075 8.89558e-05 -1467.33 312.172 5.78279 6.35375 1530.3 2278.13 8101770.0
392 0.01085 8.89312e-05 -1467.74 310.617 5.75241 6.30005 1469.77 2187.29 7839770.0
391 0.01095 8.89055e-05 -1468.14 309.068 5.72205 6.24739 1409.34 2098.67 7580100.0
390 0.01105 8.88817e-05 -1468.54 307.571 5.69282 6.19548 1350.76 2011.57 7330100.0
389 0.01115 8.88601e-05 -1468.9 306.202 5.66611 6.14855 1297.48 1932.1 7099080.0
388 0.01125 8.88394e-05 -1469.25 304.892 5.64054 6.10356 1246.19 1855.61 6876750.0
387 0.01135 8.88197e-05 -1469.57 303.665 5.6166 6.06126 1198.36 1783.5 6667690.0
386 0.01145 8.88006e-05 -1469.89 302.472 5.59334 6.02043 1151.74 1713.68 6464550.0
385 0.01155 8.87825e-05 -1470.2 301.284 5.57024 5.97987 1104.97 1644.26 6261880.0
384 0.01165 8.8763e-05 -1470.5 300.137 5.54781 5.94011 1060.4 1577.64 6070520.0
383 0.01175 8.87451e-05 -1470.79 299.03 5.52623 5.90262 1017.01 1513.97 5884510.0
382 0.01185 8.87293e-05 -1471.06 298.004 5.50629 5.86676 976.874 1453.01 5708730.0
381 0.01195 8.87135e-05 -1471.32 297.013 5.487 5.83302 937.946 1395.54 5540550.0
380 0.01205 8.86984e-05 -1471.58 296.052 5.46832 5.79987 900.56 1339.3 5378300.0
379 0.01215 8.86824e-05 -1471.82 295.114 5.45001 5.76766 863.722 1284.5 5219110.0
378 0.01225 8.86702e-05 -1472.05 294.257 5.43343 5.73849 830.135 1234.24 5072520.0
377 0.01235 8.8656e-05 -1472.27 293.418 5.41708 5.71005 797.404 1185.91 4930610.0
376 0.01245 8.86441e-05 -1472.47 292.63 5.40181 5.68303 766.459 1139.47 4794900.0
375 0.01255 8.86312e-05 -1472.68 291.856 5.38673 5.65674 736.195 1094.61 4663920.0
374 0.01265 8.86197e-05 -1472.87 291.096 5.372 5.63101 706.15 1050.53 4533930.0
373 0.01275 8.86085e-05 -1473.06 290.386 5.35823 5.60675 678.606 1009.24 4413990.0
372 0.01285 8.85983e-05 -1473.24 289.702 5.34498 5.58329 651.572 968.83 4296600.0
371 0.01295 8.85874e-05 -1473.41 289.059 5.33247 5.56131 626.539 931.396 4187440.0
370 0.01305 8.8577e-05 -1473.58 288.411 5.31989 5.53901 600.968 893.207 4076510.0
369 0.01315 8.8568e-05 -1473.73 287.802 5.30811 5.51853 577.139 857.929 3973020.0
368 0.01325 8.85591e-05 -1473.89 287.229 5.29701 5.4991 554.541 824.344 3874010.0
367 0.01335 8.85496e-05 -1474.03 286.681 5.28634 5.48002 533.182 791.806 3780510.0
366 0.01345 8.85419e-05 -1474.18 286.113 5.2754 5.46113 510.876 759.558 3684930.0
365 0.01355 8.85336e-05 -1474.31 285.609 5.26562 5.44375 491.027 729.558 3597610.0
364 0.01365 8.85257e-05 -1474.44 285.119 5.25611 5.42704 471.891 701.008 3514160.0
363 0.01375 8.85194e-05 -1474.56 284.661 5.2473 5.41154 453.822 674.139 3434840.0
362 0.01385 8.85111e-05 -1474.67 284.227 5.23881 5.39675 436.752 648.614 3359490.0
361 0.01395 8.85054e-05 -1474.78 283.801 5.23061 5.38226 419.971 623.415 3285560.0
360 0.01405 8.8499e-05 -1474.89 283.389 5.22264 5.36848 403.949 599.736 3215480.0
359 0.01415 8.84937e-05 -1474.99 282.997 5.21511 5.35524 388.393 576.391 3146820.0
358 0.01425 8.84862e-05 -1475.09 282.595 5.20726 5.34163 372.743 553.477 3079220.0
357 0.01435 8.84811e-05 -1475.19 282.233 5.20028 5.32928 358.463 532.003 3016280.0
356 0.01445 8.84763e-05 -1475.28 281.887 5.19364 5.31776 344.887 511.892 2956860.0
355 0.01455 8.8471e-05 -1475.36 281.561 5.18733 5.30668 332.1 492.715 2899590.0
354 0.01465 8.84652e-05 -1475.45 281.233 5.18094 5.29558 319.17 473.543 2843310.0
353 0.01475 8.84615e-05 -1475.53 280.931 5.17515 5.2854 307.308 455.758 2790710.0
352 0.01485 8.84568e-05 -1475.6 280.644 5.16961 5.27557 296.081 438.828 2741190.0
351 0.01495 8.84512e-05 -1475.68 280.344 5.16375 5.26543 284.17 421.356 2689260.0
350 0.01505 8.84471e-05 -1475.75 280.053 5.15815 5.25565 272.923 404.734 2640410.0
349 0.01515 8.84434e-05 -1475.83 279.777 5.15284 5.24637 261.888 388.558 2592310.0
348 0.01525 8.844e-05 -1475.89 279.537 5.14823 5.23883 252.5 374.95 2550600.0
347 0.01535 8.84351e-05 -1475.95 279.287 5.14334 5.23004 242.647 360.096 2507640.0
346 0.01545 8.84319e-05 -1476.01 279.043 5.13866 5.22193 233.052 345.918 2465460.0
345 0.01555 8.84279e-05 -1476.07 278.81 5.13415 5.21396 223.916 332.257 2425260.0
344 0.01565 8.84246e-05 -1476.13 278.598 5.13005 5.20668 215.595 319.94 2388860.0
343 0.01575 8.8422e-05 -1476.18 278.388 5.12601 5.19989 207.316 307.754 2352150.0
342 0.01585 8.84188e-05 -1476.23 278.199 5.12236 5.19346 199.911 296.506 2318880.0
341 0.01595 8.84167e-05 -1476.28 278.017 5.11889 5.18735 192.681 285.645 2286720.0
340 0.01605 8.84122e-05 -1476.33 277.813 5.11487 5.18041 184.724 273.89 2251900.0
339 0.01615 8.84101e-05 -1476.38 277.631 5.11139 5.17438 177.484 263.21 2220240.0
338 0.01625 8.84076e-05 -1476.42 277.459 5.10808 5.16868 170.789 253.39 2190870.0
337 0.01635 8.84047e-05 -1476.46 277.29 5.10481 5.16294 164.152 243.345 2161700.0
336 0.01645 8.84022e-05 -1476.51 277.139 5.10188 5.15789 158.117 234.486 2135130.0
335 0.01655 8.84006e-05 -1476.54 276.992 5.09909 5.15307 152.452 225.941 2109400.0
334 0.01665 8.83987e-05 -1476.58 276.858 5.09651 5.14856 147.085 217.822 2085730.0
333 0.01675 8.83963e-05 -1476.61 276.729 5.094 5.1441 142.093 210.1 2062720.0
332 0.01685 8.8395e-05 -1476.64 276.597 5.0915 5.13976 136.818 202.197 2039370.0
331 0.01695 8.83928e-05 -1476.67 276.48 5.08921 5.13585 132.21 195.324 2018220.0
330 0.01705 8.83907e-05 -1476.71 276.337 5.08646 5.13122 126.59 187.294 1994380.0
329 0.01715 8.83883e-05 -1476.74 276.21 5.08399 5.12681 121.673 180.094 1973050.0
328 0.01725 8.83878e-05 -1476.77 276.093 5.08179 5.12299 116.964 173.185 1952180.0
327 0.01735 8.83848e-05 -1476.79 275.99 5.07972 5.11958 112.967 167.178 1933830.0
326 0.01745 8.83844e-05 -1476.82 275.89 5.07786 5.11641 108.917 161.255 1915970.0
325 0.01755 8.8382e-05 -1476.85 275.781 5.07572 5.11272 104.688 155.013 1897480.0
324 0.01765 8.83806e-05 -1476.87 275.681 5.07381 5.10939 100.891 149.247 1880260.0
323 0.01775 8.83795e-05 -1476.9 275.586 5.07199 5.10621 96.9906 143.533 1863400.0
322 0.01785 8.83777e-05 -1476.92 275.496 5.07024 5.10328 93.5136 138.371 1847610.0
321 0.01795 8.83774e-05 -1476.94 275.414 5.06871 5.10077 90.3407 133.796 1833360.0
320 0.01805 8.83755e-05 -1476.96 275.331 5.06706 5.09783 86.981 128.762 1818370.0
319 0.01815 8.83743e-05 -1476.98 275.239 5.06531 5.09488 83.3482 123.525 1802620.0
318 0.01825 8.83731e-05 -1477.01 275.158 5.06374 5.09209 80.1805 118.838 1788850.0
317 0.01835 8.83712e-05 -1477.03 275.086 5.06232 5.08956 77.3931 114.518 1775960.0
316 0.01845 8.83712e-05 -1477.04 275.021 5.06112 5.08744 74.7496 110.407 1764240.0
315 0.01855 8.83696e-05 -1477.06 274.941 5.05955 5.08472 71.7228 106.03 1751120.0
314 0.01865 8.83689e-05 -1477.08 274.883 5.05844 5.08282 69.3349 102.546 1740340.0
313 0.01875 8.83676e-05 -1477.1 274.813 5.05708 5.08045 66.599 98.5609 1728160.0
312 0.01885 8.83659e-05 -1477.11 274.751 5.05585 5.07841 64.1212 94.948 1717390.0
311 0.01895 8.83661e-05 -1477.12 274.696 5.05485 5.07673 62.018 91.7472 1707600.0
310 0.01905 8.83646e-05 -1477.14 274.629 5.05353 5.07455 59.3536 88.0227 1696340.0
309 0.01915 8.83636e-05 -1477.16 274.575 5.05248 5.07267 57.1955 84.7211 1686620.0
308 0.01925 8.83623e-05 -1477.17 274.52 5.0514 5.07077 55.0513 81.4221 1676880.0
307 0.01935 8.83617e-05 -1477.18 274.467 5.05038 5.06906 52.952 78.5128 1667860.0
306 0.01945 8.83607e-05 -1477.19 274.416 5.04938 5.06735 50.9823 75.6102 1658770.0
305 0.01955 8.83606e-05 -1477.21 274.372 5.04856 5.06594 49.1726 72.9674 1650840.0
304 0.01965 8.83595e-05 -1477.22 274.327 5.04768 5.06448 47.519 70.4542 1643160.0
303 0.01975 8.8359e-05 -1477.23 274.284 5.04685 5.06292 45.7834 67.7849 1635410.0
302 0.01985 8.83581e-05 -1477.24 274.249 5.04615 5.06169 44.3511 65.5156 1628470.0
301 0.01995 8.83573e-05 -1477.25 274.207 5.04535 5.06025 42.8056 63.1951 1621640.0
300 0.02005 8.83571e-05 -1477.26 274.168 5.04461 5.05898 41.173 60.8158 1614310.0
299 0.02015 8.83571e-05 -1477.27 274.138 5.04407 5.05807 40.0561 59.1074 1608850.0
298 0.02025 8.8356e-05 -1477.28 274.102 5.04333 5.05679 38.4761 56.8837 1602050.0
297 0.02035 8.83555e-05 -1477.29 274.058 5.04249 5.05538 36.898 54.4681 1595060.0
296 0.02045 8.83551e-05 -1477.3 274.023 5.04184 5.05414 35.5163 52.3938 1588890.0
295 0.02055 8.83545e-05 -1477.31 273.99 5.04119 5.05311 34.0495 50.4066 1582810.0
294 0.02065 8.83539e-05 -1477.31 273.96 5.04061 5.05214 33.1212 48.919 1578150.0
293 0.02075 8.83538e-05 -1477.32 273.93 5.04004 5.05108 31.7774 46.9136 1572440.0
292 0.02085 8.83536e-05 -1477.33 273.9 5.03948 5.05011 30.66 45.2274 1567210.0
291 0.02095 8.83528e-05 -1477.34 273.868 5.03884 5.04902 29.3004 43.2701 1561470.0
290 0.02105 8.83522e-05 -1477.34 273.838 5.03827 5.04809 28.2395 41.7726 1556840.0
289 0.02115 8.83522e-05 -1477.35 273.812 5.03778 5.04722 27.1987 40.2296 1552220.0
288 0.02125 8.83521e-05 -1477.36 273.796 5.03748 5.04665 26.442 39.047 1548560.0
287 0.02135 8.83517e-05 -1477.36 273.765 5.0369 5.04578 25.3317 37.4373 1543690.0
286 0.02145 8.83509e-05 -1477.37 273.743 5.03645 5.04492 24.4139 36.2059 1539680.0
285 0.02155 8.83507e-05 -1477.37 273.718 5.03596 5.04412 23.4305 34.7149 1535400.0
284 0.02165 8.83515e-05 -1477.38 273.701 5.0357 5.0436 22.7144 33.6649 1532070.0
283 0.02175 8.83497e-05 -1477.38 273.683 5.03527 5.04287 22.0479 32.5932 1528740.0
282 0.02185 8.83503e-05 -1477.39 273.66 5.03488 5.04223 21.2511 31.3869 1525070.0
281 0.02195 8.83505e-05 -1477.39 273.639 5.03451 5.04151 20.3839 30.0985 1521360.0
280 0.02205 8.83494e-05 -1477.4 273.623 5.03415 5.04092 19.6254 28.9639 1517890.0
279 0.02215 8.83494e-05 -1477.4 273.611 5.03393 5.04055 19.2838 28.4529 1515880.0
278 0.02225 8.83493e-05 -1477.4 273.597 5.03366 5.04006 18.6463 27.4041 1512910.0
277 0.02235 8.83483e-05 -1477.41 273.581 5.0333 5.03942 18.0341 26.473 1509990.0
276 0.02245 8.83493e-05 -1477.42 273.558 5.03294 5.03881 17.1753 25.3647 1506510.0
275 0.02255 8.83483e-05 -1477.41 273.547 5.03268 5.03841 16.7328 24.7187 1504290.0
274 0.02265 8.83486e-05 -1477.42 273.531 5.0324 5.03794 15.9469 23.6517 1501080.0
273 0.02275 8.83482e-05 -1477.42 273.513 5.03205 5.03728 15.4043 22.7828 1498480.0
272 0.02285 8.83476e-05 -1477.43 273.506 5.0319 5.03708 15.1212 22.2756 1496700.0
271 0.02295 8.83484e-05 -1477.43 273.494 5.03171 5.0368 14.4489 21.367 1494060.0
270 0.02305 8.8347e-05 -1477.43 273.473 5.03126 5.03607 13.8044 20.3638 1491190.0
269 0.02315 8.83475e-05 -1477.44 273.46 5.03105 5.03571 13.3175 19.7156 1489030.0
268 0.02325 8.83474e-05 -1477.44 273.447 5.0308 5.03516 12.708 18.7748 1486420.0
267 0.02335 8.83457e-05 -1477.44 273.438 5.03053 5.03467 12.39 18.1439 1484890.0
266 0.02345 8.83468e-05 -1477.45 273.428 5.03042 5.0344 12.0378 17.6094 1483080.0
265 0.02355 8.83468e-05 -1477.45 273.416 5.03019 5.03412 11.5462 17.044 1480990.0
264 0.02365 8.83463e-05 -1477.45 273.405 5.02997 5.03379 11.1288 16.4755 1479030.0
263 0.02375 8.83463e-05 -1477.45 273.399 5.02986 5.03362 10.9373 16.2202 1477850.0
262 0.02385 8.83461e-05 -1477.46 273.391 5.02969 5.03332 10.5995 15.6497 1476370.0
261 0.02395 8.83463e-05 -1477.46 273.379 5.02948 5.03295 10.0635 14.9517 1474150.0
260 0.02405 8.8346e-05 -1477.46 273.37 5.02929 5.03262 9.68474 14.4946 1472670.0
259 0.02415 8.83458e-05 -1477.46 273.358 5.02906 5.03224 9.24956 13.8767 1470830.0
258 0.02425 8.83453e-05 -1477.47 273.35 5.0289 5.03195 8.96213 13.4531 1469440.0
257 0.02435 8.83456e-05 -1477.47 273.338 5.02868 5.03147 8.53455 12.8612 1467650.0
256 0.02445 8.83454e-05 -1477.47 273.33 5.02853 5.0312 8.21783 12.3023 1466300.0
255 0.02455 8.83452e-05 -1477.47 273.327 5.02846 5.03107 8.04113 11.944 1465180.0
254 0.02465 8.83444e-05 -1477.47 273.316 5.02822 5.03079 7.73396 11.5686 1463900.0
253 0.02475 8.83449e-05 -1477.48 273.311 5.02816 5.03059 7.43417 11.0895 1462520.0
252 0.02485 8.8345e-05 -1477.48 273.3 5.02797 5.03035 7.15438 10.7595 1461340.0
251 0.02495 8.83453e-05 -1477.48 273.298 5.02793 5.0302 6.92432 10.4011 1460230.0
250 0.02505 8.83442e-05 -1477.48 273.294 5.02779 5.03013 6.78379 10.2297 1459500.0
249 0.02515 8.83446e-05 -1477.48 273.289 5.02773 5.03 6.63179 9.89293 1458540.0
248 0.02525 8.83441e-05 -1477.48 273.283 5.02759 5.02981 6.38323 9.54966 1457420.0
247 0.02535 8.83445e-05 -1477.48 273.276 5.02749 5.02958 6.12876 9.20054 1456310.0
246 0.02545 8.83446e-05 -1477.49 273.27 5.02738 5.02944 5.81364 8.77025 1455120.0
245 0.02555 8.83446e-05 -1477.49 273.263 5.02726 5.02923 5.63947 8.48041 1454160.0
244 0.02565 8.83439e-05 -1477.49 273.257 5.02711 5.02906 5.42203 8.22546 1453230.0
243 0.02575 8.83443e-05 -1477.49 273.256 5.0271 5.02907 5.23114 7.90387 1452460.0
242 0.02585 8.83436e-05 -1477.49 273.249 5.02695 5.02892 5.02325 7.62469 1451520.0
241 0.02595 8.83442e-05 -1477.49 273.243 5.02686 5.02872 4.8269 7.33647 1450690.0
240 0.02605 8.83432e-05 -1477.49 273.239 5.02674 5.02863 4.71044 7.16057 1450110.0
239 0.02615 8.83439e-05 -1477.49 273.238 5.02676 5.02864 4.59256 6.97685 1449590.0
238 0.02625 8.8343e-05 -1477.5 273.234 5.02663 5.02843 4.43882 6.76174 1448760.0
237 0.02635 8.83442e-05 -1477.5 273.226 5.02655 5.02823 4.18539 6.41515 1447790.0
236 0.02645 8.83441e-05 -1477.5 273.224 5.0265 5.02811 4.01637 6.17358 1447040.0
235 0.02655 8.83428e-05 -1477.5 273.22 5.02636 5.02794 3.91443 5.95485 1446590.0
234 0.02665 8.83435e-05 -1477.5 273.219 5.02638 5.02795 3.86915 5.90898 1446300.0
233 0.02675 8.83439e-05 -1477.5 273.216 5.02634 5.02789 3.65821 5.61382 1445450.0
232 0.02685 8.83428e-05 -1477.5 273.21 5.02617 5.02765 3.56243 5.47821 1444900.0
231 0.02695 8.83431e-05 -1477.5 273.207 5.02614 5.02757 3.43525 5.28621 1444390.0
230 0.02705 8.83434e-05 -1477.5 273.205 5.02611 5.02747 3.2706 5.05386 1443670.0
229 0.02715 8.83429e-05 -1477.51 273.201 5.02601 5.02735 3.18535 4.92993 1443310.0
228 0.02725 8.83426e-05 -1477.5 273.201 5.026 5.0273 3.11162 4.84073 1442890.0
227 0.02735 8.83428e-05 -1477.5 273.197 5.02595 5.02722 2.99742 4.6604 1442280.0
226 0.02745 8.83431e-05 -1477.51 273.193 5.02588 5.02714 2.88919 4.50718 1441910.0
225 0.02755 8.83419e-05 -1477.51 273.193 5.0258 5.02702 2.8174 4.38415 1441400.0
224 0.02765 8.83425e-05 -1477.51 273.192 5.02583 5.02707 2.77503 4.33316 1441280.0
223 0.02775 8.83427e-05 -1477.51 273.189 5.02579 5.02696 2.67947 4.15848 1440800.0
222 0.02785 8.83423e-05 -1477.51 273.186 5.02571 5.02674 2.61808 4.10075 1440400.0
221 0.02795 8.83433e-05 -1477.51 273.185 5.02574 5.02678 2.47123 3.90259 1439900.0
220 0.02805 8.83419e-05 -1477.51 273.184 5.02564 5.02666 2.41116 3.80158 1439540.0
219 0.02815 8.83421e-05 -1477.51 273.18 5.02558 5.02651 2.38909 3.70693 1439130.0
218 0.02825 8.83428e-05 -1477.51 273.179 5.02561 5.02663 2.27768 3.58291 1438820.0
217 0.02835 8.83422e-05 -1477.51 273.178 5.02555 5.02654 2.23089 3.50664 1438520.0
216 0.02845 8.83431e-05 -1477.51 273.176 5.02557 5.02643 2.18696 3.39763 1438210.0
215 0.02855 8.83421e-05 -1477.51 273.174 5.02547 5.02643 2.10597 3.30081 1437860.0
214 0.02865 8.83427e-05 -1477.51 273.172 5.02547 5.02628 2.01136 3.16707 1437490.0
213 0.02875 8.83418e-05 -1477.52 273.171 5.02539 5.02615 1.95138 3.06192 1437140.0
212 0.02885 8.83426e-05 -1477.51 273.169 5.02542 5.02611 1.89049 2.93947 1436860.0
211 0.02895 8.8342e-05 -1477.51 273.167 5.02534 5.02602 1.86474 2.94602 1436620.0
210 0.02905 8.83421e-05 -1477.52 273.164 5.02529 5.02594 1.78519 2.80975 1436300.0
209 0.02915 8.83419e-05 -1477.51 273.167 5.02534 5.026 1.78863 2.81964 1436230.0
208 0.02925 8.8342e-05 -1477.51 273.165 5.0253 5.02609 1.80278 2.83775 1436250.0
207 0.02935 8.83427e-05 -1477.52 273.163 5.0253 5.02597 1.70238 2.6862 1435760.0
206 0.02945 8.83416e-05 -1477.52 273.162 5.02522 5.02579 1.65715 2.64194 1435550.0
205 0.02955 8.8342e-05 -1477.52 273.16 5.02522 5.02586 1.62417 2.61953 1435350.0
204 0.02965 8.83427e-05 -1477.52 273.159 5.02523 5.02584 1.55459 2.46913 1435160.0
203 0.02975 8.83421e-05 -1477.52 273.159 5.02519 5.02584 1.51332 2.43324 1434990.0
202 0.02985 8.83415e-05 -1477.52 273.158 5.02514 5.02576 1.48956 2.35644 1434830.0
201 0.02995 8.83418e-05 -1477.52 273.155 5.0251 5.02571 1.45056 2.29709 1434530.0
200 0.03005 8.83415e-05 -1477.52 273.156 5.02511 5.0258 1.41488 2.268 1434490.0
199 0.03015 8.83421e-05 -1477.52 273.153 5.02509 5.02578 1.31735 2.11826 1434110.0
198 0.03025 8.83416e-05 -1477.52 273.153 5.02506 5.02573 1.30194 2.07108 1434040.0
197 0.03035 8.83422e-05 -1477.52 273.153 5.02509 5.02572 1.27953 2.028 1433860.0
196 0.03045 8.83423e-05 -1477.52 273.149 5.02503 5.02557 1.17841 1.90051 1433560.0
195 0.03055 8.83425e-05 -1477.52 273.151 5.02507 5.02559 1.18551 1.89089 1433520.0
194 0.03065 8.83419e-05 -1477.52 273.15 5.02502 5.02546 1.11029 1.78293 1433310.0
193 0.03075 8.83415e-05 -1477.52 273.148 5.02496 5.02536 1.07162 1.71363 1433000.0
192 0.03085 8.83422e-05 -1477.52 273.146 5.02497 5.02532 1.05321 1.71273 1432940.0
191 0.03095 8.83414e-05 -1477.52 273.146 5.02492 5.02528 0.99963 1.64447 1432620.0
190 0.03105 8.83421e-05 -1477.52 273.146 5.02496 5.0253 0.983843 1.62732 1432640.0
189 0.03115 8.83418e-05 -1477.52 273.143 5.02489 5.02519 0.950192 1.60218 1432350.0
188 0.03125 8.83433e-05 -1477.52 273.143 5.02498 5.02532 0.907378 1.54414 1432280.0
187 0.03135 8.83412e-05 -1477.52 273.143 5.02485 5.02516 0.924184 1.54514 1432220.0
186 0.03145 8.83423e-05 -1477.52 273.146 5.02497 5.02525 0.930289 1.52918 1432150.0
185 0.03155 8.83418e-05 -1477.52 273.145 5.02492 5.02518 0.945367 1.54947 1432160.0
184 0.03165 8.83416e-05 -1477.52 273.145 5.02492 5.02526 0.947719 1.53224 1432170.0
183 0.03175 8.83423e-05 -1477.52 273.144 5.02492 5.02523 0.857571 1.37494 1431840.0
182 0.03185 8.83424e-05 -1477.52 273.141 5.02488 5.02515 0.823264 1.29916 1431690.0
181 0.03195 8.83417e-05 -1477.52 273.14 5.02483 5.025 0.799311 1.26834 1431650.0
180 0.03205 8.83418e-05 -1477.52 273.141 5.02485 5.02503 0.746818 1.17352 1431450.0
179 0.03215 8.83421e-05 -1477.52 273.141 5.02486 5.02495 0.746173 1.14822 1431300.0
178 0.03225 8.83416e-05 -1477.52 273.139 5.0248 5.0249 0.721198 1.09647 1431240.0
177 0.03235 8.83422e-05 -1477.52 273.139 5.02483 5.02488 0.712215 1.09147 1431180.0
176 0.03245 8.8341e-05 -1477.52 273.14 5.02478 5.02494 0.747936 1.15835 1431250.0
175 0.03255 8.83424e-05 -1477.52 273.14 5.02486 5.02503 0.742107 1.13514 1431260.0
174 0.03265 8.83418e-05 -1477.52 273.137 5.02478 5.02495 0.659601 1.03914 1431010.0
173 0.03275 8.83421e-05 -1477.52 273.139 5.02483 5.02493 0.666622 1.03911 1430960.0
172 0.03285 8.83414e-05 -1477.53 273.137 5.02475 5.02487 0.657227 1.01537 1430910.0
171 0.03295 8.83419e-05 -1477.52 273.141 5.02485 5.02489 0.657268 1.02065 1430800.0
170 0.03305 8.83417e-05 -1477.52 273.136 5.02475 5.02494 0.651112 0.998155 1430810.0
169 0.03315 8.83417e-05 -1477.52 273.139 5.02481 5.02495 0.653733 0.984739 1430790.0
168 0.03325 8.83416e-05 -1477.53 273.14 5.02481 5.02505 0.671654 0.990188 1430710.0
167 0.03335 8.8342e-05 -1477.52 273.139 5.02482 5.02497 0.663716 1.02884 1430730.0
166 0.03345 8.83417e-05 -1477.52 273.139 5.02481 5.02498 0.645596 0.973654 1430620.0
165 0.03355 8.83415e-05 -1477.52 273.138 5.02477 5.02495 0.615507 0.955372 1430510.0
164 0.03365 8.83421e-05 -1477.52 273.139 5.02483 5.02498 0.588451 0.900083 1430440.0
163 0.03375 8.83418e-05 -1477.53 273.135 5.02474 5.02482 0.561647 0.854526 1430270.0
162 0.03385 8.83422e-05 -1477.52 273.137 5.02479 5.02489 0.558887 0.870627 1430260.0
161 0.03395 8.83416e-05 -1477.52 273.136 5.02475 5.02485 0.528907 0.789385 1430210.0
160 0.03405 8.83422e-05 -1477.52 273.135 5.02475 5.02486 0.526762 0.781464 1430130.0
159 0.03415 8.83414e-05 -1477.52 273.135 5.02472 5.02476 0.538416 0.794153 1430070.0
158 0.03425 8.83421e-05 -1477.52 273.134 5.02474 5.02481 0.521635 0.753903 1430040.0
157 0.03435 8.83413e-05 -1477.53 273.137 5.02475 5.02478 0.515979 0.753991 1430030.0
156 0.03445 8.83418e-05 -1477.52 273.134 5.02471 5.02473 0.459183 0.66118 1429860.0
155 0.03455 8.83416e-05 -1477.52 273.134 5.0247 5.02471 0.458865 0.637414 1429850.0
154 0.03465 8.83413e-05 -1477.53 273.132 5.02465 5.02476 0.461311 0.59375 1429830.0
153 0.03475 8.83412e-05 -1477.52 273.132 5.02464 5.02469 0.455564 0.614876 1429790.0
152 0.03485 8.83412e-05 -1477.53 273.133 5.02467 5.02474 0.409767 0.546882 1429800.0
151 0.03495 8.83418e-05 -1477.52 273.132 5.02469 5.02467 0.437034 0.559626 1429720.0
150 0.03505 8.83411e-05 -1477.53 273.132 5.02464 5.02464 0.391364 0.508513 1429660.0
149 0.03515 8.83415e-05 -1477.52 273.131 5.02466 5.02461 0.390001 0.477575 1429600.0
148 0.03525 8.83414e-05 -1477.53 273.13 5.02463 5.02458 0.375557 0.485951 1429580.0
147 0.03535 8.83412e-05 -1477.52 273.129 5.0246 5.02455 0.366134 0.471408 1429400.0
146 0.03545 8.83419e-05 -1477.52 273.13 5.02464 5.02459 0.352035 0.456223 1429460.0
145 0.03555 8.83416e-05 -1477.52 273.132 5.02467 5.02459 0.368936 0.473171 1429440.0
144 0.03565 8.83417e-05 -1477.53 273.129 5.02462 5.02449 0.361912 0.462533 1429360.0
143 0.03575 8.83412e-05 -1477.53 273.13 5.02462 5.02448 0.38337 0.480563 1429350.0
142 0.03585 8.83416e-05 -1477.52 273.132 5.02468 5.02455 0.374766 0.499186 1429410.0
141 0.03595 8.83411e-05 -1477.52 273.13 5.02461 5.02453 0.41753 0.530505 1429310.0
140 0.03605 8.83415e-05 -1477.53 273.13 5.02463 5.02453 0.398094 0.489958 1429380.0
139 0.03615 8.83409e-05 -1477.52 273.131 5.02462 5.02455 0.394701 0.508833 1429280.0
138 0.03625 8.83419e-05 -1477.52 273.131 5.02467 5.02463 0.406114 0.478105 1429270.0
137 0.03635 8.83411e-05 -1477.52 273.131 5.02462 5.02454 0.427972 0.524799 1429270.0
136 0.03645 8.83416e-05 -1477.53 273.132 5.02468 5.02464 0.42257 0.572056 1429280.0
135 0.03655 8.83413e-05 -1477.52 273.132 5.02465 5.02465 0.418852 0.588462 1429240.0
134 0.03665 8.83413e-05 -1477.52 273.132 5.02464 5.02469 0.417053 0.626945 1429260.0
133 0.03675 8.83412e-05 -1477.52 273.132 5.02464 5.02462 0.442823 0.683931 1429240.0
132 0.03685 8.83423e-05 -1477.52 273.132 5.02472 5.02479 0.427824 0.69219 1429360.0
131 0.03695 8.83405e-05 -1477.52 273.13 5.02458 5.02464 0.408852 0.672885 1429200.0
130 0.03705 8.83417e-05 -1477.52 273.13 5.02465 5.02465 0.4021 0.658797 1429170.0
129 0.03715 8.83414e-05 -1477.53 273.132 5.02466 5.02465 0.414839 0.676359 1429150.0
128 0.03725 8.83417e-05 -1477.52 273.129 5.02463 5.02456 0.418077 0.68443 1429110.0
127 0.03735 8.83405e-05 -1477.52 273.13 5.02458 5.0245 0.386277 0.63932 1429070.0
126 0.03745 8.83415e-05 -1477.53 273.128 5.0246 5.02451 0.365508 0.596376 1429060.0
125 0.03755 8.83415e-05 -1477.53 273.129 5.02462 5.02437 0.375276 0.558035 1429000.0
124 0.03765 8.83408e-05 -1477.53 273.129 5.02457 5.02438 0.360723 0.526365 1428980.0
123 0.03775 8.83412e-05 -1477.53 273.127 5.02456 5.02428 0.358056 0.544804 1428950.0
122 0.03785 8.83409e-05 -1477.53 273.128 5.02455 5.02431 0.361396 0.545 1428950.0
121 0.03795 8.83417e-05 -1477.53 273.129 5.02462 5.02443 0.358678 0.531579 1428980.0
120 0.03805 8.83418e-05 -1477.52 273.129 5.02463 5.02442 0.325238 0.53015 1428980.0
119 0.03815 8.83406e-05 -1477.52 273.128 5.02453 5.0244 0.37223 0.600749 1428990.0
118 0.03825 8.83417e-05 -1477.53 273.129 5.02462 5.02448 0.334584 0.550712 1428970.0
117 0.03835 8.83409e-05 -1477.52 273.129 5.02457 5.02441 0.360851 0.596864 1428920.0
116 0.03845 8.83416e-05 -1477.53 273.129 5.02461 5.02442 0.361615 0.552097 1428960.0
115 0.03855 8.8341e-05 -1477.52 273.129 5.02457 5.0243 0.352851 0.534087 1428820.0
114 0.03865 8.83423e-05 -1477.53 273.129 5.02466 5.02443 0.312222 0.472757 1428810.0
113 0.03875 8.83414e-05 -1477.53 273.128 5.02458 5.02432 0.299321 0.446757 1428750.0
112 0.03885 8.83413e-05 -1477.52 273.128 5.02458 5.02431 0.305427 0.412133 1428710.0
111 0.03895 8.83416e-05 -1477.52 273.127 5.02458 5.02432 0.269956 0.391813 1428670.0
110 0.03905 8.83421e-05 -1477.52 273.129 5.02464 5.02443 0.305693 0.436503 1428720.0
109 0.03915 8.83411e-05 -1477.53 273.127 5.02455 5.02428 0.300227 0.430339 1428650.0
108 0.03925 8.83421e-05 -1477.52 273.127 5.02461 5.02437 0.287105 0.396944 1428660.0
107 0.03935 8.83408e-05 -1477.52 273.127 5.02453 5.02431 0.293854 0.410799 1428650.0
106 0.03945 8.83424e-05 -1477.53 273.129 5.02467 5.02437 0.314504 0.410945 1428620.0
105 0.03955 8.83414e-05 -1477.52 273.13 5.02462 5.0244 0.308144 0.453762 1428660.0
104 0.03965 8.83411e-05 -1477.52 273.128 5.02457 5.02427 0.294007 0.379668 1428570.0
103 0.03975 8.83413e-05 -1477.52 273.129 5.0246 5.02436 0.304834 0.393607 1428610.0
102 0.03985 8.83414e-05 -1477.53 273.128 5.02459 5.02438 0.312678 0.419944 1428570.0
101 0.03995 8.83419e-05 -1477.52 273.13 5.02466 5.02441 0.306744 0.404725 1428590.0
100 0.04005 8.83412e-05 -1477.52 273.128 5.02458 5.02432 0.2976 0.4033 1428540.0
99 0.04015 8.83413e-05 -1477.52 273.128 5.02457 5.02435 0.276956 0.324285 1428500.0
98 0.04025 8.83421e-05 -1477.52 273.128 5.02463 5.02434 0.280448 0.356167 1428510.0
97 0.04035 8.83413e-05 -1477.53 273.129 5.0246 5.02437 0.32283 0.404961 1428570.0
96 0.04045 8.83418e-05 -1477.52 273.13 5.02465 5.02441 0.344165 0.419467 1428590.0
95 0.04055 8.83419e-05 -1477.53 273.128 5.02462 5.02441 0.352883 0.450764 1428630.0
94 0.04065 8.8342e-05 -1477.52 273.13 5.02466 5.0244 0.327825 0.423433 1428610.0
93 0.04075 8.83421e-05 -1477.52 273.127 5.02461 5.02443 0.336522 0.406317 1428560.0
92 0.04085 8.83416e-05 -1477.53 273.13 5.02463 5.02447 0.357106 0.414275 1428590.0
91 0.04095 8.8342e-05 -1477.52 273.129 5.02464 5.02441 0.346388 0.372959 1428550.0
90 0.04105 8.83419e-05 -1477.53 273.129 5.02464 5.02435 0.319938 0.326229 1428490.0
89 0.04115 8.8341e-05 -1477.53 273.127 5.02454 5.02417 0.30614 0.319038 1428360.0
88 0.04125 8.83419e-05 -1477.52 273.127 5.0246 5.02418 0.315092 0.327766 1428360.0
87 0.04135 8.83415e-05 -1477.53 273.128 5.02459 5.02419 0.298936 0.318773 1428350.0
86 0.04145 8.83421e-05 -1477.53 273.127 5.02461 5.02412 0.347332 0.365694 1428320.0
85 0.04155 8.83415e-05 -1477.53 273.131 5.02465 5.02414 0.32976 0.317192 1428320.0
84 0.04165 8.83421e-05 -1477.53 273.128 5.02462 5.02415 0.330449 0.292355 1428310.0
83 0.04175 8.83412e-05 -1477.52 273.13 5.0246 5.02415 0.314621 0.323662 1428350.0
82 0.04185 8.83419e-05 -1477.52 273.128 5.02462 5.02426 0.358935 0.362694 1428410.0
81 0.04195 8.83416e-05 -1477.52 273.13 5.02463 5.02433 0.364317 0.40966 1428460.0
80 0.04205 8.83414e-05 -1477.52 273.129 5.02461 5.02438 0.35916 0.395401 1428500.0
79 0.04215 8.83418e-05 -1477.52 273.132 5.02468 5.02441 0.38062 0.439277 1428530.0
78 0.04225 8.83419e-05 -1477.52 273.13 5.02465 5.02447 0.401912 0.49086 1428550.0
77 0.04235 8.83417e-05 -1477.52 273.129 5.02462 5.02433 0.380615 0.453839 1428480.0
76 0.04245 8.83419e-05 -1477.52 273.129 5.02463 5.02434 0.3605 0.437492 1428480.0
75 0.04255 8.83418e-05 -1477.53 273.13 5.02465 5.02436 0.356586 0.495515 1428520.0
74 0.04265 8.8342e-05 -1477.52 273.129 5.02464 5.02437 0.36408 0.501406 1428500.0
73 0.04275 8.8342e-05 -1477.52 273.129 5.02464 5.02429 0.349172 0.488482 1428460.0
72 0.04285 8.83414e-05 -1477.52 273.128 5.02459 5.02414 0.357996 0.521451 1428400.0
71 0.04295 8.83415e-05 -1477.53 273.128 5.02459 5.0241 0.352578 0.495706 1428330.0
70 0.04305 8.83417e-05 -1477.53 273.129 5.02463 5.02415 0.311864 0.448961 1428310.0
69 0.04315 8.83413e-05 -1477.53 273.127 5.02456 5.02403 0.333006 0.475027 1428230.0
68 0.04325 8.83423e-05 -1477.53 273.13 5.02467 5.02423 0.317667 0.48708 1428310.0
67 0.04335 8.8342e-05 -1477.53 273.13 5.02466 5.02423 0.36828 0.545059 1428390.0
66 0.04345 8.83412e-05 -1477.53 273.127 5.02456 5.02406 0.345099 0.516809 1428230.0
65 0.04355 8.83418e-05 -1477.53 273.126 5.02457 5.02411 0.315594 0.469115 1428230.0
64 0.04365 8.83426e-05 -1477.53 273.129 5.02467 5.02422 0.304416 0.47429 1428270.0
63 0.04375 8.83414e-05 -1477.53 273.128 5.02458 5.02416 0.297539 0.449761 1428230.0
62 0.04385 8.83416e-05 -1477.52 273.124 5.02453 5.0241 0.308692 0.518142 1428160.0
61 0.04395 8.8342e-05 -1477.53 273.132 5.02469 5.02433 0.305039 0.511435 1428250.0
60 0.04405 8.83419e-05 -1477.53 273.126 5.02457 5.02422 0.300765 0.498126 1428220.0
59 0.04415 8.83415e-05 -1477.53 273.127 5.02458 5.02423 0.301364 0.480463 1428210.0
58 0.04425 8.83425e-05 -1477.52 273.127 5.02463 5.02423 0.271126 0.467528 1428180.0
57 0.04435 8.83416e-05 -1477.53 273.126 5.02455 5.02417 0.287576 0.485467 1428150.0
56 0.04445 8.83421e-05 -1477.53 273.128 5.02463 5.02421 0.292699 0.480835 1428180.0
55 0.04455 8.8341e-05 -1477.53 273.126 5.02453 5.02413 0.287048 0.437152 1428130.0
54 0.04465 8.83421e-05 -1477.53 273.127 5.0246 5.02415 0.309361 0.463148 1428160.0
53 0.04475 8.83418e-05 -1477.53 273.128 5.02462 5.02419 0.306219 0.474018 1428180.0
52 0.04485 8.83416e-05 -1477.53 273.13 5.02463 5.02427 0.309306 0.490527 1428200.0
51 0.04495 8.83414e-05 -1477.52 273.129 5.02459 5.02424 0.321706 0.532327 1428180.0
50 0.04505 8.83416e-05 -1477.53 273.129 5.02461 5.02428 0.325312 0.533859 1428190.0
49 0.04515 8.83416e-05 -1477.53 273.128 5.0246 5.02426 0.328537 0.569165 1428190.0
48 0.04525 8.83416e-05 -1477.53 273.128 5.02461 5.02432 0.343307 0.557034 1428220.0
47 0.04535 8.83417e-05 -1477.52 273.128 5.0246 5.02433 0.340021 0.56764 1428220.0
46 0.04545 8.83422e-05 -1477.52 273.128 5.02463 5.02435 0.339176 0.56251 1428200.0
45 0.04555 8.83416e-05 -1477.52 273.13 5.02463 5.02442 0.344257 0.575743 1428210.0
44 0.04565 8.83425e-05 -1477.52 273.128 5.02465 5.02444 0.316058 0.553106 1428210.0
43 0.04575 8.83411e-05 -1477.52 273.127 5.02456 5.02441 0.319625 0.597396 1428180.0
42 0.04585 8.83421e-05 -1477.52 273.129 5.02465 5.02449 0.341684 0.632687 1428240.0
41 0.04595 8.83421e-05 -1477.52 273.127 5.02461 5.02445 0.322205 0.61147 1428180.0
40 0.04605 8.83417e-05 -1477.53 273.127 5.02458 5.02445 0.314303 0.600585 1428170.0
39 0.04615 8.83415e-05 -1477.52 273.129 5.02461 5.02446 0.299122 0.604212 1428140.0
38 0.04625 8.83422e-05 -1477.52 273.128 5.02463 5.02452 0.323691 0.6221 1428130.0
37 0.04635 8.83418e-05 -1477.53 273.131 5.02466 5.02452 0.327451 0.618563 1428130.0
36 0.04645 8.83413e-05 -1477.52 273.128 5.02458 5.02438 0.340497 0.626997 1428060.0
35 0.04655 8.8342e-05 -1477.52 273.128 5.02462 5.0244 0.318742 0.607825 1428040.0
34 0.04665 8.83415e-05 -1477.53 273.13 5.02463 5.02434 0.338622 0.63724 1428000.0
33 0.04675 8.83422e-05 -1477.52 273.128 5.02463 5.02436 0.330563 0.646564 1428030.0
32 0.04685 8.83416e-05 -1477.52 273.131 5.02465 5.02443 0.376043 0.709007 1428080.0
31 0.04695 8.83423e-05 -1477.52 273.129 5.02466 5.02456 0.382095 0.750928 1428130.0
30 0.04705 8.83419e-05 -1477.53 273.13 5.02465 5.02448 0.355704 0.735448 1428090.0
29 0.04715 8.83418e-05 -1477.52 273.13 5.02465 5.02439 0.357498 0.723608 1428030.0
28 0.04725 8.83412e-05 -1477.53 273.129 5.0246 5.02443 0.350063 0.745048 1428030.0
27 0.04735 8.83421e-05 -1477.52 273.129 5.02465 5.02436 0.317192 0.678344 1427990.0
26 0.04745 8.83417e-05 -1477.53 273.13 5.02463 5.02438 0.286235 0.648153 1427970.0
25 0.04755 8.83412e-05 -1477.52 273.128 5.02458 5.02423 0.302996 0.67024 1427890.0
24 0.04765 8.83418e-05 -1477.53 273.127 5.02459 5.02417 0.311294 0.671871 1427850.0
23 0.04775 8.83418e-05 -1477.53 273.129 5.02463 5.02421 0.315597 0.666252 1427840.0
22 0.04785 8.83415e-05 -1477.53 273.129 5.02461 5.02415 0.320632 0.653413 1427820.0
21 0.04795 8.8341e-05 -1477.53 273.128 5.02457 5.02415 0.303012 0.652645 1427810.0
20 0.04805 8.8342e-05 -1477.53 273.128 5.02463 5.02417 0.322194 0.668198 1427780.0
19 0.04815 8.8342e-05 -1477.53 273.13 5.02465 5.02421 0.336372 0.679742 1427760.0
18 0.04825 8.83425e-05 -1477.52 273.13 5.02468 5.02432 0.316331 0.647388 1427800.0
17 0.04835 8.83409e-05 -1477.52 273.128 5.02456 5.02419 0.326171 0.65599 1427750.0
16 0.04845 8.83423e-05 -1477.53 273.128 5.02464 5.02424 0.32664 0.634726 1427750.0
15 0.04855 8.83409e-05 -1477.53 273.129 5.02457 5.02419 0.317649 0.61243 1427710.0
14 0.04865 8.83427e-05 -1477.52 273.128 5.02466 5.02423 0.320856 0.591544 1427670.0
13 0.04875 8.83407e-05 -1477.53 273.129 5.02456 5.024 0.2782 0.531112 1427550.0
12 0.04885 8.83421e-05 -1477.53 273.127 5.02461 5.02412 0.255652 0.509959 1427540.0
11 0.04895 8.83416e-05 -1477.53 273.128 5.02459 5.02412 0.262553 0.488026 1427500.0
10 0.04905 8.83419e-05 -1477.53 273.126 5.02458 5.0241 0.220388 0.433687 1427460.0
9 0.04915 8.83416e-05 -1477.53 273.127 5.02458 5.02405 0.216848 0.404431 1427410.0
8 0.04925 8.83411e-05 -1477.53 273.125 5.02451 5.02397 0.209775 0.374648 1427330.0
7 0.04935 8.83413e-05 -1477.53 273.125 5.02452 5.02391 0.160356 0.285817 1427270.0
6 0.04945 8.83421e-05 -1477.53 273.123 5.02454 5.02381 0.148304 0.262804 1427180.0
5 0.04955 8.83412e-05 -1477.53 273.123 5.02449 5.02374 0.135044 0.217582 1427080.0
4 0.04965 8.83413e-05 -1477.53 273.122 5.02447 5.02358 0.0889749 0.143067 1426960.0
3 0.04975 8.83412e-05 -1477.53 273.122 5.02447 5.02353 0.0548994 0.0714444 1426880.0
2 0.04985 8.83417e-05 -1477.53 273.121 5.02448 5.02358 0.0269914 0.0370105 1426840.0
1 0.04995 8.83413e-05 -1477.53 273.12 5.02442 5.02354 0.0113156 0.00843532 1426760.0
