TITLE = "DSMC"
VARIABLES = "ID" "X" "rho" "v1" "Ttrans" "p" "p1" "q1" "mv1v1v1" "mvvv1v1"
ZONE T="Ma=3.2", I=1000, J=1, K=1, F=POINT
1 -0.06995 8.8343e-05 985.0 273.161 5.02528 5.02497 -0.687772 -1.34043 1428500.0
2 -0.06985 8.83436e-05 985.0 273.161 5.02532 5.02515 -0.717837 -1.41002 1428630.0
3 -0.06975 8.83429e-05 985.002 273.161 5.02529 5.02506 -0.690104 -1.31623 1428540.0
4 -0.06965 8.83431e-05 985.002 273.164 5.02535 5.025 -0.750409 -1.39178 1428720.0
5 -0.06955 8.83436e-05 985.005 273.16 5.02531 5.02485 -0.679164 -1.24727 1428530.0
6 -0.06945 8.83423e-05 985.003 273.164 5.02529 5.02494 -0.71625 -1.33461 1428690.0
7 -0.06935 8.83429e-05 985.002 273.166 5.02536 5.02499 -0.775557 -1.42448 1428760.0
8 -0.06925 8.83427e-05 985.003 273.161 5.02527 5.02483 -0.64403 -1.18858 1428530.0
9 -0.06915 8.83435e-05 985.005 273.157 5.02523 5.02478 -0.598364 -1.07364 1428400.0
10 -0.06905 8.83424e-05 985.004 273.161 5.02525 5.02485 -0.643617 -1.288 1428570.0
11 -0.06895 8.83427e-05 985.006 273.152 5.0251 5.02446 -0.477296 -0.943345 1428180.0
12 -0.06885 8.83424e-05 985.008 273.154 5.02512 5.02455 -0.503977 -1.03477 1428300.0
13 -0.06875 8.83435e-05 985.008 273.154 5.02518 5.02471 -0.538205 -1.10719 1428420.0
14 -0.06865 8.83425e-05 985.006 273.153 5.0251 5.02455 -0.533111 -1.05796 1428390.0
15 -0.06855 8.83428e-05 985.004 273.159 5.02523 5.02483 -0.622033 -1.22667 1428670.0
16 -0.06845 8.83431e-05 985.003 273.158 5.02523 5.02488 -0.586627 -1.1354 1428590.0
17 -0.06835 8.83425e-05 985.005 273.157 5.02518 5.02471 -0.568724 -1.05186 1428550.0
18 -0.06825 8.83428e-05 985.005 273.155 5.02517 5.02466 -0.520955 -0.94452 1428480.0
19 -0.06815 8.83427e-05 985.002 273.16 5.02525 5.02477 -0.591444 -1.0728 1428680.0
20 -0.06805 8.83429e-05 985.005 273.157 5.02521 5.02477 -0.604067 -1.07211 1428660.0
21 -0.06795 8.83434e-05 985.008 273.156 5.0252 5.02453 -0.521347 -0.84627 1428440.0
22 -0.06785 8.8342e-05 985.005 273.155 5.02512 5.02453 -0.566016 -0.949392 1428530.0
23 -0.06775 8.83426e-05 985.009 273.156 5.02517 5.02461 -0.498144 -0.802995 1428470.0
24 -0.06765 8.83427e-05 985.006 273.153 5.02512 5.0246 -0.473261 -0.778453 1428370.0
25 -0.06755 8.83427e-05 985.007 273.153 5.02512 5.02459 -0.439628 -0.634271 1428300.0
26 -0.06745 8.83424e-05 985.006 273.153 5.02511 5.02456 -0.489371 -0.735871 1428390.0
27 -0.06735 8.8343e-05 985.007 273.155 5.02518 5.02468 -0.503886 -0.829467 1428490.0
28 -0.06725 8.83428e-05 985.006 273.154 5.02515 5.02467 -0.519121 -0.8149 1428530.0
29 -0.06715 8.83423e-05 985.007 273.153 5.0251 5.02447 -0.431044 -0.639545 1428320.0
30 -0.06705 8.83429e-05 985.004 273.156 5.02518 5.02469 -0.495733 -0.759134 1428490.0
31 -0.06695 8.83432e-05 985.003 273.159 5.02526 5.02494 -0.560679 -0.937087 1428690.0
32 -0.06685 8.83425e-05 985.005 273.159 5.02522 5.02478 -0.548202 -0.942071 1428640.0
33 -0.06675 8.83425e-05 985.005 273.157 5.02518 5.02475 -0.582108 -0.993337 1428680.0
34 -0.06665 8.83425e-05 985.005 273.157 5.02519 5.02477 -0.540752 -0.954428 1428660.0
35 -0.06655 8.83423e-05 985.008 273.155 5.02514 5.02467 -0.454841 -0.832396 1428550.0
36 -0.06645 8.83428e-05 985.008 273.149 5.02505 5.02445 -0.367043 -0.704063 1428370.0
37 -0.06635 8.83422e-05 985.01 273.15 5.02505 5.02436 -0.383889 -0.702292 1428340.0
38 -0.06625 8.83428e-05 985.005 273.152 5.02512 5.02465 -0.426657 -0.822783 1428610.0
39 -0.06615 8.83425e-05 985.009 273.15 5.02506 5.02443 -0.393063 -0.790819 1428460.0
40 -0.06605 8.83434e-05 985.005 273.154 5.02518 5.02486 -0.45516 -0.974148 1428770.0
41 -0.06595 8.83416e-05 985.008 273.15 5.02501 5.0245 -0.375777 -0.75267 1428560.0
42 -0.06585 8.83431e-05 985.008 273.149 5.02507 5.02442 -0.329009 -0.603068 1428480.0
43 -0.06575 8.83421e-05 985.008 273.152 5.02507 5.02448 -0.411185 -0.666553 1428630.0
44 -0.06565 8.83434e-05 985.001 273.16 5.02529 5.025 -0.591094 -1.02949 1429130.0
45 -0.06555 8.83435e-05 985.002 273.157 5.02524 5.02491 -0.535623 -0.949828 1429040.0
46 -0.06545 8.83432e-05 985.004 273.153 5.02515 5.02459 -0.393128 -0.643902 1428710.0
47 -0.06535 8.83429e-05 985.004 273.158 5.02522 5.02477 -0.498183 -0.869773 1428940.0
48 -0.06525 8.83429e-05 985.004 273.155 5.02517 5.02466 -0.460524 -0.809626 1428860.0
49 -0.06515 8.83431e-05 985.004 273.155 5.02518 5.02467 -0.404727 -0.704674 1428770.0
50 -0.06505 8.83426e-05 985.009 273.151 5.02509 5.02442 -0.356016 -0.555495 1428580.0
51 -0.06495 8.83424e-05 985.007 273.148 5.025 5.02431 -0.325579 -0.448854 1428480.0
52 -0.06485 8.8343e-05 985.005 273.153 5.02514 5.02466 -0.383053 -0.610453 1428720.0
53 -0.06475 8.83424e-05 985.005 273.152 5.02508 5.02456 -0.38406 -0.589708 1428690.0
54 -0.06465 8.83429e-05 985.004 273.153 5.02512 5.02476 -0.415771 -0.713249 1428830.0
55 -0.06455 8.83431e-05 985.005 273.152 5.02513 5.02477 -0.424919 -0.730868 1428880.0
56 -0.06445 8.83429e-05 985.001 273.154 5.02515 5.02478 -0.41374 -0.690845 1428870.0
57 -0.06435 8.83426e-05 985.006 273.151 5.02507 5.02469 -0.358338 -0.560877 1428740.0
58 -0.06425 8.83432e-05 985.004 273.153 5.02514 5.02466 -0.350094 -0.526858 1428720.0
59 -0.06415 8.83432e-05 985.006 273.151 5.02512 5.02464 -0.324242 -0.507917 1428630.0
60 -0.06405 8.83424e-05 985.001 273.153 5.02511 5.02477 -0.375307 -0.597428 1428760.0
61 -0.06395 8.83426e-05 985.006 273.149 5.02504 5.02459 -0.293219 -0.442486 1428570.0
62 -0.06385 8.83433e-05 985.004 273.154 5.02517 5.02475 -0.314717 -0.542565 1428720.0
63 -0.06375 8.83428e-05 985.004 273.148 5.02503 5.02452 -0.260336 -0.388661 1428510.0
64 -0.06365 8.83427e-05 985.009 273.146 5.02498 5.02423 -0.170523 -0.151684 1428310.0
65 -0.06355 8.8343e-05 985.01 273.145 5.02499 5.0242 -0.145094 -0.118823 1428290.0
66 -0.06345 8.83417e-05 985.007 273.147 5.02495 5.0242 -0.222267 -0.27593 1428470.0
67 -0.06335 8.83424e-05 985.007 273.147 5.025 5.02429 -0.231208 -0.297598 1428520.0
68 -0.06325 8.83424e-05 985.008 273.144 5.02494 5.0242 -0.18681 -0.213674 1428390.0
69 -0.06315 8.83427e-05 985.008 273.147 5.02501 5.0243 -0.23565 -0.290597 1428500.0
70 -0.06305 8.83421e-05 985.006 273.15 5.02503 5.02435 -0.306843 -0.431898 1428670.0
71 -0.06295 8.83424e-05 985.01 273.148 5.02502 5.02431 -0.293277 -0.405437 1428660.0
72 -0.06285 8.83417e-05 985.009 273.151 5.02503 5.02448 -0.348197 -0.562648 1428820.0
73 -0.06275 8.83419e-05 985.006 273.152 5.02506 5.02452 -0.369207 -0.614382 1428900.0
74 -0.06265 8.83423e-05 985.007 273.15 5.02504 5.02438 -0.303147 -0.468901 1428780.0
75 -0.06255 8.83418e-05 985.009 273.148 5.02497 5.02433 -0.278364 -0.421611 1428770.0
76 -0.06245 8.83418e-05 985.009 273.148 5.02498 5.02443 -0.251564 -0.447653 1428850.0
77 -0.06235 8.83419e-05 985.007 273.149 5.02501 5.02438 -0.247275 -0.450961 1428800.0
78 -0.06225 8.83419e-05 985.01 273.141 5.02485 5.02407 -0.140872 -0.232864 1428490.0
79 -0.06215 8.83423e-05 985.013 273.144 5.02492 5.0242 -0.155736 -0.249103 1428550.0
80 -0.06205 8.83427e-05 985.01 273.144 5.02494 5.02417 -0.140337 -0.253426 1428530.0
81 -0.06195 8.83423e-05 985.011 273.141 5.02489 5.02405 -0.0926707 -0.158466 1428430.0
82 -0.06185 8.83422e-05 985.009 273.142 5.02489 5.02416 -0.133559 -0.258193 1428560.0
83 -0.06175 8.83427e-05 985.009 273.145 5.02497 5.02433 -0.143973 -0.300114 1428660.0
84 -0.06165 8.83422e-05 985.008 273.144 5.02493 5.02433 -0.156814 -0.289121 1428740.0
85 -0.06155 8.83428e-05 985.006 273.148 5.02504 5.02461 -0.244922 -0.49723 1428990.0
86 -0.06145 8.83427e-05 985.001 273.147 5.02501 5.02464 -0.195685 -0.449495 1428950.0
87 -0.06135 8.83427e-05 985.004 273.146 5.02499 5.0247 -0.198567 -0.458572 1428910.0
88 -0.06125 8.83427e-05 985.004 273.145 5.02497 5.02451 -0.101244 -0.2503 1428720.0
89 -0.06115 8.83431e-05 985.002 273.146 5.02501 5.02479 -0.164365 -0.344155 1428950.0
90 -0.06105 8.83429e-05 985.002 273.142 5.02492 5.02454 -0.0389699 -0.165117 1428670.0
91 -0.06095 8.8343e-05 984.999 273.145 5.025 5.02481 -0.0954833 -0.324689 1428860.0
92 -0.06085 8.83434e-05 985.002 273.145 5.02501 5.02478 -0.0548718 -0.289907 1428820.0
93 -0.06075 8.83429e-05 985.003 273.14 5.0249 5.02446 -0.0109495 -0.150691 1428610.0
94 -0.06065 8.83432e-05 985.003 273.142 5.02495 5.02444 -0.0347949 -0.136928 1428620.0
95 -0.06055 8.8343e-05 985.002 273.148 5.02505 5.02473 -0.126838 -0.300511 1428990.0
96 -0.06045 8.83432e-05 985.0 273.148 5.02506 5.02471 -0.137277 -0.312244 1428940.0
97 -0.06035 8.83433e-05 985.0 273.148 5.02507 5.0248 -0.141717 -0.343867 1429000.0
98 -0.06025 8.83426e-05 985.003 273.145 5.02496 5.02459 -0.0489634 -0.162463 1428760.0
99 -0.06015 8.83432e-05 985.004 273.141 5.02493 5.02446 -0.0119661 -0.0740158 1428650.0
100 -0.06005 8.83429e-05 985.006 273.138 5.02486 5.0243 0.0769618 0.030873 1428460.0
101 -0.05995 8.83432e-05 985.006 273.142 5.02495 5.02439 0.0186826 -0.0760324 1428640.0
102 -0.05985 8.83422e-05 985.004 273.141 5.02486 5.02425 0.0184902 -0.0564538 1428570.0
103 -0.05975 8.8343e-05 985.009 273.139 5.02489 5.02419 0.0591735 0.0265985 1428500.0
104 -0.05965 8.83429e-05 985.003 273.143 5.02496 5.02441 -0.0150624 -0.139062 1428680.0
105 -0.05955 8.83432e-05 985.002 273.145 5.025 5.02468 -0.0574088 -0.255514 1428830.0
106 -0.05945 8.83433e-05 985.002 273.149 5.02508 5.02484 -0.0807285 -0.373239 1428920.0
107 -0.05935 8.83428e-05 984.998 273.153 5.02513 5.02517 -0.240831 -0.711488 1429310.0
108 -0.05925 8.83434e-05 985.002 273.144 5.025 5.02476 -0.0678004 -0.383333 1428930.0
109 -0.05915 8.8343e-05 985.003 273.146 5.02502 5.02476 -0.053311 -0.338869 1428980.0
110 -0.05905 8.83434e-05 985.0 273.145 5.02501 5.02495 -0.0589485 -0.42473 1428970.0
111 -0.05895 8.83436e-05 984.999 273.146 5.02505 5.02501 -0.0648897 -0.383516 1429090.0
112 -0.05885 8.83431e-05 985.001 273.146 5.02502 5.02499 -0.0729857 -0.440142 1429120.0
113 -0.05875 8.83434e-05 984.998 273.147 5.02505 5.02507 -0.0790929 -0.402202 1429170.0
114 -0.05865 8.83436e-05 985.001 273.142 5.02498 5.0248 0.0201565 -0.197076 1428870.0
115 -0.05855 8.83434e-05 984.999 273.147 5.02504 5.02511 -0.0949291 -0.38469 1429180.0
116 -0.05845 8.83433e-05 985.0 273.146 5.02503 5.025 -0.0461422 -0.314878 1429030.0
117 -0.05835 8.83437e-05 984.998 273.145 5.02504 5.02506 -0.0670878 -0.323771 1429120.0
118 -0.05825 8.83429e-05 985.004 273.142 5.02492 5.02475 0.0613093 -0.0661263 1428830.0
119 -0.05815 8.83439e-05 985.004 273.142 5.02498 5.02471 0.0417198 -0.0323366 1428840.0
120 -0.05805 8.8343e-05 985.005 273.14 5.0249 5.02456 0.0557869 -0.0611369 1428780.0
121 -0.05795 8.83426e-05 985.007 273.139 5.02485 5.02448 0.0786755 0.00275402 1428750.0
122 -0.05785 8.83435e-05 985.007 273.139 5.0249 5.0245 0.060719 -0.0178602 1428740.0
123 -0.05775 8.83429e-05 985.007 273.136 5.02482 5.02442 0.147438 0.0938856 1428620.0
124 -0.05765 8.83432e-05 985.004 273.138 5.02487 5.02458 0.0852702 -0.056058 1428800.0
125 -0.05755 8.83436e-05 985.006 273.141 5.02494 5.0246 0.0738136 -0.0568635 1428850.0
126 -0.05745 8.83428e-05 985.006 273.14 5.02488 5.0245 0.0499218 -0.0316743 1428860.0
127 -0.05735 8.83438e-05 985.005 273.143 5.02499 5.02476 -0.0386731 -0.213296 1429090.0
128 -0.05725 8.8343e-05 985.004 273.145 5.02499 5.02475 -0.0434841 -0.215028 1429090.0
129 -0.05715 8.83436e-05 985.004 273.145 5.02502 5.0248 0.00135361 -0.199343 1429060.0
130 -0.05705 8.83433e-05 985.005 273.138 5.02487 5.02459 0.101849 -0.0369587 1428780.0
131 -0.05695 8.83438e-05 984.999 273.143 5.02499 5.02486 -0.0014964 -0.183517 1429020.0
132 -0.05685 8.83438e-05 985.0 273.145 5.02503 5.02496 -0.0477091 -0.300376 1429260.0
133 -0.05675 8.8344e-05 985.003 273.142 5.025 5.02473 0.0328415 -0.146031 1429070.0
134 -0.05665 8.83427e-05 985.004 273.14 5.02487 5.02453 0.115008 0.0331257 1428880.0
135 -0.05655 8.83434e-05 985.004 273.137 5.02486 5.02449 0.118469 0.0268482 1428810.0
136 -0.05645 8.83433e-05 985.01 273.134 5.0248 5.02424 0.244941 0.260185 1428600.0
137 -0.05635 8.83431e-05 985.011 273.134 5.0248 5.02412 0.234191 0.306887 1428510.0
138 -0.05625 8.83424e-05 985.013 273.131 5.02469 5.0239 0.285626 0.387847 1428340.0
139 -0.05615 8.83437e-05 985.006 273.141 5.02496 5.02453 0.0463885 -0.063676 1429010.0
140 -0.05605 8.83427e-05 985.011 273.137 5.02482 5.02418 0.139427 0.132157 1428760.0
141 -0.05595 8.83431e-05 985.008 273.14 5.0249 5.0243 0.0859874 0.0343933 1428880.0
142 -0.05585 8.83431e-05 985.009 273.139 5.02489 5.0244 0.0653309 -0.0108912 1428930.0
143 -0.05575 8.83433e-05 985.007 273.144 5.02499 5.02462 -0.000617856 -0.100695 1429140.0
144 -0.05565 8.8343e-05 985.005 273.145 5.02499 5.02467 -0.072 -0.199751 1429230.0
145 -0.05555 8.83433e-05 985.01 273.145 5.02501 5.02449 -0.0134427 -0.0711737 1429080.0
146 -0.05545 8.83433e-05 985.008 273.147 5.02504 5.02463 -0.0764595 -0.202831 1429280.0
147 -0.05535 8.83424e-05 985.008 273.144 5.02493 5.02444 -0.0645794 -0.109849 1429100.0
148 -0.05525 8.83431e-05 985.013 273.141 5.02493 5.0242 0.0595983 0.0981526 1428850.0
149 -0.05515 8.83428e-05 985.009 273.141 5.02491 5.02419 0.0085987 -0.0089497 1428890.0
150 -0.05505 8.83427e-05 985.01 273.142 5.02491 5.02437 -0.00371471 -0.097479 1429020.0
151 -0.05495 8.8343e-05 985.01 273.142 5.02493 5.02433 0.0498083 0.0305169 1428890.0
152 -0.05485 8.8343e-05 985.011 273.138 5.02486 5.02425 0.0855469 0.0870491 1428760.0
153 -0.05475 8.83434e-05 985.008 273.142 5.02497 5.02454 0.0454368 0.0165123 1428940.0
154 -0.05465 8.83436e-05 985.003 273.145 5.02503 5.02462 -0.0310798 -0.13401 1429050.0
155 -0.05455 8.83429e-05 985.008 273.142 5.02493 5.02448 0.0377311 0.00163507 1428910.0
156 -0.05445 8.83431e-05 985.01 273.141 5.02492 5.02433 0.0738181 0.0970069 1428800.0
157 -0.05435 8.8343e-05 985.011 273.139 5.02488 5.02431 0.0664693 0.0854342 1428790.0
158 -0.05425 8.83431e-05 985.008 273.141 5.02493 5.0242 0.0677053 0.116324 1428760.0
159 -0.05415 8.83426e-05 985.011 273.142 5.0249 5.02414 0.0317049 0.0957264 1428780.0
160 -0.05405 8.83428e-05 985.008 273.147 5.02501 5.0244 -0.0598256 -0.191118 1429020.0
161 -0.05395 8.83432e-05 985.01 273.145 5.025 5.02431 -0.0833791 -0.134377 1429000.0
162 -0.05385 8.8343e-05 985.01 273.143 5.02495 5.02414 0.0223604 0.0334025 1428780.0
163 -0.05375 8.83426e-05 985.008 273.144 5.02495 5.0243 -0.0269963 -0.0655789 1428890.0
164 -0.05365 8.83427e-05 985.008 273.143 5.02494 5.02425 -0.0392923 -0.105353 1428910.0
165 -0.05355 8.83432e-05 985.008 273.152 5.02512 5.02451 -0.14084 -0.277234 1429210.0
166 -0.05345 8.83431e-05 985.008 273.141 5.02492 5.02421 -0.0152906 -0.0608684 1428890.0
167 -0.05335 8.83427e-05 985.009 273.144 5.02495 5.02435 -0.0319931 -0.120848 1429010.0
168 -0.05325 8.83434e-05 985.007 273.146 5.02504 5.02449 -0.0962795 -0.180978 1429110.0
169 -0.05315 8.83425e-05 985.011 273.141 5.02488 5.02409 0.0532781 0.076051 1428740.0
170 -0.05305 8.8343e-05 985.006 273.144 5.02497 5.02436 6.65935e-05 -0.0868932 1428930.0
171 -0.05295 8.83431e-05 985.008 273.141 5.02492 5.02434 0.0874027 0.0192591 1428760.0
172 -0.05285 8.83433e-05 985.006 273.14 5.02492 5.02439 0.0875389 0.0320727 1428780.0
173 -0.05275 8.83433e-05 985.002 273.146 5.02502 5.0248 -0.0452839 -0.2473 1429170.0
174 -0.05265 8.83435e-05 985.0 273.148 5.02507 5.0249 -0.0197883 -0.239434 1429150.0
175 -0.05255 8.83436e-05 985.005 273.141 5.02495 5.02463 0.0968729 -0.033455 1428820.0
176 -0.05245 8.83434e-05 985.003 273.143 5.02497 5.02472 0.0665597 -0.0794209 1428840.0
177 -0.05235 8.83436e-05 984.999 273.145 5.02501 5.02494 0.012201 -0.197183 1428990.0
178 -0.05225 8.83437e-05 985.001 273.145 5.02502 5.02503 -0.0699146 -0.345281 1429180.0
179 -0.05215 8.83433e-05 985.001 273.143 5.02498 5.0249 0.054653 -0.13791 1428920.0
180 -0.05205 8.8343e-05 984.999 273.144 5.02497 5.02494 0.0333556 -0.200781 1429000.0
181 -0.05195 8.83443e-05 984.999 273.144 5.02504 5.02498 0.000888046 -0.216309 1429030.0
182 -0.05185 8.83429e-05 985.0 273.142 5.02493 5.02484 0.0705715 -0.108169 1428850.0
183 -0.05175 8.83434e-05 985.001 273.143 5.02497 5.02478 0.0480775 -0.135911 1428960.0
184 -0.05165 8.83427e-05 985.005 273.14 5.02488 5.02456 0.0946187 -0.0654973 1428810.0
185 -0.05155 8.8343e-05 985.005 273.141 5.02491 5.02457 0.0801743 -0.0773984 1428830.0
186 -0.05145 8.83433e-05 985.005 273.137 5.02487 5.02444 0.194525 0.112594 1428630.0
187 -0.05135 8.8343e-05 985.008 273.133 5.02476 5.02429 0.25612 0.179794 1428470.0
188 -0.05125 8.83432e-05 985.003 273.142 5.02494 5.02478 0.0867816 -0.0972907 1428890.0
189 -0.05115 8.83436e-05 985.001 273.141 5.02495 5.02478 0.0820658 -0.0854682 1428880.0
190 -0.05105 8.83435e-05 985.0 273.143 5.02498 5.02485 -0.00468329 -0.207722 1429090.0
191 -0.05095 8.83435e-05 985.001 273.144 5.025 5.02485 -0.0423046 -0.298256 1429130.0
192 -0.05085 8.83433e-05 985.004 273.142 5.02494 5.02464 0.0729104 -0.0821535 1428890.0
193 -0.05075 8.83435e-05 985.005 273.138 5.0249 5.02448 0.128361 0.044733 1428680.0
194 -0.05065 8.83438e-05 984.998 273.144 5.02502 5.02478 -0.0335842 -0.209042 1429010.0
195 -0.05055 8.83432e-05 985.004 273.142 5.02495 5.02443 0.0598069 0.0394623 1428720.0
196 -0.05045 8.8343e-05 985.004 273.142 5.02494 5.02439 0.101223 0.137828 1428620.0
197 -0.05035 8.83428e-05 985.005 273.136 5.02481 5.0241 0.175111 0.275427 1428380.0
198 -0.05025 8.83437e-05 985.004 273.141 5.02495 5.02445 0.0396268 0.0794088 1428690.0
199 -0.05015 8.83433e-05 985.006 273.145 5.02501 5.0243 0.0287011 0.0812504 1428730.0
200 -0.05005 8.83427e-05 985.005 273.139 5.02487 5.02419 0.0831295 0.165213 1428580.0
201 -0.04995 8.83435e-05 985.005 273.141 5.02494 5.02433 0.0688026 0.138482 1428700.0
202 -0.04985 8.83432e-05 985.004 273.144 5.02499 5.0244 0.0523949 0.146556 1428750.0
203 -0.04975 8.83435e-05 985.0 273.143 5.02498 5.02454 0.0290089 0.093811 1428800.0
204 -0.04965 8.83436e-05 985.0 273.146 5.02503 5.02465 -0.0518222 -0.0789687 1428970.0
205 -0.04955 8.83431e-05 985.0 273.146 5.02501 5.02461 0.00465493 0.0105167 1428880.0
206 -0.04945 8.83434e-05 985.0 273.147 5.02505 5.02467 -0.0345047 -0.0266726 1428960.0
207 -0.04935 8.83442e-05 984.997 273.15 5.02515 5.0249 -0.148116 -0.179947 1429210.0
208 -0.04925 8.83433e-05 985.003 273.147 5.02504 5.02463 -0.0645453 -0.00279862 1428950.0
209 -0.04915 8.83437e-05 984.999 273.152 5.02515 5.02488 -0.136632 -0.130058 1429200.0
210 -0.04905 8.83434e-05 984.998 273.148 5.02507 5.0248 -0.106915 -0.118292 1429100.0
211 -0.04895 8.83436e-05 984.998 273.149 5.02509 5.0249 -0.0825074 -0.121574 1429130.0
212 -0.04885 8.83436e-05 985.001 273.146 5.02505 5.02481 -0.068476 -0.0928735 1429030.0
213 -0.04875 8.83432e-05 985.001 273.141 5.02494 5.02451 0.0532177 0.182001 1428730.0
214 -0.04865 8.83437e-05 985.002 273.146 5.02504 5.02469 -0.0109608 0.0890301 1428880.0
215 -0.04855 8.83437e-05 984.999 273.147 5.02507 5.02474 -0.0618209 -0.0135823 1428960.0
216 -0.04845 8.83441e-05 985.0 273.152 5.02519 5.02486 -0.111636 -0.0990443 1429100.0
217 -0.04835 8.83441e-05 984.999 273.149 5.02512 5.02475 -0.110435 -0.129498 1429040.0
218 -0.04825 8.83432e-05 984.999 273.149 5.02507 5.02478 -0.114271 -0.16482 1429090.0
219 -0.04815 8.83448e-05 985.002 273.148 5.02514 5.02468 -0.0706618 -0.0386136 1428960.0
220 -0.04805 8.83435e-05 985.001 273.144 5.025 5.02449 -0.0264982 -0.00318081 1428850.0
221 -0.04795 8.83435e-05 985.004 273.145 5.02502 5.02449 -0.00359892 0.0737087 1428780.0
222 -0.04785 8.83436e-05 985.002 273.148 5.02508 5.02456 -0.0329062 0.0618494 1428850.0
223 -0.04775 8.83441e-05 985.003 273.144 5.02503 5.02452 -0.0166331 0.0847555 1428750.0
224 -0.04765 8.8343e-05 985.005 273.147 5.02503 5.02448 -0.0479957 0.0141428 1428780.0
225 -0.04755 8.83444e-05 985.0 273.151 5.02517 5.02472 -0.151475 -0.204948 1429080.0
226 -0.04745 8.83437e-05 985.002 273.151 5.02514 5.0247 -0.100345 -0.135344 1428950.0
227 -0.04735 8.83435e-05 985.001 273.15 5.02511 5.02457 -0.164352 -0.217045 1429000.0
228 -0.04725 8.83438e-05 985.001 273.151 5.02514 5.02459 -0.17163 -0.218847 1429040.0
229 -0.04715 8.83439e-05 985.004 273.152 5.02517 5.02464 -0.188971 -0.227655 1429090.0
230 -0.04705 8.83434e-05 985.003 273.149 5.02508 5.0244 -0.0964296 0.0187565 1428860.0
231 -0.04695 8.83437e-05 985.003 273.151 5.02513 5.02453 -0.138589 -0.0894635 1428970.0
232 -0.04685 8.83438e-05 985.001 273.154 5.02519 5.02467 -0.199502 -0.171847 1429100.0
233 -0.04675 8.83438e-05 985.001 273.155 5.02522 5.02485 -0.278277 -0.334601 1429310.0
234 -0.04665 8.83436e-05 984.996 273.158 5.02525 5.02492 -0.286556 -0.397757 1429390.0
235 -0.04655 8.83437e-05 985.001 273.158 5.02526 5.02487 -0.284003 -0.41761 1429390.0
236 -0.04645 8.8344e-05 985.002 273.151 5.02515 5.02451 -0.179651 -0.175536 1429040.0
237 -0.04635 8.83435e-05 985.0 273.155 5.02519 5.02464 -0.221759 -0.257016 1429230.0
238 -0.04625 8.83434e-05 985.004 273.152 5.02513 5.02446 -0.142352 -0.117367 1429020.0
239 -0.04615 8.83435e-05 985.005 273.145 5.02503 5.02432 -0.0822677 0.0436198 1428890.0
240 -0.04605 8.83435e-05 985.004 273.152 5.02514 5.02435 -0.110852 0.0503287 1428930.0
241 -0.04595 8.83433e-05 985.003 273.151 5.02512 5.02441 -0.140078 0.0059023 1429010.0
242 -0.04585 8.83432e-05 985.005 273.147 5.02504 5.02417 -0.0451774 0.171203 1428760.0
243 -0.04575 8.83432e-05 985.005 273.145 5.02501 5.02414 0.00959371 0.27826 1428640.0
244 -0.04565 8.83442e-05 985.002 273.15 5.02516 5.02455 -0.155166 -0.0144084 1429040.0
245 -0.04555 8.8344e-05 985.001 273.148 5.02511 5.0244 -0.105005 0.0782164 1428910.0
246 -0.04545 8.83435e-05 985.0 273.151 5.02512 5.02442 -0.15384 -0.00234262 1428920.0
247 -0.04535 8.83433e-05 985.002 273.152 5.02513 5.02442 -0.160412 -0.047893 1428960.0
248 -0.04525 8.83439e-05 985.002 273.149 5.02512 5.02449 -0.0997892 0.0185523 1428880.0
249 -0.04515 8.83434e-05 984.997 273.152 5.02514 5.02459 -0.156334 -0.127815 1429000.0
250 -0.04505 8.8344e-05 985.001 273.149 5.02512 5.02454 -0.117445 -0.0439577 1428960.0
251 -0.04495 8.83442e-05 984.997 273.151 5.02516 5.02467 -0.16605 -0.125232 1429070.0
252 -0.04485 8.83431e-05 984.996 273.152 5.02512 5.0246 -0.145575 -0.0852403 1429010.0
253 -0.04475 8.83441e-05 985.001 273.145 5.02505 5.02443 -0.0359754 0.116669 1428770.0
254 -0.04465 8.83438e-05 984.997 273.15 5.02513 5.02464 -0.128157 -0.117545 1429040.0
255 -0.04455 8.8344e-05 984.997 273.153 5.02519 5.02494 -0.184395 -0.245026 1429260.0
256 -0.04445 8.83439e-05 984.997 273.148 5.02509 5.02467 -0.0966364 -0.101639 1429010.0
257 -0.04435 8.83435e-05 984.997 273.15 5.02511 5.0247 -0.128623 -0.155518 1429070.0
258 -0.04425 8.83443e-05 984.995 273.151 5.02518 5.02495 -0.133121 -0.253229 1429220.0
259 -0.04415 8.83443e-05 984.996 273.148 5.02512 5.02484 -0.0739225 -0.178474 1429080.0
260 -0.04405 8.83427e-05 984.999 273.143 5.02493 5.02447 0.0406995 0.0402643 1428770.0
261 -0.04395 8.83442e-05 985.0 273.14 5.02497 5.0245 0.0984655 0.116043 1428640.0
262 -0.04385 8.83443e-05 984.997 273.145 5.02506 5.02484 0.00736768 -0.0340134 1428920.0
263 -0.04375 8.83438e-05 984.999 273.142 5.02499 5.02467 0.0964436 0.138432 1428670.0
264 -0.04365 8.83438e-05 984.997 273.144 5.02502 5.02478 0.0404978 0.0788535 1428830.0
265 -0.04355 8.83441e-05 984.997 273.145 5.02506 5.02477 0.000490872 0.0260769 1428870.0
266 -0.04345 8.83446e-05 984.994 273.147 5.02511 5.02496 -0.0794761 -0.0723963 1429030.0
267 -0.04335 8.83442e-05 984.997 273.145 5.02505 5.02483 -0.0303746 0.00876366 1428980.0
268 -0.04325 8.83443e-05 984.996 273.147 5.0251 5.0248 -0.068075 -0.000103387 1429000.0
269 -0.04315 8.83438e-05 984.999 273.146 5.02506 5.02475 -0.0600732 0.0135715 1428990.0
270 -0.04305 8.83434e-05 985.002 273.142 5.02496 5.02434 -0.0227045 0.0762748 1428810.0
271 -0.04295 8.83441e-05 985.0 273.146 5.02508 5.02455 -0.0513986 0.0207638 1429010.0
272 -0.04285 8.83437e-05 984.997 273.145 5.02503 5.0246 -0.0598788 0.00730218 1429040.0
273 -0.04275 8.83439e-05 985.001 273.143 5.02501 5.02449 0.0198606 0.0831951 1428900.0
274 -0.04265 8.83439e-05 985.0 273.142 5.02498 5.02445 0.048774 0.118411 1428850.0
275 -0.04255 8.83442e-05 984.997 273.148 5.02512 5.02481 -0.0735732 -0.0876672 1429170.0
276 -0.04245 8.83441e-05 984.997 273.145 5.02504 5.02466 -0.013483 -0.0147482 1428980.0
277 -0.04235 8.83438e-05 984.999 273.142 5.02497 5.02451 0.025813 0.0432348 1428880.0
278 -0.04225 8.83438e-05 984.999 273.146 5.02505 5.02473 -0.0410457 -0.080108 1429080.0
279 -0.04215 8.83437e-05 984.998 273.145 5.02503 5.02459 0.00926588 -0.0374514 1429000.0
280 -0.04205 8.83439e-05 984.997 273.146 5.02506 5.02475 -0.0373497 -0.112802 1429110.0
281 -0.04195 8.83443e-05 984.993 273.149 5.02514 5.02503 -0.133321 -0.318052 1429360.0
282 -0.04185 8.83438e-05 984.994 273.148 5.02508 5.02494 -0.0593033 -0.117633 1429160.0
283 -0.04175 8.83442e-05 984.996 273.149 5.02514 5.02491 -0.0728284 -0.0954532 1429180.0
284 -0.04165 8.83441e-05 984.996 273.146 5.02507 5.02502 -0.0454101 -0.106675 1429160.0
285 -0.04155 8.83443e-05 984.991 273.149 5.02514 5.02525 -0.1001 -0.202925 1429350.0
286 -0.04145 8.8345e-05 984.993 273.147 5.02514 5.02518 -0.060461 -0.150008 1429300.0
287 -0.04135 8.83448e-05 984.988 273.152 5.02522 5.02532 -0.143476 -0.1794 1429430.0
288 -0.04125 8.83443e-05 984.993 273.151 5.02518 5.02506 -0.13658 -0.107897 1429280.0
289 -0.04115 8.83448e-05 984.994 273.147 5.02513 5.0249 -0.0968762 0.027557 1429170.0
290 -0.04105 8.83446e-05 984.996 273.149 5.02515 5.02479 -0.0754445 0.0779031 1429100.0
291 -0.04095 8.83443e-05 984.998 273.146 5.02509 5.02454 -0.0104241 0.232938 1428880.0
292 -0.04085 8.83442e-05 985.0 273.146 5.02507 5.02452 -0.0335202 0.186217 1428890.0
293 -0.04075 8.83435e-05 985.0 273.145 5.02503 5.02462 -0.0621303 0.146402 1428970.0
294 -0.04065 8.83445e-05 984.997 273.148 5.02513 5.02463 -0.0680349 0.11576 1429000.0
295 -0.04055 8.83445e-05 984.997 273.15 5.02517 5.02467 -0.13806 0.000329331 1429090.0
296 -0.04045 8.83437e-05 985.003 273.147 5.02507 5.0245 -0.0688745 0.164924 1428890.0
297 -0.04035 8.83443e-05 985.0 273.149 5.02514 5.02462 -0.0833675 0.100764 1428980.0
298 -0.04025 8.83433e-05 985.001 273.147 5.02504 5.02449 -0.0720741 0.133298 1428890.0
299 -0.04015 8.8344e-05 985.003 273.148 5.0251 5.02451 -0.0672535 0.0881561 1428860.0
300 -0.04005 8.83432e-05 985.004 273.143 5.02497 5.0242 0.0204772 0.221927 1428600.0
301 -0.03995 8.83436e-05 985.003 273.144 5.02501 5.02439 -0.0429377 0.108685 1428810.0
302 -0.03985 8.83433e-05 985.002 273.147 5.02504 5.02445 -0.0354241 0.0718556 1428840.0
303 -0.03975 8.83437e-05 985.0 273.15 5.02512 5.02465 -0.116241 -0.0947287 1429020.0
304 -0.03965 8.83431e-05 985.003 273.15 5.02509 5.02442 -0.0935485 0.00633642 1428960.0
305 -0.03955 8.83429e-05 985.002 273.148 5.02504 5.02452 -0.109331 -0.0598947 1429010.0
306 -0.03945 8.83432e-05 984.997 273.154 5.02516 5.02477 -0.190189 -0.250424 1429280.0
307 -0.03935 8.83435e-05 985.001 273.148 5.02508 5.02459 -0.0811255 -0.0466847 1429010.0
308 -0.03925 8.83433e-05 984.999 273.149 5.02509 5.02469 -0.0833929 -0.0769136 1429010.0
309 -0.03915 8.83434e-05 984.999 273.151 5.02512 5.02473 -0.0964719 -0.106145 1429080.0
310 -0.03905 8.83431e-05 984.999 273.147 5.02503 5.02453 -0.0420289 0.028953 1428870.0
311 -0.03895 8.83434e-05 985.001 273.147 5.02505 5.02465 -0.0286982 -0.00997053 1428960.0
312 -0.03885 8.83431e-05 985.0 273.147 5.02502 5.0247 -0.0432634 -0.0496903 1428970.0
313 -0.03875 8.83435e-05 984.997 273.15 5.02511 5.02488 -0.0842081 -0.0710828 1429100.0
314 -0.03865 8.83435e-05 985.0 273.148 5.02508 5.02474 -0.095447 -0.11297 1429090.0
315 -0.03855 8.83437e-05 984.998 273.149 5.0251 5.02477 -0.0993518 -0.136568 1429080.0
316 -0.03845 8.83427e-05 985.002 273.147 5.02501 5.02453 -0.030138 -0.0169063 1428960.0
317 -0.03835 8.83428e-05 985.005 273.142 5.02492 5.02427 0.0314868 0.171361 1428730.0
318 -0.03825 8.83433e-05 985.002 273.144 5.02498 5.02432 0.0347959 0.16288 1428790.0
319 -0.03815 8.83425e-05 985.003 273.144 5.02493 5.02437 0.0501888 0.151757 1428830.0
320 -0.03805 8.83429e-05 985.003 273.14 5.02489 5.02433 0.0932762 0.21032 1428740.0
321 -0.03795 8.8343e-05 985.003 273.142 5.02493 5.0242 0.107105 0.250105 1428700.0
322 -0.03785 8.83425e-05 985.004 273.138 5.02483 5.02412 0.139731 0.259292 1428610.0
323 -0.03775 8.83426e-05 985.005 273.14 5.02488 5.0243 0.0959677 0.137473 1428750.0
324 -0.03765 8.83429e-05 985.003 273.143 5.02494 5.0244 0.0706987 0.0556148 1428800.0
325 -0.03755 8.83427e-05 985.004 273.14 5.02488 5.0243 0.112936 0.126583 1428700.0
326 -0.03745 8.83429e-05 985.005 273.141 5.02491 5.02438 0.119504 0.140539 1428720.0
327 -0.03735 8.83435e-05 985.0 273.144 5.02501 5.02453 0.0316038 -0.00322802 1428920.0
328 -0.03725 8.83429e-05 985.002 273.141 5.0249 5.02439 0.0508452 0.0719575 1428850.0
329 -0.03715 8.83435e-05 984.998 273.15 5.02511 5.02474 -0.0650282 -0.136804 1429150.0
330 -0.03705 8.83428e-05 985.002 273.14 5.02489 5.0243 0.105548 0.146101 1428720.0
331 -0.03695 8.8343e-05 985.003 273.142 5.02493 5.02442 0.0641132 0.0696925 1428810.0
332 -0.03685 8.83427e-05 985.003 273.142 5.02492 5.02431 0.123411 0.20727 1428710.0
333 -0.03675 8.83435e-05 985.001 273.144 5.025 5.02455 0.0403244 0.064939 1428960.0
334 -0.03665 8.83437e-05 984.998 273.145 5.02504 5.02455 0.00750003 0.023869 1429000.0
335 -0.03655 8.83437e-05 985.003 273.144 5.02502 5.02439 0.00937992 0.080065 1428900.0
336 -0.03645 8.83427e-05 985.005 273.142 5.02492 5.02425 0.0820072 0.210828 1428760.0
337 -0.03635 8.83433e-05 985.004 273.14 5.02492 5.02425 0.189054 0.371164 1428610.0
338 -0.03625 8.83424e-05 985.006 273.135 5.02477 5.02395 0.177577 0.407027 1428470.0
339 -0.03615 8.8343e-05 985.007 273.141 5.02492 5.02417 0.140707 0.322585 1428600.0
340 -0.03605 8.83437e-05 985.005 273.139 5.02492 5.02413 0.125168 0.275492 1428610.0
341 -0.03595 8.83436e-05 985.002 273.15 5.02511 5.02451 -0.0301736 0.0134945 1429010.0
342 -0.03585 8.83442e-05 984.996 273.153 5.0252 5.02482 -0.186624 -0.33951 1429340.0
343 -0.03575 8.83436e-05 985.0 273.151 5.02512 5.02453 -0.0761464 -0.106555 1429050.0
344 -0.03565 8.83433e-05 985.001 273.147 5.02504 5.02441 -0.0333017 0.0258811 1428910.0
345 -0.03555 8.83436e-05 985.001 273.149 5.0251 5.02444 -0.006362 0.0119206 1428930.0
346 -0.03545 8.83434e-05 985.001 273.148 5.02507 5.02445 -0.0688594 -0.0531066 1429010.0
347 -0.03535 8.83435e-05 985.004 273.145 5.02502 5.02434 0.0377214 0.0870732 1428800.0
348 -0.03525 8.83438e-05 985.002 273.14 5.02494 5.02434 0.0864826 0.101338 1428730.0
349 -0.03515 8.83438e-05 985.0 273.142 5.02497 5.02443 0.142651 0.149813 1428750.0
350 -0.03505 8.83434e-05 985.004 273.14 5.02491 5.02439 0.144361 0.170988 1428730.0
351 -0.03495 8.83436e-05 985.002 273.141 5.02494 5.02441 0.129699 0.110919 1428790.0
352 -0.03485 8.83434e-05 985.002 273.142 5.02496 5.02449 0.113985 0.0882695 1428830.0
353 -0.03475 8.83435e-05 985.001 273.146 5.02504 5.02464 -0.0124009 -0.100173 1429070.0
354 -0.03465 8.8344e-05 985.001 273.146 5.02507 5.02469 -0.0200273 -0.0914907 1429110.0
355 -0.03455 8.83436e-05 985.001 273.142 5.02497 5.02452 0.0577547 0.0674188 1428870.0
356 -0.03445 8.83436e-05 985.004 273.143 5.02498 5.02441 0.106174 0.168113 1428740.0
357 -0.03435 8.83428e-05 985.005 273.137 5.02484 5.02421 0.17643 0.277754 1428500.0
358 -0.03425 8.8344e-05 985.001 273.14 5.02496 5.02444 0.165312 0.253547 1428620.0
359 -0.03415 8.83437e-05 984.999 273.148 5.02509 5.0248 -0.0444714 -0.0907182 1429060.0
360 -0.03405 8.83439e-05 984.996 273.147 5.02508 5.02487 -0.057311 -0.130029 1429130.0
361 -0.03395 8.8344e-05 984.999 273.147 5.02508 5.02487 -0.000221264 -0.0751892 1429040.0
362 -0.03385 8.83445e-05 984.994 273.151 5.02518 5.02515 -0.0923589 -0.268013 1429300.0
363 -0.03375 8.83439e-05 984.996 273.15 5.02514 5.02506 -0.0891187 -0.261377 1429310.0
364 -0.03365 8.83436e-05 984.992 273.152 5.02516 5.02522 -0.131349 -0.341998 1429410.0
365 -0.03355 8.8344e-05 984.994 273.151 5.02516 5.02513 -0.100921 -0.235581 1429290.0
366 -0.03345 8.83444e-05 984.994 273.149 5.02514 5.02522 -0.0937844 -0.21378 1429300.0
367 -0.03335 8.83439e-05 984.992 273.152 5.02517 5.02524 -0.0855489 -0.253048 1429370.0
368 -0.03325 8.8344e-05 984.993 273.151 5.02515 5.0252 -0.0886789 -0.293578 1429360.0
369 -0.03315 8.83442e-05 984.994 273.15 5.02514 5.02511 -0.0995795 -0.297708 1429280.0
370 -0.03305 8.83439e-05 984.99 273.154 5.0252 5.02534 -0.166603 -0.400049 1429500.0
371 -0.03295 8.83442e-05 984.994 273.153 5.0252 5.02523 -0.169221 -0.39653 1429490.0
372 -0.03285 8.83435e-05 984.996 273.149 5.02509 5.02494 -0.0538806 -0.161469 1429250.0
373 -0.03275 8.8344e-05 984.993 273.148 5.0251 5.02512 -0.03725 -0.156501 1429320.0
374 -0.03265 8.83433e-05 984.993 273.148 5.02507 5.02514 -0.0259918 -0.13404 1429310.0
375 -0.03255 8.83444e-05 984.995 273.147 5.02512 5.02511 -0.0267767 -0.13641 1429270.0
376 -0.03245 8.83438e-05 984.994 273.145 5.02504 5.02492 0.0400979 -0.0230937 1429140.0
377 -0.03235 8.83438e-05 984.997 273.143 5.02499 5.02473 0.0762084 0.077319 1429000.0
378 -0.03225 8.83437e-05 984.997 273.143 5.02499 5.0247 0.0806471 0.0819596 1429000.0
379 -0.03215 8.83435e-05 984.999 273.141 5.02494 5.02459 0.13971 0.183202 1428830.0
380 -0.03205 8.83434e-05 985.0 273.141 5.02493 5.02448 0.15811 0.196931 1428770.0
381 -0.03195 8.83439e-05 984.998 273.145 5.02504 5.02476 0.0607632 -0.0267623 1429020.0
382 -0.03185 8.83439e-05 984.997 273.147 5.02507 5.02493 0.0384005 -0.0824155 1429170.0
383 -0.03175 8.83436e-05 984.995 273.144 5.02501 5.02496 0.0727439 -0.0338301 1429140.0
384 -0.03165 8.83432e-05 984.996 273.144 5.02498 5.02491 0.0863335 0.0237224 1429090.0
385 -0.03155 8.8344e-05 984.993 273.148 5.0251 5.025 0.0379612 -0.00839319 1429180.0
386 -0.03145 8.83435e-05 985.0 273.141 5.02495 5.02461 0.135812 0.143336 1428890.0
387 -0.03135 8.83443e-05 984.994 273.146 5.02508 5.02492 0.0984149 0.0297339 1429060.0
388 -0.03125 8.8344e-05 984.996 273.144 5.02503 5.0248 0.160299 0.134327 1428930.0
389 -0.03115 8.83439e-05 984.995 273.143 5.025 5.02494 0.105522 0.00130931 1429120.0
390 -0.03105 8.83444e-05 984.996 273.14 5.02498 5.02486 0.190741 0.176634 1428920.0
391 -0.03095 8.83442e-05 984.998 273.141 5.02498 5.02488 0.194325 0.195365 1428970.0
392 -0.03085 8.83433e-05 984.995 273.14 5.0249 5.02479 0.207997 0.215996 1428900.0
393 -0.03075 8.83454e-05 984.991 273.149 5.02519 5.02539 0.0767904 -0.0786863 1429370.0
394 -0.03065 8.83448e-05 984.989 273.146 5.02512 5.0253 0.0796551 -0.115782 1429290.0
395 -0.03055 8.83445e-05 984.991 273.142 5.02502 5.02518 0.162537 0.0573701 1429100.0
396 -0.03045 8.8345e-05 984.993 273.142 5.02506 5.0252 0.106112 0.0185313 1429180.0
397 -0.03035 8.83447e-05 984.989 273.145 5.02508 5.02529 0.102342 -0.0127401 1429260.0
398 -0.03025 8.83448e-05 984.993 273.141 5.02502 5.02503 0.147724 0.112704 1429020.0
399 -0.03015 8.83449e-05 984.991 273.146 5.02512 5.02517 0.0767618 0.0343168 1429240.0
400 -0.03005 8.83448e-05 984.995 273.144 5.02507 5.02494 0.0797275 0.0509133 1429080.0
401 -0.02995 8.8345e-05 984.996 273.144 5.02509 5.02493 0.0868047 0.120063 1429080.0
402 -0.02985 8.83445e-05 984.99 273.148 5.02514 5.02515 0.00353755 -0.0608121 1429340.0
403 -0.02975 8.83446e-05 984.996 273.142 5.02502 5.0249 0.133202 0.173917 1429040.0
404 -0.02965 8.83449e-05 984.996 273.138 5.02496 5.02473 0.209782 0.335222 1428840.0
405 -0.02955 8.83449e-05 984.994 273.144 5.02508 5.02503 0.112861 0.148907 1429130.0
406 -0.02945 8.83457e-05 984.989 273.147 5.02518 5.02539 0.0235635 -0.0852846 1429440.0
407 -0.02935 8.83455e-05 984.989 273.151 5.02524 5.02552 -0.060701 -0.230223 1429630.0
408 -0.02925 8.83453e-05 984.989 273.148 5.02518 5.0254 -0.00198938 -0.110159 1429510.0
409 -0.02915 8.83454e-05 984.988 273.152 5.02525 5.02534 -0.0412734 -0.106864 1429520.0
410 -0.02905 8.83449e-05 984.993 273.148 5.02516 5.02506 -0.000605885 -0.041377 1429340.0
411 -0.02895 8.83447e-05 984.997 273.147 5.02512 5.02484 0.0455135 0.0822388 1429170.0
412 -0.02885 8.83448e-05 984.997 273.147 5.02513 5.02487 0.0162677 0.0198464 1429210.0
413 -0.02875 8.83447e-05 984.994 273.148 5.02515 5.02497 -0.0164473 -0.0361007 1429310.0
414 -0.02865 8.8345e-05 984.994 273.148 5.02515 5.02497 0.00955327 -0.017463 1429300.0
415 -0.02855 8.83453e-05 984.993 273.152 5.02525 5.02525 -0.0468521 -0.204838 1429520.0
416 -0.02845 8.83451e-05 984.993 273.146 5.02514 5.02497 0.0298131 -0.00814087 1429250.0
417 -0.02835 8.83449e-05 984.997 273.147 5.02513 5.02492 0.0735424 0.0308193 1429230.0
418 -0.02825 8.8345e-05 984.996 273.145 5.0251 5.02484 0.0627897 0.0561815 1429190.0
419 -0.02815 8.8345e-05 984.994 273.149 5.02517 5.02502 0.00466468 -0.101833 1429380.0
420 -0.02805 8.83443e-05 984.998 273.147 5.02509 5.02487 0.0463931 0.00854978 1429240.0
421 -0.02795 8.83453e-05 984.997 273.151 5.02522 5.02497 0.00103097 -0.0629003 1429380.0
422 -0.02785 8.83447e-05 984.998 273.149 5.02516 5.02488 -0.0200985 -0.0434975 1429310.0
423 -0.02775 8.83444e-05 984.993 273.149 5.02515 5.02497 -0.0394132 -0.0696954 1429320.0
424 -0.02765 8.83456e-05 984.993 273.153 5.02529 5.0252 -0.0743774 -0.159339 1429510.0
425 -0.02755 8.83456e-05 984.995 273.151 5.02524 5.02516 -0.0191409 -0.0670346 1429370.0
426 -0.02745 8.8345e-05 984.996 273.151 5.02521 5.02505 -0.00405283 -0.0712559 1429340.0
427 -0.02735 8.83451e-05 984.995 273.146 5.02513 5.02493 0.0573941 0.0151071 1429210.0
428 -0.02725 8.83453e-05 984.996 273.152 5.02524 5.02517 -0.0528049 -0.159117 1429480.0
429 -0.02715 8.83456e-05 984.991 273.154 5.02529 5.02518 -0.112995 -0.261566 1429540.0
430 -0.02705 8.83452e-05 984.993 273.154 5.02529 5.02528 -0.115313 -0.25085 1429570.0
431 -0.02695 8.8345e-05 984.997 273.151 5.02521 5.02491 -0.0215406 -0.0422641 1429320.0
432 -0.02685 8.83455e-05 984.993 273.153 5.02527 5.02517 -0.0652754 -0.111777 1429500.0
433 -0.02675 8.83451e-05 984.99 273.154 5.02528 5.02532 -0.142381 -0.268002 1429680.0
434 -0.02665 8.83445e-05 984.996 273.151 5.02518 5.02498 0.0199446 0.01585 1429330.0
435 -0.02655 8.83454e-05 984.994 273.149 5.02521 5.02504 -0.0280124 -0.0420735 1429400.0
436 -0.02645 8.83454e-05 984.992 273.155 5.0253 5.0253 -0.093232 -0.164297 1429680.0
437 -0.02635 8.83444e-05 984.994 273.148 5.02513 5.02503 0.0111171 -0.00339875 1429440.0
438 -0.02625 8.83452e-05 984.997 273.148 5.02517 5.02498 0.0355228 -0.00889737 1429430.0
439 -0.02615 8.83449e-05 984.997 273.143 5.02507 5.02486 0.0930121 0.0937475 1429250.0
440 -0.02605 8.83451e-05 984.993 273.147 5.02514 5.02512 0.0138831 -0.0844801 1429560.0
441 -0.02595 8.83451e-05 984.991 273.149 5.02518 5.02526 -0.0545951 -0.215124 1429730.0
442 -0.02585 8.83453e-05 984.994 273.15 5.02521 5.02525 0.0132255 -0.124619 1429650.0
443 -0.02575 8.83453e-05 984.992 273.149 5.0252 5.02524 -0.0709535 -0.234293 1429700.0
444 -0.02565 8.8346e-05 984.991 273.154 5.02533 5.02554 -0.137919 -0.365644 1429980.0
445 -0.02555 8.83456e-05 984.99 273.155 5.02532 5.02557 -0.164308 -0.370514 1430030.0
446 -0.02545 8.83456e-05 984.988 273.156 5.02534 5.02563 -0.169046 -0.389402 1430100.0
447 -0.02535 8.83457e-05 984.994 273.15 5.02524 5.02537 -0.0967295 -0.227628 1429850.0
448 -0.02525 8.83452e-05 984.991 273.155 5.02529 5.02532 -0.119625 -0.246124 1429880.0
449 -0.02515 8.83456e-05 984.993 273.155 5.02532 5.02529 -0.194529 -0.27281 1429930.0
450 -0.02505 8.83452e-05 984.993 273.156 5.02531 5.0253 -0.162018 -0.224628 1429950.0
451 -0.02495 8.83455e-05 984.987 273.16 5.02542 5.02564 -0.314873 -0.517967 1430330.0
452 -0.02485 8.83461e-05 984.986 273.164 5.02551 5.02582 -0.369648 -0.597124 1430480.0
453 -0.02475 8.83452e-05 984.991 273.162 5.02543 5.02557 -0.321513 -0.447038 1430290.0
454 -0.02465 8.83459e-05 984.99 273.162 5.02547 5.02554 -0.330432 -0.453291 1430370.0
455 -0.02455 8.83455e-05 984.985 273.168 5.02555 5.02588 -0.470959 -0.725524 1430740.0
456 -0.02445 8.83461e-05 984.987 273.166 5.02555 5.02571 -0.433308 -0.661313 1430630.0
457 -0.02435 8.83447e-05 984.993 273.159 5.02534 5.02524 -0.296975 -0.380379 1430240.0
458 -0.02425 8.83456e-05 984.992 273.162 5.02545 5.0254 -0.350495 -0.47889 1430450.0
459 -0.02415 8.83452e-05 984.99 273.163 5.02545 5.02537 -0.383987 -0.471686 1430490.0
460 -0.02405 8.83453e-05 984.991 273.167 5.02553 5.02554 -0.431333 -0.583658 1430690.0
461 -0.02395 8.83459e-05 984.988 273.166 5.02554 5.02551 -0.44329 -0.627773 1430710.0
462 -0.02385 8.83456e-05 984.988 273.17 5.0256 5.02574 -0.57078 -0.834509 1430980.0
463 -0.02375 8.83458e-05 984.987 273.171 5.02563 5.02576 -0.547591 -0.803325 1431010.0
464 -0.02365 8.83449e-05 984.987 273.168 5.02553 5.02554 -0.515568 -0.723979 1430890.0
465 -0.02355 8.83454e-05 984.994 273.167 5.02552 5.02544 -0.471173 -0.644954 1430790.0
466 -0.02345 8.83449e-05 984.99 273.169 5.02553 5.02541 -0.502983 -0.692828 1430840.0
467 -0.02335 8.83448e-05 984.994 273.168 5.02552 5.02539 -0.44969 -0.598911 1430760.0
468 -0.02325 8.83453e-05 984.989 273.17 5.02558 5.02562 -0.521834 -0.732569 1431000.0
469 -0.02315 8.83456e-05 984.987 273.173 5.02565 5.02574 -0.571773 -0.753197 1431170.0
470 -0.02305 8.83453e-05 984.99 273.173 5.02564 5.02571 -0.588732 -0.755661 1431200.0
471 -0.02295 8.83457e-05 984.981 273.182 5.02582 5.02619 -0.747621 -1.0218 1431710.0
472 -0.02285 8.83464e-05 984.984 273.177 5.02577 5.02619 -0.673826 -0.992469 1431620.0
473 -0.02275 8.83455e-05 984.985 273.175 5.02568 5.02594 -0.622978 -0.831984 1431460.0
474 -0.02265 8.83454e-05 984.987 273.173 5.02564 5.02581 -0.517506 -0.713392 1431330.0
475 -0.02255 8.83452e-05 984.981 273.178 5.02572 5.02619 -0.753571 -1.15732 1431870.0
476 -0.02245 8.83468e-05 984.985 273.181 5.02587 5.02629 -0.740615 -1.09254 1431930.0
477 -0.02235 8.83452e-05 984.981 273.181 5.02577 5.02625 -0.721809 -1.11583 1431860.0
478 -0.02225 8.83461e-05 984.98 273.181 5.02583 5.02637 -0.771334 -1.1497 1432050.0
479 -0.02215 8.83461e-05 984.979 273.185 5.02591 5.02659 -0.881373 -1.39489 1432370.0
480 -0.02205 8.83462e-05 984.978 273.187 5.02594 5.0265 -0.885543 -1.37008 1432370.0
481 -0.02195 8.83451e-05 984.977 273.187 5.02589 5.02648 -0.907524 -1.31735 1432420.0
482 -0.02185 8.8346e-05 984.981 273.187 5.02593 5.02643 -0.964712 -1.36977 1432570.0
483 -0.02175 8.83463e-05 984.978 273.19 5.02601 5.02658 -0.987599 -1.43623 1432760.0
484 -0.02165 8.83457e-05 984.977 273.196 5.02607 5.02677 -1.08736 -1.6489 1433050.0
485 -0.02155 8.83452e-05 984.978 273.191 5.02597 5.0265 -1.05602 -1.56785 1432960.0
486 -0.02145 8.83463e-05 984.978 273.197 5.02612 5.02677 -1.17942 -1.75009 1433320.0
487 -0.02135 8.83462e-05 984.974 273.202 5.02621 5.02691 -1.27244 -1.94542 1433610.0
488 -0.02125 8.83454e-05 984.976 273.199 5.02612 5.02677 -1.2211 -1.83009 1433570.0
489 -0.02115 8.83456e-05 984.975 273.201 5.02617 5.02684 -1.27746 -1.96197 1433780.0
490 -0.02105 8.83465e-05 984.974 273.207 5.02634 5.02707 -1.44424 -2.1758 1434200.0
491 -0.02095 8.83455e-05 984.971 273.214 5.02641 5.0272 -1.5927 -2.3743 1434540.0
492 -0.02085 8.83459e-05 984.974 273.211 5.02637 5.02703 -1.58481 -2.28646 1434540.0
493 -0.02075 8.83459e-05 984.979 273.208 5.02631 5.0268 -1.46831 -2.08531 1434370.0
494 -0.02065 8.83448e-05 984.978 273.208 5.02625 5.02662 -1.45819 -2.03554 1434400.0
495 -0.02055 8.83455e-05 984.976 273.215 5.02643 5.02692 -1.68025 -2.38674 1434990.0
496 -0.02045 8.8346e-05 984.972 273.22 5.02655 5.02729 -1.81206 -2.61819 1435390.0
497 -0.02035 8.83465e-05 984.967 273.232 5.02679 5.0278 -2.06512 -3.05513 1436020.0
498 -0.02025 8.83459e-05 984.968 273.231 5.02674 5.02765 -2.04033 -2.9821 1436090.0
499 -0.02015 8.83462e-05 984.967 273.233 5.02678 5.02779 -2.1463 -3.19808 1436400.0
500 -0.02005 8.83457e-05 984.972 273.232 5.02674 5.02745 -2.09055 -2.99849 1436270.0
501 -0.01995 8.83467e-05 984.963 273.245 5.02704 5.02808 -2.40472 -3.55756 1437130.0
502 -0.01985 8.83462e-05 984.966 273.242 5.02696 5.02791 -2.38551 -3.49854 1437150.0
503 -0.01975 8.83471e-05 984.958 273.256 5.02727 5.02854 -2.66271 -3.9187 1437960.0
504 -0.01965 8.83472e-05 984.957 273.26 5.02735 5.02875 -2.74046 -4.07313 1438330.0
505 -0.01955 8.83477e-05 984.953 273.263 5.02743 5.02902 -2.84111 -4.23884 1438740.0
506 -0.01945 8.83478e-05 984.949 273.273 5.02762 5.0294 -3.04094 -4.59612 1439370.0
507 -0.01935 8.83483e-05 984.947 273.275 5.02769 5.02951 -3.14826 -4.69584 1439740.0
508 -0.01925 8.8349e-05 984.944 273.282 5.02786 5.0297 -3.32706 -4.97977 1440200.0
509 -0.01915 8.83481e-05 984.946 273.286 5.02788 5.02967 -3.35068 -4.9422 1440440.0
510 -0.01905 8.83484e-05 984.943 273.29 5.02797 5.02972 -3.5101 -5.17288 1440880.0
511 -0.01895 8.83487e-05 984.943 273.296 5.02809 5.02992 -3.66067 -5.40842 1441450.0
512 -0.01885 8.83483e-05 984.941 273.301 5.02815 5.03001 -3.78754 -5.57121 1441850.0
513 -0.01875 8.83491e-05 984.937 273.309 5.02836 5.03045 -3.98463 -5.8515 1442530.0
514 -0.01865 8.83487e-05 984.936 273.312 5.02838 5.03047 -4.09083 -6.03166 1443000.0
515 -0.01855 8.83494e-05 984.934 273.316 5.02851 5.03065 -4.19805 -6.21277 1443390.0
516 -0.01845 8.83485e-05 984.929 273.325 5.02861 5.03089 -4.4018 -6.57426 1444120.0
517 -0.01835 8.83501e-05 984.922 273.342 5.02902 5.03171 -4.79392 -7.18821 1445340.0
518 -0.01825 8.83498e-05 984.922 273.348 5.02911 5.03185 -5.03165 -7.53277 1445940.0
519 -0.01815 8.83498e-05 984.92 273.353 5.02921 5.03189 -5.13598 -7.64445 1446420.0
520 -0.01805 8.83499e-05 984.918 273.359 5.02931 5.03192 -5.26859 -7.76341 1446870.0
521 -0.01795 8.83505e-05 984.917 273.367 5.02949 5.03204 -5.45661 -8.02116 1447500.0
522 -0.01785 8.83503e-05 984.915 273.375 5.02964 5.03233 -5.70211 -8.34896 1448290.0
523 -0.01775 8.83505e-05 984.908 273.392 5.02995 5.03287 -6.07523 -8.91345 1449460.0
524 -0.01765 8.83518e-05 984.905 273.399 5.03017 5.03322 -6.31273 -9.27492 1450330.0
525 -0.01755 8.83514e-05 984.901 273.408 5.03031 5.03345 -6.55523 -9.64545 1451140.0
526 -0.01745 8.83515e-05 984.899 273.417 5.03047 5.03394 -6.78922 -10.0761 1452040.0
527 -0.01735 8.83524e-05 984.891 273.427 5.03071 5.03435 -7.08264 -10.5265 1453080.0
528 -0.01725 8.83527e-05 984.886 273.443 5.03102 5.03492 -7.47266 -11.0548 1454270.0
529 -0.01715 8.83535e-05 984.881 273.459 5.03136 5.03552 -7.85302 -11.6177 1455540.0
530 -0.01705 8.83531e-05 984.878 273.468 5.03152 5.03571 -8.09203 -11.9568 1456410.0
531 -0.01695 8.83542e-05 984.872 273.48 5.03179 5.03618 -8.49274 -12.5233 1457670.0
532 -0.01685 8.83544e-05 984.868 273.503 5.03223 5.03691 -8.97053 -13.1838 1459210.0
533 -0.01675 8.83553e-05 984.858 273.519 5.03257 5.03741 -9.40073 -13.7931 1460530.0
534 -0.01665 8.83552e-05 984.851 273.537 5.0329 5.038 -9.86743 -14.5509 1462070.0
535 -0.01655 8.8356e-05 984.845 273.556 5.03329 5.03857 -10.3346 -15.2808 1463570.0
536 -0.01645 8.83567e-05 984.835 273.578 5.03373 5.0394 -10.9223 -16.177 1465400.0
537 -0.01635 8.83576e-05 984.827 273.605 5.03428 5.04037 -11.5248 -17.1097 1467350.0
538 -0.01625 8.83589e-05 984.814 273.629 5.03481 5.04143 -12.2324 -18.1462 1469490.0
539 -0.01615 8.83592e-05 984.805 273.651 5.03522 5.04215 -12.7539 -18.912 1471260.0
540 -0.01605 8.83597e-05 984.801 273.664 5.03549 5.04244 -13.0989 -19.3274 1472600.0
541 -0.01595 8.83603e-05 984.789 273.692 5.03603 5.04349 -13.8356 -20.4641 1474870.0
542 -0.01585 8.83618e-05 984.779 273.721 5.03666 5.04449 -14.5308 -21.4921 1477150.0
543 -0.01575 8.83621e-05 984.772 273.738 5.03699 5.04505 -14.9822 -22.1682 1478850.0
544 -0.01565 8.83624e-05 984.762 273.762 5.03745 5.04587 -15.5777 -23.166 1480920.0
545 -0.01555 8.83631e-05 984.752 273.788 5.03795 5.04665 -16.2185 -24.1641 1483080.0
546 -0.01545 8.8365e-05 984.744 273.818 5.03862 5.04764 -16.9922 -25.2565 1485640.0
547 -0.01535 8.83655e-05 984.731 273.852 5.03928 5.04864 -17.9577 -26.5329 1488560.0
548 -0.01525 8.83676e-05 984.716 273.895 5.04019 5.05027 -18.974 -27.983 1491870.0
549 -0.01515 8.83685e-05 984.699 273.928 5.04085 5.05136 -19.8948 -29.3991 1494650.0
550 -0.01505 8.83698e-05 984.683 273.972 5.04173 5.05283 -20.9424 -30.8555 1498060.0
551 -0.01495 8.83708e-05 984.671 274.006 5.04242 5.05403 -21.8541 -32.284 1500980.0
552 -0.01485 8.83729e-05 984.658 274.044 5.04323 5.05529 -22.8175 -33.62 1504210.0
553 -0.01475 8.83738e-05 984.642 274.086 5.04407 5.05666 -23.8419 -35.2019 1507710.0
554 -0.01465 8.83752e-05 984.622 274.137 5.04508 5.05839 -25.1919 -37.1461 1511770.0
555 -0.01455 8.83772e-05 984.601 274.183 5.04605 5.0602 -26.3631 -39.0344 1515740.0
556 -0.01445 8.83786e-05 984.585 274.224 5.04687 5.06156 -27.4026 -40.6065 1519340.0
557 -0.01435 8.83806e-05 984.568 274.273 5.0479 5.06326 -28.6661 -42.4741 1523450.0
558 -0.01425 8.83818e-05 984.548 274.321 5.04885 5.06486 -29.8745 -44.2174 1527570.0
559 -0.01415 8.83839e-05 984.527 274.38 5.05005 5.06674 -31.3969 -46.3145 1532320.0
560 -0.01405 8.83862e-05 984.503 274.443 5.05134 5.06904 -32.9203 -48.737 1537400.0
561 -0.01395 8.83887e-05 984.475 274.51 5.05271 5.07133 -34.6458 -51.2733 1542760.0
562 -0.01385 8.83907e-05 984.451 274.57 5.05392 5.07331 -36.1985 -53.5722 1547900.0
563 -0.01375 8.83936e-05 984.424 274.639 5.05536 5.07588 -37.9308 -56.2724 1553550.0
564 -0.01365 8.83968e-05 984.388 274.722 5.05708 5.07889 -40.0692 -59.444 1560350.0
565 -0.01355 8.83984e-05 984.363 274.792 5.05847 5.08122 -41.8223 -62.0778 1566170.0
566 -0.01345 8.84018e-05 984.33 274.873 5.06014 5.08408 -43.8607 -65.1159 1572790.0
567 -0.01335 8.84044e-05 984.295 274.959 5.06187 5.08706 -46.0419 -68.3912 1579870.0
568 -0.01325 8.84077e-05 984.259 275.044 5.06362 5.09005 -48.2333 -71.6987 1587080.0
569 -0.01315 8.84109e-05 984.227 275.129 5.06538 5.09293 -50.4134 -74.876 1594200.0
570 -0.01305 8.84145e-05 984.19 275.223 5.06732 5.09642 -52.7866 -78.5103 1602140.0
571 -0.01295 8.84171e-05 984.151 275.314 5.06915 5.09942 -55.141 -81.9955 1609910.0
572 -0.01285 8.84223e-05 984.104 275.435 5.07167 5.10384 -58.1024 -86.3793 1619390.0
573 -0.01275 8.84256e-05 984.063 275.542 5.07383 5.10749 -60.8589 -90.4674 1628410.0
574 -0.01265 8.84295e-05 984.015 275.661 5.07625 5.11162 -63.9292 -95.0551 1638200.0
575 -0.01255 8.84342e-05 983.964 275.787 5.07882 5.11608 -67.0899 -99.7368 1648390.0
576 -0.01245 8.84391e-05 983.911 275.919 5.08155 5.12072 -70.4479 -104.778 1659200.0
577 -0.01235 8.84444e-05 983.861 276.051 5.08428 5.12543 -73.785 -109.776 1670140.0
578 -0.01225 8.84492e-05 983.796 276.206 5.08741 5.13085 -77.7076 -115.49 1682490.0
579 -0.01215 8.84543e-05 983.738 276.349 5.09034 5.13572 -81.3397 -120.829 1694370.0
580 -0.01205 8.84601e-05 983.672 276.512 5.09367 5.14157 -85.3883 -127.1 1707510.0
581 -0.01195 8.84659e-05 983.612 276.675 5.09701 5.14709 -89.608 -133.139 1720960.0
582 -0.01185 8.84711e-05 983.544 276.842 5.10039 5.15293 -93.8809 -139.55 1734930.0
583 -0.01175 8.84791e-05 983.471 277.034 5.10439 5.15966 -98.7151 -146.635 1750340.0
584 -0.01165 8.84853e-05 983.386 277.233 5.1084 5.16671 -103.786 -154.205 1766520.0
585 -0.01155 8.84924e-05 983.312 277.425 5.11237 5.17353 -108.69 -161.558 1782660.0
586 -0.01145 8.84995e-05 983.228 277.635 5.11664 5.18077 -114.004 -169.343 1799800.0
587 -0.01135 8.85083e-05 983.136 277.859 5.12129 5.18887 -119.642 -177.899 1818170.0
588 -0.01125 8.85163e-05 983.037 278.102 5.12622 5.19751 -125.786 -186.972 1837770.0
589 -0.01115 8.85255e-05 982.938 278.351 5.13134 5.2062 -132.061 -196.247 1858010.0
590 -0.01105 8.85346e-05 982.84 278.6 5.13646 5.21495 -138.461 -205.887 1878900.0
591 -0.01095 8.8545e-05 982.725 278.889 5.14239 5.22505 -145.794 -216.619 1902090.0
592 -0.01085 8.8555e-05 982.61 279.18 5.14834 5.23512 -153.09 -227.318 1925570.0
593 -0.01075 8.85664e-05 982.482 279.491 5.15473 5.24634 -161.003 -239.399 1951100.0
594 -0.01065 8.85774e-05 982.355 279.8 5.16109 5.25732 -168.839 -251.204 1976360.0
595 -0.01055 8.85895e-05 982.225 280.128 5.16784 5.2689 -177.083 -263.582 2003010.0
596 -0.01045 8.86016e-05 982.084 280.491 5.17524 5.28149 -186.289 -277.135 2032310.0
597 -0.01035 8.8615e-05 981.939 280.862 5.18286 5.29419 -195.755 -290.96 2062600.0
598 -0.01025 8.86279e-05 981.786 281.243 5.19065 5.30739 -205.338 -305.156 2093560.0
599 -0.01015 8.86433e-05 981.625 281.647 5.19901 5.32171 -215.543 -320.453 2126630.0
600 -0.01005 8.86577e-05 981.458 282.064 5.20755 5.33656 -226.138 -336.512 2160940.0
601 -0.00995 8.86748e-05 981.262 282.533 5.21722 5.35338 -237.948 -354.104 2198580.0
602 -0.00985 8.86924e-05 981.071 283.014 5.22713 5.37043 -250.127 -372.185 2237450.0
603 -0.00975 8.87105e-05 980.868 283.527 5.23767 5.38831 -263.011 -391.196 2278520.0
604 -0.00965 8.873e-05 980.648 284.058 5.24865 5.40743 -276.468 -411.424 2321650.0
605 -0.00955 8.875e-05 980.424 284.609 5.26001 5.42704 -290.358 -432.107 2366140.0
606 -0.00945 8.87722e-05 980.179 285.214 5.27251 5.44857 -305.614 -454.741 2414640.0
607 -0.00935 8.8794e-05 979.934 285.833 5.28526 5.47027 -321.139 -477.687 2464050.0
608 -0.00925 8.88176e-05 979.672 286.465 5.29835 5.49312 -337.168 -501.917 2515740.0
609 -0.00915 8.88427e-05 979.387 287.167 5.31284 5.518 -354.822 -528.096 2571880.0
610 -0.00905 8.88691e-05 979.096 287.89 5.32779 5.54386 -373.021 -555.388 2630180.0
611 -0.00895 8.88977e-05 978.783 288.656 5.34369 5.57129 -392.262 -584.118 2691580.0
612 -0.00885 8.8928e-05 978.444 289.476 5.3607 5.60098 -412.857 -615.006 2757040.0
613 -0.00875 8.89582e-05 978.101 290.326 5.37825 5.63115 -434.223 -646.856 2825340.0
614 -0.00865 8.89911e-05 977.741 291.204 5.39653 5.66253 -456.253 -679.556 2895250.0
615 -0.00855 8.90263e-05 977.342 292.184 5.41682 5.6976 -480.786 -715.857 2972790.0
616 -0.00845 8.90642e-05 976.931 293.19 5.43779 5.73382 -506.043 -753.42 3052740.0
617 -0.00835 8.91027e-05 976.506 294.23 5.45943 5.77101 -532.086 -792.359 3135780.0
618 -0.00825 8.91433e-05 976.06 295.328 5.48231 5.8104 -559.59 -833.272 3223120.0
619 -0.00815 8.91848e-05 975.593 296.472 5.50611 5.85132 -588.258 -876.027 3314410.0
620 -0.00805 8.923e-05 975.093 297.696 5.53164 5.89525 -618.869 -921.44 3411070.0
621 -0.00795 8.92804e-05 974.537 299.012 5.55922 5.94374 -651.557 -970.712 3514380.0
622 -0.00785 8.93306e-05 973.987 300.367 5.58756 5.9923 -685.426 -1020.89 3621920.0
623 -0.00775 8.93825e-05 973.411 301.778 5.61706 6.04286 -720.564 -1073.14 3733390.0
624 -0.00765 8.94397e-05 972.788 303.276 5.64856 6.09742 -757.907 -1128.89 3851670.0
625 -0.00755 8.95018e-05 972.105 304.917 5.68306 6.15734 -798.732 -1189.5 3979980.0
626 -0.00745 8.95631e-05 971.432 306.541 5.71724 6.21641 -839.011 -1250.0 4108210.0
627 -0.00735 8.96318e-05 970.68 308.342 5.75526 6.28239 -883.691 -1316.54 4249070.0
628 -0.00725 8.97043e-05 969.884 310.257 5.79568 6.35241 -931.038 -1386.9 4397620.0
629 -0.00715 8.97792e-05 969.07 312.217 5.83716 6.42366 -979.53 -1458.81 4550860.0
630 -0.00705 8.98615e-05 968.178 314.351 5.88245 6.50192 -1032.3 -1537.05 4716170.0
631 -0.00695 8.99437e-05 967.275 316.511 5.92829 6.58095 -1085.55 -1616.35 4884560.0
632 -0.00685 9.00343e-05 966.3 318.839 5.9779 6.66657 -1142.9 -1701.5 5064880.0
633 -0.00675 9.01294e-05 965.269 321.285 6.03012 6.7571 -1202.9 -1790.91 5253570.0
634 -0.00665 9.02299e-05 964.185 323.862 6.08526 6.85229 -1266.09 -1884.58 5452000.0
635 -0.00655 9.03362e-05 963.042 326.56 6.1432 6.95248 -1332.17 -1982.88 5659920.0
636 -0.00645 9.04476e-05 961.837 329.412 6.20448 7.05834 -1401.74 -2086.37 5878580.0
637 -0.00635 9.05685e-05 960.543 332.448 6.27004 7.17156 -1475.71 -2196.12 6110560.0
638 -0.00625 9.06951e-05 959.187 335.639 6.33908 7.29051 -1553.27 -2310.83 6353140.0
639 -0.00615 9.083e-05 957.752 339.02 6.41245 7.41655 -1635.38 -2431.88 6609970.0
640 -0.00605 9.09711e-05 956.244 342.551 6.48932 7.5489 -1720.79 -2558.22 6877380.0
641 -0.00595 9.11223e-05 954.64 346.294 6.57111 7.68942 -1811.09 -2691.19 7159670.0
642 -0.00585 9.12862e-05 952.918 350.28 6.65871 7.84052 -1906.82 -2832.55 7457920.0
643 -0.00575 9.14568e-05 951.119 354.442 6.75042 7.99845 -2006.63 -2980.01 7769800.0
644 -0.00565 9.16388e-05 949.209 358.83 6.8476 8.16581 -2111.23 -3134.36 8096160.0
645 -0.00555 9.18303e-05 947.207 363.457 6.95038 8.3414 -2221.44 -3295.8 8439760.0
646 -0.00545 9.2035e-05 945.086 368.328 7.05923 8.52747 -2336.83 -3464.98 8799300.0
647 -0.00535 9.22556e-05 942.799 373.524 7.17597 8.72786 -2459.57 -3644.92 9180970.0
648 -0.00525 9.24838e-05 940.456 378.845 7.29622 8.93344 -2584.36 -3828.6 9571140.0
649 -0.00515 9.27293e-05 937.939 384.557 7.42588 9.15407 -2717.96 -4023.13 9986450.0
650 -0.00505 9.29902e-05 935.276 390.535 7.56253 9.38747 -2856.99 -4226.67 10419800.0
651 -0.00495 9.32682e-05 932.459 396.853 7.70784 9.63468 -3003.14 -4439.38 10874800.0
652 -0.00485 9.35643e-05 929.49 403.459 7.86102 9.89494 -3154.84 -4660.28 11347400.0
653 -0.00475 9.38759e-05 926.373 410.351 8.02195 10.168 -3312.14 -4889.29 11838700.0
654 -0.00465 9.42107e-05 923.048 417.653 8.1938 10.4597 -3477.85 -5129.96 12355800.0
655 -0.00455 9.45656e-05 919.549 425.314 8.37555 10.7663 -3650.32 -5378.97 12893500.0
656 -0.00445 9.4945e-05 915.837 433.369 8.56841 11.0918 -3830.19 -5638.62 13454800.0
657 -0.00435 9.5344e-05 911.968 441.753 8.77088 11.4309 -4016.04 -5905.12 14036000.0
658 -0.00425 9.57706e-05 907.861 450.553 8.98562 11.7908 -4209.16 -6182.29 14641400.0
659 -0.00415 9.62284e-05 903.51 459.812 9.2141 12.1724 -4410.42 -6469.71 15272900.0
660 -0.00405 9.67122e-05 898.931 469.488 9.45531 12.5732 -4618.38 -6764.84 15926200.0
661 -0.00395 9.72285e-05 894.129 479.579 9.71009 12.9949 -4833.32 -7068.74 16604800.0
662 -0.00385 9.7772e-05 889.096 490.018 9.97692 13.4353 -5052.27 -7378.29 17299700.0
663 -0.00375 9.83586e-05 883.746 501.072 10.2632 13.9042 -5281.55 -7697.36 18025900.0
664 -0.00365 9.89847e-05 878.092 512.563 10.5654 14.3999 -5515.91 -8024.2 18774200.0
665 -0.00355 9.9649e-05 872.196 524.444 10.8828 14.9168 -5754.66 -8354.89 19542100.0
666 -0.00345 0.000100352 866.02 536.771 11.2172 15.4579 -5997.97 -8689.57 20331000.0
667 -0.00335 0.000101101 859.535 549.529 11.5695 16.0257 -6244.85 -9027.32 21138400.0
668 -0.00325 0.0001019 852.732 562.757 11.9416 16.622 -6495.69 -9368.23 21968000.0
669 -0.00315 0.000102748 845.619 576.431 12.3336 17.2451 -6749.12 -9708.44 22815700.0
670 -0.00305 0.000103655 838.147 590.617 12.7487 17.9002 -7005.95 -10048.7 23685100.0
671 -0.00295 0.000104618 830.355 605.149 13.1837 18.5825 -7261.21 -10384.3 24566200.0
672 -0.00285 0.000105648 822.176 620.219 13.6451 19.2994 -7518.55 -10715.8 25468000.0
673 -0.00275 0.000106738 813.688 635.635 14.1285 20.0428 -7773.02 -11038.3 26381400.0
674 -0.00265 0.000107897 804.853 651.355 14.6351 20.8169 -8022.57 -11350.6 27304400.0
675 -0.00255 0.00010913 795.668 667.442 15.168 21.6217 -8267.68 -11649.9 28239200.0
676 -0.00245 0.000110441 786.117 683.853 15.7276 22.4581 -8505.65 -11933.2 29181500.0
677 -0.00235 0.000111827 776.267 700.504 16.3128 23.3214 -8735.7 -12198.3 30133000.0
678 -0.00225 0.000113298 766.08 717.303 16.9237 24.2137 -8952.95 -12441.0 31085800.0
679 -0.00215 0.000114861 755.537 734.35 17.5648 25.1372 -9158.86 -12659.1 32044200.0
680 -0.00205 0.000116516 744.682 751.467 18.2333 26.0882 -9348.86 -12849.6 33003400.0
681 -0.00195 0.000118271 733.508 768.694 18.9322 27.0673 -9522.95 -13009.4 33965600.0
682 -0.00185 0.000120129 722.024 786.012 19.6628 28.0736 -9680.07 -13135.7 34930600.0
683 -0.00175 0.000122079 710.354 803.095 20.4163 29.0963 -9813.58 -13227.0 35888200.0
684 -0.00165 0.000124155 698.325 820.157 21.2047 30.1499 -9923.65 -13277.2 36844800.0
685 -0.00155 0.00012634 686.097 837.018 22.0213 31.2212 -10009.5 -13288.1 37799900.0
686 -0.00145 0.000128629 673.737 853.642 22.8656 32.3052 -10071.9 -13259.3 38755200.0
687 -0.00135 0.000131024 661.247 869.958 23.7366 33.3999 -10107.9 -13188.9 39707800.0
688 -0.00125 0.000133544 648.596 885.857 24.6353 34.5079 -10113.2 -13072.8 40653700.0
689 -0.00115 0.000136193 635.806 901.391 25.5645 35.6296 -10089.8 -12912.2 41601800.0
690 -0.00105 0.000138956 622.974 916.444 26.5188 36.7546 -10037.3 -12709.5 42549000.0
691 -0.00095 0.000141838 610.127 930.929 27.4966 37.8816 -9954.27 -12466.0 43494600.0
692 -0.00085 0.000144831 597.322 944.848 28.4966 39.0045 -9843.33 -12184.1 44440900.0
693 -0.00075 0.000147934 584.587 958.198 29.5184 40.1225 -9704.95 -11866.2 45389900.0
694 -0.00065 0.000151154 571.924 970.936 30.5619 41.2344 -9539.02 -11512.5 46340800.0
695 -0.00055 0.000154484 559.382 982.982 31.6228 42.3357 -9344.96 -11125.3 47289900.0
696 -0.00045 0.00015793 546.955 994.457 32.7054 43.427 -9126.91 -10707.6 48243300.0
697 -0.00035 0.000161475 534.714 1005.21 33.8013 44.5021 -8883.54 -10263.8 49194900.0
698 -0.00025 0.00016512 522.682 1015.31 34.9115 45.5607 -8619.32 -9798.28 50150200.0
699 -0.00015 0.000168863 510.856 1024.74 36.0345 46.6006 -8333.14 -9310.58 51103300.0
700 -5e-05 0.000172736 499.152 1033.52 37.177 47.6302 -8023.22 -8795.83 52058000.0
701 5e-05 0.000176845 487.569 1041.35 38.3494 48.6276 -7676.36 -8229.7 52977500.0
702 0.00015 0.000180921 476.842 1048.1 39.4877 49.5307 -7326.78 -7692.43 53856200.0
703 0.00025 0.000184953 466.69 1054.14 40.6005 50.386 -6978.39 -7180.44 54721900.0
704 0.00035 0.000188949 457.047 1059.75 41.6982 51.2001 -6636.57 -6690.89 55581900.0
705 0.00045 0.000192875 447.957 1064.78 42.7667 51.9671 -6300.1 -6228.81 56421300.0
706 0.00055 0.000196746 439.34 1069.3 43.8101 52.6956 -5968.79 -5790.16 57247000.0
707 0.00065 0.00020059 431.103 1073.56 44.8441 53.3922 -5644.74 -5363.72 58057100.0
708 0.00075 0.000204333 423.379 1077.24 45.8376 54.0468 -5327.26 -4967.73 58842000.0
709 0.00085 0.000207989 416.097 1080.68 46.8064 54.6648 -5022.68 -4596.23 59603700.0
710 0.00095 0.000211561 409.225 1083.64 47.7411 55.2482 -4724.12 -4244.16 60339800.0
711 0.00105 0.000215038 402.746 1086.39 48.6486 55.7987 -4438.13 -3913.65 61051100.0
712 0.00115 0.000218374 396.722 1088.83 49.5146 56.3111 -4165.34 -3611.99 61733800.0
713 0.00125 0.00022163 391.014 1091.05 50.3553 56.7968 -3902.7 -3325.76 62390600.0
714 0.00135 0.000224792 385.628 1093.04 51.1667 57.2569 -3648.49 -3052.65 63020900.0
715 0.00145 0.000227762 380.704 1094.84 51.9278 57.6765 -3413.88 -2814.68 63617100.0
716 0.00155 0.000230628 376.067 1096.43 52.6576 58.0711 -3188.22 -2589.8 64184900.0
717 0.00165 0.00023336 371.756 1097.86 53.3511 58.4407 -2976.44 -2385.22 64727500.0
718 0.00175 0.000235963 367.734 1099.13 54.0086 58.7848 -2775.26 -2196.23 65241100.0
719 0.00185 0.000238422 364.02 1100.23 54.6262 59.1024 -2586.55 -2024.85 65723700.0
720 0.00195 0.00024077 360.541 1101.27 55.216 59.4001 -2407.65 -1863.38 66180300.0
721 0.00205 0.000242984 357.321 1102.2 55.7712 59.6763 -2242.15 -1718.87 66612400.0
722 0.00215 0.000245075 354.332 1102.99 56.2913 59.9326 -2085.73 -1585.3 67016300.0
723 0.00225 0.000247041 351.568 1103.74 56.7816 60.1706 -1939.94 -1462.89 67397800.0
724 0.00235 0.000248864 349.046 1104.46 57.2375 60.3866 -1807.58 -1355.73 67753700.0
725 0.00245 0.000250585 346.694 1105.04 57.664 60.5888 -1681.35 -1255.69 68087700.0
726 0.00255 0.000252205 344.512 1105.56 58.0637 60.7764 -1563.32 -1163.43 68401000.0
727 0.00265 0.000253737 342.473 1105.95 58.4372 60.9516 -1450.88 -1074.01 68693300.0
728 0.00275 0.000255156 340.608 1106.35 58.7852 61.112 -1348.7 -996.735 68966800.0
729 0.00285 0.000256473 338.893 1106.68 59.1061 61.2595 -1252.4 -925.387 69221600.0
730 0.00295 0.000257717 337.29 1106.95 59.4076 61.3977 -1161.95 -856.943 69460100.0
731 0.00305 0.000258845 335.85 1107.22 59.6819 61.5218 -1081.03 -800.254 69680200.0
732 0.00315 0.000259903 334.51 1107.51 59.9416 61.6363 -1006.72 -746.565 69886500.0
733 0.00325 0.000260895 333.264 1107.73 60.1823 61.7446 -936.347 -695.679 70079300.0
734 0.00335 0.00026183 332.099 1107.86 60.4053 61.8457 -867.98 -645.408 70257900.0
735 0.00345 0.000262674 331.052 1108.03 60.6088 61.9351 -807.907 -603.506 70422900.0
736 0.00355 0.000263471 330.072 1108.11 60.7974 62.02 -749.679 -561.681 70577500.0
737 0.00365 0.00026421 329.168 1108.15 60.97 62.0975 -695.112 -524.108 70721700.0
738 0.00375 0.000264891 328.338 1108.27 61.134 62.1698 -647.167 -489.13 70856200.0
739 0.00385 0.000265505 327.598 1108.34 61.2797 62.2338 -603.201 -460.336 70979400.0
740 0.00395 0.0002661 326.877 1108.39 61.4197 62.2957 -560.454 -429.069 71096100.0
741 0.00405 0.000266638 326.233 1108.48 61.5489 62.3506 -522.432 -402.782 71202000.0
742 0.00415 0.000267147 325.624 1108.46 61.6654 62.4035 -484.061 -376.3 71302900.0
743 0.00425 0.000267595 325.089 1108.5 61.7707 62.4495 -452.476 -356.271 71394900.0
744 0.00435 0.000268031 324.572 1108.53 61.8732 62.4937 -421.176 -332.672 71482000.0
745 0.00445 0.000268409 324.124 1108.57 61.9624 62.5325 -394.482 -315.494 71562300.0
746 0.00455 0.000268791 323.675 1108.53 62.0486 62.5712 -365.312 -293.083 71636700.0
747 0.00465 0.00026912 323.284 1108.5 62.123 62.6044 -340.353 -276.473 71704900.0
748 0.00475 0.000269441 322.908 1108.47 62.1954 62.6383 -316.025 -257.68 71770300.0
749 0.00485 0.000269733 322.563 1108.44 62.2613 62.6671 -293.919 -240.867 71827500.0
750 0.00495 0.000270005 322.246 1108.44 62.3236 62.6952 -273.442 -225.811 71884600.0
751 0.00505 0.000270257 321.953 1108.4 62.3794 62.7196 -254.986 -211.518 71937100.0
752 0.00515 0.000270453 321.722 1108.42 62.4259 62.7403 -240.921 -203.964 71985000.0
753 0.00525 0.000270673 321.467 1108.41 62.4765 62.7608 -225.0 -190.859 72027700.0
754 0.00535 0.000270882 321.224 1108.38 62.523 62.7822 -208.512 -176.436 72070000.0
755 0.00545 0.00027107 321.007 1108.33 62.5638 62.8013 -193.849 -165.004 72109600.0
756 0.00555 0.000271229 320.824 1108.21 62.5935 62.8171 -179.253 -157.624 72144000.0
757 0.00565 0.000271381 320.648 1108.2 62.6279 62.8317 -168.161 -148.062 72177600.0
758 0.00575 0.000271519 320.488 1108.19 62.6594 62.8457 -157.957 -141.444 72210700.0
759 0.00585 0.000271666 320.32 1108.2 62.6935 62.8604 -147.882 -131.941 72241500.0
760 0.00595 0.00027179 320.177 1108.19 62.7215 62.8728 -138.287 -124.676 72268600.0
761 0.00605 0.000271917 320.03 1108.1 62.7458 62.8853 -126.639 -114.363 72294200.0
762 0.00615 0.000271996 319.938 1108.09 62.7636 62.8929 -121.123 -112.186 72316400.0
763 0.00625 0.000272082 319.841 1108.08 62.7826 62.9024 -114.0 -108.057 72340000.0
764 0.00635 0.000272188 319.722 1108.0 62.8029 62.912 -104.928 -99.7657 72360600.0
765 0.00645 0.000272291 319.597 1107.93 62.8227 62.9224 -95.3788 -90.5772 72381200.0
766 0.00655 0.000272371 319.51 1107.93 62.8409 62.93 -89.5756 -84.922 72400100.0
767 0.00665 0.000272441 319.429 1107.89 62.8549 62.9375 -83.8697 -79.7012 72417900.0
768 0.00675 0.000272483 319.382 1107.92 62.866 62.9408 -81.3922 -78.9748 72431000.0
769 0.00685 0.00027255 319.306 1107.88 62.8793 62.9475 -75.6608 -73.8928 72446600.0
770 0.00695 0.000272619 319.227 1107.83 62.8925 62.9544 -69.7329 -66.1095 72461600.0
771 0.00705 0.000272675 319.163 1107.78 62.9026 62.9606 -64.3626 -61.434 72472400.0
772 0.00715 0.000272711 319.121 1107.72 62.9077 62.9643 -60.1544 -59.8855 72482400.0
773 0.00725 0.000272745 319.084 1107.77 62.9181 62.9678 -58.6158 -57.8924 72494700.0
774 0.00735 0.00027276 319.067 1107.85 62.9263 62.9684 -59.547 -60.2545 72504700.0
775 0.00745 0.000272818 318.998 1107.77 62.9353 62.9745 -53.6783 -52.8339 72516400.0
776 0.00755 0.000272861 318.948 1107.75 62.9439 62.9782 -49.6564 -47.1065 72525700.0
777 0.00765 0.000272902 318.9 1107.72 62.9516 62.9828 -46.2443 -43.2924 72535200.0
778 0.00775 0.000272939 318.859 1107.7 62.9588 62.9858 -42.3751 -39.5136 72542900.0
779 0.00785 0.000272955 318.84 1107.67 62.9612 62.9879 -41.1976 -41.1965 72550800.0
780 0.00795 0.000272992 318.795 1107.61 62.9661 62.992 -36.3906 -36.8921 72557500.0
781 0.00805 0.000273011 318.774 1107.63 62.9717 62.994 -35.5908 -35.6565 72563900.0
782 0.00815 0.000273043 318.737 1107.62 62.9785 62.9966 -32.705 -31.6654 72569200.0
783 0.00825 0.000273052 318.731 1107.55 62.9766 62.9976 -30.9473 -33.1914 72573400.0
784 0.00835 0.000273069 318.71 1107.53 62.9793 62.9994 -28.7429 -31.4934 72579300.0
785 0.00845 0.000273067 318.711 1107.57 62.9813 62.9989 -30.2814 -33.1877 72583100.0
786 0.00855 0.000273092 318.683 1107.51 62.9834 63.0008 -26.8723 -30.8651 72585900.0
787 0.00865 0.000273105 318.668 1107.51 62.9862 63.0025 -25.9123 -31.0824 72592300.0
788 0.00875 0.000273133 318.638 1107.52 62.9936 63.0057 -23.915 -27.818 72597700.0
789 0.00885 0.000273151 318.616 1107.52 62.9976 63.0071 -22.5194 -25.0726 72602200.0
790 0.00895 0.00027318 318.582 1107.47 63.0013 63.0098 -19.7829 -21.9862 72606000.0
791 0.00905 0.000273211 318.549 1107.44 63.0068 63.0131 -16.3012 -16.2919 72609300.0
792 0.00915 0.000273204 318.554 1107.47 63.007 63.0119 -17.2513 -17.9338 72610900.0
793 0.00925 0.000273212 318.544 1107.45 63.0075 63.0134 -16.1103 -16.6914 72614800.0
794 0.00935 0.000273222 318.533 1107.43 63.0086 63.0141 -14.6434 -15.2156 72617800.0
795 0.00945 0.000273239 318.517 1107.43 63.0129 63.0161 -14.0685 -13.5568 72620400.0
796 0.00955 0.000273239 318.51 1107.33 63.0073 63.0152 -10.7624 -14.5261 72621400.0
797 0.00965 0.00027325 318.501 1107.34 63.0105 63.0168 -10.315 -14.2053 72626100.0
798 0.00975 0.000273245 318.506 1107.42 63.0137 63.016 -13.3422 -15.8368 72629100.0
799 0.00985 0.00027325 318.503 1107.37 63.0122 63.0164 -11.7517 -15.1532 72629400.0
800 0.00995 0.000273266 318.484 1107.31 63.0123 63.0191 -8.63341 -12.4955 72631700.0
801 0.01005 0.000273256 318.493 1107.38 63.014 63.0178 -10.9294 -13.5367 72634800.0
802 0.01015 0.000273262 318.487 1107.33 63.0124 63.0182 -9.07898 -11.7704 72635500.0
803 0.01025 0.000273252 318.498 1107.35 63.0111 63.0166 -10.159 -13.0672 72637000.0
804 0.01035 0.000273287 318.461 1107.36 63.0197 63.0202 -8.31418 -8.23911 72640700.0
805 0.01045 0.000273305 318.438 1107.35 63.0234 63.0219 -6.72861 -5.74561 72643600.0
806 0.01055 0.000273309 318.434 1107.38 63.026 63.023 -7.06107 -5.99689 72647400.0
807 0.01065 0.000273303 318.44 1107.38 63.0246 63.0225 -7.55774 -6.43357 72647600.0
808 0.01075 0.000273315 318.424 1107.37 63.027 63.0227 -6.6144 -4.9169 72648500.0
809 0.01085 0.000273332 318.408 1107.38 63.0313 63.0246 -5.39655 -2.53837 72652500.0
810 0.01095 0.00027332 318.421 1107.33 63.0255 63.0234 -5.03333 -5.43731 72650800.0
811 0.01105 0.000273303 318.441 1107.31 63.0208 63.0213 -5.82561 -6.85467 72648300.0
812 0.01115 0.000273325 318.415 1107.29 63.0244 63.0233 -3.29258 -3.2398 72649800.0
813 0.01125 0.00027334 318.396 1107.31 63.0295 63.0246 -2.23706 -1.01692 72650500.0
814 0.01135 0.000273328 318.412 1107.32 63.0271 63.0249 -4.44578 -5.31673 72652000.0
815 0.01145 0.000273323 318.416 1107.37 63.0286 63.0238 -5.2831 -5.78346 72653100.0
816 0.01155 0.00027335 318.386 1107.27 63.0291 63.0264 -1.11841 -0.937969 72653900.0
817 0.01165 0.000273336 318.4 1107.27 63.0262 63.025 -2.23846 -2.92618 72654900.0
818 0.01175 0.000273321 318.419 1107.26 63.022 63.0239 -2.8613 -5.59642 72655100.0
819 0.01185 0.000273337 318.4 1107.25 63.0251 63.0255 -0.933236 -2.96788 72656800.0
820 0.01195 0.000273322 318.417 1107.27 63.0227 63.0242 -3.1839 -6.59635 72657000.0
821 0.01205 0.000273338 318.4 1107.24 63.0248 63.0248 -1.00601 -4.3886 72656700.0
822 0.01215 0.000273327 318.412 1107.27 63.0241 63.0249 -2.52706 -7.2353 72657400.0
823 0.01225 0.000273325 318.416 1107.28 63.0242 63.024 -2.71815 -6.86705 72658000.0
824 0.01235 0.000273332 318.407 1107.29 63.026 63.0248 -2.72365 -5.46742 72660500.0
825 0.01245 0.000273337 318.401 1107.29 63.0277 63.025 -2.65931 -5.91784 72661300.0
826 0.01255 0.000273354 318.383 1107.27 63.03 63.0266 -0.912329 -4.36276 72661500.0
827 0.01265 0.000273355 318.382 1107.32 63.033 63.0272 -1.95411 -4.16291 72664000.0
828 0.01275 0.000273364 318.372 1107.33 63.036 63.0283 -2.00112 -1.94807 72665000.0
829 0.01285 0.000273369 318.365 1107.32 63.0364 63.0283 -1.29636 -1.65611 72663500.0
830 0.01295 0.000273381 318.351 1107.3 63.038 63.0298 0.627363 0.703186 72663800.0
831 0.01305 0.00027336 318.376 1107.29 63.033 63.0278 -1.4263 -3.41305 72662900.0
832 0.01315 0.000273357 318.38 1107.28 63.0312 63.0271 -0.54977 -3.88301 72662300.0
833 0.01325 0.000273357 318.378 1107.26 63.0306 63.0263 -0.93126 -4.29498 72660600.0
834 0.01335 0.000273365 318.371 1107.25 63.0315 63.028 0.0644493 -2.72648 72662900.0
835 0.01345 0.000273372 318.364 1107.26 63.0336 63.0291 1.06306 -0.539691 72664900.0
836 0.01355 0.000273349 318.388 1107.26 63.0283 63.0269 -0.840105 -4.76146 72663800.0
837 0.01365 0.000273357 318.384 1107.25 63.0296 63.0276 0.420145 -2.54632 72664400.0
838 0.01375 0.000273367 318.37 1107.28 63.0341 63.0297 -0.286814 -0.658754 72667800.0
839 0.01385 0.000273375 318.36 1107.3 63.0367 63.0298 0.356799 2.16437 72668400.0
840 0.01395 0.000273372 318.362 1107.29 63.0353 63.0297 0.259927 0.532807 72666800.0
841 0.01405 0.000273371 318.366 1107.31 63.0364 63.0293 -0.745919 -0.76015 72667400.0
842 0.01415 0.000273372 318.363 1107.26 63.0339 63.0292 0.956097 -0.396252 72665500.0
843 0.01425 0.000273381 318.354 1107.3 63.0381 63.0312 0.473043 0.996227 72668300.0
844 0.01435 0.000273376 318.358 1107.24 63.0335 63.0298 2.09093 0.255411 72665100.0
845 0.01445 0.000273387 318.345 1107.26 63.0374 63.0303 2.35426 1.03942 72666600.0
846 0.01455 0.000273375 318.361 1107.27 63.0353 63.0297 1.13901 -0.701967 72667700.0
847 0.01465 0.000273373 318.363 1107.23 63.0325 63.0289 1.78162 -0.213231 72665300.0
848 0.01475 0.00027338 318.355 1107.25 63.0349 63.031 2.24585 1.90446 72667300.0
849 0.01485 0.000273363 318.377 1107.25 63.0311 63.0283 1.00813 -1.29448 72664600.0
850 0.01495 0.000273381 318.355 1107.24 63.0347 63.03 2.21385 1.81863 72666100.0
851 0.01505 0.000273371 318.365 1107.22 63.0313 63.0288 2.24904 0.303318 72663900.0
852 0.01515 0.000273367 318.369 1107.31 63.0356 63.0287 -0.658098 -2.53296 72666500.0
853 0.01525 0.000273377 318.359 1107.28 63.0363 63.0298 1.09621 -0.987157 72666900.0
854 0.01535 0.000273392 318.34 1107.27 63.0391 63.031 2.84627 2.0842 72667400.0
855 0.01545 0.000273376 318.358 1107.34 63.0394 63.0306 -0.32282 -1.22234 72669700.0
856 0.01555 0.000273394 318.336 1107.31 63.0416 63.0316 1.93213 2.69313 72668400.0
857 0.01565 0.000273388 318.344 1107.32 63.0409 63.0312 1.43575 2.67102 72670800.0
858 0.01575 0.000273367 318.37 1107.3 63.0348 63.0287 -0.13373 -1.06247 72666700.0
859 0.01585 0.00027336 318.376 1107.28 63.0321 63.0269 0.455617 -2.11862 72664500.0
860 0.01595 0.000273357 318.379 1107.33 63.0341 63.0276 -1.07965 -3.61765 72667200.0
861 0.01605 0.000273359 318.376 1107.32 63.034 63.0287 -0.334865 -3.1939 72668600.0
862 0.01615 0.00027337 318.363 1107.27 63.0337 63.0293 1.86114 -0.408131 72666800.0
863 0.01625 0.000273373 318.358 1107.26 63.0339 63.0297 2.32287 0.404196 72666800.0
864 0.01635 0.000273387 318.344 1107.3 63.0394 63.0309 2.41349 2.54617 72668000.0
865 0.01645 0.000273377 318.354 1107.28 63.0359 63.0304 2.44681 1.42987 72668100.0
866 0.01655 0.000273377 318.356 1107.31 63.038 63.0302 0.992544 0.947152 72668600.0
867 0.01665 0.000273354 318.382 1107.33 63.0337 63.0278 -0.69902 -2.84079 72667400.0
868 0.01675 0.00027335 318.389 1107.28 63.0297 63.0274 0.0613076 -2.75986 72665900.0
869 0.01685 0.000273357 318.377 1107.28 63.0313 63.0277 1.09488 0.939405 72665400.0
870 0.01695 0.000273352 318.384 1107.28 63.0307 63.0284 0.448117 0.0719349 72666600.0
871 0.01705 0.000273342 318.396 1107.37 63.0331 63.026 -3.20523 -2.23933 72666600.0
872 0.01715 0.00027336 318.376 1107.28 63.0319 63.0282 1.17404 2.82505 72667400.0
873 0.01725 0.000273355 318.382 1107.26 63.0299 63.0284 0.949133 2.2367 72666600.0
874 0.01735 0.000273336 318.405 1107.35 63.0305 63.0257 -2.6915 -2.68465 72664600.0
875 0.01745 0.000273359 318.378 1107.3 63.033 63.0292 0.319284 0.260486 72667100.0
876 0.01755 0.00027333 318.409 1107.27 63.0248 63.0246 -1.39309 -5.27242 72662300.0
877 0.01765 0.00027333 318.41 1107.33 63.0281 63.0257 -2.04998 -4.45368 72663900.0
878 0.01775 0.000273334 318.405 1107.34 63.0297 63.0257 -2.58741 -3.13511 72663900.0
879 0.01785 0.000273313 318.433 1107.33 63.0243 63.0241 -3.98607 -6.991 72663600.0
880 0.01795 0.000273327 318.413 1107.34 63.0281 63.0248 -2.53987 -4.43124 72663800.0
881 0.01805 0.000273349 318.39 1107.34 63.0331 63.0277 -0.917191 -0.0653179 72666100.0
882 0.01815 0.000273337 318.401 1107.35 63.031 63.0263 -2.32883 -2.89453 72665500.0
883 0.01825 0.000273347 318.391 1107.35 63.0333 63.0282 -1.64463 -1.47892 72668100.0
884 0.01835 0.000273362 318.371 1107.32 63.0347 63.0294 0.49042 1.57113 72667900.0
885 0.01845 0.000273361 318.376 1107.32 63.0345 63.0292 0.581567 0.972491 72668700.0
886 0.01855 0.000273339 318.399 1107.36 63.032 63.0271 -2.59838 -4.16075 72668400.0
887 0.01865 0.00027335 318.386 1107.33 63.0327 63.0285 -0.501544 -1.14151 72669600.0
888 0.01875 0.000273358 318.379 1107.33 63.0346 63.0286 0.142436 0.621335 72669600.0
889 0.01885 0.000273351 318.386 1107.33 63.0329 63.0282 -0.381143 -1.18822 72670200.0
890 0.01895 0.000273347 318.393 1107.34 63.0325 63.0271 -0.553394 -1.5715 72668200.0
891 0.01905 0.000273342 318.397 1107.36 63.0326 63.027 -2.08931 -2.44966 72669700.0
892 0.01915 0.000273344 318.395 1107.29 63.0288 63.0273 0.238617 -0.785499 72667900.0
893 0.01925 0.000273317 318.426 1107.31 63.0241 63.0242 -2.24943 -5.09274 72665100.0
894 0.01935 0.00027333 318.413 1107.29 63.0258 63.0259 -0.266804 -2.71964 72665400.0
895 0.01945 0.000273351 318.388 1107.33 63.0329 63.0279 -0.497231 -0.075366 72667700.0
896 0.01955 0.000273363 318.375 1107.31 63.0345 63.0294 1.14267 1.67471 72667000.0
897 0.01965 0.000273356 318.381 1107.3 63.0322 63.0284 0.818175 0.427314 72665900.0
898 0.01975 0.000273348 318.393 1107.3 63.0306 63.0272 0.261302 -0.370483 72665200.0
899 0.01985 0.000273359 318.378 1107.31 63.0335 63.0289 1.05082 1.11362 72666200.0
900 0.01995 0.000273354 318.385 1107.3 63.0321 63.0285 0.651334 0.641925 72666800.0
901 0.02005 0.00027334 318.401 1107.39 63.0338 63.0272 -2.51297 -1.8589 72668100.0
902 0.02015 0.000273335 318.403 1107.33 63.0295 63.0267 -1.39604 -1.95746 72667600.0
903 0.02025 0.000273348 318.392 1107.29 63.0298 63.0275 0.3158 0.698199 72667000.0
904 0.02035 0.000273357 318.378 1107.33 63.0342 63.0288 0.705038 2.8313 72669100.0
905 0.02045 0.000273347 318.392 1107.32 63.0316 63.0274 0.323765 1.13922 72666200.0
906 0.02055 0.000273357 318.379 1107.29 63.0323 63.0292 1.39983 2.2151 72669200.0
907 0.02065 0.000273364 318.369 1107.28 63.0333 63.0286 2.3433 3.85896 72667700.0
908 0.02075 0.000273346 318.39 1107.37 63.0343 63.0282 -1.42224 -0.618693 72670900.0
909 0.02085 0.000273328 318.41 1107.39 63.0312 63.0261 -2.72781 -3.91726 72668000.0
910 0.02095 0.000273328 318.41 1107.43 63.0332 63.0273 -4.22169 -4.40194 72670400.0
911 0.02105 0.000273342 318.392 1107.36 63.0326 63.0267 -1.00334 0.287286 72667500.0
912 0.02115 0.000273328 318.408 1107.41 63.0321 63.0261 -3.24224 -3.18787 72668400.0
913 0.02125 0.00027333 318.404 1107.4 63.032 63.0267 -2.2674 -3.15693 72670500.0
914 0.02135 0.000273339 318.398 1107.36 63.032 63.0273 -1.37656 -1.52187 72668900.0
915 0.02145 0.000273342 318.391 1107.35 63.0323 63.0277 -0.650427 -0.802847 72669500.0
916 0.02155 0.000273355 318.376 1107.37 63.0359 63.0292 0.307325 1.67922 72669400.0
917 0.02165 0.000273354 318.38 1107.31 63.0325 63.0297 1.33585 1.33017 72668600.0
918 0.02175 0.00027335 318.383 1107.32 63.0321 63.0283 1.13655 1.07689 72667400.0
919 0.02185 0.000273352 318.381 1107.38 63.0361 63.0298 -0.352489 -0.20388 72671100.0
920 0.02195 0.000273333 318.401 1107.32 63.0285 63.0275 -0.181485 -2.49689 72668500.0
921 0.02205 0.000273356 318.378 1107.33 63.0338 63.0297 1.28611 0.0056707 72670500.0
922 0.02215 0.00027335 318.385 1107.38 63.0352 63.0285 -0.671506 -1.01699 72670400.0
923 0.02225 0.00027335 318.384 1107.4 63.0365 63.0293 -0.779305 0.96213 72671600.0
924 0.02235 0.000273357 318.379 1107.29 63.0321 63.0297 2.0294 2.73776 72668400.0
925 0.02245 0.000273339 318.395 1107.35 63.0313 63.0282 -0.517668 0.136333 72668400.0
926 0.02255 0.000273354 318.378 1107.33 63.0334 63.0295 0.754975 3.42852 72669100.0
927 0.02265 0.000273363 318.368 1107.3 63.0337 63.0306 2.81512 5.41205 72669100.0
928 0.02275 0.000273354 318.382 1107.31 63.0323 63.0296 1.57035 3.41564 72668300.0
929 0.02285 0.000273335 318.401 1107.33 63.0291 63.0266 -0.0371587 0.647055 72666900.0
930 0.02295 0.000273357 318.377 1107.31 63.0329 63.0295 1.65958 2.97008 72668800.0
931 0.02305 0.000273353 318.38 1107.31 63.032 63.0287 1.74902 3.28579 72669100.0
932 0.02315 0.000273341 318.396 1107.32 63.0302 63.0287 0.226926 0.679386 72669500.0
933 0.02325 0.000273331 318.409 1107.37 63.0306 63.0265 -2.46131 -1.31018 72669600.0
934 0.02335 0.000273344 318.392 1107.34 63.0316 63.0284 0.178286 1.36017 72669500.0
935 0.02345 0.000273352 318.386 1107.3 63.0314 63.0294 1.47606 2.07412 72670200.0
936 0.02355 0.000273346 318.392 1107.29 63.0294 63.0287 1.37135 1.38146 72668500.0
937 0.02365 0.000273349 318.387 1107.26 63.0288 63.0299 2.3046 1.86502 72670100.0
938 0.02375 0.000273338 318.399 1107.28 63.0269 63.0284 1.15113 1.07519 72668700.0
939 0.02385 0.000273346 318.393 1107.26 63.0279 63.0291 1.64227 2.12054 72670300.0
940 0.02395 0.000273342 318.398 1107.34 63.0315 63.0283 -0.676347 0.246073 72670500.0
941 0.02405 0.00027334 318.399 1107.39 63.034 63.028 -2.00075 -1.04266 72672200.0
942 0.02415 0.000273356 318.381 1107.37 63.0362 63.0311 0.306608 1.70702 72675300.0
943 0.02425 0.000273331 318.408 1107.39 63.0316 63.0275 -2.22827 -2.54408 72673500.0
944 0.02435 0.000273357 318.377 1107.37 63.0363 63.0306 0.293668 1.8415 72675000.0
945 0.02445 0.00027335 318.387 1107.34 63.0333 63.0293 -0.0315667 0.447836 72672800.0
946 0.02455 0.000273367 318.368 1107.29 63.0345 63.0306 2.90607 3.6781 72672200.0
947 0.02465 0.000273387 318.346 1107.3 63.0395 63.033 4.18313 8.42246 72674200.0
948 0.02475 0.000273373 318.361 1107.31 63.0369 63.0313 2.61263 5.43865 72674400.0
949 0.02485 0.000273358 318.376 1107.34 63.0352 63.0302 0.720528 3.08672 72674000.0
950 0.02495 0.000273355 318.386 1107.33 63.034 63.0291 1.23497 2.76958 72672600.0
951 0.02505 0.000273342 318.4 1107.34 63.0314 63.0282 -0.126092 -0.496737 72673300.0
952 0.02515 0.000273349 318.39 1107.38 63.0351 63.0285 -1.07468 0.242878 72673800.0
953 0.02525 0.00027335 318.39 1107.34 63.0331 63.0286 0.172729 0.414718 72672000.0
954 0.02535 0.000273341 318.398 1107.34 63.0315 63.0277 -0.588783 -0.856254 72670800.0
955 0.02545 0.00027333 318.411 1107.32 63.0275 63.0262 -0.846208 -2.28396 72668600.0
956 0.02555 0.000273334 318.411 1107.3 63.0276 63.0272 0.228801 -1.69226 72670600.0
957 0.02565 0.000273348 318.391 1107.28 63.0291 63.0285 1.95701 1.30739 72670900.0
958 0.02575 0.000273349 318.391 1107.34 63.0328 63.0284 0.00706136 0.511848 72670700.0
959 0.02585 0.000273335 318.407 1107.39 63.033 63.0277 -2.26338 -1.83346 72672000.0
960 0.02595 0.00027336 318.378 1107.3 63.0336 63.0296 2.09712 4.37443 72669900.0
961 0.02605 0.000273357 318.384 1107.34 63.0347 63.0288 0.845187 4.25402 72669200.0
962 0.02615 0.000273347 318.394 1107.32 63.0312 63.0285 0.438384 2.19529 72668900.0
963 0.02625 0.000273344 318.399 1107.29 63.0293 63.0276 0.635681 2.41591 72668800.0
964 0.02635 0.000273334 318.41 1107.32 63.0283 63.0266 -0.529303 1.19373 72667700.0
965 0.02645 0.000273319 318.428 1107.3 63.0241 63.0249 -1.86697 -2.20664 72664900.0
966 0.02655 0.000273336 318.411 1107.36 63.0313 63.0267 -1.27852 0.343227 72665700.0
967 0.02665 0.000273323 318.422 1107.36 63.0281 63.0258 -2.44592 -3.49931 72665900.0
968 0.02675 0.000273335 318.411 1107.36 63.031 63.0271 -1.64978 -0.684023 72666600.0
969 0.02685 0.00027336 318.379 1107.33 63.0349 63.0297 0.744807 4.17401 72666500.0
970 0.02695 0.000273352 318.39 1107.34 63.0339 63.029 0.159183 2.60977 72666200.0
971 0.02705 0.00027336 318.379 1107.32 63.0346 63.0292 1.5813 4.00296 72666300.0
972 0.02715 0.000273373 318.365 1107.31 63.0367 63.0314 2.76295 5.63397 72669100.0
973 0.02725 0.000273335 318.409 1107.3 63.0276 63.027 0.446675 -0.0306407 72665600.0
974 0.02735 0.000273349 318.391 1107.34 63.0334 63.0283 -0.032973 3.23359 72668800.0
975 0.02745 0.00027334 318.402 1107.35 63.0312 63.0266 -0.902325 1.02233 72666500.0
976 0.02755 0.00027334 318.402 1107.38 63.0334 63.0279 -1.83469 1.26199 72668700.0
977 0.02765 0.000273325 318.419 1107.37 63.0295 63.0256 -2.5224 -1.82638 72664400.0
978 0.02775 0.000273327 318.418 1107.36 63.0289 63.0251 -1.9777 -2.17145 72664200.0
979 0.02785 0.000273345 318.396 1107.35 63.0328 63.0279 -0.446377 0.366789 72667100.0
980 0.02795 0.000273344 318.398 1107.32 63.0306 63.0272 -0.193981 -1.06331 72666100.0
981 0.02805 0.000273328 318.418 1107.37 63.0298 63.0261 -1.78261 -2.42917 72668500.0
982 0.02815 0.000273357 318.385 1107.3 63.0326 63.0283 1.28361 3.02132 72667400.0
983 0.02825 0.000273323 318.421 1107.36 63.0284 63.0254 -2.62924 -2.55459 72667400.0
984 0.02835 0.000273333 318.412 1107.31 63.0278 63.0265 -0.623978 -1.70534 72666800.0
985 0.02845 0.000273327 318.418 1107.31 63.0263 63.0254 -0.990619 -2.27993 72664400.0
986 0.02855 0.000273326 318.419 1107.29 63.0248 63.0258 -0.934037 -3.24764 72664000.0
987 0.02865 0.000273326 318.418 1107.31 63.0259 63.0254 -0.894878 -1.64369 72664800.0
988 0.02875 0.000273327 318.418 1107.31 63.0266 63.0257 -1.18052 -2.59558 72666200.0
989 0.02885 0.000273325 318.42 1107.29 63.0247 63.0251 -0.619725 -2.5898 72663300.0
990 0.02895 0.000273325 318.422 1107.32 63.0262 63.0247 -1.27228 -2.6762 72664100.0
991 0.02905 0.000273331 318.414 1107.33 63.0281 63.025 -1.4533 -0.812459 72664300.0
992 0.02915 0.000273322 318.425 1107.35 63.0272 63.0253 -2.504 -3.05507 72666200.0
993 0.02925 0.000273331 318.413 1107.33 63.0283 63.0257 -0.888833 -1.45354 72665000.0
994 0.02935 0.000273338 318.407 1107.32 63.0293 63.0266 -0.370756 -0.0432914 72666100.0
995 0.02945 0.000273361 318.377 1107.35 63.036 63.0293 0.549231 3.19029 72668900.0
996 0.02955 0.000273352 318.388 1107.34 63.0339 63.0283 -0.171922 1.89128 72668700.0
997 0.02965 0.000273332 318.411 1107.36 63.0302 63.0258 -1.65663 -0.278831 72666200.0
998 0.02975 0.000273328 318.418 1107.38 63.0302 63.0257 -2.05544 -0.769896 72667500.0
999 0.02985 0.000273333 318.409 1107.34 63.0292 63.0266 -1.09248 -0.934575 72667400.0
1000 0.02995 0.000273325 318.42 1107.33 63.0268 63.0259 -1.08558 -1.06595 72665600.0
