TITLE = "DSMC"
VARIABLES = "ID" "X" "rho" "v1" "Ttrans" "p" "p1" "q1" "mv1v1v1" "mvvv1v1"
ZONE T="Ma=3.2_inv", I=1000, J=1, K=1, F=POINT
1000 -0.02995 0.000273298 -318.392 1107.6 63.0358 63.0338 -0.381482 -0.498927 72693300.0
999 -0.02985 0.000273319 -318.367 1107.57 63.0394 63.0365 -2.1244 -3.36204 72694200.0
998 -0.02975 0.000273314 -318.374 1107.56 63.0375 63.0357 -1.96023 -2.07704 72693500.0
997 -0.02965 0.000273313 -318.373 1107.63 63.041 63.0357 -0.418115 -1.06097 72694400.0
996 -0.02955 0.000273324 -318.363 1107.6 63.0419 63.0368 -1.85693 -2.56275 72695400.0
995 -0.02945 0.000273312 -318.375 1107.54 63.0358 63.0344 -2.7636 -2.42799 72692600.0
994 -0.02935 0.000273311 -318.377 1107.55 63.0362 63.0355 -2.73241 -1.36958 72694200.0
993 -0.02925 0.000273304 -318.382 1107.56 63.0353 63.0351 -1.2295 0.984861 72693300.0
992 -0.02915 0.000273303 -318.382 1107.6 63.0371 63.0339 -0.88482 1.55756 72692700.0
991 -0.02905 0.000273303 -318.383 1107.58 63.0363 63.0348 -0.604391 2.08163 72695400.0
990 -0.02895 0.00027331 -318.374 1107.63 63.0403 63.0355 -0.7705 -0.68635 72695300.0
989 -0.02885 0.000273315 -318.37 1107.64 63.0422 63.0356 0.155051 -0.391869 72694500.0
988 -0.02875 0.00027334 -318.342 1107.58 63.0446 63.0387 -3.96629 -4.73253 72696400.0
987 -0.02865 0.000273321 -318.364 1107.59 63.0408 63.0359 -2.28276 -1.495 72694100.0
986 -0.02855 0.000273308 -318.378 1107.59 63.038 63.0351 -0.854108 1.81649 72694400.0
985 -0.02845 0.000273314 -318.371 1107.59 63.0393 63.0352 -1.60071 0.0823012 72693600.0
984 -0.02835 0.000273322 -318.362 1107.61 63.0419 63.0369 -2.25527 -2.51614 72695900.0
983 -0.02825 0.000273332 -318.349 1107.55 63.0409 63.0378 -4.0722 -4.4006 72695400.0
982 -0.02815 0.000273325 -318.359 1107.55 63.0393 63.037 -3.45272 -2.77486 72695400.0
981 -0.02805 0.000273327 -318.354 1107.6 63.0426 63.0366 -2.59602 -3.74406 72695000.0
980 -0.02795 0.000273302 -318.385 1107.61 63.0377 63.0349 -0.0519012 0.327736 72694500.0
979 -0.02785 0.000273305 -318.382 1107.59 63.0372 63.034 -1.00562 0.123433 72693100.0
978 -0.02775 0.000273336 -318.347 1107.59 63.0445 63.0381 -3.12983 -5.24153 72695400.0
977 -0.02765 0.000273339 -318.341 1107.62 63.0465 63.0388 -3.05626 -5.98531 72696300.0
976 -0.02755 0.000273315 -318.37 1107.61 63.0404 63.0362 -1.5941 -1.83767 72694400.0
975 -0.02745 0.000273319 -318.366 1107.63 63.0429 63.0356 -1.01906 -2.67216 72694800.0
974 -0.02735 0.000273328 -318.354 1107.57 63.0411 63.0366 -3.29408 -4.77935 72693900.0
973 -0.02725 0.00027333 -318.35 1107.59 63.0428 63.0371 -3.21675 -4.87816 72694100.0
972 -0.02715 0.000273328 -318.356 1107.61 63.0435 63.0369 -2.60721 -4.45887 72694400.0
971 -0.02705 0.000273328 -318.352 1107.58 63.0419 63.0372 -3.08839 -4.1418 72694900.0
970 -0.02695 0.000273323 -318.359 1107.62 63.043 63.0361 -1.2923 -3.48063 72695100.0
969 -0.02685 0.000273326 -318.354 1107.62 63.0438 63.0364 -1.86926 -3.03929 72694200.0
968 -0.02675 0.000273337 -318.345 1107.66 63.0486 63.0382 -1.55554 -4.08129 72697300.0
967 -0.02665 0.000273338 -318.341 1107.64 63.0472 63.0368 -2.03105 -4.17402 72694800.0
966 -0.02655 0.000273339 -318.34 1107.61 63.0462 63.0375 -2.91362 -5.48868 72695700.0
965 -0.02645 0.000273309 -318.376 1107.65 63.0414 63.0343 0.694398 -0.17669 72693700.0
964 -0.02635 0.000273311 -318.375 1107.65 63.0417 63.0344 0.316498 -1.10582 72693600.0
963 -0.02625 0.000273319 -318.362 1107.62 63.042 63.0353 -1.0874 -2.3868 72694400.0
962 -0.02615 0.000273326 -318.358 1107.57 63.0407 63.0362 -2.75776 -4.47861 72693800.0
961 -0.02605 0.000273323 -318.361 1107.59 63.0412 63.0362 -1.85041 -3.23217 72693700.0
960 -0.02595 0.000273327 -318.358 1107.59 63.0419 63.0363 -2.87734 -4.81435 72692900.0
959 -0.02585 0.000273336 -318.348 1107.58 63.0435 63.0378 -3.13489 -5.53218 72693900.0
958 -0.02575 0.000273324 -318.364 1107.58 63.0408 63.0357 -2.2234 -3.29404 72692600.0
957 -0.02565 0.00027334 -318.344 1107.51 63.0409 63.0378 -4.71821 -5.75699 72692800.0
956 -0.02555 0.000273317 -318.371 1107.55 63.0376 63.0354 -2.14884 0.0998955 72692900.0
955 -0.02545 0.000273322 -318.365 1107.6 63.0414 63.0368 -1.54556 -1.00528 72694100.0
954 -0.02535 0.000273317 -318.37 1107.62 63.0415 63.0351 -0.505652 0.123782 72691900.0
953 -0.02525 0.000273312 -318.375 1107.64 63.0416 63.0343 0.17733 0.783699 72690000.0
952 -0.02515 0.000273327 -318.359 1107.61 63.0432 63.0374 -1.65333 -1.4024 72694000.0
951 -0.02505 0.00027331 -318.377 1107.59 63.0382 63.0347 -1.249 0.455514 72691900.0
950 -0.02495 0.000273285 -318.405 1107.66 63.0362 63.0323 2.7636 4.80367 72693300.0
949 -0.02485 0.000273297 -318.392 1107.63 63.0376 63.0332 1.31256 2.77302 72692700.0
948 -0.02475 0.000273294 -318.395 1107.64 63.0372 63.0322 1.64655 3.4395 72690900.0
947 -0.02465 0.000273298 -318.395 1107.68 63.0407 63.0335 1.99534 1.95302 72692500.0
946 -0.02455 0.000273319 -318.369 1107.6 63.0409 63.0352 -0.953364 -1.25708 72692700.0
945 -0.02445 0.000273317 -318.373 1107.64 63.0426 63.0345 -0.364787 -2.22919 72694300.0
944 -0.02435 0.000273292 -318.401 1107.63 63.0361 63.0321 1.52954 2.71009 72693200.0
943 -0.02425 0.000273284 -318.412 1107.64 63.0351 63.031 2.45168 3.79897 72692900.0
942 -0.02415 0.000273287 -318.407 1107.63 63.0351 63.0323 1.52085 2.8598 72694200.0
941 -0.02405 0.000273289 -318.405 1107.65 63.037 63.0324 1.94419 2.1293 72693300.0
940 -0.02395 0.000273298 -318.392 1107.66 63.0396 63.0333 1.66975 0.516094 72692900.0
939 -0.02385 0.0002733 -318.391 1107.74 63.0446 63.0333 4.06853 0.733113 72694800.0
938 -0.02375 0.000273314 -318.375 1107.67 63.0434 63.0345 0.916345 -1.32202 72694400.0
937 -0.02365 0.000273293 -318.401 1107.67 63.0392 63.0324 2.53701 2.27559 72694900.0
936 -0.02355 0.000273283 -318.409 1107.68 63.0373 63.0318 3.40171 5.27896 72694300.0
935 -0.02345 0.000273288 -318.406 1107.6 63.0339 63.0322 0.946982 3.66536 72692700.0
934 -0.02335 0.000273291 -318.402 1107.63 63.0363 63.0327 1.58136 2.5216 72694400.0
933 -0.02325 0.000273298 -318.395 1107.62 63.0374 63.0338 0.425506 1.66814 72694400.0
932 -0.02315 0.000273291 -318.403 1107.63 63.0363 63.0322 1.83774 2.88567 72691900.0
931 -0.02305 0.000273287 -318.407 1107.64 63.036 63.0325 1.87751 2.32742 72692700.0
930 -0.02295 0.000273294 -318.398 1107.62 63.0363 63.0331 1.54497 0.314156 72692100.0
929 -0.02285 0.000273291 -318.403 1107.56 63.032 63.0324 -0.263497 -0.501531 72691000.0
928 -0.02275 0.000273287 -318.407 1107.59 63.0331 63.0322 1.32906 0.192624 72690200.0
927 -0.02265 0.000273284 -318.41 1107.58 63.0317 63.0315 0.733316 0.654279 72688200.0
926 -0.02255 0.00027329 -318.405 1107.57 63.0322 63.032 0.0706725 0.423687 72689000.0
925 -0.02245 0.000273302 -318.393 1107.54 63.0337 63.0336 -1.87105 -1.99379 72689400.0
924 -0.02235 0.000273269 -318.426 1107.59 63.0289 63.0305 2.58573 5.65002 72688700.0
923 -0.02225 0.000273291 -318.405 1107.6 63.0346 63.0324 1.28124 0.213835 72692500.0
922 -0.02215 0.000273288 -318.407 1107.6 63.0336 63.0314 1.36751 -0.180691 72691500.0
921 -0.02205 0.00027329 -318.403 1107.6 63.0345 63.0324 0.577028 -0.825732 72692400.0
920 -0.02195 0.000273286 -318.412 1107.61 63.0339 63.0326 1.4774 0.789568 72693800.0
919 -0.02185 0.000273299 -318.392 1107.67 63.0404 63.0327 2.46099 -1.08062 72694000.0
918 -0.02175 0.000273296 -318.399 1107.63 63.0372 63.0327 0.865793 -0.921279 72694400.0
917 -0.02165 0.000273301 -318.393 1107.61 63.0375 63.0326 0.431684 -1.45944 72693600.0
916 -0.02155 0.000273288 -318.407 1107.63 63.0357 63.0322 1.60669 -0.406035 72694000.0
915 -0.02145 0.000273287 -318.409 1107.62 63.0345 63.0315 1.39479 0.509995 72693600.0
914 -0.02135 0.000273287 -318.41 1107.63 63.035 63.0321 1.61585 0.691583 72695900.0
913 -0.02125 0.0002733 -318.393 1107.55 63.0336 63.0327 -1.38609 -2.54816 72694200.0
912 -0.02115 0.000273296 -318.399 1107.52 63.031 63.0327 -1.56073 -0.825701 72693800.0
911 -0.02105 0.000273303 -318.391 1107.6 63.0374 63.0341 0.273369 -1.21708 72697300.0
910 -0.02095 0.000273307 -318.384 1107.55 63.0353 63.0342 -1.69934 -1.76319 72694900.0
909 -0.02085 0.000273305 -318.384 1107.58 63.0365 63.0337 -1.4552 -1.88311 72696200.0
908 -0.02075 0.00027331 -318.38 1107.59 63.0383 63.0343 -0.842286 -1.30423 72696300.0
907 -0.02065 0.000273318 -318.371 1107.58 63.0396 63.0356 -2.24175 -2.96781 72696100.0
906 -0.02055 0.000273308 -318.379 1107.64 63.0409 63.0346 0.341863 -1.22373 72694400.0
905 -0.02045 0.000273312 -318.376 1107.6 63.0391 63.0353 -1.42821 -1.98684 72694800.0
904 -0.02035 0.000273297 -318.393 1107.63 63.0376 63.0332 1.09919 0.695442 72694600.0
903 -0.02025 0.000273289 -318.403 1107.62 63.0348 63.0325 0.837093 1.52496 72693500.0
902 -0.02015 0.00027328 -318.411 1107.62 63.0332 63.0323 1.4477 2.85577 72693900.0
901 -0.02005 0.0002733 -318.387 1107.64 63.0388 63.0343 0.392516 -0.764634 72694500.0
900 -0.01995 0.000273289 -318.401 1107.67 63.0378 63.0336 1.46203 1.98109 72693600.0
899 -0.01985 0.000273294 -318.393 1107.65 63.0383 63.0339 1.50736 1.57326 72694400.0
898 -0.01975 0.000273324 -318.357 1107.65 63.045 63.0365 -1.31987 -4.74038 72694900.0
897 -0.01965 0.000273317 -318.367 1107.67 63.0443 63.0358 0.407213 -1.74948 72696000.0
896 -0.01955 0.000273307 -318.38 1107.64 63.0406 63.0353 -0.0720168 -0.161561 72695900.0
895 -0.01945 0.000273296 -318.391 1107.6 63.0358 63.0335 -0.365738 1.45234 72694000.0
894 -0.01935 0.000273269 -318.424 1107.68 63.0341 63.0309 4.15152 6.01951 72693800.0
893 -0.01925 0.000273276 -318.416 1107.65 63.0338 63.0323 2.87805 4.22593 72693700.0
892 -0.01915 0.000273298 -318.389 1107.62 63.0375 63.0343 0.728808 0.0982219 72695000.0
891 -0.01905 0.000273305 -318.384 1107.62 63.0389 63.0353 -0.573112 -1.27413 72695400.0
890 -0.01895 0.000273295 -318.392 1107.62 63.0365 63.0338 0.679035 0.646426 72695800.0
889 -0.01885 0.000273293 -318.398 1107.61 63.0355 63.0333 0.355634 0.962894 72695200.0
888 -0.01875 0.000273312 -318.373 1107.63 63.0411 63.036 -0.988956 -2.8918 72698200.0
887 -0.01865 0.000273302 -318.388 1107.65 63.04 63.0347 0.725542 -1.16249 72697600.0
886 -0.01855 0.000273273 -318.422 1107.7 63.036 63.0316 3.87859 3.79078 72695800.0
885 -0.01845 0.000273274 -318.418 1107.68 63.0351 63.0326 3.66522 4.20679 72695200.0
884 -0.01835 0.000273283 -318.41 1107.64 63.0347 63.0321 1.79173 2.51502 72692900.0
883 -0.01825 0.000273278 -318.414 1107.69 63.0364 63.0324 3.42324 2.48866 72695200.0
882 -0.01815 0.00027327 -318.425 1107.73 63.037 63.0307 5.2878 5.22628 72695700.0
881 -0.01805 0.000273286 -318.407 1107.7 63.0391 63.0324 3.10725 2.13333 72696100.0
880 -0.01795 0.000273311 -318.376 1107.66 63.0425 63.0356 0.42289 -2.23668 72697100.0
879 -0.01785 0.000273296 -318.393 1107.65 63.0387 63.0338 0.817247 0.374155 72693800.0
878 -0.01775 0.000273291 -318.401 1107.65 63.0371 63.0338 1.36705 2.35107 72694000.0
877 -0.01765 0.000273316 -318.373 1107.61 63.0405 63.0362 -1.39882 -2.43281 72695400.0
876 -0.01755 0.000273313 -318.375 1107.63 63.0413 63.0355 -0.927231 -2.32256 72695500.0
875 -0.01745 0.000273307 -318.382 1107.64 63.0401 63.0344 -0.317792 -1.37377 72695200.0
874 -0.01735 0.000273303 -318.386 1107.69 63.0421 63.0348 1.67789 -0.468851 72695100.0
873 -0.01725 0.000273305 -318.385 1107.64 63.0403 63.0351 -0.223599 -1.04983 72692200.0
872 -0.01715 0.000273301 -318.387 1107.72 63.0435 63.0355 2.04635 0.409156 72695300.0
871 -0.01705 0.0002733 -318.388 1107.7 63.0425 63.0343 1.91217 0.99741 72692800.0
870 -0.01695 0.000273291 -318.399 1107.68 63.0387 63.0332 2.14997 2.28957 72692000.0
869 -0.01685 0.000273281 -318.414 1107.65 63.0348 63.0323 1.54986 3.3295 72690300.0
868 -0.01675 0.0002733 -318.39 1107.62 63.0376 63.0339 -0.565105 -0.696962 72689200.0
867 -0.01665 0.000273304 -318.386 1107.58 63.0366 63.0346 -1.32894 -1.28362 72689700.0
866 -0.01655 0.000273304 -318.386 1107.6 63.0374 63.0343 -0.834689 -0.605453 72689100.0
865 -0.01645 0.000273308 -318.382 1107.62 63.0398 63.0345 -1.18865 -2.39168 72689100.0
864 -0.01635 0.000273306 -318.382 1107.57 63.036 63.0354 -2.52332 -2.01629 72690600.0
863 -0.01625 0.000273328 -318.357 1107.55 63.04 63.0368 -4.64383 -6.00768 72690500.0
862 -0.01615 0.000273294 -318.398 1107.62 63.0365 63.0338 -0.0406945 0.131724 72691100.0
861 -0.01605 0.000273295 -318.398 1107.6 63.0356 63.0342 -0.770522 0.605733 72691600.0
860 -0.01595 0.000273282 -318.41 1107.62 63.0338 63.0328 0.614954 3.76161 72689800.0
859 -0.01585 0.000273287 -318.403 1107.66 63.037 63.0343 1.0284 2.26725 72692200.0
858 -0.01575 0.000273289 -318.398 1107.68 63.0383 63.0339 1.60783 1.08805 72691700.0
857 -0.01565 0.000273265 -318.43 1107.64 63.0309 63.0314 1.82055 4.32042 72688500.0
856 -0.01555 0.000273253 -318.441 1107.67 63.0294 63.0295 3.75289 6.95909 72686700.0
855 -0.01545 0.000273256 -318.441 1107.65 63.0293 63.0307 3.06454 4.77361 72688500.0
854 -0.01535 0.000273272 -318.419 1107.68 63.0344 63.0317 2.15643 1.06308 72689300.0
853 -0.01525 0.000273272 -318.42 1107.73 63.0376 63.0323 3.85331 1.46599 72691200.0
852 -0.01515 0.000273269 -318.423 1107.61 63.0298 63.032 0.748219 1.43511 72690000.0
851 -0.01505 0.000273271 -318.422 1107.6 63.0298 63.0317 0.247754 1.42739 72689100.0
850 -0.01495 0.000273295 -318.391 1107.65 63.0385 63.0354 -0.117069 -1.31246 72693500.0
849 -0.01485 0.000273283 -318.406 1107.68 63.0374 63.0319 2.1562 0.918879 72689600.0
848 -0.01475 0.000273266 -318.429 1107.68 63.0329 63.0312 2.51089 3.29471 72688900.0
847 -0.01465 0.00027325 -318.446 1107.67 63.0293 63.0298 3.86791 7.21925 72688600.0
846 -0.01455 0.000273254 -318.445 1107.65 63.0291 63.0296 3.47275 6.63098 72686700.0
845 -0.01445 0.000273272 -318.421 1107.6 63.0301 63.0316 0.761483 2.99017 72688400.0
844 -0.01435 0.000273274 -318.421 1107.62 63.0315 63.0309 0.848726 2.24967 72687200.0
843 -0.01425 0.000273295 -318.398 1107.64 63.0378 63.0333 0.190134 -1.25804 72690000.0
842 -0.01415 0.00027329 -318.403 1107.64 63.0365 63.0332 0.327623 -0.825852 72689400.0
841 -0.01405 0.000273278 -318.417 1107.69 63.0366 63.0319 2.37054 1.92756 72689200.0
840 -0.01395 0.000273298 -318.394 1107.65 63.039 63.0339 0.0404837 -0.510759 72688500.0
839 -0.01385 0.000273296 -318.397 1107.66 63.0393 63.0345 0.66278 1.32128 72689500.0
838 -0.01375 0.000273296 -318.393 1107.64 63.0377 63.0341 -0.609551 0.112758 72688600.0
837 -0.01365 0.000273295 -318.396 1107.66 63.0387 63.034 0.328036 0.384988 72688800.0
836 -0.01355 0.00027327 -318.425 1107.71 63.0358 63.0317 3.28824 5.2258 72689000.0
835 -0.01345 0.000273296 -318.393 1107.63 63.0373 63.035 -0.750786 -0.393261 72690800.0
834 -0.01335 0.000273285 -318.409 1107.73 63.0404 63.0335 2.73234 1.91503 72691700.0
833 -0.01325 0.000273286 -318.405 1107.75 63.0421 63.0336 4.03121 4.01897 72691800.0
832 -0.01315 0.000273279 -318.418 1107.73 63.0391 63.0326 3.56444 4.8737 72690400.0
831 -0.01305 0.000273278 -318.418 1107.74 63.0396 63.0327 3.52674 4.52735 72689900.0
830 -0.01295 0.000273278 -318.415 1107.75 63.04 63.0328 3.69628 3.57031 72691000.0
829 -0.01285 0.00027327 -318.426 1107.72 63.0365 63.0309 4.07222 5.94993 72687800.0
828 -0.01275 0.000273264 -318.432 1107.72 63.035 63.0312 3.582 6.05211 72689200.0
827 -0.01265 0.000273277 -318.418 1107.67 63.0351 63.0325 1.8972 4.9678 72688300.0
826 -0.01255 0.000273265 -318.431 1107.74 63.0365 63.0309 4.4084 6.61343 72687800.0
825 -0.01245 0.000273272 -318.426 1107.7 63.036 63.0318 3.32214 4.23888 72687900.0
824 -0.01235 0.000273265 -318.434 1107.78 63.039 63.0317 5.71694 5.1383 72690500.0
823 -0.01225 0.00027327 -318.43 1107.73 63.0369 63.032 4.48445 4.38908 72688200.0
822 -0.01215 0.000273235 -318.467 1107.7 63.0274 63.0283 6.28152 10.6401 72684700.0
821 -0.01205 0.000273251 -318.453 1107.64 63.0272 63.0295 3.13683 6.82427 72684300.0
820 -0.01195 0.000273265 -318.434 1107.65 63.0315 63.031 2.70685 4.21949 72683400.0
819 -0.01185 0.000273248 -318.455 1107.63 63.026 63.029 3.2731 8.04636 72680600.0
818 -0.01175 0.00027325 -318.452 1107.61 63.0257 63.0301 2.81928 7.59542 72681200.0
817 -0.01165 0.000273253 -318.451 1107.66 63.029 63.0301 3.40506 6.6343 72679900.0
816 -0.01155 0.000273241 -318.462 1107.71 63.0293 63.0282 5.91385 8.86936 72679600.0
815 -0.01145 0.000273245 -318.458 1107.73 63.031 63.0298 5.63478 8.58679 72679800.0
814 -0.01135 0.000273262 -318.436 1107.7 63.0333 63.0317 4.04613 5.49507 72680700.0
813 -0.01125 0.000273248 -318.454 1107.68 63.0291 63.0292 4.46326 7.23495 72679500.0
812 -0.01115 0.000273236 -318.467 1107.7 63.0273 63.0291 5.97684 10.7018 72679800.0
811 -0.01105 0.000273233 -318.469 1107.75 63.0296 63.0285 7.61646 10.1778 72680100.0
810 -0.01095 0.000273215 -318.494 1107.79 63.0274 63.0263 9.3385 12.3168 72677800.0
809 -0.01085 0.000273218 -318.487 1107.75 63.0264 63.0267 8.31084 10.9676 72675900.0
808 -0.01075 0.000273232 -318.472 1107.74 63.029 63.0283 7.50421 8.96096 72675200.0
807 -0.01065 0.000273218 -318.492 1107.76 63.0265 63.0273 9.15301 11.1887 72673700.0
806 -0.01055 0.000273218 -318.489 1107.72 63.0246 63.0273 8.28004 11.0576 72670500.0
805 -0.01045 0.000273209 -318.5 1107.71 63.0218 63.026 8.32581 11.2552 72667900.0
804 -0.01035 0.000273206 -318.504 1107.79 63.0257 63.0262 10.6524 12.5209 72668500.0
803 -0.01025 0.000273202 -318.507 1107.74 63.0219 63.0248 9.96501 12.8591 72664300.0
802 -0.01015 0.00027316 -318.562 1107.75 63.0126 63.0211 13.0294 19.0893 72661000.0
801 -0.01005 0.000273163 -318.554 1107.8 63.0162 63.0212 14.0278 17.1892 72659900.0
800 -0.00995 0.000273182 -318.532 1107.8 63.0208 63.0238 12.7323 13.5514 72661900.0
799 -0.00985 0.000273176 -318.538 1107.81 63.0197 63.0228 13.489 14.1792 72658500.0
798 -0.00975 0.000273167 -318.55 1107.82 63.0184 63.0221 14.0321 15.0018 72657100.0
797 -0.00965 0.000273152 -318.567 1107.85 63.0163 63.0195 15.8729 16.0295 72654100.0
796 -0.00955 0.000273152 -318.566 1107.79 63.013 63.0198 14.6835 14.5945 72651200.0
795 -0.00945 0.000273138 -318.582 1107.85 63.0134 63.0187 16.8198 15.7358 72649000.0
794 -0.00935 0.000273142 -318.58 1107.83 63.0131 63.0193 16.4005 14.7804 72647200.0
793 -0.00925 0.000273112 -318.611 1107.87 63.0088 63.0162 19.6199 19.3581 72642800.0
792 -0.00915 0.000273094 -318.637 1107.85 63.0031 63.0137 20.4868 22.8747 72636400.0
791 -0.00905 0.000273079 -318.65 1107.87 63.0009 63.0124 21.9902 24.3337 72632900.0
790 -0.00895 0.000273075 -318.654 1107.84 62.9983 63.0124 21.6381 24.2774 72629400.0
789 -0.00885 0.000273062 -318.671 1107.87 62.9968 63.0109 23.3845 25.2048 72625300.0
788 -0.00875 0.000273053 -318.679 1107.87 62.995 63.0095 23.7685 25.5087 72620300.0
787 -0.00865 0.000273024 -318.714 1107.86 62.9876 63.0075 25.479 29.9387 72616300.0
786 -0.00855 0.000273012 -318.727 1107.88 62.9859 63.006 27.2077 28.7565 72611200.0
785 -0.00845 0.000272977 -318.768 1107.96 62.9828 63.002 31.8517 33.1437 72603700.0
784 -0.00835 0.000272958 -318.792 1107.98 62.9789 63.0006 33.5754 34.8025 72598100.0
783 -0.00825 0.000272944 -318.808 1107.95 62.9744 62.9992 34.4613 35.1941 72592500.0
782 -0.00815 0.000272945 -318.808 1107.99 62.9768 62.9989 35.1839 33.82 72586700.0
781 -0.00805 0.000272917 -318.84 1107.98 62.97 62.9959 36.81 35.8094 72580600.0
780 -0.00795 0.000272876 -318.888 1108.01 62.9622 62.9926 40.9739 42.391 72573600.0
779 -0.00785 0.000272851 -318.917 1108.06 62.9593 62.9902 43.938 44.3762 72569100.0
778 -0.00775 0.000272809 -318.965 1108.13 62.9536 62.9854 48.911 48.0892 72560800.0
777 -0.00765 0.000272774 -319.003 1108.11 62.9441 62.9814 50.5567 50.6277 72550500.0
776 -0.00755 0.000272733 -319.053 1108.08 62.9328 62.978 52.7431 54.3237 72541500.0
775 -0.00745 0.000272715 -319.075 1108.14 62.9321 62.9758 55.7608 53.7473 72533400.0
774 -0.00735 0.000272675 -319.119 1108.15 62.9234 62.9719 58.6762 56.9363 72522200.0
773 -0.00725 0.000272617 -319.186 1108.18 62.9118 62.9659 63.8211 63.1606 72508600.0
772 -0.00715 0.000272555 -319.259 1108.24 62.9007 62.9594 70.0359 69.9305 72495400.0
771 -0.00705 0.000272512 -319.309 1108.22 62.8901 62.9552 73.0799 73.8055 72482200.0
770 -0.00695 0.000272457 -319.377 1108.25 62.8788 62.9497 77.7207 78.3069 72469600.0
769 -0.00685 0.000272383 -319.457 1108.34 62.867 62.9423 85.3667 85.4507 72455800.0
768 -0.00675 0.000272324 -319.529 1108.37 62.855 62.9361 90.5238 88.9988 72439000.0
767 -0.00665 0.000272255 -319.611 1108.37 62.8392 62.9281 95.8073 93.6256 72421700.0
766 -0.00655 0.00027219 -319.69 1108.38 62.8247 62.9215 100.558 97.2162 72403600.0
765 -0.00645 0.00027212 -319.771 1108.4 62.8096 62.9133 106.64 100.873 72384200.0
764 -0.00635 0.000272019 -319.888 1108.42 62.7876 62.9036 114.509 108.783 72363500.0
763 -0.00625 0.000271921 -320.006 1108.43 62.7654 62.8936 121.442 115.184 72341900.0
762 -0.00615 0.00027182 -320.124 1108.46 62.7439 62.8827 130.31 122.329 72318300.0
761 -0.00605 0.000271719 -320.242 1108.46 62.7205 62.8727 137.728 126.62 72293700.0
760 -0.00595 0.000271592 -320.393 1108.46 62.6913 62.8596 146.96 135.136 72266600.0
759 -0.00585 0.000271474 -320.532 1108.53 62.6681 62.8472 157.066 141.051 72238800.0
758 -0.00575 0.000271326 -320.706 1108.57 62.6363 62.8313 169.363 152.344 72206400.0
757 -0.00565 0.000271179 -320.881 1108.58 62.6025 62.8164 180.676 161.899 72174300.0
756 -0.00555 0.000271015 -321.073 1108.6 62.5659 62.799 192.988 171.193 72138300.0
755 -0.00545 0.000270845 -321.279 1108.58 62.5256 62.7803 205.581 180.365 72098500.0
754 -0.00535 0.000270665 -321.488 1108.6 62.485 62.7624 219.13 190.257 72058900.0
753 -0.00525 0.00027047 -321.722 1108.64 62.4423 62.7426 234.879 201.58 72017100.0
752 -0.00515 0.000270255 -321.98 1108.67 62.3943 62.7192 251.789 212.019 71969500.0
751 -0.00505 0.000270015 -322.264 1108.67 62.3391 62.6949 269.242 226.566 71919000.0
750 -0.00495 0.000269776 -322.55 1108.7 62.2855 62.6697 288.428 239.195 71865800.0
749 -0.00485 0.000269491 -322.89 1108.71 62.2203 62.639 309.655 255.758 71805900.0
748 -0.00475 0.0002692 -323.24 1108.64 62.1493 62.6084 329.424 271.583 71742400.0
747 -0.00465 0.000268885 -323.62 1108.71 62.0803 62.5765 354.973 289.59 71678800.0
746 -0.00455 0.000268518 -324.061 1108.72 61.996 62.5363 382.41 310.781 71601900.0
745 -0.00445 0.000268146 -324.509 1108.66 61.9072 62.4961 408.566 328.551 71520400.0
744 -0.00435 0.000267751 -324.989 1108.61 61.8129 62.4556 436.773 348.824 71438000.0
743 -0.00425 0.000267301 -325.533 1108.58 61.7072 62.406 470.271 374.047 71345200.0
742 -0.00415 0.000266843 -326.092 1108.5 61.5971 62.3571 502.946 396.208 71249300.0
741 -0.00405 0.000266314 -326.739 1108.49 61.4746 62.2996 542.698 426.507 71143700.0
740 -0.00395 0.000265769 -327.411 1108.43 61.3453 62.2412 582.786 454.6 71031500.0
739 -0.00385 0.000265164 -328.157 1108.32 61.1998 62.1749 625.794 486.954 70908800.0
738 -0.00375 0.000264528 -328.946 1108.23 61.0481 62.1057 672.03 517.825 70780000.0
737 -0.00365 0.000263832 -329.816 1108.1 60.8801 62.0296 722.091 554.257 70639200.0
736 -0.00355 0.000263087 -330.747 1108.0 60.7025 61.9479 777.093 592.652 70489900.0
735 -0.00345 0.000262277 -331.771 1107.81 60.5056 61.8579 834.632 635.336 70328000.0
734 -0.00335 0.000261411 -332.871 1107.57 60.2926 61.7609 895.966 681.026 70153100.0
733 -0.00325 0.00026049 -334.046 1107.31 60.0664 61.6566 961.045 728.635 69965800.0
732 -0.00315 0.000259488 -335.338 1107.04 59.8206 61.5441 1032.73 782.518 69766000.0
731 -0.00305 0.000258406 -336.743 1106.75 59.5556 61.4208 1110.8 841.625 69551500.0
730 -0.00295 0.000257253 -338.247 1106.46 59.2744 61.2871 1194.86 904.0 69322200.0
729 -0.00285 0.000256003 -339.902 1106.13 58.9688 61.143 1286.49 974.849 69075300.0
728 -0.00275 0.000254676 -341.674 1105.7 58.6402 60.9866 1382.68 1049.14 68809400.0
727 -0.00265 0.000253262 -343.582 1105.15 58.2854 60.819 1483.19 1129.96 68525600.0
726 -0.00255 0.000251763 -345.626 1104.56 57.9095 60.6391 1591.15 1214.74 68223600.0
725 -0.00245 0.000250145 -347.865 1104.01 57.509 60.4433 1711.3 1311.84 67903200.0
724 -0.00235 0.000248418 -350.283 1103.31 57.0757 60.2308 1836.98 1416.05 67557500.0
723 -0.00225 0.0002466 -352.864 1102.52 56.6176 60.0037 1970.53 1527.53 67190700.0
722 -0.00215 0.000244642 -355.691 1101.71 56.1263 59.7561 2116.93 1654.46 66800200.0
721 -0.00205 0.000242559 -358.746 1100.8 55.6025 59.4872 2273.62 1792.17 66380900.0
720 -0.00195 0.000240378 -362.0 1099.76 55.0506 59.2024 2437.8 1937.73 65941800.0
719 -0.00185 0.000238055 -365.534 1098.51 54.4568 58.8923 2611.5 2100.39 65470000.0
718 -0.00175 0.000235604 -369.336 1097.22 53.8325 58.56 2798.94 2278.59 64974000.0
717 -0.00165 0.000233045 -373.391 1095.73 53.1758 58.2054 2994.57 2467.04 64449800.0
716 -0.00155 0.000230352 -377.754 1094.08 52.4821 57.8227 3202.22 2673.61 63895500.0
715 -0.00145 0.000227538 -382.425 1092.26 51.7549 57.4136 3421.04 2895.3 63311400.0
714 -0.00135 0.000224594 -387.44 1090.27 50.9921 56.9749 3653.21 3138.6 62699400.0
713 -0.00125 0.000221555 -392.752 1088.03 50.1987 56.5108 3892.87 3394.55 62058700.0
712 -0.00115 0.000218382 -398.458 1085.51 49.3654 56.0119 4144.99 3675.41 61386900.0
711 -0.00105 0.000215093 -404.553 1082.81 48.5009 55.4796 4410.39 3977.22 60686800.0
710 -0.00095 0.000211732 -410.98 1079.82 47.611 54.9196 4683.15 4293.11 59963200.0
709 -0.00085 0.000208268 -417.81 1076.53 46.6894 54.3228 4966.06 4631.25 59210600.0
708 -0.00075 0.000204717 -425.062 1072.85 45.7364 53.6905 5256.6 4990.89 58430800.0
707 -0.00065 0.000201097 -432.71 1068.83 44.7594 53.023 5555.42 5370.03 57628600.0
706 -0.00055 0.000197418 -440.776 1064.38 43.7575 52.3206 5858.71 5766.75 56804600.0
705 -0.00045 0.000193707 -449.219 1059.5 42.7382 51.5841 6164.13 6174.97 55959000.0
704 -0.00035 0.000189956 -458.089 1054.17 41.6998 50.8126 6473.53 6600.8 55100400.0
703 -0.00025 0.000186183 -467.374 1048.29 40.6436 50.0042 6781.47 7038.69 54221100.0
702 -0.00015 0.000182413 -477.038 1041.9 39.5777 49.1635 7087.09 7485.0 53330500.0
701 -5e-05 0.000178626 -487.148 1035.0 38.4996 48.2831 7391.97 7942.69 52427400.0
700 5e-05 0.000174884 -497.576 1027.47 37.4188 47.3761 7686.04 8397.7 51515000.0
699 0.00015 0.000171166 -508.388 1019.39 36.335 46.4356 7973.23 8854.08 50596800.0
698 0.00025 0.000167497 -519.517 1010.6 35.2498 45.4679 8246.23 9304.67 49672600.0
697 0.00035 0.000163876 -531.0 1001.21 34.1672 44.4689 8508.24 9749.52 48745600.0
696 0.00045 0.000160361 -542.643 991.114 33.0972 43.457 8745.85 10170.5 47816100.0
695 0.00055 0.000156898 -554.619 980.429 32.0334 42.4161 8970.56 10582.5 46888600.0
694 0.00065 0.000153554 -566.7 969.125 30.9892 41.3663 9169.82 10962.8 45960600.0
693 0.00075 0.000150275 -579.063 957.058 29.9498 40.2916 9347.35 11325.1 45030000.0
692 0.00085 0.000147109 -591.523 944.388 28.9307 39.2093 9499.02 11655.3 44101000.0
691 0.00095 0.000144057 -604.058 931.204 27.9349 38.1204 9626.53 11951.9 43176100.0
690 0.00105 0.000141104 -616.7 917.329 26.9548 37.0224 9725.06 12213.9 42248000.0
689 0.00115 0.00013827 -629.338 902.978 26.0001 35.9243 9797.43 12437.4 41322900.0
688 0.00125 0.000135547 -641.984 888.094 25.068 34.8252 9841.1 12621.0 40393800.0
687 0.00135 0.000132948 -654.532 872.746 24.1623 33.735 9855.23 12762.6 39464100.0
686 0.00145 0.00013046 -667.012 856.978 23.2818 32.6509 9842.23 12864.3 38534400.0
685 0.00155 0.000128095 -679.328 840.888 22.4305 31.5812 9801.39 12922.5 37601700.0
684 0.00165 0.000125828 -691.567 824.511 21.6045 30.518 9737.62 12943.0 36669700.0
683 0.00175 0.000123689 -703.532 807.98 20.8113 29.4789 9648.4 12920.7 35736600.0
682 0.00185 0.000121652 -715.306 791.202 20.0436 28.4555 9534.57 12860.6 34798300.0
681 0.00195 0.000119723 -726.839 774.311 19.3046 27.4544 9399.08 12765.2 33860300.0
680 0.00205 0.000117907 -738.035 757.476 18.5985 26.4816 9244.65 12633.8 32922900.0
679 0.00215 0.000116181 -748.988 740.619 17.9185 25.53 9072.45 12472.2 31986100.0
678 0.00225 0.000114545 -759.687 723.722 17.2631 24.6005 8882.56 12281.7 31047200.0
677 0.00235 0.000113016 -769.973 707.134 16.6422 23.7073 8681.32 12064.5 30116700.0
676 0.00245 0.000111562 -780.008 690.618 16.0444 22.8358 8467.02 11823.9 29186900.0
675 0.00255 0.000110188 -789.732 674.267 15.4717 21.9908 8241.83 11562.6 28261000.0
674 0.00265 0.000108898 -799.087 658.295 14.9282 21.1781 8010.55 11283.9 27346700.0
673 0.00275 0.000107683 -808.105 642.519 14.408 20.3949 7770.18 10990.6 26436900.0
672 0.00285 0.000106549 -816.711 627.196 13.9162 19.6471 7527.15 10686.2 25542100.0
671 0.00295 0.000105475 -825.018 612.217 13.447 18.9259 7281.23 10372.2 24659800.0
670 0.00305 0.000104465 -833.0 597.599 13.0002 18.2321 7033.18 10050.2 23789200.0
669 0.00315 0.000103517 -840.635 583.41 12.5764 17.5693 6785.06 9723.56 22934900.0
668 0.00325 0.000102624 -847.942 569.546 12.1716 16.9339 6535.04 9393.21 22091300.0
667 0.00335 0.000101778 -854.988 556.072 11.7857 16.3215 6286.98 9061.12 21266200.0
666 0.00345 0.000100992 -861.649 543.196 11.4239 15.7434 6044.46 8731.36 20465600.0
665 0.00355 0.000100253 -867.992 530.752 11.0805 15.192 5805.02 8403.52 19682700.0
664 0.00365 9.95579e-05 -874.058 518.704 10.7539 14.6651 5568.99 8079.25 18919800.0
663 0.00375 9.89026e-05 -879.854 507.091 10.4439 14.1617 5337.55 7758.64 18176900.0
662 0.00385 9.82894e-05 -885.334 495.981 10.1518 13.6854 5112.57 7445.03 17458800.0
661 0.00395 9.77095e-05 -890.6 485.184 9.87218 13.2281 4890.52 7135.65 16756200.0
660 0.00405 9.7167e-05 -895.557 474.928 9.60984 12.7972 4676.96 6835.51 16082100.0
659 0.00415 9.66617e-05 -900.246 465.183 9.36371 12.3898 4471.6 6543.72 15433100.0
658 0.00425 9.61817e-05 -904.735 455.752 9.12832 12.0001 4270.65 6258.89 14802900.0
657 0.00435 9.57414e-05 -908.903 446.919 8.91043 11.6379 4080.32 5986.3 14203600.0
656 0.00445 9.53183e-05 -912.938 438.296 8.69988 11.2873 3892.72 5718.54 13617700.0
655 0.00455 9.49184e-05 -916.777 430.07 8.5008 10.9536 3712.21 5459.44 13055000.0
654 0.00465 9.45444e-05 -920.4 422.256 8.31344 10.6386 3539.47 5210.07 12516000.0
653 0.00475 9.41935e-05 -923.833 414.779 8.13594 10.3407 3372.8 4970.27 11998000.0
652 0.00485 9.38662e-05 -927.047 407.726 7.9698 10.0611 3214.15 4740.58 11503500.0
651 0.00495 9.35583e-05 -930.102 400.995 7.81251 9.79558 3061.77 4519.27 11028700.0
650 0.00505 9.32662e-05 -933.018 394.549 7.66294 9.54258 2915.38 4306.69 10574400.0
649 0.00515 9.29917e-05 -935.764 388.455 7.52237 9.30375 2775.77 4102.65 10139200.0
648 0.00525 9.273e-05 -938.402 382.583 7.38781 9.07442 2640.89 3905.58 9720620.0
647 0.00535 9.24877e-05 -940.866 377.032 7.26159 8.86029 2512.27 3718.23 9321300.0
646 0.00545 9.22597e-05 -943.195 371.78 7.14278 8.65795 2390.23 3539.24 8941240.0
645 0.00555 9.20415e-05 -945.421 366.725 7.029 8.46455 2272.16 3367.11 8575540.0
644 0.00565 9.18385e-05 -947.516 361.966 6.92249 8.28247 2160.77 3203.42 8229080.0
643 0.00575 9.16467e-05 -949.503 357.458 6.822 8.10982 2054.57 3046.66 7898310.0
642 0.00585 9.14698e-05 -951.333 353.252 6.72872 7.95086 1955.25 2900.27 7587790.0
641 0.00595 9.1298e-05 -953.126 349.141 6.63791 7.79513 1857.82 2757.05 7285160.0
640 0.00605 9.1138e-05 -954.797 345.292 6.55324 7.64984 1766.38 2621.77 6999670.0
639 0.00615 9.09858e-05 -956.397 341.602 6.47237 7.51103 1678.43 2491.95 6725490.0
638 0.00625 9.08434e-05 -957.891 338.144 6.39682 7.381 1595.68 2369.25 6466640.0
637 0.00635 9.071e-05 -959.306 334.851 6.32524 7.2582 1516.87 2252.75 6220550.0
636 0.00645 9.05824e-05 -960.656 331.707 6.25703 7.14077 1441.13 2140.42 5983870.0
635 0.00655 9.04628e-05 -961.928 328.726 6.19261 7.0304 1369.4 2034.62 5759860.0
634 0.00665 9.03489e-05 -963.13 325.899 6.13162 6.92586 1301.08 1933.85 5546710.0
633 0.00675 9.02429e-05 -964.268 323.23 6.07427 6.82711 1236.53 1837.89 5344390.0
632 0.00685 9.01437e-05 -965.337 320.71 6.02029 6.73406 1175.35 1747.14 5152610.0
631 0.00695 9.00493e-05 -966.346 318.316 5.96909 6.64638 1117.17 1661.21 4970630.0
630 0.00705 8.99597e-05 -967.308 316.036 5.92044 6.56273 1061.62 1578.87 4796400.0
629 0.00715 8.98747e-05 -968.224 313.862 5.87416 6.48304 1008.66 1500.27 4630490.0
628 0.00725 8.97954e-05 -969.084 311.821 5.83081 6.40834 958.792 1426.31 4474130.0
627 0.00735 8.9719e-05 -969.906 309.852 5.78906 6.33687 910.619 1355.12 4323140.0
626 0.00745 8.96478e-05 -970.681 308.014 5.75016 6.26979 865.676 1288.17 4181860.0
625 0.00755 8.95807e-05 -971.401 306.282 5.71355 6.20676 823.25 1224.96 4047970.0
624 0.00765 8.95159e-05 -972.099 304.631 5.67864 6.14648 782.707 1164.53 3920180.0
623 0.00775 8.94573e-05 -972.749 303.071 5.64585 6.09003 744.341 1107.48 3799020.0
622 0.00785 8.93985e-05 -973.381 301.546 5.61376 6.03492 706.864 1052.04 3681190.0
621 0.00795 8.93436e-05 -973.986 300.104 5.58349 5.98275 671.248 999.355 3569570.0
620 0.00805 8.92913e-05 -974.546 298.729 5.55465 5.93362 637.447 949.66 3463410.0
619 0.00815 8.92439e-05 -975.067 297.483 5.52854 5.8883 606.597 903.116 3365260.0
618 0.00825 8.91982e-05 -975.569 296.285 5.50346 5.84485 577.03 858.744 3271620.0
617 0.00835 8.9154e-05 -976.055 295.116 5.47902 5.80256 548.158 815.706 3180680.0
616 0.00845 8.91122e-05 -976.509 294.02 5.45612 5.76309 521.103 775.447 3095210.0
615 0.00855 8.90743e-05 -976.925 293.006 5.43498 5.72681 495.928 737.893 3015080.0
614 0.00865 8.90378e-05 -977.326 292.04 5.41485 5.69203 472.01 701.971 2939170.0
613 0.00875 8.90024e-05 -977.713 291.1 5.39527 5.65845 448.682 667.415 2865610.0
612 0.00885 8.89712e-05 -978.06 290.247 5.37758 5.62828 427.547 635.973 2798030.0
611 0.00895 8.8939e-05 -978.404 289.409 5.36011 5.5984 406.65 604.991 2731730.0
610 0.00905 8.89091e-05 -978.74 288.597 5.34328 5.56922 386.634 574.962 2668180.0
609 0.00915 8.88804e-05 -979.052 287.838 5.3275 5.54211 367.731 546.834 2608380.0
608 0.00925 8.88529e-05 -979.359 287.094 5.3121 5.51543 349.289 519.521 2550340.0
607 0.00935 8.88278e-05 -979.628 286.443 5.29855 5.4919 333.035 494.744 2497620.0
606 0.00945 8.8804e-05 -979.895 285.786 5.28497 5.46894 316.683 470.885 2446220.0
605 0.00955 8.87817e-05 -980.143 285.167 5.2722 5.44718 301.337 448.214 2397230.0
604 0.00965 8.87605e-05 -980.381 284.583 5.26016 5.42669 286.715 426.601 2351050.0
603 0.00975 8.87401e-05 -980.605 284.042 5.24894 5.4072 273.255 406.246 2307590.0
602 0.00985 8.87199e-05 -980.824 283.506 5.23785 5.38813 259.865 386.3 2265100.0
601 0.00995 8.87014e-05 -981.024 283.011 5.22761 5.37065 247.579 367.983 2225860.0
600 0.01005 8.86845e-05 -981.214 282.548 5.21807 5.35417 235.991 350.478 2188590.0
599 0.01015 8.86678e-05 -981.399 282.095 5.20872 5.33817 224.745 333.712 2152710.0
598 0.01025 8.86517e-05 -981.575 281.662 5.19977 5.32269 213.873 317.308 2117930.0
597 0.01035 8.86374e-05 -981.741 281.254 5.19141 5.30845 203.716 302.269 2085580.0
596 0.01045 8.86222e-05 -981.907 280.847 5.18302 5.29408 193.555 287.323 2053350.0
595 0.01055 8.86091e-05 -982.054 280.48 5.17548 5.28128 184.474 273.795 2024380.0
594 0.01065 8.85961e-05 -982.191 280.145 5.16852 5.26943 175.988 261.101 1996970.0
593 0.01075 8.85833e-05 -982.336 279.78 5.16106 5.25677 166.941 247.939 1968660.0
592 0.01085 8.85717e-05 -982.468 279.462 5.15451 5.24539 158.991 236.009 1943140.0
591 0.01095 8.85598e-05 -982.588 279.166 5.14836 5.23488 151.548 224.934 1919230.0
590 0.01105 8.85506e-05 -982.704 278.883 5.1426 5.22498 144.439 214.398 1896230.0
589 0.01115 8.85407e-05 -982.81 278.611 5.13701 5.21562 137.617 204.327 1874440.0
588 0.01125 8.85306e-05 -982.915 278.348 5.13158 5.20641 131.034 194.596 1853180.0
587 0.01135 8.85214e-05 -983.019 278.096 5.1264 5.19739 124.797 185.131 1833170.0
586 0.01145 8.85137e-05 -983.107 277.875 5.12188 5.18973 119.227 176.771 1815100.0
585 0.01155 8.85064e-05 -983.196 277.657 5.11745 5.18219 113.827 168.787 1797620.0
584 0.01165 8.84976e-05 -983.287 277.434 5.11282 5.17423 108.157 160.433 1779630.0
583 0.01175 8.84899e-05 -983.37 277.235 5.10871 5.16715 103.268 152.976 1763740.0
582 0.01185 8.84829e-05 -983.444 277.045 5.10481 5.16049 98.4622 145.832 1748200.0
581 0.01195 8.84765e-05 -983.519 276.865 5.10112 5.15414 94.0026 139.17 1733710.0
580 0.01205 8.84696e-05 -983.593 276.679 5.09729 5.1477 89.3175 132.444 1718900.0
579 0.01215 8.8464e-05 -983.66 276.512 5.09389 5.14195 85.1259 126.157 1705450.0
578 0.01225 8.84581e-05 -983.714 276.372 5.09098 5.13706 81.6393 120.776 1693750.0
577 0.01235 8.84525e-05 -983.78 276.205 5.08758 5.13119 77.4691 114.672 1680590.0
576 0.01245 8.84474e-05 -983.84 276.061 5.08464 5.12628 73.8348 109.309 1668980.0
575 0.01255 8.84429e-05 -983.897 275.922 5.08182 5.12142 70.3075 104.086 1657700.0
574 0.01265 8.84378e-05 -983.947 275.789 5.07908 5.11669 66.9998 99.1147 1646950.0
573 0.01275 8.84341e-05 -983.991 275.683 5.0769 5.11305 64.3539 94.9695 1637920.0
572 0.01285 8.84291e-05 -984.038 275.564 5.07444 5.10896 61.3612 90.5757 1628330.0
571 0.01295 8.84257e-05 -984.085 275.452 5.07217 5.10507 58.5272 86.348 1619280.0
570 0.01305 8.84217e-05 -984.129 275.339 5.06986 5.10101 55.7552 82.1572 1610340.0
569 0.01315 8.84181e-05 -984.171 275.235 5.06774 5.09749 53.1682 78.3387 1601920.0
568 0.01325 8.84146e-05 -984.208 275.134 5.06569 5.09401 50.5215 74.4828 1593540.0
567 0.01335 8.84122e-05 -984.245 275.045 5.06391 5.09111 48.3357 71.2638 1586480.0
566 0.01345 8.84085e-05 -984.274 274.96 5.06214 5.08809 46.2188 68.1256 1579520.0
565 0.01355 8.84064e-05 -984.305 274.88 5.06054 5.08564 44.2222 65.3056 1573190.0
564 0.01365 8.84032e-05 -984.337 274.802 5.05892 5.08285 42.2128 62.3836 1566700.0
563 0.01375 8.84007e-05 -984.372 274.721 5.05729 5.07998 40.1936 59.3396 1560170.0
562 0.01385 8.83982e-05 -984.393 274.657 5.05597 5.07802 38.6213 57.0962 1554870.0
561 0.01395 8.83953e-05 -984.421 274.586 5.05449 5.07548 36.8155 54.3778 1549000.0
560 0.01405 8.83936e-05 -984.453 274.513 5.05305 5.07282 34.9579 51.6531 1543140.0
559 0.01415 8.83906e-05 -984.477 274.451 5.05174 5.07066 33.389 49.3586 1538010.0
558 0.01425 8.83887e-05 -984.503 274.384 5.0504 5.06842 31.7673 47.057 1532760.0
557 0.01435 8.83865e-05 -984.523 274.331 5.0493 5.06662 30.355 44.9959 1528210.0
556 0.01445 8.83849e-05 -984.545 274.282 5.04831 5.06489 29.1328 43.1471 1524170.0
555 0.01455 8.83828e-05 -984.565 274.229 5.04721 5.06312 27.864 41.1504 1519990.0
554 0.01465 8.83812e-05 -984.592 274.17 5.04602 5.06085 26.395 38.9298 1515410.0
553 0.01475 8.83794e-05 -984.606 274.131 5.04521 5.05953 25.3687 37.3776 1511930.0
552 0.01485 8.83773e-05 -984.626 274.087 5.04427 5.05777 24.2729 35.7131 1508260.0
551 0.01495 8.83763e-05 -984.641 274.047 5.04349 5.05634 23.2212 34.1547 1504890.0
550 0.01505 8.83749e-05 -984.661 274.004 5.04262 5.05477 22.2099 32.6193 1501380.0
549 0.01515 8.83728e-05 -984.676 273.969 5.04185 5.05364 21.3158 31.3422 1498430.0
548 0.01525 8.83713e-05 -984.69 273.928 5.04101 5.05208 20.2489 29.7143 1495060.0
547 0.01535 8.8371e-05 -984.702 273.895 5.04039 5.05128 19.4697 28.7067 1492430.0
546 0.01545 8.83693e-05 -984.715 273.86 5.03965 5.05008 18.5821 27.4275 1489530.0
545 0.01555 8.83688e-05 -984.73 273.828 5.03902 5.04888 17.7634 26.1441 1486910.0
544 0.01565 8.83674e-05 -984.744 273.795 5.03833 5.04762 16.9478 24.8542 1484210.0
543 0.01575 8.8365e-05 -984.758 273.761 5.03758 5.04635 16.1535 23.7299 1481530.0
542 0.01585 8.83655e-05 -984.768 273.731 5.03705 5.04535 15.3862 22.6879 1479180.0
541 0.01595 8.8364e-05 -984.778 273.711 5.0366 5.04473 14.8822 21.9954 1477400.0
540 0.01605 8.83629e-05 -984.788 273.684 5.03604 5.04382 14.2041 20.9499 1475260.0
539 0.01615 8.83624e-05 -984.799 273.657 5.03551 5.0427 13.4968 19.8016 1472990.0
538 0.01625 8.83598e-05 -984.814 273.624 5.03476 5.04143 12.6695 18.587 1470500.0
537 0.01635 8.83603e-05 -984.817 273.61 5.03453 5.04119 12.3059 18.0922 1469210.0
536 0.01645 8.83594e-05 -984.828 273.588 5.03407 5.04049 11.7646 17.2873 1467380.0
535 0.01655 8.83585e-05 -984.833 273.571 5.03372 5.03998 11.3293 16.6449 1466050.0
534 0.01665 8.83577e-05 -984.841 273.548 5.03324 5.03904 10.7536 15.771 1464140.0
533 0.01675 8.83569e-05 -984.853 273.528 5.03282 5.03826 10.1935 14.9028 1462420.0
532 0.01685 8.83558e-05 -984.858 273.507 5.03237 5.03746 9.72889 14.1859 1460830.0
531 0.01695 8.83556e-05 -984.866 273.491 5.03208 5.03715 9.28768 13.6325 1459470.0
530 0.01705 8.83551e-05 -984.867 273.478 5.03181 5.0368 8.96226 13.1825 1458270.0
529 0.01715 8.83537e-05 -984.876 273.458 5.03136 5.03597 8.45588 12.4449 1456760.0
528 0.01725 8.83541e-05 -984.885 273.442 5.03109 5.03552 8.02331 11.8614 1455460.0
527 0.01735 8.83531e-05 -984.887 273.431 5.03082 5.03519 7.75648 11.5162 1454590.0
526 0.01745 8.83529e-05 -984.888 273.422 5.03065 5.03504 7.555 11.2347 1453880.0
525 0.01755 8.83526e-05 -984.897 273.405 5.03031 5.03431 7.09955 10.5628 1452410.0
524 0.01765 8.83523e-05 -984.901 273.395 5.03011 5.03407 6.90152 10.2639 1451630.0
523 0.01775 8.83516e-05 -984.904 273.387 5.02994 5.03372 6.66814 9.88621 1450840.0
522 0.01785 8.83506e-05 -984.911 273.369 5.02954 5.033 6.2652 9.31697 1449590.0
521 0.01795 8.8351e-05 -984.915 273.363 5.02946 5.03297 6.0346 8.97205 1448920.0
520 0.01805 8.83508e-05 -984.918 273.351 5.02922 5.03258 5.7969 8.6235 1448130.0
519 0.01815 8.83494e-05 -984.92 273.344 5.02901 5.03228 5.55368 8.2224 1447370.0
518 0.01825 8.83507e-05 -984.919 273.336 5.02895 5.0322 5.4207 8.11168 1446820.0
517 0.01835 8.83497e-05 -984.931 273.321 5.0286 5.03153 5.00416 7.52372 1445620.0
516 0.01845 8.83488e-05 -984.933 273.314 5.02843 5.03126 4.89431 7.32285 1445100.0
515 0.01855 8.83484e-05 -984.939 273.302 5.02818 5.03066 4.52928 6.68277 1444100.0
514 0.01865 8.83483e-05 -984.944 273.293 5.02801 5.03038 4.36563 6.49143 1443510.0
513 0.01875 8.83471e-05 -984.945 273.287 5.02784 5.0301 4.2374 6.34082 1442990.0
512 0.01885 8.83478e-05 -984.947 273.286 5.02786 5.03011 4.14347 6.31554 1442660.0
511 0.01895 8.83465e-05 -984.954 273.273 5.02754 5.02945 3.84131 5.78008 1441730.0
510 0.01905 8.83467e-05 -984.956 273.266 5.02743 5.02917 3.69151 5.45146 1441120.0
509 0.01915 8.83463e-05 -984.961 273.261 5.02732 5.02905 3.58923 5.28856 1440670.0
508 0.01925 8.83454e-05 -984.961 273.256 5.02717 5.02886 3.44649 5.10133 1440210.0
507 0.01935 8.83457e-05 -984.964 273.251 5.02709 5.0286 3.32113 4.8335 1439690.0
506 0.01945 8.83456e-05 -984.966 273.246 5.02699 5.02838 3.20759 4.6203 1439250.0
505 0.01955 8.83454e-05 -984.968 273.241 5.02689 5.02813 3.03328 4.39632 1438750.0
504 0.01965 8.83449e-05 -984.973 273.233 5.02672 5.02783 2.88216 4.1445 1438230.0
503 0.01975 8.83448e-05 -984.976 273.224 5.02655 5.02745 2.68178 3.79718 1437640.0
502 0.01985 8.8345e-05 -984.977 273.224 5.02656 5.02738 2.59998 3.69129 1437340.0
501 0.01995 8.83442e-05 -984.979 273.218 5.0264 5.0273 2.42747 3.48861 1436930.0
500 0.02005 8.83445e-05 -984.978 273.212 5.02631 5.02714 2.35344 3.36909 1436550.0
499 0.02015 8.83443e-05 -984.978 273.212 5.02629 5.02722 2.30593 3.35672 1436350.0
498 0.02025 8.83445e-05 -984.977 273.21 5.02628 5.02723 2.26688 3.33661 1436170.0
497 0.02035 8.83445e-05 -984.977 273.205 5.02618 5.02724 2.1493 3.21024 1435900.0
496 0.02045 8.83441e-05 -984.979 273.201 5.02608 5.02704 2.02832 3.02895 1435560.0
495 0.02055 8.83443e-05 -984.979 273.201 5.02609 5.02718 1.99351 2.978 1435440.0
494 0.02065 8.83436e-05 -984.984 273.193 5.02591 5.02683 1.87022 2.79212 1435050.0
493 0.02075 8.83446e-05 -984.983 273.192 5.02594 5.02679 1.82673 2.71615 1434900.0
492 0.02085 8.8344e-05 -984.983 273.191 5.02589 5.02673 1.73044 2.58708 1434640.0
491 0.02095 8.83438e-05 -984.986 273.182 5.02572 5.02657 1.59594 2.39198 1434210.0
490 0.02105 8.83438e-05 -984.987 273.181 5.0257 5.02647 1.58435 2.35966 1434120.0
489 0.02115 8.83436e-05 -984.988 273.183 5.02573 5.02655 1.55933 2.32089 1434060.0
488 0.02125 8.83442e-05 -984.987 273.178 5.02567 5.02651 1.46728 2.20822 1433830.0
487 0.02135 8.8343e-05 -984.99 273.173 5.0255 5.02617 1.36415 1.97041 1433460.0
486 0.02145 8.8344e-05 -984.991 273.174 5.02557 5.02628 1.31037 1.93037 1433340.0
485 0.02155 8.83428e-05 -984.992 273.171 5.02546 5.02613 1.23871 1.81449 1433130.0
484 0.02165 8.83423e-05 -984.994 273.166 5.02533 5.02586 1.19403 1.72632 1432850.0
483 0.02175 8.83429e-05 -984.995 273.167 5.02539 5.02593 1.18565 1.7394 1432800.0
482 0.02185 8.8343e-05 -984.993 273.165 5.02535 5.02589 1.12722 1.67 1432620.0
481 0.02195 8.83427e-05 -984.995 273.164 5.02533 5.0259 1.09293 1.61553 1432510.0
480 0.02205 8.83424e-05 -984.995 273.158 5.02519 5.02567 0.949702 1.39158 1432140.0
479 0.02215 8.83424e-05 -984.999 273.156 5.02516 5.02576 0.942763 1.38036 1432090.0
478 0.02225 8.83423e-05 -984.997 273.158 5.02519 5.02571 0.933064 1.37156 1432080.0
477 0.02235 8.83427e-05 -984.995 273.158 5.02521 5.02573 0.975963 1.41056 1432040.0
476 0.02245 8.83423e-05 -984.999 273.158 5.02518 5.02563 0.865126 1.26345 1431820.0
475 0.02255 8.83418e-05 -985.0 273.151 5.02503 5.02529 0.802894 1.10007 1431490.0
474 0.02265 8.83422e-05 -985.0 273.155 5.02513 5.02554 0.845386 1.20955 1431640.0
473 0.02275 8.83419e-05 -985.0 273.148 5.02499 5.02525 0.737751 1.01613 1431310.0
472 0.02285 8.83418e-05 -984.999 273.153 5.02507 5.02558 0.82404 1.20998 1431570.0
471 0.02295 8.83428e-05 -984.995 273.154 5.02515 5.0258 0.834629 1.29314 1431620.0
470 0.02305 8.83421e-05 -985.0 273.147 5.02498 5.02556 0.71132 1.08996 1431290.0
469 0.02315 8.83422e-05 -985.001 273.145 5.02494 5.02538 0.617001 0.95018 1431080.0
468 0.02325 8.83422e-05 -985.0 273.146 5.02496 5.02546 0.63792 0.998949 1431090.0
467 0.02335 8.83423e-05 -985.004 273.14 5.02485 5.02514 0.512963 0.787555 1430740.0
466 0.02345 8.8342e-05 -985.009 273.137 5.02478 5.02487 0.419116 0.582435 1430480.0
465 0.02355 8.83409e-05 -985.008 273.138 5.02474 5.02475 0.471998 0.675466 1430460.0
464 0.02365 8.83419e-05 -985.01 273.139 5.02481 5.02484 0.436163 0.677027 1430450.0
463 0.02375 8.8341e-05 -985.012 273.132 5.02464 5.02438 0.343871 0.510291 1430050.0
462 0.02385 8.83412e-05 -985.013 273.132 5.02465 5.02435 0.300356 0.440925 1429990.0
461 0.02395 8.83413e-05 -985.012 273.134 5.02469 5.02448 0.333154 0.514939 1430020.0
460 0.02405 8.83414e-05 -985.009 273.137 5.02475 5.02469 0.405327 0.737706 1430280.0
459 0.02415 8.83412e-05 -985.003 273.14 5.02478 5.02485 0.466885 0.840119 1430440.0
458 0.02425 8.83414e-05 -985.013 273.134 5.02469 5.02451 0.318825 0.55284 1430090.0
457 0.02435 8.83419e-05 -985.011 273.133 5.02471 5.0245 0.307936 0.53964 1430020.0
456 0.02445 8.83409e-05 -985.01 273.134 5.02467 5.0246 0.320126 0.603662 1430120.0
455 0.02455 8.83411e-05 -985.01 273.134 5.02468 5.02457 0.317093 0.548838 1430050.0
454 0.02465 8.83409e-05 -985.011 273.128 5.02456 5.0243 0.196171 0.359989 1429760.0
453 0.02475 8.83409e-05 -985.015 273.128 5.02456 5.02434 0.198733 0.352021 1429770.0
452 0.02485 8.8341e-05 -985.012 273.13 5.02459 5.0243 0.16263 0.291524 1429650.0
451 0.02495 8.83407e-05 -985.016 273.126 5.02451 5.0242 0.136639 0.196392 1429540.0
450 0.02505 8.83406e-05 -985.017 273.124 5.02446 5.02402 0.10266 0.118978 1429400.0
449 0.02515 8.83413e-05 -985.013 273.128 5.02459 5.02425 0.228133 0.33965 1429630.0
448 0.02525 8.83409e-05 -985.014 273.13 5.0246 5.02436 0.258203 0.352918 1429710.0
447 0.02535 8.8341e-05 -985.012 273.13 5.0246 5.02437 0.245761 0.332778 1429630.0
446 0.02545 8.83412e-05 -985.013 273.135 5.0247 5.02454 0.371258 0.540242 1429920.0
445 0.02555 8.83416e-05 -985.011 273.133 5.02468 5.02455 0.348189 0.490517 1429840.0
444 0.02565 8.83412e-05 -985.01 273.131 5.02464 5.02469 0.310763 0.508187 1429820.0
443 0.02575 8.83417e-05 -985.01 273.129 5.02463 5.02453 0.252228 0.352992 1429660.0
442 0.02585 8.83404e-05 -985.011 273.13 5.02456 5.02459 0.2564 0.410535 1429670.0
441 0.02595 8.83415e-05 -985.011 273.132 5.02467 5.02473 0.313666 0.512457 1429780.0
440 0.02605 8.83408e-05 -985.013 273.131 5.02461 5.02467 0.285085 0.467292 1429700.0
439 0.02615 8.83418e-05 -985.009 273.129 5.02462 5.02474 0.251846 0.436323 1429620.0
438 0.02625 8.83409e-05 -985.012 273.126 5.02453 5.02455 0.224779 0.336663 1429440.0
437 0.02635 8.83404e-05 -985.013 273.124 5.02445 5.02432 0.189001 0.234918 1429310.0
436 0.02645 8.83406e-05 -985.015 273.124 5.02446 5.02422 0.153174 0.1692 1429200.0
435 0.02655 8.83413e-05 -985.014 273.124 5.02452 5.02443 0.188729 0.282447 1429350.0
434 0.02665 8.83407e-05 -985.014 273.129 5.02457 5.02455 0.270754 0.463534 1429590.0
433 0.02675 8.83405e-05 -985.014 273.125 5.02448 5.02423 0.163128 0.245263 1429230.0
432 0.02685 8.83408e-05 -985.018 273.118 5.02437 5.02398 0.0523773 -0.0150374 1428940.0
431 0.02695 8.83402e-05 -985.017 273.118 5.02434 5.02404 0.0644866 0.0225305 1429040.0
430 0.02705 8.83404e-05 -985.015 273.119 5.02436 5.02415 0.0260498 -0.0245471 1429020.0
429 0.02715 8.83398e-05 -985.014 273.121 5.02436 5.02423 0.065684 0.0550613 1429150.0
428 0.02725 8.83407e-05 -985.015 273.119 5.02439 5.02424 0.0319897 0.0480244 1429160.0
427 0.02735 8.83401e-05 -985.017 273.113 5.02424 5.024 -0.0812656 -0.159838 1428810.0
426 0.02745 8.83397e-05 -985.015 273.117 5.02428 5.02415 -0.0333492 -0.0264259 1428970.0
425 0.02755 8.834e-05 -985.017 273.11 5.02418 5.02379 -0.195247 -0.332313 1428600.0
424 0.02765 8.83407e-05 -985.016 273.117 5.02434 5.02427 -0.0413124 -0.0858636 1429000.0
423 0.02775 8.83393e-05 -985.017 273.111 5.02415 5.02387 -0.161641 -0.31436 1428630.0
422 0.02785 8.83413e-05 -985.012 273.116 5.02436 5.02438 -0.054232 -0.0845825 1429000.0
421 0.02795 8.83398e-05 -985.018 273.11 5.02415 5.02398 -0.166386 -0.267298 1428660.0
420 0.02805 8.83405e-05 -985.015 273.117 5.02432 5.02417 -0.0981897 -0.164991 1428850.0
419 0.02815 8.83412e-05 -985.013 273.116 5.02435 5.02447 -0.060107 -0.0233682 1429010.0
418 0.02825 8.83408e-05 -985.01 273.118 5.02437 5.0245 0.015156 0.157759 1429120.0
417 0.02835 8.83409e-05 -985.017 273.112 5.02427 5.02409 -0.125303 -0.158136 1428740.0
416 0.02845 8.83402e-05 -985.018 273.112 5.02422 5.02399 -0.104144 -0.155221 1428700.0
415 0.02855 8.83409e-05 -985.016 273.112 5.02426 5.02414 -0.113592 -0.135237 1428770.0
414 0.02865 8.83413e-05 -985.018 273.111 5.02428 5.02406 -0.124932 -0.152405 1428760.0
413 0.02875 8.83398e-05 -985.024 273.104 5.02405 5.02346 -0.312119 -0.553548 1428260.0
412 0.02885 8.83399e-05 -985.021 273.106 5.02409 5.02365 -0.270349 -0.469941 1428390.0
411 0.02895 8.83409e-05 -985.017 273.111 5.02424 5.02405 -0.153044 -0.210565 1428710.0
410 0.02905 8.83407e-05 -985.015 273.117 5.02434 5.02427 -0.0596585 -0.00293748 1428960.0
409 0.02915 8.83408e-05 -985.018 273.111 5.02423 5.02401 -0.158908 -0.20272 1428720.0
408 0.02925 8.83401e-05 -985.02 273.107 5.02412 5.02384 -0.25263 -0.384287 1428510.0
407 0.02935 8.83406e-05 -985.017 273.111 5.02423 5.024 -0.116744 -0.16868 1428790.0
406 0.02945 8.83404e-05 -985.019 273.114 5.02427 5.02402 -0.146404 -0.241196 1428790.0
405 0.02955 8.83404e-05 -985.017 273.115 5.02428 5.02411 -0.0854299 -0.11092 1428910.0
404 0.02965 8.83408e-05 -985.021 273.111 5.02424 5.0239 -0.112734 -0.128098 1428760.0
403 0.02975 8.83406e-05 -985.017 273.121 5.0244 5.0242 0.0130894 0.0796975 1429080.0
402 0.02985 8.83405e-05 -985.02 273.111 5.02422 5.02376 -0.1409 -0.192727 1428690.0
401 0.02995 8.83407e-05 -985.019 273.116 5.02432 5.02408 -0.0496282 -0.00196201 1428930.0
400 0.03005 8.83401e-05 -985.018 273.118 5.02433 5.02413 -0.0125719 0.0786332 1429020.0
399 0.03015 8.83406e-05 -985.021 273.111 5.02423 5.02368 -0.169255 -0.188295 1428600.0
398 0.03025 8.83402e-05 -985.021 273.113 5.02424 5.02369 -0.131097 -0.162212 1428660.0
397 0.03035 8.83403e-05 -985.024 273.108 5.02416 5.02348 -0.17092 -0.227656 1428530.0
396 0.03045 8.83401e-05 -985.024 273.112 5.02422 5.02349 -0.172452 -0.199773 1428550.0
395 0.03055 8.83408e-05 -985.024 273.11 5.02421 5.02355 -0.191915 -0.195179 1428510.0
394 0.03065 8.83398e-05 -985.022 273.11 5.02416 5.02365 -0.153082 -0.128126 1428640.0
393 0.03075 8.834e-05 -985.024 273.111 5.0242 5.02359 -0.156245 -0.242263 1428530.0
392 0.03085 8.8341e-05 -985.024 273.109 5.02422 5.02363 -0.223704 -0.300216 1428430.0
391 0.03095 8.83409e-05 -985.02 273.111 5.02425 5.0238 -0.167504 -0.197032 1428540.0
390 0.03105 8.83409e-05 -985.019 273.111 5.02424 5.02393 -0.185711 -0.191216 1428580.0
389 0.03115 8.8341e-05 -985.013 273.116 5.02435 5.0243 -0.0389533 0.0714605 1428940.0
388 0.03125 8.83414e-05 -985.013 273.12 5.02444 5.02443 0.00644745 0.112009 1429030.0
387 0.03135 8.8342e-05 -985.01 273.124 5.02455 5.02472 0.0695236 0.240845 1429260.0
386 0.03145 8.83424e-05 -985.013 273.119 5.02448 5.02452 -0.00950589 0.104195 1429050.0
385 0.03155 8.83411e-05 -985.014 273.116 5.02435 5.02422 -0.136025 -0.227414 1428770.0
384 0.03165 8.83422e-05 -985.015 273.112 5.02434 5.02416 -0.175261 -0.293676 1428620.0
383 0.03175 8.83417e-05 -985.015 273.115 5.02436 5.02417 -0.155349 -0.312715 1428690.0
382 0.03185 8.83426e-05 -985.013 273.115 5.02442 5.02431 -0.138819 -0.242902 1428750.0
381 0.03195 8.83414e-05 -985.012 273.116 5.02436 5.02433 -0.124238 -0.149885 1428770.0
380 0.03205 8.83423e-05 -985.014 273.114 5.02439 5.02427 -0.168581 -0.224449 1428670.0
379 0.03215 8.83433e-05 -985.008 273.121 5.02457 5.02482 0.0238677 0.204583 1429190.0
378 0.03225 8.83414e-05 -985.009 273.12 5.02444 5.02446 -0.0748592 -0.0230546 1428950.0
377 0.03235 8.83433e-05 -985.007 273.124 5.02462 5.0248 0.0441076 0.225947 1429250.0
376 0.03245 8.83428e-05 -985.006 273.124 5.02458 5.02466 0.0286989 0.149643 1429120.0
375 0.03255 8.83425e-05 -985.009 273.124 5.02457 5.02461 0.0401372 0.15858 1429140.0
374 0.03265 8.83432e-05 -985.005 273.124 5.02461 5.02484 0.0577731 0.209216 1429260.0
373 0.03275 8.83435e-05 -985.008 273.122 5.0246 5.02474 -0.0216614 0.104346 1429070.0
372 0.03285 8.83425e-05 -985.006 273.124 5.02457 5.02473 0.0250308 0.152918 1429160.0
371 0.03295 8.83436e-05 -985.003 273.128 5.02471 5.0251 0.117386 0.328744 1429390.0
370 0.03305 8.83435e-05 -985.007 273.12 5.02456 5.02468 -0.0168516 0.0893994 1429060.0
369 0.03315 8.83431e-05 -985.007 273.121 5.02456 5.02465 -0.046117 0.0220591 1429000.0
368 0.03325 8.83432e-05 -985.005 273.122 5.02457 5.02476 -0.00597907 0.0850263 1429110.0
367 0.03335 8.83431e-05 -985.006 273.12 5.02453 5.02473 -0.0285803 0.00769569 1429030.0
366 0.03345 8.83427e-05 -985.004 273.124 5.02458 5.02488 0.00608235 0.0939879 1429100.0
365 0.03355 8.83431e-05 -985.008 273.122 5.02457 5.02477 -0.0256744 -0.0124257 1429050.0
364 0.03365 8.8343e-05 -985.007 273.122 5.02457 5.0247 -0.00508266 -0.0171322 1429020.0
363 0.03375 8.83429e-05 -985.008 273.12 5.02452 5.02472 -0.0080027 0.0533307 1429030.0
362 0.03385 8.83429e-05 -985.003 273.126 5.02462 5.02496 0.0912882 0.243001 1429310.0
361 0.03395 8.83427e-05 -985.009 273.123 5.02457 5.02471 0.00582663 0.111954 1429120.0
360 0.03405 8.83425e-05 -985.009 273.119 5.02448 5.02443 -0.0499932 0.00456854 1428930.0
359 0.03415 8.83414e-05 -985.012 273.118 5.0244 5.02426 -0.0660245 -0.0415314 1428850.0
358 0.03425 8.83429e-05 -985.009 273.122 5.02457 5.0246 0.0420125 0.099708 1429150.0
357 0.03435 8.83423e-05 -985.011 273.119 5.02447 5.02417 -0.0706195 -0.135568 1428810.0
356 0.03445 8.83423e-05 -985.011 273.12 5.02449 5.02423 -0.0636869 -0.148102 1428800.0
355 0.03455 8.83419e-05 -985.014 273.118 5.02444 5.02418 -0.0879581 -0.146492 1428800.0
354 0.03465 8.8342e-05 -985.015 273.112 5.02432 5.02385 -0.183502 -0.312027 1428480.0
353 0.03475 8.83422e-05 -985.017 273.114 5.02437 5.02389 -0.200024 -0.334593 1428470.0
352 0.03485 8.83421e-05 -985.016 273.114 5.02436 5.02373 -0.185311 -0.326493 1428490.0
351 0.03495 8.83416e-05 -985.016 273.119 5.02443 5.02398 -0.0416719 -0.0938596 1428810.0
350 0.03505 8.83428e-05 -985.016 273.117 5.02446 5.024 -0.0791303 -0.102023 1428790.0
349 0.03515 8.83425e-05 -985.009 273.126 5.02462 5.0245 0.124126 0.311437 1429290.0
348 0.03525 8.83417e-05 -985.016 273.117 5.0244 5.0239 -0.0964954 -0.133968 1428700.0
347 0.03535 8.83419e-05 -985.016 273.119 5.02444 5.02395 -0.0557465 -0.0748552 1428750.0
346 0.03545 8.83426e-05 -985.016 273.118 5.02447 5.02398 -0.0818178 -0.143731 1428690.0
345 0.03555 8.83422e-05 -985.015 273.116 5.0244 5.02381 -0.0969012 -0.19369 1428560.0
344 0.03565 8.83416e-05 -985.018 273.118 5.02441 5.02385 -0.0815457 -0.122495 1428660.0
343 0.03575 8.83423e-05 -985.018 273.118 5.02445 5.02383 -0.0834823 -0.169105 1428660.0
342 0.03585 8.83418e-05 -985.018 273.113 5.02433 5.02362 -0.107974 -0.213229 1428530.0
341 0.03595 8.83419e-05 -985.019 273.114 5.02436 5.02365 -0.11029 -0.210413 1428570.0
340 0.03605 8.8342e-05 -985.017 273.114 5.02436 5.02366 -0.133843 -0.253464 1428520.0
339 0.03615 8.83421e-05 -985.02 273.113 5.02434 5.02353 -0.247554 -0.434069 1428320.0
338 0.03625 8.83423e-05 -985.02 273.11 5.0243 5.02352 -0.217986 -0.368696 1428360.0
337 0.03635 8.83424e-05 -985.017 273.114 5.02439 5.02374 -0.132371 -0.168448 1428590.0
336 0.03645 8.83421e-05 -985.016 273.119 5.02445 5.02382 -0.0709359 -0.077711 1428710.0
335 0.03655 8.8342e-05 -985.018 273.12 5.02446 5.02386 -0.0292979 0.00669474 1428790.0
334 0.03665 8.83419e-05 -985.017 273.118 5.02443 5.02369 -0.0413191 -0.036636 1428730.0
333 0.03675 8.83419e-05 -985.02 273.117 5.02442 5.0237 -0.0221643 0.00341977 1428740.0
332 0.03685 8.83415e-05 -985.023 273.11 5.02426 5.02333 -0.196387 -0.290697 1428380.0
331 0.03695 8.83416e-05 -985.023 273.11 5.02427 5.02329 -0.258857 -0.437716 1428240.0
330 0.03705 8.83416e-05 -985.02 273.111 5.02428 5.02353 -0.201086 -0.300364 1428420.0
329 0.03715 8.83423e-05 -985.017 273.115 5.0244 5.02376 -0.0875095 -0.0892889 1428650.0
328 0.03725 8.83419e-05 -985.017 273.118 5.02443 5.0238 -0.0890066 -0.0494909 1428670.0
327 0.03735 8.83422e-05 -985.015 273.116 5.02442 5.02369 -0.126997 -0.149931 1428520.0
326 0.03745 8.83418e-05 -985.019 273.114 5.02435 5.02348 -0.155413 -0.264793 1428360.0
325 0.03755 8.83413e-05 -985.021 273.112 5.02428 5.0233 -0.195323 -0.356693 1428220.0
324 0.03765 8.83419e-05 -985.024 273.109 5.02426 5.02326 -0.25506 -0.405513 1428110.0
323 0.03775 8.8342e-05 -985.02 273.112 5.02433 5.0234 -0.172062 -0.251225 1428330.0
322 0.03785 8.83418e-05 -985.021 273.11 5.02428 5.02328 -0.229002 -0.350748 1428190.0
321 0.03795 8.83419e-05 -985.018 273.115 5.02438 5.02361 -0.126359 -0.193687 1428460.0
320 0.03805 8.83426e-05 -985.015 273.118 5.02446 5.02378 -0.0726383 -0.0771079 1428580.0
319 0.03815 8.83423e-05 -985.016 273.118 5.02445 5.02376 -0.0839085 -0.130302 1428600.0
318 0.03825 8.83428e-05 -985.016 273.118 5.02449 5.02388 -0.0568732 -0.0817698 1428660.0
317 0.03835 8.83421e-05 -985.013 273.117 5.02442 5.02376 -0.10981 -0.197916 1428430.0
316 0.03845 8.83427e-05 -985.014 273.116 5.02444 5.02378 -0.123489 -0.202405 1428360.0
315 0.03855 8.83426e-05 -985.012 273.118 5.02446 5.02394 -0.123128 -0.0922701 1428440.0
314 0.03865 8.83426e-05 -985.011 273.12 5.0245 5.02416 -0.050904 0.023303 1428560.0
313 0.03875 8.83426e-05 -985.011 273.118 5.02447 5.02403 -0.0991005 -0.0828202 1428430.0
312 0.03885 8.83428e-05 -985.01 273.119 5.0245 5.02404 -0.0450281 -0.0239978 1428440.0
311 0.03895 8.83433e-05 -985.013 273.118 5.02451 5.0241 -0.101243 -0.10834 1428370.0
310 0.03905 8.83424e-05 -985.012 273.117 5.02444 5.02391 -0.0997895 -0.184588 1428350.0
309 0.03915 8.83433e-05 -985.006 273.127 5.02468 5.02462 0.10337 0.27296 1428980.0
308 0.03925 8.83435e-05 -985.01 273.12 5.02456 5.02435 0.0221381 0.0885077 1428710.0
307 0.03935 8.8343e-05 -985.006 273.123 5.02458 5.02453 -0.00926924 0.0603733 1428780.0
306 0.03945 8.83429e-05 -985.007 273.125 5.02461 5.02454 0.00706388 0.11468 1428860.0
305 0.03955 8.83444e-05 -985.006 273.124 5.02469 5.02468 0.0565424 0.268618 1428930.0
304 0.03965 8.83426e-05 -985.003 273.126 5.02461 5.02458 0.0191219 0.229805 1428890.0
303 0.03975 8.83438e-05 -985.003 273.127 5.0247 5.02484 0.123092 0.42483 1429160.0
302 0.03985 8.83425e-05 -985.005 273.128 5.02464 5.02466 0.0623032 0.252622 1428990.0
301 0.03995 8.8343e-05 -985.004 273.126 5.02465 5.02468 0.0714185 0.222442 1429020.0
300 0.04005 8.83432e-05 -985.005 273.126 5.02465 5.02477 0.106043 0.331512 1429120.0
299 0.04015 8.83426e-05 -985.002 273.126 5.02462 5.02472 0.0833764 0.285349 1429080.0
298 0.04025 8.83429e-05 -985.007 273.123 5.02458 5.02452 -0.0028184 0.0762591 1428880.0
297 0.04035 8.8342e-05 -985.01 273.122 5.0245 5.02433 -0.0677655 -0.0606224 1428670.0
296 0.04045 8.83423e-05 -985.008 273.122 5.02453 5.02445 0.00592052 0.0144022 1428790.0
295 0.04055 8.83431e-05 -985.004 273.128 5.02468 5.02501 0.145199 0.315633 1429230.0
294 0.04065 8.83426e-05 -984.998 273.135 5.02478 5.02534 0.312424 0.712474 1429610.0
293 0.04075 8.83425e-05 -985.002 273.13 5.02468 5.02507 0.134691 0.451418 1429270.0
292 0.04085 8.83429e-05 -985.006 273.123 5.02458 5.02483 0.0507881 0.299262 1429010.0
291 0.04095 8.83433e-05 -985.003 273.125 5.02465 5.025 0.085868 0.372444 1429130.0
290 0.04105 8.83418e-05 -985.003 273.124 5.02453 5.02485 0.0557072 0.314072 1429100.0
289 0.04115 8.83426e-05 -985.006 273.124 5.02458 5.02472 0.00445886 0.148448 1429000.0
288 0.04125 8.83429e-05 -985.009 273.12 5.02453 5.02466 -0.00494855 0.145314 1428930.0
287 0.04135 8.83423e-05 -985.007 273.121 5.02452 5.02462 0.00203881 0.13974 1428950.0
286 0.04145 8.83426e-05 -985.008 273.121 5.02453 5.02466 0.018 0.197754 1429000.0
285 0.04155 8.83438e-05 -985.004 273.122 5.02461 5.02488 0.0233924 0.246539 1429110.0
284 0.04165 8.83424e-05 -985.007 273.122 5.02453 5.02465 -0.0133649 0.175301 1428930.0
283 0.04175 8.83427e-05 -985.006 273.122 5.02455 5.02452 -0.000919259 0.123441 1428940.0
282 0.04185 8.8343e-05 -985.01 273.12 5.02454 5.02442 -0.0338842 0.0229892 1428840.0
281 0.04195 8.8343e-05 -985.012 273.119 5.02451 5.02417 -0.0394116 -0.0616069 1428780.0
280 0.04205 8.83423e-05 -985.012 273.116 5.02441 5.02392 -0.104427 -0.190855 1428580.0
279 0.04215 8.83431e-05 -985.011 273.12 5.02454 5.0242 -0.0700104 -0.0941856 1428730.0
278 0.04225 8.83431e-05 -985.007 273.12 5.02454 5.02435 -0.0275733 0.020528 1428810.0
277 0.04235 8.83433e-05 -985.011 273.121 5.02455 5.0243 -0.0388692 -0.0422757 1428740.0
276 0.04245 8.83428e-05 -985.008 273.122 5.02455 5.02425 -0.0175658 0.043566 1428750.0
275 0.04255 8.83422e-05 -985.011 273.119 5.02446 5.02403 -0.121779 -0.125058 1428530.0
274 0.04265 8.83427e-05 -985.01 273.121 5.02453 5.02425 -0.0229075 -0.0162574 1428710.0
273 0.04275 8.83434e-05 -985.003 273.13 5.02474 5.02476 0.0644396 0.184977 1429060.0
272 0.04285 8.83433e-05 -985.005 273.125 5.02464 5.02466 0.0416897 0.158765 1428970.0
271 0.04295 8.83431e-05 -985.005 273.128 5.02468 5.02473 0.0526563 0.197033 1429050.0
270 0.04305 8.83432e-05 -985.005 273.126 5.02464 5.02467 0.0100611 0.0756378 1428950.0
269 0.04315 8.83441e-05 -985.001 273.13 5.02477 5.02489 0.0798538 0.208863 1429170.0
268 0.04325 8.83433e-05 -985.0 273.129 5.02471 5.02505 0.0907978 0.278628 1429150.0
267 0.04335 8.83435e-05 -984.999 273.131 5.02475 5.02501 0.126559 0.28533 1429170.0
266 0.04345 8.83438e-05 -985.002 273.129 5.02474 5.02499 0.0809833 0.21034 1429130.0
265 0.04355 8.83434e-05 -985.0 273.131 5.02475 5.02501 0.120725 0.249303 1429180.0
264 0.04365 8.83439e-05 -985.003 273.127 5.02471 5.02496 0.085403 0.19278 1429050.0
263 0.04375 8.83434e-05 -985.001 273.129 5.02471 5.02479 0.0559108 0.131044 1428980.0
262 0.04385 8.83439e-05 -985.002 273.131 5.02477 5.02501 0.169761 0.379726 1429210.0
261 0.04395 8.83443e-05 -985.002 273.134 5.02487 5.02516 0.232429 0.52494 1429380.0
260 0.04405 8.83435e-05 -985.0 273.131 5.02476 5.02495 0.147739 0.369068 1429220.0
259 0.04415 8.83443e-05 -985.003 273.124 5.02468 5.02477 0.0463 0.18523 1428930.0
258 0.04425 8.83433e-05 -985.004 273.128 5.0247 5.02481 0.0424527 0.214935 1428980.0
257 0.04435 8.83442e-05 -985.005 273.124 5.02468 5.0248 0.0230433 0.185958 1428950.0
256 0.04445 8.83431e-05 -985.006 273.122 5.02457 5.02451 -0.0216206 0.0831636 1428750.0
255 0.04455 8.83433e-05 -985.006 273.126 5.02466 5.02463 0.0279512 0.175758 1428870.0
254 0.04465 8.83432e-05 -985.008 273.123 5.02459 5.02443 0.0381153 0.149557 1428730.0
253 0.04475 8.8343e-05 -985.007 273.125 5.02463 5.02457 0.10401 0.305961 1428930.0
252 0.04485 8.83428e-05 -985.011 273.122 5.02455 5.02431 -0.02252 0.0798381 1428640.0
251 0.04495 8.8343e-05 -985.014 273.122 5.02457 5.02424 -0.0255035 0.00422183 1428580.0
250 0.04505 8.83418e-05 -985.015 273.116 5.02439 5.0239 -0.155383 -0.191359 1428230.0
249 0.04515 8.83421e-05 -985.013 273.117 5.02443 5.02402 -0.134218 -0.159064 1428260.0
248 0.04525 8.83421e-05 -985.015 273.117 5.02442 5.02405 -0.116966 -0.0955789 1428280.0
247 0.04535 8.83423e-05 -985.017 273.114 5.02439 5.02385 -0.158342 -0.229107 1428180.0
246 0.04545 8.83417e-05 -985.018 273.113 5.02432 5.02367 -0.219855 -0.298441 1428030.0
245 0.04555 8.83412e-05 -985.017 273.112 5.02428 5.02369 -0.191849 -0.233959 1428100.0
244 0.04565 8.83422e-05 -985.015 273.117 5.02442 5.02392 -0.0652059 -0.045045 1428360.0
243 0.04575 8.83417e-05 -985.019 273.116 5.02438 5.02379 -0.126067 -0.10016 1428260.0
242 0.04585 8.83417e-05 -985.015 273.115 5.02436 5.02374 -0.121625 -0.106405 1428220.0
241 0.04595 8.83417e-05 -985.015 273.12 5.02445 5.02404 -0.0466628 0.0587687 1428490.0
240 0.04605 8.83417e-05 -985.013 273.122 5.0245 5.02407 0.016651 0.126001 1428600.0
239 0.04615 8.83423e-05 -985.012 273.124 5.02457 5.02422 0.0644104 0.244893 1428770.0
238 0.04625 8.83424e-05 -985.015 273.121 5.02452 5.02417 -0.00083203 0.0855766 1428610.0
237 0.04635 8.83422e-05 -985.011 273.122 5.02452 5.02422 0.0352529 0.147981 1428720.0
236 0.04645 8.83427e-05 -985.013 273.121 5.02453 5.02421 0.0262458 0.120502 1428700.0
235 0.04655 8.83425e-05 -985.011 273.123 5.02456 5.02437 0.0400374 0.187854 1428850.0
234 0.04665 8.83426e-05 -985.013 273.121 5.02452 5.02419 0.00449354 0.0723251 1428690.0
233 0.04675 8.83423e-05 -985.016 273.119 5.02448 5.02396 -0.0641408 -0.10221 1428560.0
232 0.04685 8.83419e-05 -985.013 273.12 5.02446 5.02391 0.00179543 0.00584331 1428640.0
231 0.04695 8.8343e-05 -985.013 273.121 5.02455 5.02411 0.0115393 -0.0285484 1428680.0
230 0.04705 8.83414e-05 -985.013 273.126 5.02454 5.02417 0.100137 0.0890353 1428860.0
229 0.04715 8.83423e-05 -985.011 273.125 5.02458 5.02418 0.15014 0.150807 1428900.0
228 0.04725 8.8343e-05 -985.012 273.128 5.02468 5.02433 0.153593 0.172111 1428940.0
227 0.04735 8.8342e-05 -985.012 273.128 5.02463 5.02432 0.199443 0.226675 1428980.0
226 0.04745 8.83427e-05 -985.012 273.126 5.02462 5.02414 0.11409 0.0502956 1428750.0
225 0.04755 8.83416e-05 -985.009 273.126 5.02456 5.02435 0.207439 0.283155 1428970.0
224 0.04765 8.83419e-05 -985.015 273.124 5.02454 5.0241 0.0582902 -0.0548763 1428680.0
223 0.04775 8.83426e-05 -985.015 273.12 5.02451 5.02402 0.0206688 -0.127309 1428540.0
222 0.04785 8.83417e-05 -985.018 273.114 5.02435 5.02367 -0.122121 -0.356997 1428220.0
221 0.04795 8.83416e-05 -985.014 273.119 5.02443 5.02402 0.00840799 -0.0617359 1428570.0
220 0.04805 8.83414e-05 -985.013 273.123 5.02449 5.02414 0.0436248 -0.00284188 1428690.0
219 0.04815 8.83417e-05 -985.014 273.124 5.02452 5.02415 0.0906408 0.0737227 1428780.0
218 0.04825 8.83417e-05 -985.015 273.123 5.02451 5.02407 0.113718 0.0821124 1428790.0
217 0.04835 8.83419e-05 -985.015 273.122 5.0245 5.02402 0.0618862 -0.0572861 1428660.0
216 0.04845 8.83416e-05 -985.015 273.124 5.02452 5.02421 0.141893 0.0700739 1428850.0
215 0.04855 8.83422e-05 -985.012 273.127 5.0246 5.0244 0.211532 0.149011 1429020.0
214 0.04865 8.83421e-05 -985.011 273.128 5.02463 5.02445 0.23137 0.240981 1429130.0
213 0.04875 8.83419e-05 -985.014 273.128 5.02461 5.0243 0.193589 0.0957739 1428940.0
212 0.04885 8.83421e-05 -985.013 273.123 5.02454 5.02414 0.120628 0.00483295 1428810.0
211 0.04895 8.83425e-05 -985.014 273.125 5.02459 5.02432 0.11166 0.0581453 1428900.0
210 0.04905 8.83425e-05 -985.009 273.13 5.02468 5.02465 0.243753 0.293784 1429220.0
209 0.04915 8.83424e-05 -985.009 273.13 5.02468 5.02466 0.242975 0.305949 1429310.0
208 0.04925 8.8343e-05 -985.01 273.126 5.02463 5.02446 0.131583 0.0920835 1429030.0
207 0.04935 8.83419e-05 -985.012 273.122 5.0245 5.02433 0.0585143 0.0173416 1428890.0
206 0.04945 8.83425e-05 -985.011 273.122 5.02454 5.02432 0.0740785 0.053107 1428920.0
205 0.04955 8.83417e-05 -985.011 273.127 5.02459 5.02442 0.11597 0.105889 1429010.0
204 0.04965 8.83425e-05 -985.015 273.125 5.02459 5.02429 0.0769281 -0.0173665 1428900.0
203 0.04975 8.83419e-05 -985.014 273.119 5.02445 5.02398 -0.00435947 -0.189573 1428630.0
202 0.04985 8.83419e-05 -985.015 273.122 5.0245 5.02418 0.0279333 -0.085954 1428780.0
201 0.04995 8.83424e-05 -985.013 273.124 5.02457 5.02434 0.0552295 -0.0262188 1428850.0
200 0.05005 8.83425e-05 -985.01 273.126 5.0246 5.02457 0.160382 0.178836 1429090.0
199 0.05015 8.8342e-05 -985.008 273.127 5.02459 5.02461 0.183272 0.253147 1429150.0
198 0.05025 8.83423e-05 -985.01 273.123 5.02455 5.02444 0.133504 0.14667 1428960.0
197 0.05035 8.83422e-05 -985.01 273.126 5.0246 5.0246 0.166698 0.191225 1429110.0
196 0.05045 8.83422e-05 -985.013 273.123 5.02454 5.02438 0.101744 0.0522216 1428910.0
195 0.05055 8.83425e-05 -985.008 273.127 5.02462 5.02464 0.163354 0.21702 1429140.0
194 0.05065 8.83424e-05 -985.012 273.124 5.02456 5.02438 0.0639063 0.0288617 1428900.0
193 0.05075 8.83422e-05 -985.013 273.12 5.02449 5.02422 0.0253069 -0.0565002 1428790.0
192 0.05085 8.83415e-05 -985.015 273.118 5.0244 5.02409 -0.088517 -0.255234 1428570.0
191 0.05095 8.8342e-05 -985.012 273.119 5.02446 5.02421 0.00363895 -0.0882402 1428740.0
190 0.05105 8.83426e-05 -985.015 273.119 5.02449 5.02417 -0.00051909 -0.154801 1428710.0
189 0.05115 8.83418e-05 -985.014 273.118 5.02443 5.02411 -0.0140288 -0.203573 1428670.0
188 0.05125 8.83425e-05 -985.012 273.123 5.02455 5.02422 0.0452578 -0.148608 1428800.0
187 0.05135 8.83425e-05 -985.015 273.121 5.02453 5.02418 0.0546465 -0.104138 1428750.0
186 0.05145 8.83427e-05 -985.008 273.127 5.02464 5.02451 0.158651 0.0948031 1429000.0
185 0.05155 8.83421e-05 -985.011 273.124 5.02456 5.02431 0.100488 -0.00399912 1428830.0
184 0.05165 8.83429e-05 -985.011 273.125 5.02462 5.02441 0.112984 0.00797961 1428860.0
183 0.05175 8.83431e-05 -985.003 273.132 5.02476 5.02475 0.25912 0.297477 1429220.0
182 0.05185 8.83426e-05 -985.011 273.126 5.02462 5.02445 0.147944 0.151835 1428990.0
181 0.05195 8.83427e-05 -985.006 273.126 5.02463 5.02448 0.152909 0.237311 1428990.0
180 0.05205 8.83432e-05 -985.009 273.131 5.02475 5.02482 0.255826 0.405925 1429310.0
179 0.05215 8.83428e-05 -985.008 273.131 5.02473 5.02471 0.29038 0.407459 1429280.0
178 0.05225 8.83424e-05 -985.009 273.129 5.02466 5.02442 0.207 0.219086 1429030.0
177 0.05235 8.83429e-05 -985.007 273.13 5.02471 5.02464 0.256091 0.352928 1429190.0
176 0.05245 8.83427e-05 -985.012 273.126 5.02461 5.0243 0.147796 0.14069 1428900.0
175 0.05255 8.8342e-05 -985.014 273.124 5.02454 5.0243 0.142905 0.122359 1428930.0
174 0.05265 8.83423e-05 -985.014 273.124 5.02456 5.02418 0.0949996 0.0369413 1428830.0
173 0.05275 8.83412e-05 -985.012 273.123 5.02448 5.0241 0.0890911 0.0806026 1428830.0
172 0.05285 8.83421e-05 -985.013 273.125 5.02456 5.02423 0.112269 0.116065 1428900.0
171 0.05295 8.83417e-05 -985.014 273.124 5.02454 5.02426 0.127873 0.140608 1428930.0
170 0.05305 8.83422e-05 -985.012 273.122 5.02452 5.02414 0.0568014 -0.00869127 1428710.0
169 0.05315 8.83415e-05 -985.016 273.119 5.02443 5.02399 0.0117764 -0.156291 1428590.0
168 0.05325 8.83415e-05 -985.016 273.117 5.0244 5.02394 -0.035629 -0.183256 1428510.0
167 0.05335 8.83421e-05 -985.018 273.12 5.02447 5.02399 0.0401806 -0.0993077 1428640.0
166 0.05345 8.83417e-05 -985.017 273.117 5.0244 5.02377 0.000558175 -0.22288 1428510.0
165 0.05355 8.83416e-05 -985.02 273.119 5.02443 5.02384 -0.00342527 -0.206945 1428580.0
164 0.05365 8.83409e-05 -985.014 273.119 5.0244 5.0238 0.0071854 -0.1425 1428560.0
163 0.05375 8.83417e-05 -985.019 273.117 5.0244 5.02373 -0.039586 -0.240263 1428440.0
162 0.05385 8.83414e-05 -985.016 273.119 5.02442 5.02392 0.0383586 -0.0780642 1428650.0
161 0.05395 8.83416e-05 -985.017 273.117 5.02439 5.02384 -0.0714973 -0.228097 1428480.0
160 0.05405 8.83416e-05 -985.017 273.118 5.02442 5.02392 -0.0140197 -0.173224 1428570.0
159 0.05415 8.83413e-05 -985.019 273.113 5.02431 5.02373 -0.134206 -0.314746 1428310.0
158 0.05425 8.83419e-05 -985.02 273.114 5.02436 5.02366 -0.0803568 -0.24127 1428360.0
157 0.05435 8.83412e-05 -985.02 273.114 5.02432 5.02347 -0.0784403 -0.33215 1428320.0
156 0.05445 8.83414e-05 -985.019 273.117 5.02439 5.02367 0.006677 -0.145724 1428470.0
155 0.05455 8.83416e-05 -985.021 273.116 5.02437 5.0236 -0.00800501 -0.144693 1428400.0
154 0.05465 8.83411e-05 -985.019 273.119 5.0244 5.02373 0.0159228 -0.0882616 1428550.0
153 0.05475 8.83415e-05 -985.018 273.117 5.0244 5.02371 0.0113343 -0.0909761 1428490.0
152 0.05485 8.83422e-05 -985.014 273.122 5.02451 5.02407 0.0731535 0.0573221 1428760.0
151 0.05495 8.83417e-05 -985.014 273.121 5.02447 5.02419 0.0809189 0.0629642 1428760.0
150 0.05505 8.83421e-05 -985.017 273.119 5.02445 5.02402 0.0303301 -0.0526585 1428600.0
149 0.05515 8.83418e-05 -985.012 273.121 5.02448 5.0241 0.0426314 -0.0330433 1428600.0
148 0.05525 8.8342e-05 -985.015 273.119 5.02446 5.02401 0.0344305 -0.0320286 1428540.0
147 0.05535 8.83412e-05 -985.016 273.115 5.02434 5.02386 -0.057181 -0.14793 1428330.0
146 0.05545 8.83423e-05 -985.018 273.116 5.02442 5.0239 -0.0309367 -0.107688 1428370.0
145 0.05555 8.83412e-05 -985.014 273.12 5.02442 5.02398 0.0052968 -0.0367598 1428460.0
144 0.05565 8.83418e-05 -985.014 273.121 5.02447 5.02402 0.077505 0.0648677 1428580.0
143 0.05575 8.83425e-05 -985.015 273.121 5.02452 5.02415 0.087399 0.0919677 1428660.0
142 0.05585 8.83411e-05 -985.017 273.117 5.02436 5.02388 -0.0209154 -0.0775182 1428420.0
141 0.05595 8.8341e-05 -985.017 273.118 5.02439 5.024 0.0414073 0.0652526 1428580.0
140 0.05605 8.83405e-05 -985.018 273.117 5.02434 5.02384 0.0216184 0.0186083 1428500.0
139 0.05615 8.83411e-05 -985.019 273.118 5.02439 5.0238 -0.00575662 -0.0259881 1428400.0
138 0.05625 8.8341e-05 -985.016 273.122 5.02445 5.02397 0.0710973 0.123304 1428570.0
137 0.05635 8.83416e-05 -985.014 273.125 5.02455 5.02413 0.138246 0.257844 1428730.0
136 0.05645 8.83412e-05 -985.017 273.124 5.0245 5.0239 0.157484 0.209784 1428660.0
135 0.05655 8.83419e-05 -985.019 273.121 5.02449 5.02372 0.0622699 0.0312248 1428450.0
134 0.05665 8.83405e-05 -985.023 273.119 5.02437 5.02343 -0.0172637 -0.147861 1428240.0
133 0.05675 8.8341e-05 -985.021 273.119 5.02439 5.02358 0.0111496 -0.0910911 1428320.0
132 0.05685 8.83406e-05 -985.022 273.118 5.02435 5.02341 0.0109044 -0.113108 1428250.0
131 0.05695 8.83406e-05 -985.021 273.119 5.02438 5.02348 0.0216025 -0.112909 1428300.0
130 0.05705 8.83408e-05 -985.021 273.115 5.02431 5.02341 -0.0161837 -0.205975 1428180.0
129 0.05715 8.83406e-05 -985.018 273.122 5.02443 5.02369 0.0631458 -0.0801813 1428480.0
128 0.05725 8.83406e-05 -985.019 273.123 5.02444 5.02375 0.0890016 0.0136731 1428500.0
127 0.05735 8.83419e-05 -985.017 273.124 5.02454 5.02399 0.16037 0.14458 1428680.0
126 0.05745 8.83412e-05 -985.013 273.128 5.02458 5.02414 0.175414 0.203493 1428770.0
125 0.05755 8.83412e-05 -985.016 273.124 5.02451 5.024 0.136874 0.113148 1428600.0
124 0.05765 8.83409e-05 -985.016 273.123 5.02446 5.02382 0.0881537 -0.0251165 1428460.0
123 0.05775 8.83416e-05 -985.013 273.125 5.02454 5.02398 0.171445 0.184267 1428620.0
122 0.05785 8.83407e-05 -985.014 273.127 5.02453 5.02399 0.161747 0.2331 1428700.0
121 0.05795 8.83411e-05 -985.017 273.122 5.02446 5.02384 0.0919594 0.128027 1428520.0
120 0.05805 8.83411e-05 -985.017 273.123 5.02448 5.02388 0.109323 0.134659 1428600.0
119 0.05815 8.83409e-05 -985.011 273.129 5.02457 5.02414 0.207673 0.344465 1428780.0
118 0.05825 8.83419e-05 -985.016 273.124 5.02453 5.02398 0.121857 0.144536 1428570.0
117 0.05835 8.83413e-05 -985.016 273.119 5.02441 5.02377 0.010169 -0.0504118 1428290.0
116 0.05845 8.83416e-05 -985.02 273.117 5.02439 5.02356 -0.055588 -0.103917 1428140.0
115 0.05855 8.83406e-05 -985.019 273.119 5.02437 5.02358 -0.0531517 -0.0626109 1428190.0
114 0.05865 8.83418e-05 -985.018 273.12 5.02446 5.02381 0.0153683 0.0539558 1428380.0
113 0.05875 8.83414e-05 -985.018 273.12 5.02444 5.02373 0.0280713 0.0398709 1428360.0
112 0.05885 8.83415e-05 -985.018 273.121 5.02447 5.02369 0.0471608 0.0102269 1428330.0
111 0.05895 8.83414e-05 -985.016 273.123 5.02449 5.0238 0.0854094 0.0699556 1428470.0
110 0.05905 8.83415e-05 -985.019 273.124 5.02453 5.02383 0.0845513 0.0496552 1428430.0
109 0.05915 8.83415e-05 -985.018 273.12 5.02445 5.02361 0.047394 -0.0373124 1428270.0
108 0.05925 8.83417e-05 -985.02 273.122 5.0245 5.0236 0.00899628 -0.152607 1428140.0
107 0.05935 8.83412e-05 -985.016 273.125 5.02452 5.0237 0.122134 0.0585655 1428370.0
106 0.05945 8.83411e-05 -985.014 273.129 5.02459 5.02401 0.228551 0.271189 1428640.0
105 0.05955 8.83417e-05 -985.016 273.128 5.0246 5.02403 0.187931 0.267621 1428610.0
104 0.05965 8.83415e-05 -985.013 273.128 5.0246 5.02414 0.193186 0.250422 1428630.0
103 0.05975 8.83413e-05 -985.015 273.126 5.02455 5.02397 0.186122 0.182425 1428490.0
102 0.05985 8.83419e-05 -985.015 273.128 5.02461 5.024 0.129808 0.0452486 1428440.0
101 0.05995 8.83418e-05 -985.012 273.127 5.02459 5.02404 0.147275 0.108612 1428510.0
100 0.06005 8.83424e-05 -985.01 273.13 5.02467 5.02439 0.209858 0.271573 1428790.0
99 0.06015 8.83411e-05 -985.015 273.119 5.02439 5.02386 0.00522081 -0.0795098 1428220.0
98 0.06025 8.83422e-05 -985.013 273.124 5.02455 5.02418 0.0589201 0.0712945 1428460.0
97 0.06035 8.83417e-05 -985.012 273.124 5.02453 5.02409 0.112005 0.124467 1428410.0
96 0.06045 8.83424e-05 -985.01 273.131 5.02469 5.0245 0.24189 0.4069 1428790.0
95 0.06055 8.83412e-05 -985.01 273.125 5.02453 5.02413 0.131306 0.212885 1428490.0
94 0.06065 8.83418e-05 -985.013 273.125 5.02455 5.02415 0.10378 0.155613 1428420.0
93 0.06075 8.83416e-05 -985.01 273.128 5.0246 5.0244 0.212836 0.338253 1428690.0
92 0.06085 8.83424e-05 -985.008 273.129 5.02466 5.02446 0.228941 0.419305 1428740.0
91 0.06095 8.83418e-05 -985.01 273.131 5.02466 5.0244 0.234342 0.376004 1428770.0
90 0.06105 8.83417e-05 -985.012 273.127 5.02459 5.02419 0.189456 0.273748 1428590.0
89 0.06115 8.83418e-05 -985.01 273.132 5.02469 5.02446 0.327602 0.558679 1428940.0
88 0.06125 8.83421e-05 -985.012 273.129 5.02464 5.02418 0.212661 0.335652 1428630.0
87 0.06135 8.83417e-05 -985.011 273.129 5.02463 5.02409 0.168438 0.232157 1428510.0
86 0.06145 8.83415e-05 -985.013 273.125 5.02453 5.02403 0.186355 0.218222 1428500.0
85 0.06155 8.83421e-05 -985.011 273.13 5.02466 5.02415 0.203306 0.264755 1428560.0
84 0.06165 8.83417e-05 -985.015 273.121 5.02447 5.0238 0.0594256 0.00699706 1428120.0
83 0.06175 8.83415e-05 -985.016 273.121 5.02447 5.02379 0.0320377 -0.0195098 1428100.0
82 0.06185 8.83416e-05 -985.014 273.122 5.0245 5.0238 0.0644197 0.0213446 1428120.0
81 0.06195 8.83418e-05 -985.016 273.124 5.02453 5.02391 0.0926362 0.0806708 1428180.0
80 0.06205 8.83419e-05 -985.013 273.124 5.02453 5.02397 0.0750045 0.0546335 1428170.0
79 0.06215 8.83414e-05 -985.016 273.116 5.02438 5.02365 -0.0707278 -0.156117 1427870.0
78 0.06225 8.83418e-05 -985.011 273.125 5.02456 5.02412 0.0916395 0.181391 1428260.0
77 0.06235 8.83429e-05 -985.01 273.122 5.02456 5.02408 0.0469937 0.0904766 1428190.0
76 0.06245 8.83428e-05 -985.009 273.125 5.02461 5.02427 0.107102 0.154369 1428340.0
75 0.06255 8.83425e-05 -985.014 273.123 5.02456 5.02398 0.0416898 -0.0630757 1428120.0
74 0.06265 8.83424e-05 -985.013 273.125 5.02458 5.02404 0.0906605 0.0346631 1428230.0
73 0.06275 8.83427e-05 -985.013 273.123 5.02456 5.02401 0.128095 0.159097 1428280.0
72 0.06285 8.83423e-05 -985.013 273.124 5.02457 5.02391 0.120316 0.124758 1428290.0
71 0.06295 8.83426e-05 -985.014 273.124 5.02458 5.02401 0.104141 0.113869 1428270.0
70 0.06305 8.83418e-05 -985.015 273.121 5.02447 5.02383 0.0661983 0.100841 1428160.0
69 0.06315 8.83424e-05 -985.014 273.127 5.02462 5.02404 0.188118 0.308017 1428400.0
68 0.06325 8.83429e-05 -985.012 273.129 5.02468 5.02422 0.268912 0.425714 1428530.0
67 0.06335 8.83429e-05 -985.01 273.13 5.0247 5.02427 0.262228 0.416648 1428600.0
66 0.06345 8.83419e-05 -985.017 273.122 5.02449 5.02377 0.115384 0.159803 1428140.0
65 0.06355 8.83424e-05 -985.016 273.122 5.02453 5.02387 0.0959258 0.115874 1428130.0
64 0.06365 8.83419e-05 -985.018 273.121 5.02448 5.02378 0.124185 0.174867 1428170.0
63 0.06375 8.83423e-05 -985.015 273.124 5.02457 5.02393 0.143198 0.27188 1428320.0
62 0.06385 8.83416e-05 -985.019 273.122 5.02448 5.02371 0.146757 0.242656 1428170.0
61 0.06395 8.83419e-05 -985.015 273.123 5.02452 5.02381 0.150165 0.268184 1428210.0
60 0.06405 8.83418e-05 -985.016 273.125 5.02455 5.02381 0.201055 0.306305 1428270.0
59 0.06415 8.83411e-05 -985.017 273.125 5.02452 5.02375 0.20419 0.319297 1428250.0
58 0.06425 8.83414e-05 -985.017 273.126 5.02455 5.0238 0.190662 0.296931 1428250.0
57 0.06435 8.83419e-05 -985.019 273.121 5.02448 5.02354 0.136341 0.203147 1428030.0
56 0.06445 8.83418e-05 -985.019 273.123 5.02451 5.02356 0.12513 0.184029 1428070.0
55 0.06455 8.83417e-05 -985.018 273.124 5.02452 5.02357 0.153735 0.196427 1428090.0
54 0.06465 8.83412e-05 -985.019 273.122 5.02446 5.02349 0.133845 0.11008 1427970.0
53 0.06475 8.83425e-05 -985.015 273.131 5.02471 5.024 0.283581 0.386435 1428410.0
52 0.06485 8.8342e-05 -985.014 273.133 5.02472 5.02414 0.384142 0.541016 1428630.0
51 0.06495 8.83424e-05 -985.013 273.129 5.02466 5.02403 0.345491 0.461711 1428510.0
50 0.06505 8.83417e-05 -985.016 273.126 5.02457 5.02365 0.181792 0.102401 1428090.0
49 0.06515 8.83413e-05 -985.017 273.125 5.02453 5.0236 0.14229 0.0532813 1427990.0
48 0.06525 8.83422e-05 -985.014 273.128 5.02463 5.024 0.267203 0.31438 1428340.0
47 0.06535 8.83416e-05 -985.01 273.134 5.02471 5.02427 0.344881 0.495067 1428580.0
46 0.06545 8.83419e-05 -985.013 273.132 5.02468 5.02415 0.292109 0.411944 1428390.0
45 0.06555 8.83416e-05 -985.012 273.131 5.02465 5.02408 0.310489 0.446798 1428400.0
44 0.06565 8.83427e-05 -985.011 273.131 5.02472 5.02411 0.27834 0.41243 1428360.0
43 0.06575 8.83417e-05 -985.011 273.131 5.02465 5.02411 0.296336 0.501465 1428340.0
42 0.06585 8.83425e-05 -985.012 273.132 5.02472 5.02418 0.319791 0.594415 1428440.0
41 0.06595 8.83419e-05 -985.012 273.129 5.02463 5.02397 0.255994 0.515841 1428250.0
40 0.06605 8.83415e-05 -985.016 273.129 5.02461 5.02383 0.188762 0.392178 1428130.0
39 0.06615 8.83416e-05 -985.017 273.123 5.02451 5.02365 0.0864095 0.250014 1427910.0
38 0.06625 8.83414e-05 -985.02 273.12 5.02444 5.02345 0.0438758 0.177298 1427770.0
37 0.06635 8.83418e-05 -985.021 273.117 5.02441 5.02338 0.00821598 0.0641278 1427690.0
36 0.06645 8.83415e-05 -985.018 273.12 5.02445 5.02343 0.0489795 0.218605 1427800.0
35 0.06655 8.83412e-05 -985.02 273.117 5.02437 5.02338 -0.0390645 0.0556165 1427690.0
34 0.06665 8.83413e-05 -985.019 273.117 5.02438 5.02347 0.0268114 0.199582 1427800.0
33 0.06675 8.83419e-05 -985.022 273.117 5.02441 5.02339 -0.0263171 0.0591838 1427670.0
32 0.06685 8.8341e-05 -985.018 273.12 5.02441 5.02347 0.0373375 0.158598 1427790.0
31 0.06695 8.83418e-05 -985.016 273.124 5.02453 5.02374 0.139366 0.418703 1428020.0
30 0.06705 8.83419e-05 -985.019 273.125 5.02456 5.02373 0.182292 0.439545 1428020.0
29 0.06715 8.83408e-05 -985.017 273.121 5.02443 5.02343 0.145015 0.326104 1427810.0
28 0.06725 8.83421e-05 -985.019 273.125 5.02457 5.02371 0.168491 0.385259 1427900.0
27 0.06735 8.83412e-05 -985.016 273.122 5.02447 5.02359 0.143436 0.351684 1427810.0
26 0.06745 8.83414e-05 -985.016 273.119 5.02442 5.02357 0.0788838 0.273039 1427700.0
25 0.06755 8.83415e-05 -985.015 273.125 5.02453 5.02383 0.174768 0.472312 1427950.0
24 0.06765 8.83419e-05 -985.014 273.123 5.02453 5.02381 0.176793 0.468091 1427910.0
23 0.06775 8.83423e-05 -985.015 273.126 5.0246 5.02395 0.193872 0.508689 1427960.0
22 0.06785 8.83422e-05 -985.01 273.133 5.02473 5.02436 0.372289 0.894667 1428390.0
21 0.06795 8.8342e-05 -985.008 273.133 5.02471 5.02429 0.365143 0.891546 1428360.0
20 0.06805 8.83417e-05 -985.008 273.135 5.02474 5.02437 0.398642 0.984116 1428460.0
19 0.06815 8.8342e-05 -985.013 273.131 5.02468 5.02416 0.329207 0.883111 1428200.0
18 0.06825 8.83418e-05 -985.01 273.131 5.02466 5.02403 0.313328 0.849727 1428090.0
17 0.06835 8.83427e-05 -985.011 273.133 5.02476 5.02413 0.332071 0.878575 1428130.0
16 0.06845 8.83417e-05 -985.014 273.132 5.02468 5.02399 0.360229 0.895459 1428110.0
15 0.06855 8.83415e-05 -985.013 273.131 5.02464 5.02387 0.307217 0.768578 1428020.0
14 0.06865 8.8342e-05 -985.012 273.13 5.02465 5.02392 0.316313 0.803592 1427980.0
13 0.06875 8.83417e-05 -985.015 273.129 5.02463 5.02382 0.251553 0.691908 1427830.0
12 0.06885 8.83418e-05 -985.018 273.125 5.02454 5.02349 0.188485 0.514614 1427550.0
11 0.06895 8.83415e-05 -985.014 273.131 5.02466 5.0238 0.354875 0.843633 1427950.0
10 0.06905 8.83422e-05 -985.011 273.136 5.02478 5.02405 0.430634 1.00789 1428160.0
9 0.06915 8.83426e-05 -985.008 273.138 5.02485 5.0243 0.509203 1.16405 1428360.0
8 0.06925 8.83427e-05 -985.009 273.134 5.02477 5.02415 0.40236 0.975174 1428130.0
7 0.06935 8.83425e-05 -985.008 273.134 5.02477 5.02414 0.383463 0.962999 1428070.0
6 0.06945 8.83423e-05 -985.011 273.133 5.02473 5.02407 0.386132 0.961965 1428050.0
5 0.06955 8.83419e-05 -985.013 273.131 5.02467 5.0239 0.34544 0.86219 1427880.0
4 0.06965 8.83427e-05 -985.01 273.134 5.02478 5.02423 0.402906 0.958765 1428070.0
3 0.06975 8.8342e-05 -985.008 273.135 5.02475 5.02428 0.404944 0.995039 1428070.0
2 0.06985 8.83424e-05 -985.007 273.133 5.02473 5.02424 0.418001 1.02563 1428080.0
1 0.06995 8.83431e-05 -985.005 273.14 5.02491 5.02458 0.519194 1.21517 1428360.0
