TITLE = "DSMC"
VARIABLES = "ID" "X" "rho" "v1" "Ttrans" "p" "p1" "q1" "mv1v1v1" "mvvv1v1"
ZONE T="Ma=3.2_inv", I=1000, J=1, K=1, F=POINT
1000 -0.02995 0.000273301 -318.389 1107.66 63.0402 63.0361 0.0533848 -0.533123 72703400.0
999 -0.02985 0.00027329 -318.4 1107.67 63.0381 63.0349 0.431179 0.879449 72702300.0
998 -0.02975 0.000273297 -318.393 1107.64 63.038 63.0361 -0.355112 0.150069 72703600.0
997 -0.02965 0.000273268 -318.43 1107.66 63.0322 63.0328 2.17732 4.83746 72701500.0
996 -0.02955 0.000273268 -318.426 1107.65 63.0318 63.0322 1.9113 4.48756 72698600.0
995 -0.02945 0.000273275 -318.421 1107.66 63.034 63.0336 1.6051 3.22066 72699900.0
994 -0.02935 0.000273285 -318.407 1107.64 63.0355 63.0342 0.486612 0.887608 72698100.0
993 -0.02925 0.00027328 -318.414 1107.67 63.0363 63.0341 1.23879 2.11373 72697800.0
992 -0.02915 0.000273277 -318.418 1107.67 63.0353 63.0343 1.89145 2.8954 72698200.0
991 -0.02905 0.000273306 -318.385 1107.68 63.0427 63.0371 0.326287 -2.11003 72700400.0
990 -0.02895 0.000273306 -318.384 1107.69 63.0428 63.0367 -0.176783 -3.63687 72699700.0
989 -0.02885 0.00027329 -318.403 1107.65 63.0372 63.0346 0.389899 -1.56336 72698300.0
988 -0.02875 0.000273302 -318.392 1107.62 63.0378 63.0365 -1.40782 -2.94276 72698400.0
987 -0.02865 0.000273313 -318.377 1107.67 63.0433 63.0374 -0.746542 -4.65712 72701000.0
986 -0.02855 0.000273287 -318.409 1107.67 63.0375 63.0347 0.827025 -1.00245 72699900.0
985 -0.02845 0.000273296 -318.394 1107.68 63.0405 63.0344 0.335419 -3.10826 72697800.0
984 -0.02835 0.000273282 -318.414 1107.64 63.0347 63.0338 0.840072 1.12529 72697000.0
983 -0.02825 0.000273291 -318.401 1107.67 63.0382 63.0342 0.0272033 -2.09544 72698100.0
982 -0.02815 0.000273292 -318.401 1107.63 63.0363 63.0352 -1.0186 -1.06834 72699200.0
981 -0.02805 0.000273297 -318.395 1107.6 63.0357 63.036 -1.85234 -1.65662 72700600.0
980 -0.02795 0.000273305 -318.384 1107.62 63.0387 63.0364 -1.5585 -2.35524 72701200.0
979 -0.02785 0.000273305 -318.385 1107.64 63.0398 63.037 -1.39205 -2.51146 72702100.0
978 -0.02775 0.000273305 -318.384 1107.67 63.0416 63.036 -0.439097 -2.10052 72700600.0
977 -0.02765 0.000273293 -318.399 1107.65 63.0378 63.0353 0.113084 -0.731569 72700100.0
976 -0.02755 0.000273293 -318.4 1107.65 63.0378 63.035 0.179142 -0.81925 72698900.0
975 -0.02745 0.000273294 -318.397 1107.64 63.0372 63.036 -0.44291 -0.439213 72699800.0
974 -0.02735 0.000273306 -318.385 1107.63 63.0397 63.0368 -1.34681 -2.45094 72700000.0
973 -0.02725 0.00027329 -318.403 1107.63 63.0359 63.0343 -0.630185 0.548455 72697000.0
972 -0.02715 0.000273304 -318.386 1107.63 63.0391 63.0364 -2.20577 -1.79974 72698800.0
971 -0.02705 0.000273328 -318.358 1107.61 63.0434 63.039 -3.38213 -4.13591 72701300.0
970 -0.02695 0.000273334 -318.351 1107.64 63.0468 63.0397 -3.40914 -6.25913 72702800.0
969 -0.02685 0.000273318 -318.369 1107.63 63.0426 63.0378 -2.46226 -2.19405 72700300.0
968 -0.02675 0.000273304 -318.385 1107.62 63.0387 63.0367 -1.87204 0.456389 72699100.0
967 -0.02665 0.000273318 -318.368 1107.63 63.0422 63.0381 -2.88582 -2.34446 72700800.0
966 -0.02655 0.000273295 -318.394 1107.69 63.0402 63.0347 0.392207 2.10444 72699200.0
965 -0.02645 0.000273307 -318.379 1107.66 63.0415 63.037 -1.13619 0.178842 72701000.0
964 -0.02635 0.000273307 -318.382 1107.68 63.0426 63.0371 -0.781612 -0.535549 72701100.0
963 -0.02625 0.000273293 -318.397 1107.7 63.0405 63.0359 0.909894 1.41063 72701800.0
962 -0.02615 0.000273309 -318.378 1107.69 63.0436 63.0372 -0.869595 -1.93242 72702000.0
961 -0.02605 0.000273308 -318.378 1107.69 63.0435 63.0365 -0.600216 -2.06202 72700900.0
960 -0.02595 0.0002733 -318.389 1107.68 63.0411 63.0365 -0.275846 -1.75749 72700300.0
959 -0.02585 0.000273313 -318.371 1107.68 63.0444 63.0374 -0.861769 -4.18815 72701200.0
958 -0.02575 0.000273285 -318.405 1107.72 63.04 63.0346 2.27761 0.554151 72699900.0
957 -0.02565 0.000273273 -318.419 1107.69 63.0352 63.0332 1.5177 2.16773 72698000.0
956 -0.02555 0.000273273 -318.419 1107.69 63.0356 63.0336 2.06775 1.81811 72698700.0
955 -0.02545 0.000273298 -318.389 1107.66 63.0393 63.0356 -0.267339 -1.77536 72698400.0
954 -0.02535 0.000273294 -318.397 1107.65 63.0378 63.0345 -0.186987 -1.22457 72697700.0
953 -0.02525 0.000273296 -318.394 1107.65 63.0385 63.0356 -0.35415 -1.85866 72698400.0
952 -0.02515 0.000273296 -318.396 1107.66 63.0389 63.0358 -0.611211 -0.646764 72697500.0
951 -0.02505 0.000273304 -318.382 1107.68 63.0421 63.0359 -0.445452 -1.80573 72697500.0
950 -0.02495 0.0002733 -318.39 1107.69 63.0414 63.0353 0.194199 -0.813047 72697000.0
949 -0.02485 0.000273292 -318.399 1107.67 63.0388 63.0346 0.665018 0.856642 72697000.0
948 -0.02475 0.000273275 -318.419 1107.72 63.0375 63.033 2.83484 4.82995 72696600.0
947 -0.02465 0.000273295 -318.398 1107.63 63.0374 63.0351 -0.733866 0.385943 72696400.0
946 -0.02455 0.000273285 -318.407 1107.64 63.0352 63.0334 0.289881 2.39602 72694200.0
945 -0.02445 0.000273292 -318.399 1107.67 63.0386 63.0357 0.23085 0.770891 72697300.0
944 -0.02435 0.000273295 -318.395 1107.62 63.0365 63.0344 -1.02734 0.280529 72693400.0
943 -0.02425 0.000273296 -318.394 1107.64 63.0383 63.0357 -0.735754 0.387879 72695600.0
942 -0.02415 0.000273306 -318.381 1107.64 63.0402 63.0362 -1.41918 -1.2707 72695200.0
941 -0.02405 0.00027331 -318.379 1107.67 63.0427 63.037 -1.00094 -2.49209 72696400.0
940 -0.02395 0.000273292 -318.399 1107.66 63.0382 63.035 0.0103688 0.243749 72696600.0
939 -0.02385 0.000273284 -318.41 1107.71 63.039 63.0344 2.24364 1.70821 72695900.0
938 -0.02375 0.000273288 -318.403 1107.71 63.0399 63.0338 1.9101 1.20488 72696200.0
937 -0.02365 0.000273296 -318.398 1107.68 63.0404 63.0357 1.03684 0.816676 72699800.0
936 -0.02355 0.000273289 -318.4 1107.71 63.0402 63.0349 1.84833 1.7286 72699600.0
935 -0.02345 0.000273302 -318.388 1107.64 63.0393 63.0356 -0.884347 -1.69838 72696800.0
934 -0.02335 0.000273295 -318.395 1107.65 63.0382 63.0358 -0.377455 0.236107 72698900.0
933 -0.02325 0.00027327 -318.424 1107.68 63.034 63.032 2.8934 5.0961 72696500.0
932 -0.02315 0.000273268 -318.428 1107.68 63.0336 63.0332 2.33403 4.03477 72697500.0
931 -0.02305 0.000273303 -318.388 1107.61 63.0377 63.0365 -1.67868 -1.00915 72699200.0
930 -0.02295 0.000273301 -318.387 1107.64 63.039 63.0358 -0.822966 -1.11733 72698600.0
929 -0.02285 0.000273297 -318.396 1107.64 63.0378 63.0358 -0.706707 -0.238616 72698600.0
928 -0.02275 0.000273287 -318.404 1107.71 63.04 63.0338 1.90715 0.920897 72697200.0
927 -0.02265 0.000273277 -318.417 1107.7 63.0371 63.0335 2.29881 3.20991 72698100.0
926 -0.02255 0.000273296 -318.394 1107.7 63.041 63.0351 1.66717 1.06356 72698800.0
925 -0.02245 0.000273295 -318.397 1107.75 63.044 63.0357 2.53062 1.53102 72702000.0
924 -0.02235 0.000273307 -318.381 1107.78 63.0485 63.0362 2.9292 0.408226 72703600.0
923 -0.02225 0.000273293 -318.396 1107.64 63.0371 63.0349 -0.726989 2.83281 72697700.0
922 -0.02215 0.00027327 -318.423 1107.67 63.0338 63.0322 2.22711 6.65907 72696100.0
921 -0.02205 0.00027327 -318.426 1107.74 63.0374 63.0329 3.93648 7.03683 72697900.0
920 -0.02195 0.000273279 -318.413 1107.77 63.0415 63.0336 4.37938 6.63686 72699300.0
919 -0.02185 0.000273279 -318.414 1107.73 63.0391 63.034 3.42071 6.30323 72699100.0
918 -0.02175 0.000273293 -318.395 1107.72 63.0417 63.0359 1.85211 3.06909 72700400.0
917 -0.02165 0.000273279 -318.411 1107.69 63.037 63.034 2.44598 4.76427 72697300.0
916 -0.02155 0.000273293 -318.398 1107.69 63.0402 63.0352 1.32855 1.90117 72697200.0
915 -0.02145 0.000273298 -318.392 1107.71 63.0423 63.0358 1.36817 0.360401 72698100.0
914 -0.02135 0.000273302 -318.386 1107.7 63.0427 63.0357 0.998785 -0.512837 72697200.0
913 -0.02125 0.000273291 -318.401 1107.68 63.039 63.0349 1.08436 0.804145 72697200.0
912 -0.02115 0.000273304 -318.383 1107.68 63.0421 63.0355 -0.114807 -2.44965 72696700.0
911 -0.02105 0.000273305 -318.383 1107.67 63.0419 63.0361 -0.288537 -2.87255 72696900.0
910 -0.02095 0.000273293 -318.398 1107.72 63.0414 63.0351 2.0069 0.157961 72697300.0
909 -0.02085 0.000273283 -318.409 1107.7 63.0384 63.0346 2.32607 2.0197 72697200.0
908 -0.02075 0.000273285 -318.407 1107.67 63.0369 63.034 1.07281 2.02253 72695200.0
907 -0.02065 0.000273289 -318.401 1107.65 63.0367 63.0351 0.311354 1.53605 72696600.0
906 -0.02055 0.000273291 -318.399 1107.68 63.039 63.0348 0.691902 0.984738 72697200.0
905 -0.02045 0.000273292 -318.397 1107.69 63.0397 63.0357 0.967092 1.53626 72699200.0
904 -0.02035 0.000273293 -318.397 1107.7 63.0405 63.0348 0.973795 -0.262912 72698800.0
903 -0.02025 0.000273283 -318.409 1107.66 63.0357 63.034 0.923302 0.611605 72696800.0
902 -0.02015 0.00027328 -318.412 1107.65 63.0346 63.0333 0.888768 0.227579 72695800.0
901 -0.02005 0.000273301 -318.387 1107.69 63.0419 63.0365 0.21981 -3.24968 72700300.0
900 -0.01995 0.000273279 -318.416 1107.65 63.0347 63.0335 0.906747 0.720328 72697200.0
899 -0.01985 0.000273291 -318.4 1107.63 63.0359 63.0346 -0.316462 -1.36033 72696700.0
898 -0.01975 0.00027331 -318.377 1107.57 63.0372 63.0369 -3.55342 -5.07659 72696500.0
897 -0.01965 0.000273304 -318.388 1107.58 63.0365 63.0366 -2.22669 -3.07574 72696200.0
896 -0.01955 0.000273288 -318.404 1107.6 63.0336 63.0338 -1.18814 -1.034 72693300.0
895 -0.01945 0.000273316 -318.374 1107.65 63.043 63.0379 -1.61738 -4.23796 72700100.0
894 -0.01935 0.000273325 -318.361 1107.67 63.0461 63.0386 -2.15163 -6.22878 72701600.0
893 -0.01925 0.000273324 -318.362 1107.67 63.0459 63.0382 -1.80052 -6.20867 72701300.0
892 -0.01915 0.000273295 -318.397 1107.71 63.0416 63.0353 1.94836 0.961061 72700800.0
891 -0.01905 0.000273311 -318.375 1107.66 63.0424 63.0369 -1.02124 -3.39733 72700200.0
890 -0.01895 0.000273324 -318.362 1107.65 63.0452 63.0387 -2.71342 -4.91785 72701300.0
889 -0.01885 0.000273329 -318.358 1107.68 63.0474 63.0387 -1.57613 -4.58364 72701500.0
888 -0.01875 0.000273315 -318.373 1107.64 63.0422 63.0372 -2.14784 -3.10238 72699400.0
887 -0.01865 0.000273287 -318.403 1107.67 63.0378 63.0349 1.10691 2.678 72698500.0
886 -0.01855 0.000273293 -318.4 1107.64 63.037 63.0352 -0.316566 1.58979 72699400.0
885 -0.01845 0.000273318 -318.37 1107.66 63.0441 63.0384 -1.82572 -2.8639 72702200.0
884 -0.01835 0.000273314 -318.371 1107.62 63.0411 63.0368 -1.96141 -2.06876 72699700.0
883 -0.01825 0.000273314 -318.374 1107.63 63.0413 63.0381 -1.6639 -2.2511 72701500.0
882 -0.01815 0.000273302 -318.388 1107.68 63.0416 63.0366 0.0294851 -0.617234 72700100.0
881 -0.01805 0.000273305 -318.384 1107.68 63.0424 63.0361 -0.23584 -1.65989 72698000.0
880 -0.01795 0.000273308 -318.38 1107.68 63.043 63.0367 -0.267806 -2.34683 72696500.0
879 -0.01785 0.000273303 -318.388 1107.68 63.0415 63.0354 0.0816732 -1.6651 72696300.0
878 -0.01775 0.000273305 -318.383 1107.64 63.0402 63.0373 -1.32006 -0.335219 72696700.0
877 -0.01765 0.000273314 -318.374 1107.62 63.041 63.0372 -2.24509 -1.63994 72695100.0
876 -0.01755 0.000273304 -318.387 1107.65 63.0401 63.0359 -1.08406 -0.929444 72693800.0
875 -0.01745 0.000273319 -318.371 1107.64 63.0433 63.0371 -1.63842 -3.05195 72694000.0
874 -0.01735 0.000273324 -318.361 1107.68 63.0464 63.0379 -1.6649 -3.82193 72696600.0
873 -0.01725 0.000273314 -318.375 1107.7 63.0455 63.0369 0.0846593 -2.40829 72696900.0
872 -0.01715 0.000273309 -318.382 1107.66 63.042 63.0362 -0.764159 -1.9711 72696100.0
871 -0.01705 0.000273298 -318.393 1107.7 63.042 63.0362 1.15125 -0.471167 72697600.0
870 -0.01695 0.000273285 -318.41 1107.67 63.037 63.0341 1.26116 2.77899 72694900.0
869 -0.01685 0.000273322 -318.366 1107.63 63.0434 63.0378 -2.5723 -3.71876 72696300.0
868 -0.01675 0.000273318 -318.37 1107.64 63.043 63.0372 -2.69533 -3.9937 72696200.0
867 -0.01665 0.000273298 -318.392 1107.66 63.0396 63.0361 -0.232974 -0.90515 72696800.0
866 -0.01655 0.000273303 -318.386 1107.63 63.0392 63.0364 -1.23824 -1.63903 72696200.0
865 -0.01645 0.000273312 -318.376 1107.65 63.042 63.038 -1.58358 -3.10152 72698300.0
864 -0.01635 0.000273299 -318.391 1107.67 63.0402 63.0357 -0.641175 -1.53489 72696400.0
863 -0.01625 0.000273285 -318.406 1107.63 63.0347 63.0339 0.0501012 1.1441 72694300.0
862 -0.01615 0.000273296 -318.394 1107.68 63.0403 63.0353 0.320859 -1.22436 72696400.0
861 -0.01605 0.000273274 -318.417 1107.71 63.0366 63.0332 2.84009 2.64862 72695300.0
860 -0.01595 0.000273284 -318.41 1107.64 63.0353 63.0341 0.867672 0.65154 72695200.0
859 -0.01585 0.000273281 -318.413 1107.65 63.0351 63.0337 0.736864 1.64063 72693200.0
858 -0.01575 0.000273283 -318.41 1107.64 63.0351 63.0338 0.656561 0.819123 72693400.0
857 -0.01565 0.000273287 -318.406 1107.65 63.0363 63.0348 0.821836 1.03609 72693700.0
856 -0.01555 0.000273292 -318.401 1107.64 63.0367 63.0347 -0.231261 -0.315042 72694400.0
855 -0.01545 0.00027331 -318.378 1107.58 63.0377 63.0363 -2.99 -3.10671 72694100.0
854 -0.01535 0.000273323 -318.365 1107.59 63.0414 63.0389 -3.57647 -4.54825 72697000.0
853 -0.01525 0.000273304 -318.386 1107.63 63.039 63.0356 -1.02461 -0.6127 72694000.0
852 -0.01515 0.000273325 -318.362 1107.52 63.0379 63.0381 -5.44095 -4.05052 72694000.0
851 -0.01505 0.000273327 -318.361 1107.62 63.0441 63.0377 -3.15011 -4.95088 72695100.0
850 -0.01495 0.00027332 -318.369 1107.69 63.0462 63.0374 -0.773773 -3.66928 72696700.0
849 -0.01485 0.000273306 -318.382 1107.68 63.0424 63.0359 -0.207963 -1.19849 72695700.0
848 -0.01475 0.00027331 -318.38 1107.68 63.0437 63.0367 -0.40072 -2.53484 72696700.0
847 -0.01465 0.000273317 -318.37 1107.63 63.0421 63.0367 -2.38198 -3.97629 72695000.0
846 -0.01455 0.000273304 -318.386 1107.67 63.0417 63.0357 0.174665 -1.78404 72695000.0
845 -0.01445 0.000273299 -318.395 1107.69 63.0415 63.0358 0.219085 -1.04456 72695300.0
844 -0.01435 0.000273281 -318.411 1107.69 63.0375 63.0337 2.24768 2.0658 72694000.0
843 -0.01425 0.000273288 -318.404 1107.74 63.0416 63.0339 2.56317 -0.390403 72693800.0
842 -0.01415 0.000273294 -318.399 1107.73 63.0423 63.0346 2.18485 -0.517565 72694700.0
841 -0.01405 0.000273285 -318.409 1107.68 63.0373 63.0331 1.04509 -0.510575 72692500.0
840 -0.01395 0.000273257 -318.441 1107.65 63.0297 63.0309 2.47124 3.96709 72691600.0
839 -0.01385 0.000273259 -318.439 1107.67 63.0312 63.0316 3.06571 4.10017 72692600.0
838 -0.01375 0.000273252 -318.449 1107.69 63.0304 63.0306 3.76257 4.14141 72694000.0
837 -0.01365 0.000273268 -318.429 1107.66 63.0328 63.0314 2.40333 1.19713 72692600.0
836 -0.01355 0.000273267 -318.431 1107.69 63.0339 63.0312 2.47662 1.10817 72691500.0
835 -0.01345 0.000273292 -318.402 1107.64 63.0366 63.0336 -0.0497389 -3.02272 72693200.0
834 -0.01335 0.000273272 -318.425 1107.64 63.0322 63.0321 1.56454 1.28503 72692000.0
833 -0.01325 0.000273256 -318.443 1107.66 63.0297 63.0302 2.67492 4.19413 72690000.0
832 -0.01315 0.000273251 -318.447 1107.67 63.0291 63.0291 3.26632 4.254 72689000.0
831 -0.01305 0.000273253 -318.446 1107.66 63.0293 63.0298 2.70105 4.00218 72687800.0
830 -0.01295 0.000273278 -318.417 1107.65 63.0343 63.033 1.29134 1.58342 72690100.0
829 -0.01285 0.000273269 -318.43 1107.69 63.0341 63.0318 2.78101 3.4607 72689800.0
828 -0.01275 0.000273266 -318.429 1107.68 63.0333 63.0311 2.77541 3.49424 72688700.0
827 -0.01265 0.000273253 -318.444 1107.74 63.0335 63.0296 4.76382 3.99931 72688700.0
826 -0.01255 0.000273264 -318.433 1107.64 63.0306 63.0314 1.82727 1.77785 72688100.0
825 -0.01245 0.000273248 -318.45 1107.71 63.0309 63.0292 4.85648 4.97972 72687900.0
824 -0.01235 0.000273262 -318.433 1107.75 63.0364 63.031 4.64108 1.72981 72689800.0
823 -0.01225 0.000273258 -318.441 1107.7 63.0323 63.0302 3.43036 1.84699 72685700.0
822 -0.01215 0.00027327 -318.426 1107.64 63.0318 63.0316 1.07123 0.418167 72686200.0
821 -0.01205 0.000273253 -318.446 1107.73 63.033 63.0306 4.26352 3.86018 72686500.0
820 -0.01195 0.000273251 -318.445 1107.7 63.031 63.0302 3.94787 4.18606 72683900.0
819 -0.01185 0.000273259 -318.437 1107.73 63.0343 63.0312 4.39839 3.12867 72685000.0
818 -0.01175 0.000273256 -318.441 1107.7 63.0322 63.0305 3.91842 3.52248 72684300.0
817 -0.01165 0.000273252 -318.446 1107.7 63.031 63.0303 3.91338 3.51203 72682100.0
816 -0.01155 0.000273258 -318.439 1107.67 63.0306 63.0304 3.00911 2.8481 72680300.0
815 -0.01145 0.000273268 -318.426 1107.67 63.0332 63.0321 2.02319 0.687102 72680400.0
814 -0.01135 0.000273271 -318.422 1107.67 63.0339 63.0331 1.72668 -0.0534126 72681100.0
813 -0.01125 0.000273238 -318.461 1107.73 63.0296 63.0294 5.46607 5.3754 72678900.0
812 -0.01115 0.000273242 -318.453 1107.74 63.031 63.029 5.90976 4.57087 72677300.0
811 -0.01105 0.000273234 -318.464 1107.75 63.03 63.0288 6.83519 5.60245 72677400.0
810 -0.01095 0.00027322 -318.482 1107.77 63.0277 63.0276 8.14951 7.21196 72676300.0
809 -0.01085 0.000273213 -318.488 1107.76 63.0254 63.0261 8.50922 7.55115 72674100.0
808 -0.01075 0.000273203 -318.499 1107.75 63.0228 63.0255 9.2358 9.55457 72672900.0
807 -0.01065 0.000273209 -318.49 1107.73 63.023 63.0263 7.99526 7.26698 72672800.0
806 -0.01055 0.000273199 -318.501 1107.76 63.0222 63.0248 9.60993 9.39536 72669400.0
805 -0.01045 0.000273188 -318.513 1107.76 63.0198 63.0237 9.74566 9.99801 72668200.0
804 -0.01035 0.000273188 -318.515 1107.76 63.02 63.0237 10.0238 10.7604 72666400.0
803 -0.01025 0.000273174 -318.531 1107.74 63.0154 63.0229 10.4563 12.6881 72662600.0
802 -0.01015 0.000273149 -318.558 1107.78 63.0118 63.0194 13.1122 16.5148 72658000.0
801 -0.01005 0.00027315 -318.555 1107.79 63.0127 63.0195 13.5873 16.1347 72656400.0
800 -0.00995 0.000273158 -318.549 1107.76 63.0131 63.021 12.4874 14.7097 72656500.0
799 -0.00985 0.000273133 -318.575 1107.79 63.0089 63.0182 14.9479 18.5043 72652300.0
798 -0.00975 0.00027313 -318.582 1107.81 63.009 63.0176 15.4926 18.7271 72651100.0
797 -0.00965 0.000273118 -318.592 1107.79 63.0057 63.0173 15.8046 19.7485 72648500.0
796 -0.00955 0.000273123 -318.586 1107.8 63.0069 63.0174 15.7739 18.9527 72646700.0
795 -0.00945 0.000273154 -318.553 1107.77 63.0123 63.021 13.138 13.1978 72648100.0
794 -0.00935 0.000273109 -318.604 1107.86 63.007 63.0165 18.16 20.4665 72644600.0
793 -0.00925 0.000273101 -318.614 1107.86 63.0053 63.0154 19.2154 21.1225 72641900.0
792 -0.00915 0.000273083 -318.631 1107.91 63.0041 63.0131 21.8721 23.5797 72639500.0
791 -0.00905 0.000273082 -318.637 1107.92 63.0045 63.0129 22.0261 22.9879 72637000.0
790 -0.00895 0.000273068 -318.652 1107.94 63.0022 63.0122 23.7815 25.8034 72634400.0
789 -0.00885 0.000273053 -318.671 1107.99 63.0017 63.0108 26.3897 27.6202 72632300.0
788 -0.00875 0.000273044 -318.682 1107.99 62.9995 63.0088 26.8761 27.6925 72624600.0
787 -0.00865 0.00027301 -318.721 1107.99 62.992 63.0054 29.3296 32.0512 72618300.0
786 -0.00855 0.000273003 -318.73 1107.96 62.9883 63.005 28.5912 30.3414 72613500.0
785 -0.00845 0.000272967 -318.772 1107.99 62.9818 63.0011 31.9772 35.4292 72608100.0
784 -0.00835 0.000272962 -318.778 1107.97 62.9795 63.0006 32.0898 34.8093 72604000.0
783 -0.00825 0.000272934 -318.807 1108.01 62.9754 62.998 35.3031 37.9169 72598200.0
782 -0.00815 0.00027289 -318.86 1108.01 62.9656 62.993 38.256 42.3068 72589000.0
781 -0.00805 0.000272871 -318.881 1108.03 62.9622 62.9914 40.1421 43.085 72583300.0
780 -0.00795 0.000272838 -318.916 1108.08 62.9575 62.9875 44.0793 46.9064 72576800.0
779 -0.00785 0.000272828 -318.929 1108.09 62.9553 62.9868 44.5441 45.5752 72569600.0
778 -0.00775 0.000272796 -318.968 1108.16 62.9521 62.9834 49.6283 49.2087 72562700.0
777 -0.00765 0.000272765 -319.005 1108.15 62.9446 62.9808 50.662 50.4814 72556100.0
776 -0.00755 0.000272734 -319.039 1108.1 62.9346 62.977 52.1535 52.5745 72544500.0
775 -0.00745 0.000272679 -319.105 1108.14 62.9237 62.9714 56.8498 59.6398 72534500.0
774 -0.00735 0.000272649 -319.136 1108.12 62.9158 62.9686 58.7783 60.5549 72525300.0
773 -0.00725 0.000272621 -319.169 1108.13 62.9097 62.9654 60.7469 60.8692 72513000.0
772 -0.00715 0.000272563 -319.238 1108.12 62.8963 62.9597 64.679 65.9313 72499700.0
771 -0.00705 0.000272511 -319.299 1108.2 62.8888 62.9541 70.8013 69.9689 72486600.0
770 -0.00695 0.000272463 -319.356 1108.18 62.8763 62.9494 73.9541 73.7045 72472900.0
769 -0.00685 0.000272381 -319.452 1108.27 62.8626 62.9404 82.6372 82.9763 72457000.0
768 -0.00675 0.000272328 -319.515 1108.28 62.8507 62.9354 86.646 85.9198 72442500.0
767 -0.00665 0.000272275 -319.576 1108.33 62.8416 62.9302 92.1645 88.0314 72428000.0
766 -0.00655 0.000272177 -319.691 1108.39 62.8222 62.9194 100.607 98.0061 72407800.0
765 -0.00645 0.000272103 -319.778 1108.44 62.8081 62.9123 107.394 102.881 72390500.0
764 -0.00635 0.000271992 -319.908 1108.46 62.7835 62.9009 116.182 113.08 72368600.0
763 -0.00625 0.000271899 -320.015 1108.52 62.7658 62.8921 124.028 117.401 72347400.0
762 -0.00615 0.000271796 -320.14 1108.56 62.7439 62.881 133.254 125.314 72323600.0
761 -0.00605 0.000271705 -320.247 1108.52 62.7204 62.8708 138.489 128.758 72297600.0
760 -0.00595 0.00027158 -320.393 1108.57 62.6945 62.8587 149.187 137.541 72271800.0
759 -0.00585 0.000271442 -320.557 1108.62 62.6657 62.8433 160.893 148.035 72240400.0
758 -0.00575 0.000271306 -320.715 1108.63 62.6348 62.8296 170.831 155.61 72210200.0
757 -0.00565 0.000271171 -320.877 1108.63 62.6037 62.8155 181.243 162.921 72176300.0
756 -0.00555 0.000270987 -321.097 1108.67 62.5632 62.7967 195.677 176.607 72140600.0
755 -0.00545 0.000270831 -321.279 1108.66 62.5268 62.7794 206.82 182.993 72102800.0
754 -0.00535 0.000270671 -321.469 1108.66 62.4897 62.7628 218.669 189.449 72062100.0
753 -0.00525 0.000270459 -321.722 1108.65 62.4405 62.7411 234.232 203.284 72016500.0
752 -0.00515 0.000270239 -321.983 1108.7 62.3924 62.7181 251.732 215.694 71969300.0
751 -0.00505 0.000270018 -322.248 1108.65 62.3385 62.6944 267.067 227.019 71918300.0
750 -0.00495 0.000269773 -322.54 1108.69 62.284 62.6688 286.002 238.559 71864600.0
749 -0.00485 0.000269495 -322.872 1108.7 62.2205 62.6405 307.462 253.829 71806400.0
748 -0.00475 0.000269195 -323.233 1108.72 62.1526 62.6088 330.234 270.767 71743400.0
747 -0.00465 0.000268845 -323.648 1108.78 62.0751 62.5717 357.931 294.36 71675400.0
746 -0.00455 0.000268524 -324.039 1108.64 61.9931 62.5375 378.366 309.566 71602200.0
745 -0.00445 0.000268147 -324.495 1108.67 61.9078 62.4964 407.076 329.853 71522000.0
744 -0.00435 0.000267719 -325.012 1108.68 61.8094 62.4512 439.753 355.122 71438500.0
743 -0.00425 0.000267307 -325.516 1108.59 61.7092 62.4069 468.426 372.913 71348800.0
742 -0.00415 0.000266832 -326.093 1108.57 61.5987 62.356 503.956 398.7 71250900.0
741 -0.00405 0.000266299 -326.748 1108.55 61.4742 62.2985 543.396 429.165 71144800.0
740 -0.00395 0.000265771 -327.396 1108.43 61.3458 62.2415 580.349 452.739 71034400.0
739 -0.00385 0.000265178 -328.125 1108.28 61.2009 62.176 621.53 483.059 70910500.0
738 -0.00375 0.000264551 -328.909 1108.19 61.0511 62.1083 667.113 514.106 70781800.0
737 -0.00365 0.000263869 -329.756 1108.06 60.8864 62.0331 716.246 548.293 70641500.0
736 -0.00355 0.000263133 -330.683 1107.91 60.7085 61.9526 768.958 586.537 70491200.0
735 -0.00345 0.000262333 -331.689 1107.74 60.5147 61.8635 827.107 629.089 70330600.0
734 -0.00335 0.000261471 -332.782 1107.57 60.3067 61.7677 889.04 674.554 70157600.0
733 -0.00325 0.000260533 -333.981 1107.36 60.079 61.6623 957.14 724.939 69971500.0
732 -0.00315 0.000259544 -335.253 1107.13 59.8382 61.5508 1028.71 777.31 69774100.0
731 -0.00305 0.000258476 -336.638 1106.81 59.5751 61.429 1105.11 834.398 69560400.0
730 -0.00295 0.000257315 -338.157 1106.5 59.2904 61.2936 1189.18 897.623 69329200.0
729 -0.00285 0.000256082 -339.784 1106.11 58.9857 61.1514 1277.69 965.436 69084500.0
728 -0.00275 0.000254781 -341.522 1105.63 58.6608 60.9984 1370.18 1035.84 68820200.0
727 -0.00265 0.000253362 -343.434 1105.18 58.3102 60.8304 1474.41 1117.9 68539100.0
726 -0.00255 0.000251843 -345.506 1104.65 57.9328 60.6488 1584.79 1206.48 68237500.0
725 -0.00245 0.000250245 -347.711 1103.98 57.5303 60.4544 1699.64 1298.54 67914600.0
724 -0.00235 0.000248508 -350.142 1103.36 57.099 60.2421 1828.9 1406.65 67571200.0
723 -0.00225 0.000246665 -352.753 1102.6 56.6365 60.0121 1964.77 1522.36 67202500.0
722 -0.00215 0.00024473 -355.544 1101.71 56.1468 59.7676 2107.14 1644.58 66812900.0
721 -0.00205 0.000242648 -358.593 1100.81 55.6237 59.5004 2263.67 1784.05 66397500.0
720 -0.00195 0.000240472 -361.841 1099.72 55.0701 59.2155 2425.74 1928.3 65955300.0
719 -0.00185 0.000238177 -365.329 1098.54 54.4859 58.9093 2599.2 2085.56 65487400.0
718 -0.00175 0.00023572 -369.135 1097.23 53.8597 58.5758 2786.71 2264.47 64991300.0
717 -0.00165 0.000233165 -373.182 1095.8 53.2065 58.222 2983.31 2453.37 64469400.0
716 -0.00155 0.000230487 -377.52 1094.18 52.5175 57.842 3189.92 2656.65 63917000.0
715 -0.00145 0.000227654 -382.215 1092.38 51.7866 57.4309 3410.85 2884.26 63334200.0
714 -0.00135 0.000224723 -387.204 1090.46 51.0302 56.995 3643.25 3124.7 62725800.0
713 -0.00125 0.000221675 -392.527 1088.22 50.2347 56.5294 3884.0 3383.29 62084500.0
712 -0.00115 0.000218502 -398.23 1085.79 49.4049 56.0317 4137.89 3665.04 61415400.0
711 -0.00105 0.00021524 -404.26 1083.09 48.5465 55.504 4400.7 3960.31 60718700.0
710 -0.00095 0.000211854 -410.728 1080.06 47.649 54.94 4674.47 4282.69 59991800.0
709 -0.00085 0.000208403 -417.528 1076.74 46.7286 54.3466 4955.18 4617.68 59239500.0
708 -0.00075 0.000204856 -424.758 1073.09 45.7775 53.7162 5245.71 4976.18 58462600.0
707 -0.00065 0.000201233 -432.406 1068.99 44.7964 53.0485 5542.64 5355.16 57658700.0
706 -0.00055 0.000197568 -440.433 1064.59 43.7996 52.3504 5845.52 5747.9 56837500.0
705 -0.00045 0.00019385 -448.875 1059.66 42.7762 51.6145 6150.36 6158.17 55992000.0
704 -0.00035 0.000190104 -457.722 1054.33 41.7386 50.8432 6457.99 6581.45 55129100.0
703 -0.00025 0.000186337 -466.976 1048.6 40.6891 50.0381 6768.85 7018.01 54255400.0
702 -0.00015 0.000182544 -476.681 1042.19 39.6174 49.1931 7076.21 7469.17 53362100.0
701 -5e-05 0.00017878 -486.718 1035.29 38.5437 48.3203 7377.8 7920.94 52460200.0
700 5e-05 0.000175029 -497.147 1027.8 37.462 47.4123 7673.63 8378.07 51548500.0
699 0.00015 0.00017133 -507.883 1019.75 36.3828 46.4794 7959.17 8830.16 50633900.0
698 0.00025 0.000167644 -519.044 1011.03 35.2958 45.5078 8235.8 9285.77 49709500.0
697 0.00035 0.000164046 -530.439 1001.67 34.2186 44.5179 8494.57 9724.14 48783600.0
696 0.00045 0.000160511 -542.116 991.664 33.1465 43.5023 8736.97 10151.0 47855200.0
695 0.00055 0.000157061 -554.028 980.984 32.0848 42.4672 8959.25 10558.4 46925800.0
694 0.00065 0.000153693 -566.164 969.612 31.0329 41.4121 9159.89 10945.2 45995400.0
693 0.00075 0.000150409 -578.531 957.613 29.9939 40.3378 9339.87 11309.7 45066700.0
692 0.00085 0.000147243 -590.97 944.931 28.9737 39.2569 9491.43 11640.3 44137300.0
691 0.00095 0.000144191 -603.484 931.783 27.9783 38.1699 9619.37 11935.9 43211400.0
690 0.00105 0.000141231 -616.127 917.959 26.9974 37.0714 9720.26 12200.9 42284700.0
689 0.00115 0.000138381 -628.813 903.529 26.0369 35.9689 9792.35 12427.2 41353800.0
688 0.00125 0.000135666 -641.408 888.711 25.1073 34.8752 9837.05 12610.9 40428600.0
687 0.00135 0.000133046 -654.035 873.321 24.1961 33.7781 9853.06 12756.6 39497000.0
686 0.00145 0.000130552 -666.533 857.571 23.3144 32.6924 9841.78 12859.7 38566700.0
685 0.00155 0.000128179 -678.871 841.533 22.4626 31.621 9803.76 12920.5 37637100.0
684 0.00165 0.000125913 -691.088 825.167 21.6363 30.5597 9739.95 12941.7 36704200.0
683 0.00175 0.000123763 -703.093 808.593 20.8397 29.5171 9651.51 12922.4 35770800.0
682 0.00185 0.000121727 -714.851 791.88 20.0732 28.4959 9539.64 12864.1 34835900.0
681 0.00195 0.000119792 -726.405 774.977 19.3324 27.4919 9404.72 12769.3 33896500.0
680 0.00205 0.000117958 -737.698 758.027 18.62 26.5111 9250.07 12641.0 32957200.0
679 0.00215 0.00011624 -748.603 741.191 17.9414 25.564 9077.62 12479.3 32020000.0
678 0.00225 0.000114607 -759.26 724.408 17.2888 24.6378 8890.28 12289.1 31084800.0
677 0.00235 0.000113072 -769.573 707.803 16.6662 23.7422 8689.5 12072.8 30153400.0
676 0.00245 0.000111611 -779.647 691.256 16.0663 22.8674 8475.71 11833.5 29223900.0
675 0.00255 0.000110237 -789.367 674.908 15.4932 22.0226 8250.69 11572.9 28297200.0
674 0.00265 0.000108939 -798.766 658.802 14.9454 21.2064 8017.16 11295.6 27378700.0
673 0.00275 0.000107728 -807.753 643.109 14.4272 20.4259 7778.88 11003.1 26472100.0
672 0.00285 0.000106584 -816.418 627.768 13.9335 19.6727 7536.52 10698.1 25576400.0
671 0.00295 0.000105503 -824.793 612.7 13.4611 18.9459 7289.9 10383.8 24691700.0
670 0.00305 0.000104498 -832.711 598.154 13.0164 18.2572 7042.5 10062.6 23822000.0
669 0.00315 0.000103548 -840.353 583.942 12.5916 17.5937 6794.07 9736.34 22967000.0
668 0.00325 0.000102655 -847.662 570.09 12.1869 16.9587 6544.77 9406.96 22125300.0
667 0.00335 0.000101811 -854.687 556.683 11.8025 16.3486 6298.33 9076.14 21302700.0
666 0.00345 0.000101028 -861.32 543.806 11.4407 15.7723 6055.56 8747.45 20501600.0
665 0.00355 0.000100281 -867.729 531.227 11.0935 15.2151 5813.71 8418.19 19713700.0
664 0.00365 9.9585e-05 -873.793 519.237 10.7679 14.6885 5579.32 8094.32 18953500.0
663 0.00375 9.89312e-05 -879.568 507.639 10.4582 14.1867 5348.12 7774.71 18211100.0
662 0.00385 9.83162e-05 -885.082 496.486 10.1649 13.708 5122.62 7460.32 17491300.0
661 0.00395 9.77404e-05 -890.298 485.788 9.88758 13.2547 4902.7 7152.61 16792800.0
660 0.00405 9.7194e-05 -895.289 475.516 9.62441 12.8209 4689.29 6851.68 16117900.0
659 0.00415 9.6685e-05 -900.009 465.67 9.37579 12.4108 4481.67 6558.56 15464000.0
658 0.00425 9.62042e-05 -904.503 456.249 9.14042 12.0204 4281.09 6273.65 14834100.0
657 0.00435 9.57565e-05 -908.742 447.262 8.91866 11.6522 4087.55 5998.3 14227800.0
656 0.00445 9.53331e-05 -912.764 438.656 8.70839 11.3024 3900.32 5731.14 13642400.0
655 0.00455 9.49369e-05 -916.583 430.48 8.51054 10.971 3721.09 5473.3 13082300.0
654 0.00465 9.45618e-05 -920.211 422.623 8.32222 10.6553 3547.3 5223.58 12540800.0
653 0.00475 9.42107e-05 -923.648 415.183 8.14535 10.3572 3381.42 4983.25 12023500.0
652 0.00485 9.38805e-05 -926.895 408.101 7.97834 10.0748 3222.61 4752.11 11527800.0
651 0.00495 9.35717e-05 -929.96 401.351 7.82058 9.80872 3070.0 4530.75 11052600.0
650 0.00505 9.32777e-05 -932.89 394.877 7.67025 9.55416 2922.8 4316.86 10595300.0
649 0.00515 9.29993e-05 -935.682 388.663 7.52701 9.31132 2780.61 4110.36 10154200.0
648 0.00525 9.27434e-05 -938.269 382.871 7.39444 9.08688 2647.35 3916.06 9739320.0
647 0.00535 9.24998e-05 -940.736 377.343 7.26853 8.8723 2519.56 3728.69 9341220.0
646 0.00545 9.22686e-05 -943.084 372.063 7.14891 8.66831 2396.88 3548.74 8959590.0
645 0.00555 9.20518e-05 -945.317 367.02 7.03545 8.47415 2279.2 3375.84 8593570.0
644 0.00565 9.18487e-05 -947.407 362.245 6.92859 8.29265 2167.2 3212.28 8245610.0
643 0.00575 9.16583e-05 -949.373 357.751 6.82845 8.12183 2061.43 3056.62 7915840.0
642 0.00585 9.14764e-05 -951.26 353.438 6.73274 7.95787 1959.51 2906.43 7598500.0
641 0.00595 9.13046e-05 -953.04 349.348 6.64233 7.8029 1862.61 2763.57 7296870.0
640 0.00605 9.11433e-05 -954.734 345.446 6.55653 7.65598 1769.8 2627.02 7007990.0
639 0.00615 9.09915e-05 -956.328 341.758 6.47573 7.51733 1681.81 2497.23 6734060.0
638 0.00625 9.08472e-05 -957.84 338.24 6.39891 7.3858 1597.78 2373.63 6472580.0
637 0.00635 9.07135e-05 -959.26 334.936 6.32709 7.26268 1518.54 2256.64 6225210.0
636 0.00645 9.05846e-05 -960.618 331.766 6.2583 7.1445 1442.3 2144.1 5987800.0
635 0.00655 9.04671e-05 -961.87 328.85 6.19523 7.0357 1372.13 2039.22 5767080.0
634 0.00665 9.03522e-05 -963.086 326.011 6.13395 6.93011 1303.61 1937.77 5553360.0
633 0.00675 9.02487e-05 -964.196 323.405 6.07796 6.83368 1240.57 1843.57 5354480.0
632 0.00685 9.01458e-05 -965.29 320.847 6.023 6.73879 1178.55 1751.33 5160500.0
631 0.00695 9.00497e-05 -966.319 318.414 5.97096 6.64925 1119.48 1663.99 4975860.0
630 0.00705 8.99595e-05 -967.288 316.122 5.92204 6.56498 1063.63 1581.22 4800970.0
629 0.00715 8.98741e-05 -968.213 313.941 5.87561 6.48497 1010.67 1502.58 4635150.0
628 0.00725 8.97923e-05 -969.086 311.879 5.8317 6.40878 960.286 1427.24 4476750.0
627 0.00735 8.97167e-05 -969.91 309.917 5.79012 6.33726 912.306 1356.33 4326560.0
626 0.00745 8.96425e-05 -970.705 308.022 5.74997 6.26783 865.957 1287.59 4181590.0
625 0.00755 8.95765e-05 -971.423 306.296 5.71354 6.20578 823.596 1225.1 4048430.0
624 0.00765 8.9513e-05 -972.118 304.621 5.67827 6.14533 782.393 1164.31 3919180.0
623 0.00775 8.9452e-05 -972.778 303.043 5.645 6.08797 743.697 1106.65 3797270.0
622 0.00785 8.93956e-05 -973.39 301.569 5.614 6.03459 707.367 1052.47 3682330.0
621 0.00795 8.93413e-05 -973.981 300.161 5.58439 5.98344 672.816 1000.75 3573250.0
620 0.00805 8.92907e-05 -974.533 298.818 5.55627 5.9353 639.62 951.521 3468340.0
619 0.00815 8.92425e-05 -975.06 297.547 5.52964 5.88964 608.262 905.089 3369290.0
618 0.00825 8.9198e-05 -975.551 296.37 5.50503 5.84708 579.269 861.57 3276980.0
617 0.00835 8.91536e-05 -976.028 295.216 5.48086 5.80553 550.686 819.217 3186990.0
616 0.00845 8.91134e-05 -976.478 294.119 5.45803 5.76648 523.625 779.186 3101720.0
615 0.00855 8.90745e-05 -976.899 293.099 5.43673 5.72973 498.294 741.281 3021010.0
614 0.00865 8.90377e-05 -977.309 292.105 5.41604 5.69437 473.72 704.92 2943580.0
613 0.00875 8.9002e-05 -977.7 291.155 5.39627 5.66007 450.164 669.595 2869020.0
612 0.00885 8.89695e-05 -978.058 290.289 5.37826 5.62928 428.719 637.639 2800870.0
611 0.00895 8.89358e-05 -978.425 289.409 5.35991 5.59734 406.901 605.003 2732060.0
610 0.00905 8.89062e-05 -978.752 288.605 5.34326 5.56889 386.945 575.604 2669170.0
609 0.00915 8.88787e-05 -979.054 287.87 5.32799 5.54262 368.587 548.06 2610380.0
608 0.00925 8.88512e-05 -979.361 287.139 5.31282 5.51613 350.48 520.734 2552850.0
607 0.00935 8.88251e-05 -979.644 286.451 5.29854 5.49164 333.42 495.352 2498650.0
606 0.00945 8.88007e-05 -979.911 285.795 5.28495 5.46825 317.072 471.11 2446740.0
605 0.00955 8.87784e-05 -980.163 285.181 5.27227 5.44638 301.8 448.313 2398070.0
604 0.00965 8.87576e-05 -980.396 284.604 5.26037 5.42623 287.352 427.021 2351950.0
603 0.00975 8.8736e-05 -980.625 284.048 5.24881 5.40622 273.558 406.347 2307830.0
602 0.00985 8.87163e-05 -980.842 283.511 5.23774 5.38736 260.071 386.496 2265070.0
601 0.00995 8.86979e-05 -981.054 282.989 5.22701 5.36886 247.131 367.333 2224020.0
600 0.01005 8.86799e-05 -981.246 282.52 5.21729 5.35223 235.45 349.747 2186540.0
599 0.01015 8.86635e-05 -981.428 282.071 5.20803 5.33628 224.179 332.912 2150510.0
598 0.01025 8.8649e-05 -981.594 281.658 5.19955 5.32201 213.926 317.66 2117420.0
597 0.01035 8.86336e-05 -981.761 281.241 5.19095 5.30736 203.429 302.195 2084150.0
596 0.01045 8.86195e-05 -981.916 280.862 5.18314 5.29389 194.005 287.917 2053640.0
595 0.01055 8.86046e-05 -982.077 280.465 5.17494 5.27985 184.101 273.298 2022390.0
594 0.01065 8.85923e-05 -982.217 280.115 5.16775 5.26777 175.262 260.366 1994330.0
593 0.01075 8.85802e-05 -982.351 279.783 5.16093 5.256 166.985 247.917 1967700.0
592 0.01085 8.85693e-05 -982.474 279.478 5.15467 5.24534 159.382 236.431 1942970.0
591 0.01095 8.85583e-05 -982.593 279.176 5.14846 5.2349 151.761 225.123 1918510.0
590 0.01105 8.85482e-05 -982.711 278.884 5.14248 5.22479 144.451 214.382 1895350.0
589 0.01115 8.85381e-05 -982.818 278.611 5.13687 5.2152 137.606 204.185 1873330.0
588 0.01125 8.85288e-05 -982.927 278.348 5.13148 5.20603 131.118 194.454 1852610.0
587 0.01135 8.85202e-05 -983.027 278.099 5.12639 5.19726 124.842 185.213 1832500.0
586 0.01145 8.85108e-05 -983.125 277.865 5.12154 5.18874 119.023 176.34 1813760.0
585 0.01155 8.85026e-05 -983.217 277.627 5.11667 5.18059 113.042 167.636 1794990.0
584 0.01165 8.8495e-05 -983.3 277.42 5.11242 5.17332 107.804 159.781 1778120.0
583 0.01175 8.84875e-05 -983.385 277.215 5.10821 5.1661 102.724 152.255 1761690.0
582 0.01185 8.84807e-05 -983.466 277.018 5.10418 5.15916 97.7118 144.834 1745960.0
581 0.01195 8.84743e-05 -983.533 276.84 5.10053 5.1531 93.2643 138.284 1731470.0
580 0.01205 8.84684e-05 -983.602 276.672 5.0971 5.14718 89.0651 131.927 1717890.0
579 0.01215 8.84623e-05 -983.671 276.502 5.09362 5.14137 84.8014 125.593 1704260.0
578 0.01225 8.84568e-05 -983.724 276.357 5.09063 5.13638 81.1187 120.117 1692130.0
577 0.01235 8.84514e-05 -983.782 276.207 5.08755 5.13137 77.3818 114.755 1680280.0
576 0.01245 8.8447e-05 -983.842 276.062 5.08463 5.12639 73.7777 109.454 1668820.0
575 0.01255 8.84413e-05 -983.898 275.931 5.0819 5.12163 70.4997 104.456 1657960.0
574 0.01265 8.8436e-05 -983.952 275.791 5.07902 5.11672 67.0348 99.3264 1646890.0
573 0.01275 8.84322e-05 -984.001 275.67 5.07655 5.11235 63.9783 94.6064 1636910.0
572 0.01285 8.84276e-05 -984.054 275.546 5.07402 5.10803 60.8823 90.0129 1627010.0
571 0.01295 8.8423e-05 -984.098 275.431 5.07163 5.10414 57.9848 85.8515 1617790.0
570 0.01305 8.84194e-05 -984.14 275.329 5.06955 5.10053 55.4184 82.007 1609360.0
569 0.01315 8.84157e-05 -984.183 275.223 5.06738 5.09682 52.7584 78.1334 1600870.0
568 0.01325 8.84117e-05 -984.218 275.128 5.06541 5.09355 50.3829 74.6448 1593150.0
567 0.01335 8.8408e-05 -984.268 275.02 5.06321 5.08957 47.7099 70.6362 1584750.0
566 0.01345 8.84048e-05 -984.302 274.935 5.06145 5.08648 45.5436 67.3 1577630.0
565 0.01355 8.84023e-05 -984.329 274.864 5.06001 5.0842 43.7449 64.6645 1571630.0
564 0.01365 8.8399e-05 -984.362 274.781 5.05829 5.08133 41.7312 61.671 1565070.0
563 0.01375 8.83964e-05 -984.387 274.716 5.05695 5.07909 40.0104 59.1735 1559390.0
562 0.01385 8.83936e-05 -984.422 274.628 5.05516 5.076 37.9107 56.0438 1552740.0
561 0.01395 8.83913e-05 -984.45 274.565 5.05386 5.07371 36.2196 53.5039 1547310.0
560 0.01405 8.83892e-05 -984.473 274.5 5.05256 5.07148 34.6735 51.1691 1542140.0
559 0.01415 8.83866e-05 -984.502 274.436 5.05123 5.06921 33.0799 48.8102 1536970.0
558 0.01425 8.83845e-05 -984.526 274.38 5.05007 5.0672 31.615 46.6733 1532260.0
557 0.01435 8.83823e-05 -984.547 274.316 5.04878 5.06488 30.0476 44.2958 1527140.0
556 0.01445 8.83805e-05 -984.57 274.265 5.04773 5.06318 28.781 42.4907 1522950.0
555 0.01455 8.8379e-05 -984.59 274.216 5.04675 5.06147 27.5289 40.552 1518800.0
554 0.01465 8.83767e-05 -984.613 274.158 5.04555 5.05928 26.0749 38.3392 1514230.0
553 0.01475 8.83744e-05 -984.631 274.111 5.04455 5.05772 24.9187 36.7016 1510450.0
552 0.01485 8.83732e-05 -984.644 274.074 5.0438 5.05654 23.91 35.3422 1507110.0
551 0.01495 8.83724e-05 -984.664 274.028 5.0429 5.05502 22.8258 33.7043 1503510.0
550 0.01505 8.83706e-05 -984.674 273.993 5.04217 5.0539 21.9424 32.4458 1500480.0
549 0.01515 8.83694e-05 -984.696 273.946 5.04122 5.05228 20.7448 30.634 1496850.0
548 0.01525 8.83685e-05 -984.71 273.908 5.04047 5.05098 19.8064 29.2526 1493810.0
547 0.01535 8.83665e-05 -984.725 273.874 5.03974 5.04974 18.9188 27.9572 1490810.0
546 0.01545 8.83663e-05 -984.733 273.847 5.03923 5.04885 18.2036 26.8894 1488430.0
545 0.01555 8.83649e-05 -984.746 273.815 5.03857 5.04767 17.465 25.7377 1485880.0
544 0.01565 8.83636e-05 -984.764 273.781 5.03786 5.04632 16.6041 24.4624 1483110.0
543 0.01575 8.8362e-05 -984.774 273.749 5.03719 5.04527 15.7817 23.2876 1480520.0
542 0.01585 8.83616e-05 -984.784 273.725 5.03672 5.0445 15.1902 22.4345 1478470.0
541 0.01595 8.836e-05 -984.796 273.691 5.036 5.0433 14.3231 21.191 1475790.0
540 0.01605 8.83598e-05 -984.804 273.674 5.03568 5.04277 13.8875 20.5035 1474230.0
539 0.01615 8.83577e-05 -984.816 273.643 5.03499 5.04162 13.1695 19.415 1471990.0
538 0.01625 8.83583e-05 -984.822 273.625 5.0347 5.04125 12.7132 18.742 1470440.0
537 0.01635 8.83568e-05 -984.832 273.6 5.03414 5.04028 12.0664 17.8104 1468390.0
536 0.01645 8.83554e-05 -984.841 273.576 5.03362 5.03938 11.481 16.9013 1466430.0
535 0.01655 8.8355e-05 -984.852 273.558 5.03327 5.03856 11.0093 16.1257 1464880.0
534 0.01665 8.8354e-05 -984.858 273.539 5.03287 5.03805 10.5317 15.5077 1463320.0
533 0.01675 8.83537e-05 -984.863 273.522 5.03253 5.03751 10.0954 14.8781 1461900.0
532 0.01685 8.83532e-05 -984.87 273.506 5.0322 5.03687 9.71158 14.1783 1460560.0
531 0.01695 8.83522e-05 -984.88 273.487 5.0318 5.03608 9.23686 13.4571 1458900.0
530 0.01705 8.83515e-05 -984.889 273.468 5.03142 5.03535 8.78862 12.7357 1457500.0
529 0.01715 8.83513e-05 -984.897 273.451 5.0311 5.03472 8.33952 12.0507 1456050.0
528 0.01725 8.83504e-05 -984.9 273.435 5.03074 5.03426 8.00019 11.6293 1454920.0
527 0.01735 8.83506e-05 -984.903 273.428 5.03063 5.0341 7.77209 11.3497 1454130.0
526 0.01745 8.83501e-05 -984.912 273.412 5.03031 5.03344 7.42968 10.8156 1452940.0
525 0.01755 8.83498e-05 -984.914 273.403 5.03012 5.03311 7.11135 10.4016 1451970.0
524 0.01765 8.8349e-05 -984.92 273.391 5.02986 5.0327 6.83187 9.94257 1450990.0
523 0.01775 8.83485e-05 -984.927 273.373 5.0295 5.03206 6.40166 9.34444 1449720.0
522 0.01785 8.83481e-05 -984.932 273.362 5.02927 5.03162 6.12577 8.88304 1448760.0
521 0.01795 8.83476e-05 -984.935 273.357 5.02915 5.03149 5.9738 8.68422 1448150.0
520 0.01805 8.83478e-05 -984.938 273.346 5.02896 5.03129 5.75765 8.37521 1447420.0
519 0.01815 8.8348e-05 -984.936 273.343 5.02891 5.03126 5.63199 8.25971 1446890.0
518 0.01825 8.83482e-05 -984.941 273.329 5.02867 5.03089 5.3156 7.8542 1445990.0
517 0.01835 8.83463e-05 -984.947 273.323 5.02846 5.03045 5.12329 7.54603 1445320.0
516 0.01845 8.83462e-05 -984.952 273.313 5.02827 5.03006 4.89246 7.20475 1444540.0
515 0.01855 8.83461e-05 -984.955 273.305 5.02811 5.02972 4.70267 6.92488 1443860.0
514 0.01865 8.83459e-05 -984.955 273.3 5.028 5.02968 4.50665 6.65229 1443320.0
513 0.01875 8.83466e-05 -984.958 273.292 5.02789 5.02951 4.32736 6.38593 1442710.0
512 0.01885 8.83458e-05 -984.961 273.284 5.02771 5.02911 4.1226 5.98694 1442050.0
511 0.01895 8.83457e-05 -984.962 273.28 5.02763 5.02916 4.05551 5.93082 1441770.0
510 0.01905 8.83461e-05 -984.964 273.274 5.02753 5.02913 3.89324 5.7683 1441240.0
509 0.01915 8.83457e-05 -984.962 273.27 5.02744 5.02893 3.71582 5.56985 1440700.0
508 0.01925 8.8346e-05 -984.963 273.269 5.02744 5.02908 3.70351 5.54344 1440520.0
507 0.01935 8.83459e-05 -984.967 273.257 5.02721 5.02868 3.42749 5.13677 1439780.0
506 0.01945 8.83451e-05 -984.969 273.253 5.0271 5.02857 3.32138 4.97555 1439470.0
505 0.01955 8.83448e-05 -984.972 273.247 5.02697 5.0282 3.22671 4.78355 1438960.0
504 0.01965 8.83452e-05 -984.976 273.24 5.02685 5.02801 2.99776 4.46946 1438380.0
503 0.01975 8.83455e-05 -984.976 273.238 5.02683 5.02798 2.94757 4.36127 1438160.0
502 0.01985 8.83448e-05 -984.975 273.235 5.02676 5.02799 2.84857 4.312 1437860.0
501 0.01995 8.83444e-05 -984.981 273.224 5.02652 5.02739 2.60028 3.82707 1437150.0
500 0.02005 8.83445e-05 -984.983 273.222 5.02649 5.02722 2.56739 3.70612 1436910.0
499 0.02015 8.83442e-05 -984.986 273.217 5.02639 5.02696 2.39304 3.43133 1436380.0
498 0.02025 8.8344e-05 -984.993 273.211 5.02626 5.02663 2.28619 3.25969 1435990.0
497 0.02035 8.83437e-05 -984.992 273.211 5.02625 5.02662 2.27991 3.2984 1435880.0
496 0.02045 8.8344e-05 -984.992 273.208 5.0262 5.02664 2.19587 3.18176 1435630.0
495 0.02055 8.83436e-05 -984.991 273.21 5.02622 5.02683 2.14865 3.15304 1435470.0
494 0.02065 8.8344e-05 -984.991 273.202 5.0261 5.02668 2.05655 3.02931 1435120.0
493 0.02075 8.83436e-05 -984.988 273.202 5.02606 5.02672 1.98361 2.97487 1434900.0
492 0.02085 8.83435e-05 -984.993 273.197 5.02598 5.02663 1.92301 2.89612 1434690.0
491 0.02095 8.83436e-05 -984.994 273.191 5.02587 5.02648 1.71048 2.5957 1434170.0
490 0.02105 8.83433e-05 -984.993 273.189 5.02583 5.02627 1.6489 2.4765 1433960.0
489 0.02115 8.83427e-05 -984.999 273.182 5.02565 5.02603 1.49661 2.26506 1433570.0
488 0.02125 8.8343e-05 -984.997 273.18 5.02562 5.02595 1.39158 2.10805 1433290.0
487 0.02135 8.83424e-05 -985.0 273.179 5.02557 5.02593 1.35176 2.07066 1433160.0
486 0.02145 8.8343e-05 -985.001 273.174 5.02553 5.02591 1.31867 2.06114 1433010.0
485 0.02155 8.83421e-05 -985.002 273.17 5.02539 5.02551 1.20605 1.82668 1432600.0
484 0.02165 8.83425e-05 -985.004 273.172 5.02545 5.02569 1.17922 1.83597 1432610.0
483 0.02175 8.83429e-05 -985.0 273.173 5.0255 5.02587 1.23705 1.90967 1432740.0
482 0.02185 8.83427e-05 -984.998 273.172 5.02547 5.02591 1.21013 1.86778 1432640.0
481 0.02195 8.8342e-05 -985.004 273.167 5.02534 5.02557 1.08288 1.67473 1432270.0
480 0.02205 8.83413e-05 -985.008 273.162 5.0252 5.02542 0.997304 1.47917 1432050.0
479 0.02215 8.83418e-05 -985.005 273.163 5.02525 5.02546 0.92078 1.41831 1431860.0
478 0.02225 8.83415e-05 -985.007 273.155 5.02509 5.0252 0.848242 1.29593 1431640.0
477 0.02235 8.8342e-05 -985.009 273.155 5.02512 5.02511 0.77025 1.13556 1431470.0
476 0.02245 8.8342e-05 -985.007 273.157 5.02515 5.02534 0.825064 1.2837 1431630.0
475 0.02255 8.83415e-05 -985.005 273.156 5.0251 5.02538 0.83164 1.28178 1431610.0
474 0.02265 8.83417e-05 -985.006 273.156 5.02512 5.02538 0.788196 1.21293 1431500.0
473 0.02275 8.83422e-05 -985.013 273.15 5.02503 5.02499 0.630568 0.880647 1431020.0
472 0.02285 8.83407e-05 -985.016 273.144 5.02483 5.02462 0.551567 0.69913 1430720.0
471 0.02295 8.83412e-05 -985.012 273.147 5.02492 5.0248 0.602244 0.887274 1430930.0
470 0.02305 8.83413e-05 -985.017 273.142 5.02484 5.02458 0.510855 0.712874 1430590.0
469 0.02315 8.83418e-05 -985.01 273.148 5.02498 5.02491 0.612826 0.93524 1430890.0
468 0.02325 8.83417e-05 -985.009 273.151 5.02502 5.02517 0.6729 1.05928 1431030.0
467 0.02335 8.83421e-05 -985.009 273.147 5.02499 5.02508 0.677874 1.00977 1430990.0
466 0.02345 8.8342e-05 -985.012 273.145 5.02493 5.02487 0.574231 0.819911 1430670.0
465 0.02355 8.83413e-05 -985.01 273.147 5.02493 5.02502 0.638016 0.988069 1430830.0
464 0.02365 8.83418e-05 -985.012 273.144 5.0249 5.02492 0.529435 0.787064 1430540.0
463 0.02375 8.83416e-05 -985.009 273.143 5.02488 5.02498 0.538062 0.807015 1430560.0
462 0.02385 8.83417e-05 -985.011 273.14 5.02483 5.02493 0.485761 0.726611 1430390.0
461 0.02395 8.83419e-05 -985.013 273.139 5.02482 5.02481 0.441629 0.647732 1430250.0
460 0.02405 8.83411e-05 -985.011 273.139 5.02477 5.02472 0.440594 0.608992 1430160.0
459 0.02415 8.83417e-05 -985.012 273.139 5.02481 5.02484 0.435807 0.662715 1430160.0
458 0.02425 8.83424e-05 -985.014 273.142 5.02489 5.02508 0.490222 0.748749 1430340.0
457 0.02435 8.83415e-05 -985.011 273.139 5.02479 5.02487 0.418307 0.651774 1430150.0
456 0.02445 8.83416e-05 -985.013 273.136 5.02474 5.02477 0.371704 0.546537 1429990.0
455 0.02455 8.83416e-05 -985.012 273.139 5.02479 5.025 0.418999 0.613923 1430130.0
454 0.02465 8.83413e-05 -985.013 273.137 5.02474 5.02483 0.392845 0.548028 1430000.0
453 0.02475 8.83416e-05 -985.012 273.137 5.02476 5.02481 0.370914 0.46894 1429920.0
452 0.02485 8.83425e-05 -985.008 273.142 5.0249 5.02527 0.51085 0.760735 1430320.0
451 0.02495 8.8342e-05 -985.008 273.142 5.02488 5.02517 0.522647 0.743004 1430300.0
450 0.02505 8.83417e-05 -985.011 273.139 5.02481 5.02492 0.411504 0.527513 1430020.0
449 0.02515 8.83415e-05 -985.013 273.136 5.02473 5.0248 0.364294 0.409011 1429850.0
448 0.02525 8.83412e-05 -985.012 273.136 5.02473 5.02482 0.339935 0.456639 1429850.0
447 0.02535 8.83419e-05 -985.01 273.136 5.02476 5.02497 0.353161 0.469758 1429860.0
446 0.02545 8.83416e-05 -985.012 273.134 5.02471 5.02476 0.257316 0.324134 1429650.0
445 0.02555 8.83413e-05 -985.011 273.138 5.02476 5.02494 0.348047 0.481308 1429830.0
444 0.02565 8.83414e-05 -985.015 273.13 5.02462 5.02451 0.230299 0.250716 1429510.0
443 0.02575 8.8341e-05 -985.016 273.131 5.02462 5.0246 0.216185 0.24692 1429560.0
442 0.02585 8.83418e-05 -985.016 273.128 5.02461 5.02436 0.165161 0.10462 1429350.0
441 0.02595 8.8342e-05 -985.021 273.125 5.02457 5.02421 0.0640849 -0.0873402 1429140.0
440 0.02605 8.8341e-05 -985.018 273.126 5.02452 5.02422 0.0842269 -0.037977 1429160.0
439 0.02615 8.83419e-05 -985.016 273.128 5.02462 5.02438 0.157522 0.0944238 1429270.0
438 0.02625 8.83419e-05 -985.015 273.129 5.02464 5.02455 0.160568 0.152416 1429350.0
437 0.02635 8.83417e-05 -985.012 273.132 5.02468 5.02475 0.241887 0.302586 1429510.0
436 0.02645 8.83416e-05 -985.017 273.128 5.0246 5.02439 0.155487 0.0952016 1429210.0
435 0.02655 8.83426e-05 -985.015 273.136 5.02481 5.02475 0.310652 0.34381 1429560.0
434 0.02665 8.83417e-05 -985.014 273.134 5.02471 5.02464 0.261585 0.249717 1429410.0
433 0.02675 8.83419e-05 -985.014 273.134 5.02472 5.02469 0.271 0.289539 1429420.0
432 0.02685 8.83423e-05 -985.013 273.134 5.02474 5.02476 0.2768 0.349879 1429500.0
431 0.02695 8.8342e-05 -985.016 273.131 5.02468 5.02464 0.195421 0.223552 1429300.0
430 0.02705 8.83421e-05 -985.015 273.131 5.02468 5.02451 0.171363 0.170115 1429200.0
429 0.02715 8.83417e-05 -985.014 273.131 5.02466 5.02463 0.274976 0.385142 1429400.0
428 0.02725 8.83425e-05 -985.019 273.13 5.02468 5.02459 0.136008 0.163571 1429180.0
427 0.02735 8.83417e-05 -985.013 273.129 5.02461 5.02455 0.142992 0.177992 1429170.0
426 0.02745 8.83424e-05 -985.016 273.131 5.0247 5.02468 0.182503 0.248893 1429300.0
425 0.02755 8.83422e-05 -985.016 273.133 5.02472 5.02468 0.209945 0.203938 1429320.0
424 0.02765 8.83416e-05 -985.017 273.129 5.02462 5.02447 0.176323 0.133609 1429180.0
423 0.02775 8.83417e-05 -985.017 273.13 5.02464 5.02442 0.0699954 -0.041394 1429030.0
422 0.02785 8.83423e-05 -985.016 273.128 5.02464 5.02459 0.131155 0.104697 1429150.0
421 0.02795 8.83411e-05 -985.02 273.122 5.02447 5.02415 -0.0239547 -0.199253 1428760.0
420 0.02805 8.83422e-05 -985.019 273.124 5.02455 5.02434 0.0240608 -0.0993856 1428950.0
419 0.02815 8.83414e-05 -985.018 273.127 5.02456 5.02435 0.00395077 -0.157195 1428890.0
418 0.02825 8.83417e-05 -985.016 273.128 5.02459 5.02449 0.0645402 0.0556885 1429050.0
417 0.02835 8.83418e-05 -985.016 273.129 5.02463 5.02448 0.105329 0.153191 1429090.0
416 0.02845 8.83418e-05 -985.023 273.124 5.02453 5.02412 -0.0685657 -0.212675 1428680.0
415 0.02855 8.83415e-05 -985.019 273.13 5.02462 5.02443 0.0669376 0.0641587 1429040.0
414 0.02865 8.83418e-05 -985.018 273.127 5.02458 5.0244 0.0653774 0.049743 1429010.0
413 0.02875 8.83415e-05 -985.016 273.131 5.02465 5.02445 0.101452 0.0602049 1429150.0
412 0.02885 8.83415e-05 -985.019 273.128 5.02459 5.02432 0.0975824 0.0463049 1429100.0
411 0.02895 8.83424e-05 -985.018 273.131 5.02469 5.02453 0.084434 0.0872414 1429210.0
410 0.02905 8.83417e-05 -985.017 273.131 5.02467 5.02459 0.110125 0.117722 1429220.0
409 0.02915 8.83417e-05 -985.015 273.129 5.02462 5.02456 0.0915024 0.102043 1429190.0
408 0.02925 8.83416e-05 -985.015 273.129 5.02462 5.02448 0.0310891 -0.0242294 1429060.0
407 0.02935 8.83424e-05 -985.017 273.126 5.0246 5.02447 0.0529593 0.00064431 1429110.0
406 0.02945 8.83414e-05 -985.019 273.129 5.0246 5.02449 0.0720196 0.0397571 1429090.0
405 0.02955 8.83422e-05 -985.017 273.124 5.02456 5.0244 -0.00513766 -0.117444 1428910.0
404 0.02965 8.83417e-05 -985.018 273.123 5.02451 5.0243 -0.0274246 -0.0778929 1428850.0
403 0.02975 8.83418e-05 -985.022 273.124 5.02453 5.02423 0.000538891 -0.0729875 1428930.0
402 0.02985 8.83418e-05 -985.023 273.126 5.02457 5.02419 0.0223326 -0.0207424 1428970.0
401 0.02995 8.83425e-05 -985.022 273.124 5.02458 5.02424 0.0378127 -0.040734 1428980.0
400 0.03005 8.83418e-05 -985.02 273.128 5.0246 5.02423 0.0192731 -0.0519555 1428990.0
399 0.03015 8.83422e-05 -985.024 273.127 5.02461 5.02408 0.0413338 -0.0582039 1428940.0
398 0.03025 8.83414e-05 -985.026 273.117 5.02439 5.02362 -0.120336 -0.298339 1428500.0
397 0.03035 8.83415e-05 -985.03 273.118 5.0244 5.0236 -0.156667 -0.290429 1428480.0
396 0.03045 8.83415e-05 -985.026 273.122 5.02448 5.02376 -0.0143035 -0.104034 1428720.0
395 0.03055 8.83418e-05 -985.026 273.123 5.02451 5.02379 -0.0512903 -0.140129 1428680.0
394 0.03065 8.83424e-05 -985.025 273.121 5.02452 5.02389 -0.0217207 -0.0650239 1428780.0
393 0.03075 8.83416e-05 -985.022 273.121 5.02446 5.02389 -0.0710659 -0.123941 1428670.0
392 0.03085 8.83423e-05 -985.022 273.121 5.02451 5.02406 -0.0894029 -0.118126 1428700.0
391 0.03095 8.8342e-05 -985.026 273.119 5.02446 5.02388 -0.104424 -0.147865 1428660.0
390 0.03105 8.83417e-05 -985.024 273.121 5.02448 5.02388 -0.0479488 -0.0735527 1428700.0
389 0.03115 8.83419e-05 -985.025 273.121 5.02448 5.02376 -0.136006 -0.215388 1428530.0
388 0.03125 8.83419e-05 -985.026 273.118 5.02442 5.02379 -0.136051 -0.221886 1428550.0
387 0.03135 8.83427e-05 -985.024 273.12 5.02451 5.02392 -0.0965894 -0.17085 1428680.0
386 0.03145 8.83417e-05 -985.024 273.122 5.02449 5.02401 -0.071914 -0.125349 1428720.0
385 0.03155 8.83421e-05 -985.024 273.122 5.02451 5.02408 -0.0846336 -0.145976 1428760.0
384 0.03165 8.8342e-05 -985.02 273.125 5.02456 5.02426 -0.0271212 0.0258363 1428890.0
383 0.03175 8.83424e-05 -985.021 273.123 5.02455 5.02429 -0.0281402 0.0212979 1428910.0
382 0.03185 8.83423e-05 -985.024 273.121 5.02451 5.02422 -0.110144 -0.126264 1428740.0
381 0.03195 8.83417e-05 -985.019 273.125 5.02455 5.02437 -0.0313946 0.0283384 1428950.0
380 0.03205 8.8342e-05 -985.017 273.123 5.02453 5.02454 -0.0241458 0.0746213 1429030.0
379 0.03215 8.83417e-05 -985.02 273.125 5.02455 5.02446 -0.00779966 0.0664528 1429010.0
378 0.03225 8.83418e-05 -985.023 273.122 5.0245 5.02429 -0.0404019 0.0341814 1428890.0
377 0.03235 8.83416e-05 -985.022 273.122 5.02448 5.0242 -0.0643976 -0.0239473 1428840.0
376 0.03245 8.83414e-05 -985.02 273.123 5.0245 5.02432 -0.0188403 0.0557892 1428960.0
375 0.03255 8.83418e-05 -985.02 273.123 5.02452 5.02432 -0.0341185 0.00428005 1428900.0
374 0.03265 8.83408e-05 -985.024 273.121 5.02442 5.02418 -0.10218 -0.105777 1428750.0
373 0.03275 8.83408e-05 -985.024 273.12 5.02441 5.02398 -0.123303 -0.150467 1428660.0
372 0.03285 8.834e-05 -985.03 273.113 5.02423 5.02352 -0.219614 -0.388191 1428320.0
371 0.03295 8.83407e-05 -985.029 273.119 5.02438 5.02385 -0.146142 -0.197887 1428610.0
370 0.03305 8.83404e-05 -985.028 273.115 5.02429 5.02364 -0.216387 -0.368983 1428350.0
369 0.03315 8.83407e-05 -985.027 273.12 5.02439 5.02395 -0.133761 -0.189352 1428600.0
368 0.03325 8.83404e-05 -985.023 273.123 5.02443 5.02414 -0.0216622 0.0478989 1428840.0
367 0.03335 8.83415e-05 -985.019 273.125 5.02454 5.02451 -0.0168182 0.0858681 1429020.0
366 0.03345 8.83415e-05 -985.016 273.129 5.02461 5.02465 0.0416919 0.205828 1429160.0
365 0.03355 8.83414e-05 -985.023 273.119 5.02443 5.02414 -0.0818758 -0.0562829 1428740.0
364 0.03365 8.83406e-05 -985.021 273.123 5.02446 5.02411 -0.0608655 -0.00544075 1428750.0
363 0.03375 8.8341e-05 -985.025 273.12 5.02441 5.02401 -0.0597749 -0.0400293 1428700.0
362 0.03385 8.83415e-05 -985.02 273.128 5.02459 5.02443 0.0938657 0.198575 1429090.0
361 0.03395 8.83404e-05 -985.024 273.122 5.02443 5.024 -0.0349953 -0.0322386 1428750.0
360 0.03405 8.83414e-05 -985.027 273.124 5.02452 5.02412 -0.031369 -0.0660037 1428720.0
359 0.03415 8.83407e-05 -985.019 273.124 5.02446 5.02419 0.0393226 0.0588665 1428830.0
358 0.03425 8.83414e-05 -985.024 273.122 5.02448 5.02412 -0.0569657 -0.153532 1428650.0
357 0.03435 8.83408e-05 -985.023 273.12 5.02441 5.02409 -0.0918422 -0.209123 1428550.0
356 0.03445 8.83401e-05 -985.025 273.114 5.02426 5.02385 -0.18013 -0.440661 1428320.0
355 0.03455 8.83415e-05 -985.027 273.116 5.02437 5.02387 -0.19626 -0.45159 1428330.0
354 0.03465 8.83409e-05 -985.027 273.117 5.02436 5.02388 -0.181508 -0.379545 1428350.0
353 0.03475 8.83407e-05 -985.021 273.117 5.02434 5.024 -0.143462 -0.282023 1428460.0
352 0.03485 8.83418e-05 -985.021 273.12 5.02446 5.02412 -0.0992425 -0.221805 1428560.0
351 0.03495 8.834e-05 -985.022 273.121 5.02437 5.02401 -0.10322 -0.277525 1428520.0
350 0.03505 8.83411e-05 -985.023 273.121 5.02443 5.02398 -0.13045 -0.301516 1428520.0
349 0.03515 8.83402e-05 -985.026 273.119 5.02435 5.02377 -0.118728 -0.321168 1428440.0
348 0.03525 8.83413e-05 -985.026 273.121 5.02444 5.02392 -0.101527 -0.297229 1428530.0
347 0.03535 8.83408e-05 -985.028 273.114 5.02429 5.02356 -0.253817 -0.566051 1428130.0
346 0.03545 8.83409e-05 -985.024 273.12 5.0244 5.02388 -0.167202 -0.400124 1428390.0
345 0.03555 8.83414e-05 -985.023 273.121 5.02446 5.02407 -0.0669151 -0.152483 1428670.0
344 0.03565 8.8341e-05 -985.023 273.125 5.02451 5.0242 -0.0264494 -0.0704758 1428780.0
343 0.03575 8.83415e-05 -985.023 273.121 5.02447 5.02413 -0.110052 -0.197117 1428670.0
342 0.03585 8.83406e-05 -985.027 273.113 5.02427 5.02373 -0.238443 -0.437986 1428230.0
341 0.03595 8.83418e-05 -985.025 273.116 5.02439 5.0238 -0.228497 -0.418867 1428300.0
340 0.03605 8.83404e-05 -985.022 273.123 5.02443 5.02408 -0.0969857 -0.170681 1428620.0
339 0.03615 8.8342e-05 -985.022 273.122 5.02451 5.02419 -0.0770252 -0.168757 1428650.0
338 0.03625 8.8341e-05 -985.018 273.123 5.02447 5.02432 -0.0222004 -0.0609045 1428760.0
337 0.03635 8.83412e-05 -985.019 273.126 5.02454 5.02446 -0.0223756 -0.00933454 1428830.0
336 0.03645 8.83414e-05 -985.023 273.12 5.02443 5.02412 -0.144534 -0.27972 1428450.0
335 0.03655 8.83413e-05 -985.017 273.125 5.02453 5.02439 -0.049168 -0.106846 1428720.0
334 0.03665 8.83416e-05 -985.015 273.127 5.02458 5.02459 0.00891037 0.0474031 1428870.0
333 0.03675 8.83421e-05 -985.019 273.122 5.02452 5.02449 -0.063366 -0.0522351 1428750.0
332 0.03685 8.83421e-05 -985.013 273.129 5.02465 5.02479 0.0534394 0.197122 1429070.0
331 0.03695 8.83416e-05 -985.016 273.128 5.0246 5.02464 -0.0257244 0.0450104 1428900.0
330 0.03705 8.83413e-05 -985.02 273.125 5.02452 5.02435 -0.0856534 -0.108733 1428700.0
329 0.03715 8.83418e-05 -985.021 273.122 5.0245 5.02431 -0.122548 -0.172245 1428610.0
328 0.03725 8.83418e-05 -985.023 273.123 5.02451 5.02427 -0.10329 -0.13578 1428590.0
327 0.03735 8.83414e-05 -985.023 273.122 5.02448 5.02425 -0.131001 -0.156429 1428580.0
326 0.03745 8.83414e-05 -985.02 273.122 5.02447 5.02421 -0.137839 -0.207979 1428540.0
325 0.03755 8.83423e-05 -985.02 273.125 5.02459 5.02442 -0.0494513 -0.0600663 1428750.0
324 0.03765 8.83415e-05 -985.017 273.127 5.02457 5.02451 -0.0142628 0.0134403 1428850.0
323 0.03775 8.83419e-05 -985.021 273.126 5.02458 5.02447 -0.0834859 -0.112353 1428750.0
322 0.03785 8.83416e-05 -985.019 273.121 5.02448 5.02426 -0.150325 -0.252555 1428520.0
321 0.03795 8.83423e-05 -985.02 273.123 5.02454 5.0245 -0.143994 -0.172428 1428680.0
320 0.03805 8.83409e-05 -985.017 273.124 5.02448 5.02434 -0.0914979 -0.140468 1428700.0
319 0.03815 8.83416e-05 -985.021 273.124 5.02452 5.02436 -0.0855056 -0.177661 1428690.0
318 0.03825 8.83414e-05 -985.019 273.127 5.02457 5.02454 -0.0452525 -0.0305462 1428860.0
317 0.03835 8.83412e-05 -985.022 273.122 5.02447 5.02413 -0.172733 -0.294592 1428470.0
316 0.03845 8.83415e-05 -985.022 273.12 5.02444 5.02421 -0.161829 -0.232203 1428540.0
315 0.03855 8.83399e-05 -985.023 273.118 5.02433 5.02401 -0.213923 -0.33392 1428370.0
314 0.03865 8.83414e-05 -985.021 273.126 5.02455 5.02438 -0.0609706 -0.0214667 1428760.0
313 0.03875 8.83412e-05 -985.019 273.129 5.02459 5.02455 0.020231 0.154452 1428970.0
312 0.03885 8.83413e-05 -985.017 273.126 5.02454 5.02441 -0.0176079 0.055975 1428840.0
311 0.03895 8.83412e-05 -985.023 273.124 5.0245 5.02427 -0.0538497 -0.0428586 1428730.0
310 0.03905 8.83407e-05 -985.02 273.122 5.02443 5.02425 -0.0866219 -0.0674809 1428740.0
309 0.03915 8.83415e-05 -985.02 273.124 5.02452 5.02422 -0.0125913 0.0378977 1428850.0
308 0.03925 8.83415e-05 -985.017 273.127 5.02457 5.02447 0.0535539 0.139854 1429060.0
307 0.03935 8.83409e-05 -985.022 273.125 5.0245 5.02424 -0.019497 0.0374422 1428800.0
306 0.03945 8.83411e-05 -985.023 273.12 5.02442 5.02402 -0.142108 -0.153026 1428590.0
305 0.03955 8.83411e-05 -985.023 273.117 5.02437 5.024 -0.1225 -0.128083 1428570.0
304 0.03965 8.83406e-05 -985.02 273.123 5.02446 5.02434 -0.0232173 0.115218 1428900.0
303 0.03975 8.83418e-05 -985.024 273.121 5.02447 5.02424 -0.0788312 -0.0234538 1428720.0
302 0.03985 8.83407e-05 -985.023 273.116 5.02433 5.02405 -0.182461 -0.209124 1428540.0
301 0.03995 8.83411e-05 -985.021 273.117 5.02437 5.02417 -0.169417 -0.148081 1428610.0
300 0.04005 8.83417e-05 -985.022 273.119 5.02445 5.02422 -0.10816 -0.0819531 1428720.0
299 0.04015 8.83403e-05 -985.022 273.115 5.02429 5.02392 -0.20797 -0.263029 1428460.0
298 0.04025 8.83415e-05 -985.022 273.116 5.02436 5.02413 -0.138224 -0.100201 1428640.0
297 0.04035 8.8341e-05 -985.021 273.118 5.02438 5.02421 -0.139069 -0.0482599 1428700.0
296 0.04045 8.83417e-05 -985.023 273.117 5.0244 5.02411 -0.157146 -0.0901965 1428640.0
295 0.04055 8.83409e-05 -985.021 273.118 5.02437 5.02403 -0.104555 -0.0098143 1428670.0
294 0.04065 8.83416e-05 -985.018 273.122 5.02448 5.02433 -0.0947466 0.0754071 1428870.0
293 0.04075 8.8341e-05 -985.023 273.118 5.02438 5.024 -0.157602 -0.100137 1428610.0
292 0.04085 8.8341e-05 -985.026 273.115 5.02432 5.02381 -0.211749 -0.23881 1428370.0
291 0.04095 8.83412e-05 -985.022 273.121 5.02444 5.02416 -0.103301 -0.00542262 1428710.0
290 0.04105 8.83413e-05 -985.02 273.122 5.02447 5.02416 -0.0727507 0.0548881 1428700.0
289 0.04115 8.83419e-05 -985.019 273.121 5.02449 5.02422 -0.0830769 0.00360837 1428740.0
288 0.04125 8.83408e-05 -985.02 273.121 5.02443 5.02418 -0.072549 0.0101063 1428750.0
287 0.04135 8.83416e-05 -985.022 273.121 5.02447 5.02416 -0.115507 -0.0904694 1428670.0
286 0.04145 8.83414e-05 -985.02 273.124 5.02451 5.02423 -0.034158 0.07621 1428850.0
285 0.04155 8.83411e-05 -985.024 273.12 5.02442 5.02403 -0.10044 -0.12478 1428620.0
284 0.04165 8.83413e-05 -985.021 273.123 5.02449 5.02407 -0.0881269 -0.172654 1428680.0
283 0.04175 8.83413e-05 -985.025 273.121 5.02446 5.024 -0.137932 -0.25769 1428520.0
282 0.04185 8.83413e-05 -985.02 273.123 5.02449 5.02418 -0.0687587 -0.16499 1428680.0
281 0.04195 8.83414e-05 -985.021 273.125 5.02452 5.02426 -0.0578993 -0.110391 1428720.0
280 0.04205 8.83418e-05 -985.023 273.124 5.02453 5.0242 -0.0308031 -0.0893905 1428700.0
279 0.04215 8.83409e-05 -985.022 273.125 5.0245 5.02403 -0.0770668 -0.175573 1428580.0
278 0.04225 8.83406e-05 -985.024 273.124 5.02447 5.02395 -0.0297274 -0.141518 1428610.0
277 0.04235 8.83402e-05 -985.025 273.127 5.02451 5.02401 0.00271551 -0.0928721 1428700.0
276 0.04245 8.83418e-05 -985.022 273.122 5.02451 5.02401 0.0277228 -0.0500381 1428660.0
275 0.04255 8.83407e-05 -985.026 273.125 5.0245 5.02405 0.00222864 -0.0822658 1428650.0
274 0.04265 8.83408e-05 -985.022 273.123 5.02447 5.02403 -0.0263591 -0.204779 1428600.0
273 0.04275 8.83411e-05 -985.022 273.129 5.02459 5.02433 0.110335 0.0158819 1428940.0
272 0.04285 8.83411e-05 -985.023 273.129 5.02459 5.02419 0.109983 -0.0104463 1428890.0
271 0.04295 8.83409e-05 -985.025 273.124 5.02448 5.02401 -0.0284673 -0.190735 1428610.0
270 0.04305 8.83411e-05 -985.023 273.123 5.02448 5.024 -0.00502263 -0.172481 1428660.0
269 0.04315 8.83408e-05 -985.026 273.12 5.02441 5.02387 -0.0368407 -0.223569 1428570.0
268 0.04325 8.83412e-05 -985.024 273.125 5.02452 5.02407 0.0267411 -0.130324 1428770.0
267 0.04335 8.8341e-05 -985.025 273.124 5.02448 5.0239 -0.00739884 -0.205176 1428630.0
266 0.04345 8.83409e-05 -985.025 273.124 5.02448 5.02396 0.00742352 -0.19961 1428660.0
265 0.04355 8.83415e-05 -985.024 273.126 5.02456 5.0241 0.0123238 -0.180078 1428700.0
264 0.04365 8.83407e-05 -985.026 273.124 5.02448 5.02394 -0.00998057 -0.229263 1428660.0
263 0.04375 8.83407e-05 -985.025 273.122 5.02444 5.02382 -0.0407317 -0.221825 1428570.0
262 0.04385 8.83409e-05 -985.025 273.122 5.02444 5.02383 -0.0561631 -0.241935 1428470.0
261 0.04395 8.83413e-05 -985.024 273.123 5.02449 5.02397 -0.046126 -0.162256 1428620.0
260 0.04405 8.83412e-05 -985.022 273.126 5.02453 5.02411 -0.00120266 -0.0486641 1428730.0
259 0.04415 8.83403e-05 -985.024 273.121 5.0244 5.02388 -0.053045 -0.176623 1428550.0
258 0.04425 8.83416e-05 -985.023 273.124 5.02452 5.02405 -0.0536062 -0.159636 1428560.0
257 0.04435 8.83416e-05 -985.022 273.122 5.02449 5.02417 -0.0406557 -0.0591732 1428660.0
256 0.04445 8.83405e-05 -985.026 273.117 5.02433 5.02382 -0.197874 -0.393231 1428240.0
255 0.04455 8.83413e-05 -985.023 273.121 5.02446 5.02415 -0.0736769 -0.130815 1428600.0
254 0.04465 8.83407e-05 -985.023 273.12 5.02441 5.024 -0.130572 -0.26656 1428450.0
253 0.04475 8.83409e-05 -985.024 273.116 5.02433 5.02381 -0.162557 -0.368288 1428300.0
252 0.04485 8.83419e-05 -985.022 273.125 5.02456 5.02404 -0.0305025 -0.185132 1428640.0
251 0.04495 8.83411e-05 -985.019 273.124 5.02449 5.024 -0.0231871 -0.155153 1428590.0
250 0.04505 8.83412e-05 -985.024 273.12 5.02443 5.02389 -0.113031 -0.309916 1428460.0
249 0.04515 8.83408e-05 -985.022 273.121 5.02443 5.02389 -0.0858568 -0.271621 1428460.0
248 0.04525 8.83413e-05 -985.022 273.118 5.0244 5.02383 -0.0970712 -0.270961 1428380.0
247 0.04535 8.83415e-05 -985.019 273.127 5.02458 5.02419 0.00960648 -0.0533394 1428690.0
246 0.04545 8.83417e-05 -985.02 273.121 5.02448 5.02401 -0.0303329 -0.147695 1428500.0
245 0.04555 8.83411e-05 -985.017 273.125 5.02452 5.02422 0.0405464 -0.00107305 1428710.0
244 0.04565 8.83415e-05 -985.022 273.126 5.02455 5.02406 -0.00553149 -0.127078 1428610.0
243 0.04575 8.8343e-05 -985.013 273.131 5.02472 5.02438 0.127827 0.156009 1428900.0
242 0.04585 8.8342e-05 -985.017 273.128 5.02463 5.02431 0.0792507 0.0709523 1428810.0
241 0.04595 8.83422e-05 -985.016 273.128 5.02463 5.02426 0.0856838 0.0636164 1428740.0
240 0.04605 8.83428e-05 -985.014 273.129 5.02467 5.02442 0.0964496 0.143737 1428890.0
239 0.04615 8.83429e-05 -985.014 273.129 5.0247 5.02451 0.124654 0.185674 1428910.0
238 0.04625 8.83417e-05 -985.015 273.13 5.02464 5.02428 0.107126 0.105719 1428760.0
237 0.04635 8.83422e-05 -985.013 273.131 5.02469 5.02444 0.162051 0.190473 1428930.0
236 0.04645 8.83421e-05 -985.012 273.135 5.02475 5.02464 0.21997 0.304345 1429120.0
235 0.04655 8.83427e-05 -985.012 273.133 5.02476 5.02458 0.192757 0.250312 1429030.0
234 0.04665 8.83421e-05 -985.009 273.133 5.02472 5.02462 0.226705 0.409448 1429130.0
233 0.04675 8.83426e-05 -985.013 273.131 5.0247 5.02444 0.132456 0.186206 1428870.0
232 0.04685 8.83421e-05 -985.017 273.128 5.02463 5.02421 0.0482004 0.0326077 1428670.0
231 0.04695 8.83418e-05 -985.016 273.124 5.02453 5.02415 -0.0118763 -0.0551749 1428540.0
230 0.04705 8.83417e-05 -985.018 273.129 5.02461 5.02426 0.0194423 0.0278174 1428620.0
229 0.04715 8.83425e-05 -985.017 273.123 5.02455 5.02413 -0.0681178 -0.126543 1428410.0
228 0.04725 8.83419e-05 -985.013 273.127 5.0246 5.0244 0.0220819 0.0242193 1428700.0
227 0.04735 8.83426e-05 -985.014 273.129 5.02468 5.02456 0.0955522 0.136859 1428860.0
226 0.04745 8.83419e-05 -985.013 273.13 5.02465 5.0245 0.090545 0.0615223 1428810.0
225 0.04755 8.83428e-05 -985.008 273.136 5.02482 5.02484 0.186999 0.224567 1429070.0
224 0.04765 8.83423e-05 -985.008 273.133 5.02473 5.02472 0.215284 0.249158 1429040.0
223 0.04775 8.83424e-05 -985.009 273.134 5.02475 5.02478 0.157925 0.15177 1428970.0
222 0.04785 8.83422e-05 -985.011 273.131 5.02468 5.02461 0.120849 0.0603184 1428830.0
221 0.04795 8.83423e-05 -985.009 273.133 5.02473 5.02481 0.1812 0.255817 1429070.0
220 0.04805 8.8343e-05 -985.006 273.135 5.02481 5.02497 0.203701 0.347658 1429130.0
219 0.04815 8.83427e-05 -985.009 273.132 5.02474 5.02472 0.121321 0.177098 1428920.0
218 0.04825 8.83422e-05 -985.006 273.135 5.02477 5.02495 0.223912 0.41846 1429210.0
217 0.04835 8.83429e-05 -985.006 273.137 5.02483 5.02506 0.226652 0.396185 1429210.0
216 0.04845 8.83424e-05 -985.008 273.133 5.02473 5.02485 0.154012 0.26466 1428990.0
215 0.04855 8.83422e-05 -985.011 273.132 5.02469 5.0247 0.12515 0.192298 1428890.0
214 0.04865 8.83422e-05 -985.008 273.133 5.02472 5.02485 0.143509 0.250313 1428970.0
213 0.04875 8.83418e-05 -985.01 273.132 5.02469 5.02475 0.154431 0.260584 1428940.0
212 0.04885 8.83419e-05 -985.01 273.131 5.02468 5.02467 0.176722 0.248224 1428980.0
211 0.04895 8.83419e-05 -985.015 273.129 5.02464 5.02454 0.147032 0.174346 1428860.0
210 0.04905 8.83419e-05 -985.011 273.132 5.02469 5.02453 0.17096 0.228849 1428890.0
209 0.04915 8.83418e-05 -985.013 273.127 5.02459 5.02444 0.110001 0.105383 1428760.0
208 0.04925 8.83422e-05 -985.014 273.131 5.02468 5.0246 0.166897 0.245762 1428910.0
207 0.04935 8.83411e-05 -985.014 273.132 5.02464 5.02464 0.206735 0.359408 1429100.0
206 0.04945 8.83412e-05 -985.017 273.122 5.02446 5.02396 0.023123 -0.0665986 1428480.0
205 0.04955 8.83411e-05 -985.022 273.122 5.02447 5.02394 0.00277216 -0.0790698 1428400.0
204 0.04965 8.83414e-05 -985.017 273.123 5.0245 5.0241 0.0715879 0.0060023 1428600.0
203 0.04975 8.83415e-05 -985.015 273.128 5.02459 5.02425 0.13706 0.120928 1428720.0
202 0.04985 8.83421e-05 -985.015 273.13 5.02467 5.02447 0.177777 0.224019 1428890.0
201 0.04995 8.83413e-05 -985.014 273.13 5.02462 5.02436 0.168312 0.226722 1428840.0
200 0.05005 8.83426e-05 -985.013 273.131 5.02471 5.02446 0.183338 0.234094 1428860.0
199 0.05015 8.83424e-05 -985.013 273.135 5.02476 5.02457 0.222078 0.301062 1428980.0
198 0.05025 8.83417e-05 -985.014 273.132 5.02467 5.02446 0.185636 0.234088 1428890.0
197 0.05035 8.8342e-05 -985.012 273.132 5.02468 5.02456 0.15675 0.193434 1428890.0
196 0.05045 8.83425e-05 -985.016 273.128 5.02465 5.02453 0.0669694 0.0766038 1428690.0
195 0.05055 8.83414e-05 -985.015 273.128 5.02458 5.02433 0.077372 0.0852753 1428660.0
194 0.05065 8.8343e-05 -985.01 273.131 5.02473 5.02462 0.0917954 0.147918 1428820.0
193 0.05075 8.83422e-05 -985.012 273.131 5.02469 5.02464 0.161006 0.228449 1428930.0
192 0.05085 8.83422e-05 -985.013 273.129 5.02465 5.02459 0.0588986 0.0717784 1428800.0
191 0.05095 8.83427e-05 -985.01 273.129 5.02468 5.02476 0.13552 0.236939 1429020.0
190 0.05105 8.83422e-05 -985.009 273.131 5.02469 5.02482 0.167168 0.261678 1429060.0
189 0.05115 8.83415e-05 -985.017 273.124 5.02452 5.02423 -0.0346312 -0.124153 1428600.0
188 0.05125 8.83413e-05 -985.021 273.12 5.02443 5.02402 -0.132107 -0.299921 1428400.0
187 0.05135 8.83415e-05 -985.018 273.117 5.02439 5.02396 -0.133576 -0.320473 1428340.0
186 0.05145 8.83415e-05 -985.02 273.118 5.02441 5.02403 -0.145924 -0.336308 1428350.0
185 0.05155 8.83417e-05 -985.017 273.12 5.02446 5.02411 -0.074028 -0.218687 1428490.0
184 0.05165 8.83414e-05 -985.016 273.126 5.02454 5.02433 0.0231516 -0.0280183 1428730.0
183 0.05175 8.83416e-05 -985.014 273.127 5.02457 5.02452 0.0773993 0.0456395 1428850.0
182 0.05185 8.83416e-05 -985.015 273.124 5.02453 5.02425 -0.00988697 -0.0974758 1428660.0
181 0.05195 8.83419e-05 -985.015 273.128 5.02462 5.02445 0.0996057 0.0689285 1428880.0
180 0.05205 8.83419e-05 -985.014 273.129 5.02463 5.02443 0.0730134 0.00689526 1428830.0
179 0.05215 8.83415e-05 -985.015 273.125 5.02454 5.02423 0.0758566 0.000955065 1428730.0
178 0.05225 8.83411e-05 -985.017 273.126 5.02454 5.02417 0.042522 -0.0879467 1428690.0
177 0.05235 8.83418e-05 -985.016 273.128 5.02462 5.02446 0.127217 0.0516815 1428920.0
176 0.05245 8.83416e-05 -985.015 273.127 5.02457 5.02431 0.0678195 -0.0222232 1428790.0
175 0.05255 8.83415e-05 -985.014 273.126 5.02455 5.02435 0.0552748 -0.0690548 1428730.0
174 0.05265 8.83425e-05 -985.017 273.124 5.02457 5.02444 -0.0200978 -0.174988 1428680.0
173 0.05275 8.83421e-05 -985.011 273.125 5.02456 5.02452 0.0575764 -0.00594861 1428800.0
172 0.05285 8.8342e-05 -985.015 273.124 5.02455 5.0245 0.00039573 -0.0833159 1428770.0
171 0.05295 8.83419e-05 -985.015 273.125 5.02455 5.02445 0.00532696 -0.0462895 1428710.0
170 0.05305 8.83421e-05 -985.015 273.128 5.02463 5.02464 0.0857466 0.123151 1428930.0
169 0.05315 8.83417e-05 -985.017 273.124 5.02453 5.02425 0.0259581 -0.0460475 1428700.0
168 0.05325 8.83419e-05 -985.021 273.126 5.02457 5.02421 0.0458651 -0.00425203 1428670.0
167 0.05335 8.83409e-05 -985.022 273.121 5.02443 5.02388 -0.00325103 -0.1462 1428460.0
166 0.05345 8.83417e-05 -985.018 273.126 5.02457 5.02405 0.0645791 0.00130833 1428650.0
165 0.05355 8.83413e-05 -985.02 273.126 5.02455 5.024 0.106916 0.00419674 1428710.0
164 0.05365 8.83408e-05 -985.02 273.126 5.02452 5.02389 0.096871 0.00366416 1428640.0
163 0.05375 8.83412e-05 -985.024 273.124 5.0245 5.0238 0.0631258 -0.0774953 1428570.0
162 0.05385 8.83411e-05 -985.022 273.126 5.02453 5.02389 0.09542 0.00555638 1428640.0
161 0.05395 8.83413e-05 -985.021 273.125 5.02452 5.02395 0.0985781 0.00669874 1428680.0
160 0.05405 8.83415e-05 -985.021 273.127 5.02457 5.02399 0.101855 0.0465892 1428700.0
159 0.05415 8.83414e-05 -985.022 273.123 5.02449 5.02385 0.049374 -0.032909 1428540.0
158 0.05425 8.8341e-05 -985.023 273.124 5.02449 5.0238 0.0488714 -0.0550233 1428540.0
157 0.05435 8.8341e-05 -985.021 273.124 5.0245 5.02395 0.0704605 0.0354858 1428510.0
156 0.05445 8.83418e-05 -985.021 273.128 5.02462 5.02412 0.148938 0.20823 1428680.0
155 0.05455 8.83418e-05 -985.018 273.127 5.0246 5.02405 0.121201 0.124115 1428610.0
154 0.05465 8.83409e-05 -985.02 273.128 5.02456 5.024 0.134116 0.0887584 1428590.0
153 0.05475 8.83413e-05 -985.02 273.126 5.02455 5.024 0.116586 0.113993 1428560.0
152 0.05485 8.8341e-05 -985.022 273.128 5.02457 5.02399 0.13429 0.114624 1428590.0
151 0.05495 8.83416e-05 -985.019 273.126 5.02455 5.02401 0.0953454 0.113007 1428540.0
150 0.05505 8.83406e-05 -985.02 273.127 5.02452 5.02401 0.0600593 0.148362 1428550.0
149 0.05515 8.83419e-05 -985.022 273.123 5.02453 5.02384 0.0474552 0.0972752 1428430.0
148 0.05525 8.83412e-05 -985.02 273.128 5.02458 5.02393 0.104409 0.152588 1428510.0
147 0.05535 8.83415e-05 -985.022 273.128 5.0246 5.02397 0.119288 0.119548 1428610.0
146 0.05545 8.83408e-05 -985.024 273.127 5.02454 5.02385 0.130918 0.0983621 1428560.0
145 0.05555 8.8342e-05 -985.019 273.13 5.02466 5.0241 0.215355 0.312511 1428770.0
144 0.05565 8.83411e-05 -985.021 273.128 5.02456 5.02383 0.120774 0.126228 1428540.0
143 0.05575 8.83416e-05 -985.027 273.124 5.02452 5.02374 0.0308178 -0.10093 1428340.0
142 0.05585 8.83407e-05 -985.027 273.122 5.02443 5.02349 -0.0152952 -0.206779 1428150.0
141 0.05595 8.83413e-05 -985.025 273.126 5.02453 5.02364 0.0742412 -0.0226384 1428380.0
140 0.05605 8.83417e-05 -985.025 273.123 5.02452 5.02373 0.0814546 0.0168116 1428430.0
139 0.05615 8.83421e-05 -985.02 273.128 5.02463 5.02403 0.0797121 0.105866 1428530.0
138 0.05625 8.83417e-05 -985.02 273.125 5.02455 5.02397 0.0803411 0.14696 1428480.0
137 0.05635 8.83415e-05 -985.022 273.124 5.02451 5.02393 0.0575144 0.118758 1428440.0
136 0.05645 8.83415e-05 -985.022 273.125 5.02453 5.02385 0.0282463 0.0643838 1428400.0
135 0.05655 8.83418e-05 -985.019 273.128 5.02461 5.02419 0.18577 0.336827 1428720.0
134 0.05665 8.83416e-05 -985.021 273.125 5.02455 5.02392 0.0967364 0.101564 1428520.0
133 0.05675 8.83416e-05 -985.026 273.124 5.02452 5.02371 -0.0132897 -0.0755661 1428300.0
132 0.05685 8.83413e-05 -985.024 273.123 5.02449 5.02371 0.0316905 -0.0445652 1428360.0
131 0.05695 8.83411e-05 -985.026 273.123 5.02447 5.02357 0.0482086 -0.0450719 1428320.0
130 0.05705 8.83417e-05 -985.024 273.127 5.02458 5.02378 0.0938175 0.0124711 1428500.0
129 0.05715 8.83414e-05 -985.028 273.126 5.02455 5.02351 0.0531299 -0.0961274 1428330.0
128 0.05725 8.83416e-05 -985.023 273.13 5.02463 5.02379 0.162944 0.0432161 1428560.0
127 0.05735 8.83414e-05 -985.024 273.128 5.02459 5.0237 0.145624 0.0434499 1428500.0
126 0.05745 8.8341e-05 -985.026 273.128 5.02456 5.02359 0.0993349 -0.0504202 1428340.0
125 0.05755 8.83412e-05 -985.026 273.127 5.02456 5.0236 0.120953 -0.0342229 1428350.0
124 0.05765 8.83408e-05 -985.022 273.13 5.02458 5.02369 0.151185 0.0610212 1428420.0
123 0.05775 8.83404e-05 -985.028 273.124 5.02446 5.02353 0.0469795 -0.137643 1428150.0
122 0.05785 8.83411e-05 -985.027 273.128 5.02457 5.0237 0.0977875 -0.0636296 1428310.0
121 0.05795 8.83408e-05 -985.022 273.127 5.02454 5.02382 0.165143 0.0737958 1428440.0
120 0.05805 8.83419e-05 -985.02 273.135 5.02474 5.02421 0.259189 0.257344 1428730.0
119 0.05815 8.83408e-05 -985.019 273.132 5.02463 5.02414 0.26146 0.238925 1428700.0
118 0.05825 8.83413e-05 -985.026 273.13 5.02462 5.02394 0.168911 0.0468468 1428510.0
117 0.05835 8.83407e-05 -985.023 273.13 5.02458 5.02385 0.155042 0.0265814 1428380.0
116 0.05845 8.83413e-05 -985.023 273.13 5.02462 5.02396 0.193905 0.126724 1428500.0
115 0.05855 8.8341e-05 -985.017 273.139 5.02476 5.02437 0.324961 0.420311 1428880.0
114 0.05865 8.83412e-05 -985.019 273.134 5.02468 5.02412 0.250931 0.268639 1428690.0
113 0.05875 8.83412e-05 -985.023 273.131 5.02464 5.02391 0.232529 0.20282 1428570.0
112 0.05885 8.83411e-05 -985.024 273.131 5.02462 5.0238 0.179114 0.167506 1428460.0
111 0.05895 8.83407e-05 -985.025 273.128 5.02454 5.02371 0.182005 0.17856 1428340.0
110 0.05905 8.83408e-05 -985.024 273.13 5.02458 5.0238 0.137775 0.158754 1428330.0
109 0.05915 8.8341e-05 -985.025 273.131 5.02461 5.02383 0.155019 0.205747 1428360.0
108 0.05925 8.83405e-05 -985.026 273.127 5.02453 5.02366 0.0942399 0.094819 1428240.0
107 0.05935 8.83413e-05 -985.025 273.13 5.02462 5.0238 0.160935 0.194079 1428380.0
106 0.05945 8.83408e-05 -985.03 273.126 5.02452 5.0234 0.0561544 -0.0134623 1428080.0
105 0.05955 8.83404e-05 -985.028 273.13 5.02457 5.02359 0.16939 0.212529 1428290.0
104 0.05965 8.83415e-05 -985.025 273.131 5.02466 5.02364 0.193784 0.275936 1428360.0
103 0.05975 8.8342e-05 -985.027 273.131 5.02468 5.02373 0.182128 0.297931 1428340.0
102 0.05985 8.83411e-05 -985.025 273.129 5.02459 5.02356 0.160973 0.227076 1428210.0
101 0.05995 8.83407e-05 -985.027 273.135 5.02466 5.02372 0.209875 0.323494 1428370.0
100 0.06005 8.83411e-05 -985.026 273.13 5.02461 5.02362 0.158495 0.235112 1428210.0
99 0.06015 8.83413e-05 -985.026 273.137 5.02475 5.02399 0.257135 0.469611 1428560.0
98 0.06025 8.83407e-05 -985.025 273.13 5.02459 5.02371 0.124954 0.29352 1428270.0
97 0.06035 8.83412e-05 -985.027 273.13 5.02461 5.02371 0.124979 0.263518 1428270.0
96 0.06045 8.83414e-05 -985.029 273.131 5.02463 5.02366 0.0985994 0.158681 1428190.0
95 0.06055 8.83407e-05 -985.025 273.131 5.0246 5.02368 0.13579 0.215504 1428250.0
94 0.06065 8.83412e-05 -985.026 273.133 5.02466 5.02381 0.170338 0.327236 1428360.0
93 0.06075 8.83411e-05 -985.025 273.131 5.02462 5.0238 0.131293 0.246591 1428290.0
92 0.06085 8.83412e-05 -985.026 273.136 5.02472 5.02394 0.190077 0.35179 1428480.0
91 0.06095 8.83422e-05 -985.022 273.137 5.0248 5.02423 0.320258 0.582041 1428750.0
90 0.06105 8.83407e-05 -985.02 273.14 5.02476 5.02404 0.291209 0.449373 1428690.0
89 0.06115 8.83413e-05 -985.028 273.133 5.02468 5.02371 0.147451 0.200856 1428280.0
88 0.06125 8.8342e-05 -985.021 273.14 5.02484 5.02424 0.276698 0.506242 1428710.0
87 0.06135 8.83415e-05 -985.021 273.136 5.02473 5.02405 0.238098 0.46723 1428500.0
86 0.06145 8.8341e-05 -985.022 273.134 5.02468 5.02387 0.195611 0.346428 1428400.0
85 0.06155 8.83417e-05 -985.023 273.132 5.02468 5.02387 0.155757 0.308245 1428360.0
84 0.06165 8.83412e-05 -985.024 273.137 5.02474 5.02414 0.236074 0.518352 1428530.0
83 0.06175 8.83408e-05 -985.024 273.133 5.02465 5.02382 0.16449 0.34361 1428250.0
82 0.06185 8.83408e-05 -985.021 273.139 5.02476 5.02402 0.274948 0.519551 1428540.0
81 0.06195 8.83408e-05 -985.026 273.132 5.02463 5.02368 0.171659 0.31129 1428230.0
80 0.06205 8.83405e-05 -985.029 273.13 5.02457 5.02341 0.109103 0.143215 1428010.0
79 0.06215 8.83408e-05 -985.028 273.129 5.02457 5.02337 0.0746281 0.0566041 1427980.0
78 0.06225 8.83401e-05 -985.027 273.132 5.02459 5.02355 0.158879 0.278048 1428140.0
77 0.06235 8.83414e-05 -985.024 273.136 5.02474 5.02383 0.225409 0.425363 1428430.0
76 0.06245 8.834e-05 -985.026 273.136 5.02465 5.02356 0.228981 0.360829 1428300.0
75 0.06255 8.83412e-05 -985.027 273.134 5.02469 5.02366 0.214436 0.320136 1428340.0
74 0.06265 8.83404e-05 -985.025 273.135 5.02465 5.02357 0.222063 0.317882 1428320.0
73 0.06275 8.83407e-05 -985.027 273.13 5.02458 5.02338 0.11019 0.109055 1428140.0
72 0.06285 8.83411e-05 -985.027 273.132 5.02465 5.02356 0.142703 0.1833 1428240.0
71 0.06295 8.8341e-05 -985.02 273.138 5.02476 5.02398 0.243405 0.39122 1428560.0
70 0.06305 8.83414e-05 -985.024 273.137 5.02475 5.02381 0.199728 0.271093 1428330.0
69 0.06315 8.83403e-05 -985.022 273.138 5.02471 5.02389 0.251166 0.389404 1428410.0
68 0.06325 8.83412e-05 -985.02 273.14 5.02479 5.02401 0.330497 0.526946 1428530.0
67 0.06335 8.83413e-05 -985.021 273.141 5.02483 5.02415 0.325873 0.548588 1428580.0
66 0.06345 8.83405e-05 -985.021 273.139 5.02475 5.02407 0.28316 0.534389 1428490.0
65 0.06355 8.83412e-05 -985.018 273.137 5.02473 5.02402 0.229805 0.456497 1428360.0
64 0.06365 8.83409e-05 -985.019 273.14 5.02479 5.0242 0.303698 0.566648 1428610.0
63 0.06375 8.83408e-05 -985.023 273.135 5.02468 5.02381 0.159501 0.272377 1428220.0
62 0.06385 8.83411e-05 -985.022 273.134 5.02468 5.0239 0.164496 0.311812 1428250.0
61 0.06395 8.83417e-05 -985.019 273.138 5.02479 5.02421 0.248037 0.498173 1428500.0
60 0.06405 8.83417e-05 -985.019 273.138 5.02479 5.02422 0.265295 0.497022 1428480.0
59 0.06415 8.83418e-05 -985.017 273.14 5.02483 5.02444 0.281148 0.569667 1428600.0
58 0.06425 8.83419e-05 -985.016 273.141 5.02485 5.02448 0.278802 0.532243 1428550.0
57 0.06435 8.83418e-05 -985.012 273.145 5.02491 5.02479 0.369029 0.723954 1428810.0
56 0.06445 8.83421e-05 -985.012 273.144 5.02491 5.02484 0.372153 0.741279 1428800.0
55 0.06455 8.83427e-05 -985.01 273.147 5.02501 5.02497 0.436652 0.906958 1429000.0
54 0.06465 8.83415e-05 -985.014 273.143 5.02486 5.02461 0.34192 0.690053 1428660.0
53 0.06475 8.83416e-05 -985.019 273.139 5.02479 5.02444 0.260965 0.539278 1428500.0
52 0.06485 8.83415e-05 -985.017 273.136 5.02474 5.02426 0.180298 0.400041 1428310.0
51 0.06495 8.83413e-05 -985.019 273.134 5.02469 5.02424 0.187002 0.451751 1428280.0
50 0.06505 8.83418e-05 -985.017 273.139 5.02482 5.02447 0.238869 0.553176 1428490.0
49 0.06515 8.83421e-05 -985.017 273.136 5.02476 5.0244 0.256101 0.55483 1428430.0
48 0.06525 8.83415e-05 -985.017 273.138 5.02479 5.02437 0.239016 0.473701 1428360.0
47 0.06535 8.83422e-05 -985.019 273.136 5.02477 5.02433 0.194998 0.406123 1428260.0
46 0.06545 8.83416e-05 -985.02 273.136 5.02475 5.02428 0.22264 0.465593 1428260.0
45 0.06555 8.83423e-05 -985.016 273.139 5.02484 5.02449 0.279021 0.61011 1428410.0
44 0.06565 8.83416e-05 -985.017 273.139 5.0248 5.02439 0.261415 0.514807 1428360.0
43 0.06575 8.83419e-05 -985.022 273.136 5.02476 5.02422 0.191114 0.374747 1428170.0
42 0.06585 8.83416e-05 -985.022 273.138 5.02477 5.02426 0.199651 0.358026 1428160.0
41 0.06595 8.83416e-05 -985.018 273.138 5.02479 5.02437 0.253855 0.499826 1428230.0
40 0.06605 8.83416e-05 -985.018 273.138 5.02479 5.0244 0.268692 0.501018 1428240.0
39 0.06615 8.83415e-05 -985.022 273.137 5.02475 5.02417 0.232997 0.398812 1428140.0
38 0.06625 8.83416e-05 -985.02 273.138 5.02479 5.0242 0.295959 0.435002 1428240.0
37 0.06635 8.83419e-05 -985.018 273.144 5.0249 5.02442 0.354837 0.556255 1428460.0
36 0.06645 8.83416e-05 -985.021 273.142 5.02485 5.02427 0.393083 0.562817 1428380.0
35 0.06655 8.83419e-05 -985.018 273.147 5.02496 5.02446 0.397947 0.67681 1428430.0
34 0.06665 8.83417e-05 -985.017 273.147 5.02494 5.02441 0.432007 0.660618 1428440.0
33 0.06675 8.83424e-05 -985.016 273.148 5.02502 5.02464 0.484121 0.79389 1428630.0
32 0.06685 8.83412e-05 -985.016 273.145 5.0249 5.02438 0.441117 0.675395 1428430.0
31 0.06695 8.83419e-05 -985.014 273.154 5.02509 5.02493 0.633518 0.974941 1428910.0
30 0.06705 8.83421e-05 -985.015 273.154 5.0251 5.02472 0.630385 0.967632 1428800.0
29 0.06715 8.83413e-05 -985.015 273.153 5.02504 5.02456 0.582648 0.907031 1428670.0
28 0.06725 8.83414e-05 -985.024 273.143 5.02486 5.02389 0.331386 0.403182 1427940.0
27 0.06735 8.83415e-05 -985.02 273.15 5.025 5.02434 0.500661 0.784957 1428370.0
26 0.06745 8.83414e-05 -985.02 273.147 5.02493 5.02411 0.426941 0.639391 1428150.0
25 0.06755 8.83421e-05 -985.021 273.147 5.02497 5.02414 0.456348 0.730244 1428200.0
24 0.06765 8.83415e-05 -985.021 273.148 5.02496 5.02408 0.423927 0.686714 1428070.0
23 0.06775 8.83422e-05 -985.022 273.148 5.025 5.02428 0.493473 0.851473 1428240.0
22 0.06785 8.83419e-05 -985.019 273.148 5.02499 5.02421 0.464292 0.781018 1428220.0
21 0.06795 8.83419e-05 -985.02 273.151 5.02505 5.02435 0.578476 0.949424 1428430.0
20 0.06805 8.83415e-05 -985.022 273.153 5.02505 5.02429 0.603818 0.973476 1428410.0
19 0.06815 8.83422e-05 -985.016 273.153 5.02509 5.02445 0.655959 1.11367 1428500.0
18 0.06825 8.83423e-05 -985.019 273.156 5.02515 5.02448 0.64017 1.08684 1428520.0
17 0.06835 8.83421e-05 -985.015 273.156 5.02514 5.02465 0.682437 1.24638 1428670.0
16 0.06845 8.83419e-05 -985.022 273.153 5.02507 5.02442 0.583182 1.10134 1428420.0
15 0.06855 8.83418e-05 -985.02 273.153 5.02507 5.02434 0.604998 1.10389 1428350.0
14 0.06865 8.83412e-05 -985.023 273.147 5.02493 5.02408 0.504867 0.89668 1428050.0
13 0.06875 8.83417e-05 -985.02 273.151 5.02502 5.02439 0.56896 1.08383 1428260.0
12 0.06885 8.83417e-05 -985.018 273.155 5.02511 5.02457 0.685557 1.25261 1428430.0
11 0.06895 8.83411e-05 -985.02 273.153 5.02504 5.02444 0.606076 1.10102 1428240.0
10 0.06905 8.8341e-05 -985.02 273.15 5.02497 5.02434 0.547389 1.00712 1428140.0
9 0.06915 8.83417e-05 -985.023 273.148 5.02497 5.02424 0.501841 0.906317 1427980.0
8 0.06925 8.83412e-05 -985.021 273.146 5.02491 5.02433 0.490684 0.93316 1427980.0
7 0.06935 8.83412e-05 -985.018 273.153 5.02504 5.02466 0.596019 1.15629 1428280.0
6 0.06945 8.83418e-05 -985.018 273.152 5.02505 5.02461 0.587257 1.09514 1428190.0
5 0.06955 8.83415e-05 -985.02 273.153 5.02506 5.02457 0.574369 1.00986 1428110.0
4 0.06965 8.83411e-05 -985.02 273.151 5.02498 5.02431 0.521355 0.899774 1427960.0
3 0.06975 8.83419e-05 -985.016 273.157 5.02515 5.02476 0.678588 1.1722 1428320.0
2 0.06985 8.83418e-05 -985.016 273.16 5.0252 5.02489 0.709553 1.25357 1428450.0
1 0.06995 8.83422e-05 -985.012 273.158 5.02518 5.02487 0.671112 1.18654 1428360.0
