TITLE = "DSMC"
VARIABLES = "ID" "X" "rho" "v1" "Ttrans" "p" "p1" "q1" "mv1v1v1" "mvvv1v1"
ZONE T="Ma=6.4", I=800, J=1, K=1, F=POINT
1 -0.04995 8.8341e-05 1970.04 273.11 5.02423 5.02289 -0.000251231 0.0617049 1426690.0
2 -0.04985 8.83425e-05 1970.04 273.108 5.02428 5.02288 -0.00598815 0.047509 1426710.0
3 -0.04975 8.83407e-05 1970.04 273.109 5.0242 5.02283 -0.0199022 0.0140918 1426760.0
4 -0.04965 8.83416e-05 1970.04 273.112 5.02429 5.02287 -0.053177 -0.0592908 1426840.0
5 -0.04955 8.8341e-05 1970.04 273.107 5.02418 5.02287 -0.0525395 -0.0661639 1426880.0
6 -0.04945 8.83414e-05 1970.04 273.112 5.02429 5.02297 -0.114712 -0.189631 1427080.0
7 -0.04935 8.83414e-05 1970.04 273.11 5.02426 5.02301 -0.105715 -0.175129 1427100.0
8 -0.04925 8.8342e-05 1970.04 273.112 5.02433 5.02305 -0.100216 -0.161792 1427170.0
9 -0.04915 8.83409e-05 1970.04 273.111 5.02424 5.02301 -0.130117 -0.195313 1427100.0
10 -0.04905 8.83419e-05 1970.04 273.112 5.02431 5.02304 -0.13913 -0.217325 1427190.0
11 -0.04895 8.8341e-05 1970.04 273.111 5.02425 5.02302 -0.125215 -0.214372 1427160.0
12 -0.04885 8.83431e-05 1970.04 273.111 5.02438 5.02309 -0.141497 -0.230754 1427230.0
13 -0.04875 8.83406e-05 1970.04 273.113 5.02426 5.02298 -0.13917 -0.241773 1427260.0
14 -0.04865 8.83412e-05 1970.04 273.111 5.02426 5.02298 -0.16506 -0.254734 1427300.0
15 -0.04855 8.83411e-05 1970.04 273.112 5.02427 5.023 -0.186684 -0.2865 1427360.0
16 -0.04845 8.83427e-05 1970.04 273.114 5.0244 5.02309 -0.22546 -0.316364 1427550.0
17 -0.04835 8.83408e-05 1970.04 273.114 5.02429 5.02306 -0.221982 -0.328127 1427570.0
18 -0.04825 8.83416e-05 1970.04 273.111 5.02428 5.023 -0.2185 -0.371783 1427510.0
19 -0.04815 8.83413e-05 1970.04 273.115 5.02433 5.02304 -0.25439 -0.418273 1427610.0
20 -0.04805 8.83413e-05 1970.04 273.114 5.02431 5.02302 -0.238187 -0.408042 1427630.0
21 -0.04795 8.83419e-05 1970.04 273.114 5.02436 5.02306 -0.260766 -0.443928 1427680.0
22 -0.04785 8.83405e-05 1970.04 273.114 5.02428 5.02313 -0.274732 -0.466401 1427760.0
23 -0.04775 8.83423e-05 1970.04 273.114 5.02438 5.0231 -0.271711 -0.44781 1427750.0
24 -0.04765 8.83409e-05 1970.04 273.116 5.02434 5.02311 -0.288364 -0.467874 1427900.0
25 -0.04755 8.83413e-05 1970.04 273.113 5.02431 5.02317 -0.310249 -0.532427 1427910.0
26 -0.04745 8.83418e-05 1970.04 273.114 5.02436 5.02323 -0.305735 -0.543644 1427920.0
27 -0.04735 8.83414e-05 1970.04 273.118 5.0244 5.02335 -0.312169 -0.552662 1427990.0
28 -0.04725 8.83415e-05 1970.04 273.114 5.02434 5.02325 -0.320903 -0.567119 1427940.0
29 -0.04715 8.83416e-05 1970.04 273.116 5.02437 5.02332 -0.335608 -0.589513 1428030.0
30 -0.04705 8.83419e-05 1970.04 273.116 5.0244 5.02328 -0.333286 -0.571576 1428010.0
31 -0.04695 8.83409e-05 1970.04 273.116 5.02434 5.0233 -0.375067 -0.618421 1428160.0
32 -0.04685 8.83421e-05 1970.04 273.118 5.02443 5.02338 -0.405824 -0.676186 1428330.0
33 -0.04675 8.83418e-05 1970.04 273.117 5.0244 5.02344 -0.354161 -0.595446 1428240.0
34 -0.04665 8.83417e-05 1970.04 273.116 5.02438 5.02332 -0.377951 -0.649698 1428210.0
35 -0.04655 8.83418e-05 1970.04 273.118 5.02443 5.02344 -0.40583 -0.677249 1428370.0
36 -0.04645 8.83421e-05 1970.04 273.118 5.02445 5.02347 -0.361442 -0.636556 1428370.0
37 -0.04635 8.83412e-05 1970.04 273.116 5.02436 5.02342 -0.37881 -0.680347 1428410.0
38 -0.04625 8.83417e-05 1970.04 273.117 5.0244 5.02342 -0.365724 -0.627672 1428410.0
39 -0.04615 8.83421e-05 1970.04 273.119 5.02445 5.02347 -0.417336 -0.711126 1428470.0
40 -0.04605 8.8341e-05 1970.04 273.118 5.02438 5.02338 -0.411244 -0.703179 1428520.0
41 -0.04595 8.83416e-05 1970.03 273.118 5.02441 5.02345 -0.451463 -0.716412 1428750.0
42 -0.04585 8.83423e-05 1970.04 273.119 5.02446 5.02351 -0.526699 -0.766364 1429010.0
43 -0.04575 8.83414e-05 1970.04 273.121 5.02445 5.02345 -0.438652 -0.727959 1428790.0
44 -0.04565 8.83415e-05 1970.04 273.118 5.0244 5.02346 -0.465326 -0.773777 1428750.0
45 -0.04555 8.83414e-05 1970.03 273.118 5.02441 5.02347 -0.445618 -0.752031 1428760.0
46 -0.04545 8.8342e-05 1970.03 273.12 5.02447 5.02358 -0.481848 -0.800951 1428950.0
47 -0.04535 8.83413e-05 1970.04 273.12 5.02442 5.0236 -0.455232 -0.796398 1428820.0
48 -0.04525 8.83419e-05 1970.03 273.118 5.02442 5.02357 -0.446686 -0.785629 1428810.0
49 -0.04515 8.83413e-05 1970.04 273.12 5.02444 5.02363 -0.483784 -0.841114 1428930.0
50 -0.04505 8.83417e-05 1970.03 273.118 5.02441 5.02368 -0.475927 -0.846403 1428910.0
51 -0.04495 8.83421e-05 1970.03 273.12 5.02447 5.02372 -0.475692 -0.835347 1429040.0
52 -0.04485 8.83408e-05 1970.04 273.121 5.02442 5.02367 -0.506283 -0.88431 1429130.0
53 -0.04475 8.83421e-05 1970.03 273.12 5.02448 5.02385 -0.56077 -0.926871 1429400.0
54 -0.04465 8.83416e-05 1970.03 273.122 5.02448 5.02375 -0.506196 -0.874157 1429190.0
55 -0.04455 8.83419e-05 1970.03 273.119 5.02445 5.02375 -0.567038 -0.971033 1429420.0
56 -0.04445 8.83414e-05 1970.03 273.123 5.0245 5.0238 -0.568208 -0.970433 1429440.0
57 -0.04435 8.83415e-05 1970.03 273.125 5.02454 5.0239 -0.594006 -1.02114 1429560.0
58 -0.04425 8.83425e-05 1970.03 273.12 5.02451 5.02392 -0.567136 -0.959652 1429430.0
59 -0.04415 8.83421e-05 1970.03 273.121 5.02449 5.02386 -0.601642 -1.03236 1429490.0
60 -0.04405 8.83413e-05 1970.03 273.122 5.02447 5.02383 -0.618846 -1.04398 1429700.0
61 -0.04395 8.83416e-05 1970.03 273.122 5.02449 5.02388 -0.574163 -0.995215 1429600.0
62 -0.04385 8.83421e-05 1970.03 273.121 5.0245 5.02392 -0.564632 -1.01398 1429600.0
63 -0.04375 8.83412e-05 1970.04 273.123 5.02448 5.02392 -0.589055 -1.04898 1429690.0
64 -0.04365 8.83421e-05 1970.03 273.122 5.02451 5.02401 -0.601421 -1.07366 1429720.0
65 -0.04355 8.83416e-05 1970.03 273.121 5.02447 5.02396 -0.567895 -1.00488 1429690.0
66 -0.04345 8.83416e-05 1970.03 273.124 5.02452 5.02394 -0.580844 -1.0077 1429740.0
67 -0.04335 8.83415e-05 1970.03 273.122 5.02449 5.02394 -0.604664 -1.01887 1429710.0
68 -0.04325 8.83418e-05 1970.03 273.12 5.02447 5.02392 -0.607172 -1.04684 1429840.0
69 -0.04315 8.83419e-05 1970.03 273.122 5.02451 5.02403 -0.635735 -1.06556 1430040.0
70 -0.04305 8.83416e-05 1970.03 273.124 5.02452 5.02398 -0.590885 -1.02093 1429920.0
71 -0.04295 8.83422e-05 1970.03 273.121 5.0245 5.02395 -0.638722 -1.0854 1430050.0
72 -0.04285 8.83414e-05 1970.03 273.125 5.02454 5.02403 -0.620582 -1.07391 1430060.0
73 -0.04275 8.83421e-05 1970.03 273.122 5.02451 5.02397 -0.609582 -1.03869 1430050.0
74 -0.04265 8.83416e-05 1970.03 273.123 5.02451 5.024 -0.626676 -1.07536 1430220.0
75 -0.04255 8.83405e-05 1970.03 273.123 5.02445 5.02397 -0.652161 -1.10379 1430310.0
76 -0.04245 8.83427e-05 1970.03 273.122 5.02454 5.02398 -0.666419 -1.12682 1430260.0
77 -0.04235 8.83415e-05 1970.03 273.124 5.02452 5.02398 -0.674 -1.13775 1430470.0
78 -0.04225 8.83413e-05 1970.03 273.125 5.02451 5.0241 -0.725667 -1.20873 1430690.0
79 -0.04215 8.83422e-05 1970.03 273.125 5.02458 5.02401 -0.708404 -1.1802 1430560.0
80 -0.04205 8.83417e-05 1970.03 273.125 5.02455 5.024 -0.724033 -1.25141 1430720.0
81 -0.04195 8.83415e-05 1970.03 273.122 5.02449 5.02396 -0.761737 -1.29747 1430770.0
82 -0.04185 8.83418e-05 1970.03 273.126 5.02457 5.02404 -0.743167 -1.27543 1430920.0
83 -0.04175 8.83417e-05 1970.03 273.126 5.02456 5.02403 -0.708169 -1.23767 1430780.0
84 -0.04165 8.83412e-05 1970.03 273.123 5.02448 5.02393 -0.725053 -1.24104 1430810.0
85 -0.04155 8.83418e-05 1970.03 273.127 5.02458 5.02408 -0.776693 -1.31561 1431190.0
86 -0.04145 8.83416e-05 1970.03 273.126 5.02456 5.02402 -0.766299 -1.29714 1430990.0
87 -0.04135 8.83414e-05 1970.03 273.127 5.02458 5.02402 -0.90821 -1.42752 1431640.0
88 -0.04125 8.83424e-05 1970.03 273.126 5.02461 5.02407 -0.797153 -1.29959 1431290.0
89 -0.04115 8.83416e-05 1970.03 273.127 5.02459 5.02407 -0.832966 -1.36185 1431400.0
90 -0.04105 8.83413e-05 1970.03 273.128 5.02458 5.024 -0.823715 -1.34506 1431400.0
91 -0.04095 8.83426e-05 1970.03 273.126 5.02462 5.02403 -0.821427 -1.36036 1431510.0
92 -0.04085 8.83408e-05 1970.03 273.127 5.02453 5.02407 -0.836366 -1.35601 1431610.0
93 -0.04075 8.83428e-05 1970.03 273.127 5.02464 5.02411 -0.815679 -1.33578 1431560.0
94 -0.04065 8.83413e-05 1970.03 273.13 5.02461 5.02406 -0.982681 -1.46004 1432330.0
95 -0.04055 8.83413e-05 1970.03 273.127 5.02456 5.02414 -0.847081 -1.36494 1431790.0
96 -0.04045 8.83434e-05 1970.03 273.127 5.02468 5.02414 -0.887522 -1.40272 1432010.0
97 -0.04035 8.83407e-05 1970.03 273.131 5.0246 5.02421 -0.940453 -1.48683 1432370.0
98 -0.04025 8.83426e-05 1970.03 273.128 5.02465 5.02413 -0.893986 -1.42682 1432130.0
99 -0.04015 8.83412e-05 1970.03 273.128 5.02458 5.02419 -0.92717 -1.45818 1432330.0
100 -0.04005 8.83416e-05 1970.03 273.129 5.02461 5.02421 -0.950516 -1.48166 1432410.0
101 -0.03995 8.83425e-05 1970.03 273.129 5.02467 5.02423 -0.924261 -1.45247 1432380.0
102 -0.03985 8.83413e-05 1970.03 273.128 5.02459 5.0243 -0.945011 -1.48441 1432550.0
103 -0.03975 8.83417e-05 1970.03 273.129 5.02463 5.0243 -0.995858 -1.54789 1432790.0
104 -0.03965 8.83423e-05 1970.03 273.128 5.02463 5.02427 -1.07216 -1.61424 1433100.0
105 -0.03955 8.83418e-05 1970.03 273.132 5.02467 5.02436 -1.00077 -1.51622 1433020.0
106 -0.03945 8.83413e-05 1970.03 273.129 5.0246 5.02424 -1.02296 -1.52816 1432990.0
107 -0.03935 8.83425e-05 1970.03 273.131 5.02471 5.02434 -1.0813 -1.67304 1433270.0
108 -0.03925 8.83416e-05 1970.03 273.131 5.02466 5.02442 -1.0817 -1.64659 1433420.0
109 -0.03915 8.83419e-05 1970.03 273.134 5.02471 5.02446 -1.19479 -1.78583 1433980.0
110 -0.03905 8.83415e-05 1970.03 273.134 5.02471 5.02453 -1.22946 -1.82941 1434180.0
111 -0.03895 8.8342e-05 1970.03 273.133 5.02471 5.02452 -1.19485 -1.78625 1434210.0
112 -0.03885 8.83418e-05 1970.03 273.135 5.02473 5.02452 -1.19343 -1.78637 1434290.0
113 -0.03875 8.83423e-05 1970.03 273.136 5.02478 5.02466 -1.23264 -1.85152 1434460.0
114 -0.03865 8.83415e-05 1970.03 273.136 5.02473 5.0246 -1.26419 -1.89948 1434590.0
115 -0.03855 8.83417e-05 1970.03 273.135 5.02473 5.02461 -1.29715 -1.95216 1434760.0
116 -0.03845 8.83426e-05 1970.03 273.136 5.02481 5.02463 -1.36996 -1.99679 1435100.0
117 -0.03835 8.83415e-05 1970.03 273.137 5.02476 5.02461 -1.31151 -1.93765 1435070.0
118 -0.03825 8.83414e-05 1970.03 273.136 5.02474 5.0246 -1.36496 -2.01991 1435290.0
119 -0.03815 8.83423e-05 1970.03 273.138 5.02481 5.02476 -1.39674 -2.05665 1435540.0
120 -0.03805 8.83424e-05 1970.03 273.141 5.02489 5.02482 -1.49668 -2.14691 1435940.0
121 -0.03795 8.8342e-05 1970.03 273.14 5.02485 5.0248 -1.60537 -2.29704 1436520.0
122 -0.03785 8.83418e-05 1970.03 273.139 5.02482 5.02483 -1.53383 -2.24514 1436260.0
123 -0.03775 8.83417e-05 1970.03 273.141 5.02484 5.0249 -1.56848 -2.3008 1436610.0
124 -0.03765 8.83435e-05 1970.03 273.143 5.02498 5.02502 -1.66409 -2.44632 1437010.0
125 -0.03755 8.83409e-05 1970.03 273.142 5.02481 5.0249 -1.62449 -2.39069 1437050.0
126 -0.03745 8.8343e-05 1970.03 273.142 5.02493 5.02497 -1.63801 -2.44419 1437100.0
127 -0.03735 8.83414e-05 1970.03 273.143 5.02487 5.02496 -1.68952 -2.51659 1437320.0
128 -0.03725 8.83424e-05 1970.03 273.144 5.02494 5.02501 -1.71484 -2.56096 1437760.0
129 -0.03715 8.83425e-05 1970.03 273.145 5.02496 5.02507 -1.81947 -2.69804 1438140.0
130 -0.03705 8.83425e-05 1970.03 273.145 5.02496 5.0251 -1.75303 -2.66259 1438020.0
131 -0.03695 8.83418e-05 1970.03 273.145 5.02492 5.02509 -1.84857 -2.79141 1438580.0
132 -0.03685 8.83425e-05 1970.03 273.149 5.02504 5.02515 -1.89911 -2.84703 1438790.0
133 -0.03675 8.8342e-05 1970.02 273.149 5.02501 5.02523 -2.04478 -3.01956 1439540.0
134 -0.03665 8.83424e-05 1970.03 273.15 5.02504 5.02517 -1.99365 -2.95275 1439440.0
135 -0.03655 8.83421e-05 1970.03 273.154 5.02511 5.02528 -2.22085 -3.25339 1440560.0
136 -0.03645 8.83419e-05 1970.03 273.156 5.02512 5.02527 -2.28747 -3.35346 1440770.0
137 -0.03635 8.83417e-05 1970.03 273.155 5.0251 5.02533 -2.30987 -3.39909 1441060.0
138 -0.03625 8.83433e-05 1970.03 273.155 5.02518 5.02539 -2.31668 -3.4239 1441320.0
139 -0.03615 8.83415e-05 1970.03 273.157 5.02513 5.02539 -2.3631 -3.44428 1441430.0
140 -0.03605 8.83426e-05 1970.03 273.159 5.02522 5.02542 -2.45731 -3.6244 1442140.0
141 -0.03595 8.83421e-05 1970.02 273.16 5.02521 5.0255 -2.53717 -3.72461 1442670.0
142 -0.03585 8.83427e-05 1970.02 273.161 5.02527 5.02559 -2.61109 -3.83835 1443080.0
143 -0.03575 8.83414e-05 1970.02 273.165 5.02527 5.02561 -2.68351 -3.97049 1443560.0
144 -0.03565 8.83426e-05 1970.02 273.163 5.02531 5.02577 -2.77717 -4.10344 1443980.0
145 -0.03555 8.83417e-05 1970.02 273.167 5.02532 5.0258 -2.94104 -4.32597 1444800.0
146 -0.03545 8.83428e-05 1970.02 273.168 5.02541 5.02584 -2.92698 -4.31738 1445090.0
147 -0.03535 8.83413e-05 1970.02 273.165 5.02526 5.02568 -2.8224 -4.25928 1444480.0
148 -0.03525 8.83425e-05 1970.02 273.166 5.02534 5.02578 -2.9095 -4.41488 1445280.0
149 -0.03515 8.83424e-05 1970.02 273.172 5.02545 5.02603 -3.13881 -4.63993 1446320.0
150 -0.03505 8.83422e-05 1970.02 273.173 5.02546 5.02603 -3.2292 -4.77574 1446800.0
151 -0.03495 8.83426e-05 1970.02 273.174 5.02549 5.02607 -3.27166 -4.85535 1447210.0
152 -0.03485 8.83422e-05 1970.02 273.175 5.0255 5.02617 -3.37034 -4.96964 1447810.0
153 -0.03475 8.83427e-05 1970.02 273.174 5.02551 5.02611 -3.33115 -4.88389 1447630.0
154 -0.03465 8.83418e-05 1970.02 273.181 5.02558 5.02626 -3.5655 -5.23058 1448910.0
155 -0.03455 8.83428e-05 1970.02 273.182 5.02566 5.0263 -3.60232 -5.32069 1449310.0
156 -0.03445 8.8342e-05 1970.02 273.18 5.02558 5.0263 -3.65585 -5.40345 1449530.0
157 -0.03435 8.83426e-05 1970.02 273.184 5.02568 5.02638 -3.74975 -5.53025 1450210.0
158 -0.03425 8.8342e-05 1970.02 273.186 5.02567 5.02633 -3.8249 -5.65635 1450730.0
159 -0.03415 8.83425e-05 1970.02 273.185 5.02571 5.02639 -3.92111 -5.8161 1451170.0
160 -0.03405 8.83422e-05 1970.02 273.188 5.02574 5.02653 -4.05417 -6.02539 1452080.0
161 -0.03395 8.83425e-05 1970.02 273.19 5.0258 5.02663 -4.17903 -6.22637 1452840.0
162 -0.03385 8.83422e-05 1970.02 273.193 5.02583 5.02668 -4.27707 -6.38141 1453570.0
163 -0.03375 8.83431e-05 1970.02 273.194 5.0259 5.0268 -4.39024 -6.52793 1454130.0
164 -0.03365 8.83426e-05 1970.02 273.199 5.02596 5.02688 -4.58813 -6.72804 1455270.0
165 -0.03355 8.83417e-05 1970.02 273.2 5.02593 5.02685 -4.66734 -6.88327 1455920.0
166 -0.03345 8.83435e-05 1970.01 273.203 5.02608 5.02701 -4.83202 -7.08323 1456600.0
167 -0.03335 8.83419e-05 1970.01 273.204 5.02602 5.02703 -4.94878 -7.32412 1457550.0
168 -0.03325 8.83424e-05 1970.02 273.205 5.02606 5.02699 -4.99799 -7.43924 1458110.0
169 -0.03315 8.83422e-05 1970.01 273.211 5.02616 5.02722 -5.20889 -7.69966 1459130.0
170 -0.03305 8.83434e-05 1970.01 273.212 5.02626 5.02731 -5.39288 -7.97745 1460220.0
171 -0.03295 8.83422e-05 1970.02 273.213 5.02619 5.0273 -5.38545 -7.98066 1460440.0
172 -0.03285 8.83423e-05 1970.01 273.217 5.02628 5.02734 -5.56912 -8.21798 1461240.0
173 -0.03275 8.83423e-05 1970.01 273.219 5.0263 5.02745 -5.72993 -8.51025 1462560.0
174 -0.03265 8.83431e-05 1970.01 273.22 5.02637 5.0276 -5.8525 -8.66463 1462980.0
175 -0.03255 8.83422e-05 1970.01 273.227 5.02646 5.02778 -6.0805 -8.95866 1464620.0
176 -0.03245 8.8343e-05 1970.01 273.231 5.02657 5.02792 -6.29308 -9.28236 1465750.0
177 -0.03235 8.83426e-05 1970.01 273.232 5.02658 5.02798 -6.42126 -9.47863 1466480.0
178 -0.03225 8.83425e-05 1970.01 273.24 5.0267 5.02818 -6.76987 -9.92549 1468160.0
179 -0.03215 8.83432e-05 1970.01 273.243 5.0268 5.0284 -7.08121 -10.4244 1470070.0
180 -0.03205 8.83428e-05 1970.01 273.249 5.02689 5.02849 -7.2641 -10.6183 1471160.0
181 -0.03195 8.83431e-05 1970.0 273.251 5.02695 5.02855 -7.51837 -10.9447 1472620.0
182 -0.03185 8.83429e-05 1970.01 273.256 5.02702 5.02861 -7.59771 -11.1272 1473290.0
183 -0.03175 8.83429e-05 1970.01 273.259 5.02708 5.02872 -7.86271 -11.4594 1474880.0
184 -0.03165 8.83436e-05 1970.0 273.265 5.02723 5.02893 -8.05791 -11.7707 1476000.0
185 -0.03155 8.83431e-05 1970.0 273.268 5.02725 5.02911 -8.35156 -12.264 1477680.0
186 -0.03145 8.83429e-05 1970.0 273.274 5.02735 5.02928 -8.6083 -12.6144 1479290.0
187 -0.03135 8.83436e-05 1970.0 273.278 5.02746 5.02945 -8.9396 -13.1421 1480960.0
188 -0.03125 8.83431e-05 1970.0 273.285 5.02757 5.02962 -9.2504 -13.556 1482640.0
189 -0.03115 8.83431e-05 1970.0 273.293 5.02771 5.02978 -9.5533 -13.914 1484710.0
190 -0.03105 8.83426e-05 1970.0 273.293 5.02769 5.02983 -9.7153 -14.2515 1485690.0
191 -0.03095 8.83442e-05 1970.0 273.3 5.02791 5.03006 -9.985 -14.6074 1487520.0
192 -0.03085 8.83431e-05 1970.0 273.306 5.02796 5.03027 -10.3794 -15.2175 1489640.0
193 -0.03075 8.8344e-05 1969.99 273.314 5.02816 5.03059 -10.7865 -15.7702 1491720.0
194 -0.03065 8.83431e-05 1969.99 273.321 5.02823 5.03085 -11.1832 -16.4223 1494110.0
195 -0.03055 8.83434e-05 1969.99 273.326 5.02834 5.03096 -11.4676 -16.8143 1495850.0
196 -0.03045 8.8344e-05 1969.99 273.333 5.0285 5.03122 -11.8207 -17.3687 1498070.0
197 -0.03035 8.83435e-05 1969.99 273.341 5.02863 5.03141 -12.2133 -17.8838 1500320.0
198 -0.03025 8.83435e-05 1969.99 273.344 5.02868 5.03145 -12.4264 -18.1847 1501670.0
199 -0.03015 8.83439e-05 1969.99 273.35 5.02881 5.03162 -12.7695 -18.7311 1503920.0
200 -0.03005 8.83438e-05 1969.99 273.358 5.02896 5.03186 -13.117 -19.1792 1505910.0
201 -0.02995 8.83438e-05 1969.99 273.367 5.02912 5.03217 -13.6665 -20.0105 1508990.0
202 -0.02985 8.83439e-05 1969.98 273.373 5.02923 5.03241 -14.0925 -20.608 1511660.0
203 -0.02975 8.83441e-05 1969.98 273.378 5.02934 5.0325 -14.1846 -20.8349 1512570.0
204 -0.02965 8.83435e-05 1969.99 273.389 5.02951 5.03279 -14.7998 -21.7205 1516260.0
205 -0.02955 8.83444e-05 1969.98 273.395 5.02966 5.03307 -15.1602 -22.2437 1518110.0
206 -0.02945 8.83444e-05 1969.98 273.406 5.02988 5.03351 -15.894 -23.3235 1522520.0
207 -0.02935 8.83445e-05 1969.98 273.42 5.03013 5.0338 -16.4422 -24.0784 1525390.0
208 -0.02925 8.83438e-05 1969.98 273.426 5.03021 5.03407 -16.8248 -24.8349 1528010.0
209 -0.02915 8.83446e-05 1969.97 273.437 5.03046 5.03447 -17.4653 -25.5995 1531480.0
210 -0.02905 8.83448e-05 1969.97 273.442 5.03055 5.03467 -17.6604 -26.1398 1533290.0
211 -0.02895 8.83437e-05 1969.97 273.452 5.03067 5.03493 -18.3224 -26.9854 1536880.0
212 -0.02885 8.83454e-05 1969.97 273.463 5.03098 5.03529 -18.8446 -27.747 1540110.0
213 -0.02875 8.83444e-05 1969.97 273.472 5.03108 5.03559 -19.4216 -28.658 1543680.0
214 -0.02865 8.83442e-05 1969.96 273.483 5.03128 5.03591 -19.8822 -29.415 1546400.0
215 -0.02855 8.83457e-05 1969.96 273.483 5.03137 5.03611 -20.0279 -29.8193 1548060.0
216 -0.02845 8.83456e-05 1969.96 273.496 5.03159 5.03636 -20.7788 -30.8196 1552170.0
217 -0.02835 8.83437e-05 1969.96 273.511 5.03176 5.03677 -21.3466 -31.6786 1555680.0
218 -0.02825 8.83455e-05 1969.96 273.525 5.03212 5.0373 -22.2212 -32.8317 1560510.0
219 -0.02815 8.83459e-05 1969.95 273.543 5.03248 5.0379 -23.21 -34.2198 1565830.0
220 -0.02805 8.83449e-05 1969.95 273.553 5.03261 5.03824 -23.7471 -35.0336 1569100.0
221 -0.02795 8.83459e-05 1969.95 273.565 5.03288 5.03864 -24.3379 -35.9699 1572920.0
222 -0.02785 8.83447e-05 1969.94 273.58 5.03308 5.0392 -25.1818 -37.1984 1577390.0
223 -0.02775 8.83456e-05 1969.94 273.591 5.03334 5.03948 -25.7872 -38.1052 1581560.0
224 -0.02765 8.8346e-05 1969.94 273.609 5.03369 5.04008 -26.6915 -39.3632 1586630.0
225 -0.02755 8.83456e-05 1969.94 273.624 5.03396 5.04061 -27.5249 -40.7167 1591640.0
226 -0.02745 8.83467e-05 1969.93 273.641 5.03432 5.04126 -28.3353 -42.0297 1596280.0
227 -0.02735 8.83465e-05 1969.93 273.653 5.03453 5.04175 -29.1239 -43.2483 1600960.0
228 -0.02725 8.83461e-05 1969.93 273.677 5.03495 5.04231 -30.3087 -44.5473 1607640.0
229 -0.02715 8.83469e-05 1969.93 273.693 5.03529 5.04288 -31.1743 -46.0498 1612540.0
230 -0.02705 8.83468e-05 1969.92 273.71 5.03559 5.04351 -32.1398 -47.4525 1618370.0
231 -0.02695 8.83473e-05 1969.92 273.725 5.0359 5.04399 -32.9311 -48.8003 1623460.0
232 -0.02685 8.83465e-05 1969.91 273.741 5.03615 5.04454 -33.7789 -49.9807 1628400.0
233 -0.02675 8.83472e-05 1969.91 273.758 5.03651 5.0453 -34.7634 -51.5166 1634700.0
234 -0.02665 8.83477e-05 1969.91 273.78 5.03693 5.04596 -35.836 -53.1978 1640710.0
235 -0.02655 8.83474e-05 1969.9 273.804 5.03737 5.04677 -37.1465 -55.0553 1648350.0
236 -0.02645 8.83471e-05 1969.9 273.828 5.0378 5.0475 -38.3927 -56.9114 1655900.0
237 -0.02635 8.83486e-05 1969.9 273.846 5.0382 5.0483 -39.4249 -58.6511 1662150.0
238 -0.02625 8.83485e-05 1969.89 273.871 5.03866 5.04914 -40.7269 -60.6682 1669850.0
239 -0.02615 8.83478e-05 1969.89 273.895 5.03906 5.04984 -42.0295 -62.4262 1677030.0
240 -0.02605 8.83488e-05 1969.88 273.916 5.0395 5.05047 -43.1707 -64.2185 1684140.0
241 -0.02595 8.83491e-05 1969.88 273.941 5.03999 5.05124 -44.646 -66.2173 1692550.0
242 -0.02585 8.83483e-05 1969.87 273.972 5.0405 5.05225 -46.1168 -68.4988 1700830.0
243 -0.02575 8.83488e-05 1969.87 273.999 5.04104 5.05312 -47.72 -70.6858 1710170.0
244 -0.02565 8.83504e-05 1969.86 274.028 5.04166 5.05409 -49.1655 -72.9288 1718070.0
245 -0.02555 8.83485e-05 1969.86 274.054 5.04203 5.05491 -50.6434 -75.2448 1727220.0
246 -0.02545 8.83501e-05 1969.85 274.077 5.04255 5.05576 -51.8893 -77.239 1735270.0
247 -0.02535 8.83494e-05 1969.85 274.105 5.04301 5.0566 -53.4032 -79.4776 1743970.0
248 -0.02525 8.83508e-05 1969.84 274.136 5.04366 5.05765 -55.0652 -81.9121 1754130.0
249 -0.02515 8.83503e-05 1969.83 274.178 5.04441 5.05898 -57.2847 -85.0528 1765580.0
250 -0.02505 8.83502e-05 1969.83 274.217 5.04512 5.06014 -59.324 -87.7935 1777080.0
251 -0.02495 8.83512e-05 1969.82 274.258 5.04593 5.06151 -61.5167 -91.0968 1789920.0
252 -0.02485 8.83514e-05 1969.81 274.283 5.0464 5.06248 -62.9959 -93.426 1799130.0
253 -0.02475 8.83518e-05 1969.81 274.325 5.04719 5.06373 -65.0891 -96.5831 1811420.0
254 -0.02465 8.83519e-05 1969.8 274.353 5.04773 5.06496 -66.8071 -99.4893 1821630.0
255 -0.02455 8.83523e-05 1969.79 274.401 5.04863 5.0663 -69.2135 -102.687 1835270.0
256 -0.02445 8.8353e-05 1969.78 274.445 5.04948 5.06787 -71.6756 -106.277 1849050.0
257 -0.02435 8.83533e-05 1969.77 274.484 5.05022 5.06913 -73.7602 -109.495 1861670.0
258 -0.02425 8.8353e-05 1969.77 274.528 5.05101 5.07046 -76.1028 -112.811 1875490.0
259 -0.02415 8.83545e-05 1969.76 274.566 5.05178 5.07186 -78.1324 -116.068 1887510.0
260 -0.02405 8.83542e-05 1969.75 274.618 5.05272 5.07341 -80.9544 -120.035 1903600.0
261 -0.02395 8.83544e-05 1969.74 274.668 5.05366 5.07505 -83.6189 -124.02 1918840.0
262 -0.02385 8.8355e-05 1969.73 274.716 5.05458 5.07677 -86.2961 -127.972 1934310.0
263 -0.02375 8.83559e-05 1969.72 274.776 5.05574 5.07865 -89.4201 -132.4 1952230.0
264 -0.02365 8.83557e-05 1969.71 274.831 5.05673 5.08037 -92.4684 -136.844 1969560.0
265 -0.02355 8.83564e-05 1969.7 274.884 5.05775 5.08212 -95.2254 -140.938 1986050.0
266 -0.02345 8.83577e-05 1969.69 274.938 5.05882 5.08406 -98.1902 -145.647 2003480.0
267 -0.02335 8.83574e-05 1969.68 275.005 5.06002 5.0862 -101.726 -150.976 2023800.0
268 -0.02325 8.83575e-05 1969.67 275.065 5.06114 5.08818 -104.981 -155.714 2042060.0
269 -0.02315 8.83588e-05 1969.65 275.129 5.0624 5.09013 -108.401 -160.514 2061700.0
270 -0.02305 8.83591e-05 1969.65 275.175 5.06326 5.09174 -110.913 -164.545 2077660.0
271 -0.02295 8.83592e-05 1969.63 275.244 5.06453 5.09403 -114.644 -170.371 2099740.0
272 -0.02285 8.83605e-05 1969.62 275.322 5.06604 5.09672 -118.667 -176.508 2121770.0
273 -0.02275 8.83602e-05 1969.6 275.393 5.06732 5.09898 -122.723 -182.251 2145740.0
274 -0.02265 8.83617e-05 1969.59 275.472 5.06886 5.10136 -126.699 -187.694 2167980.0
275 -0.02255 8.83621e-05 1969.58 275.54 5.07014 5.10379 -130.478 -193.634 2190160.0
276 -0.02245 8.83629e-05 1969.56 275.641 5.07205 5.1071 -135.868 -201.27 2219850.0
277 -0.02235 8.83633e-05 1969.54 275.708 5.07331 5.10927 -139.558 -206.797 2242360.0
278 -0.02225 8.83638e-05 1969.53 275.798 5.07499 5.11203 -144.284 -213.632 2269040.0
279 -0.02215 8.83639e-05 1969.51 275.886 5.07662 5.11517 -149.154 -221.181 2297270.0
280 -0.02205 8.83661e-05 1969.5 275.965 5.0782 5.11754 -153.215 -227.013 2321550.0
281 -0.02195 8.83658e-05 1969.48 276.053 5.0798 5.12044 -158.095 -234.243 2350430.0
282 -0.02185 8.83666e-05 1969.46 276.165 5.08191 5.12407 -163.981 -242.658 2382440.0
283 -0.02175 8.8369e-05 1969.44 276.258 5.08375 5.12756 -169.19 -251.097 2413820.0
284 -0.02165 8.83681e-05 1969.42 276.365 5.08567 5.13089 -174.781 -259.086 2445140.0
285 -0.02155 8.83691e-05 1969.4 276.466 5.08758 5.13399 -180.203 -266.828 2476780.0
286 -0.02145 8.83713e-05 1969.38 276.582 5.08984 5.13801 -186.453 -276.049 2511480.0
287 -0.02135 8.83714e-05 1969.36 276.694 5.09191 5.14173 -192.418 -285.274 2548020.0
288 -0.02125 8.8372e-05 1969.34 276.796 5.09383 5.14501 -197.971 -293.477 2579960.0
289 -0.02115 8.83736e-05 1969.32 276.907 5.09595 5.14871 -203.886 -302.293 2615030.0
290 -0.02105 8.83753e-05 1969.29 277.065 5.09896 5.15385 -212.394 -314.337 2662020.0
291 -0.02095 8.83759e-05 1969.27 277.167 5.10088 5.15746 -217.851 -322.97 2694630.0
292 -0.02085 8.83762e-05 1969.24 277.3 5.10335 5.16167 -225.065 -333.63 2736990.0
293 -0.02075 8.83788e-05 1969.22 277.444 5.10614 5.16629 -232.576 -344.252 2778870.0
294 -0.02065 8.83794e-05 1969.19 277.574 5.10857 5.17071 -239.829 -355.421 2822800.0
295 -0.02055 8.83795e-05 1969.17 277.716 5.11118 5.17515 -247.233 -366.188 2865630.0
296 -0.02045 8.83819e-05 1969.14 277.866 5.11408 5.1803 -255.41 -378.67 2913140.0
297 -0.02035 8.8383e-05 1969.11 278.019 5.11697 5.18548 -263.536 -390.832 2958770.0
298 -0.02025 8.83838e-05 1969.08 278.186 5.12009 5.19076 -272.379 -403.615 3010780.0
299 -0.02015 8.83873e-05 1969.05 278.356 5.12342 5.19666 -281.894 -417.861 3064980.0
300 -0.02005 8.83867e-05 1969.01 278.529 5.12657 5.2024 -290.9 -431.674 3116680.0
301 -0.01995 8.83885e-05 1968.98 278.71 5.13001 5.2083 -300.602 -445.895 3172540.0
302 -0.01985 8.83907e-05 1968.95 278.877 5.13321 5.21415 -309.678 -459.985 3226470.0
303 -0.01975 8.83913e-05 1968.9 279.082 5.13701 5.22102 -320.466 -476.143 3286890.0
304 -0.01965 8.83937e-05 1968.87 279.274 5.14069 5.22722 -330.938 -491.377 3347570.0
305 -0.01955 8.83954e-05 1968.83 279.482 5.14461 5.23393 -341.744 -507.369 3409260.0
306 -0.01945 8.83972e-05 1968.79 279.708 5.14888 5.24171 -354.332 -525.88 3481030.0
307 -0.01935 8.83987e-05 1968.74 279.941 5.15326 5.24918 -366.593 -543.64 3549890.0
308 -0.01925 8.84015e-05 1968.7 280.163 5.15752 5.2566 -378.696 -561.685 3620040.0
309 -0.01915 8.84032e-05 1968.66 280.39 5.16179 5.26424 -390.846 -580.18 3690970.0
310 -0.01905 8.84046e-05 1968.62 280.606 5.16585 5.27119 -402.313 -597.22 3758100.0
311 -0.01895 8.84065e-05 1968.57 280.885 5.1711 5.28033 -417.445 -619.074 3843300.0
312 -0.01885 8.84097e-05 1968.52 281.149 5.17615 5.28903 -431.431 -639.642 3922070.0
313 -0.01875 8.84114e-05 1968.47 281.38 5.1805 5.29701 -444.072 -659.622 3998740.0
314 -0.01865 8.84143e-05 1968.42 281.676 5.1861 5.30683 -459.746 -682.583 4087090.0
315 -0.01855 8.84163e-05 1968.36 281.958 5.19143 5.31653 -475.019 -706.116 4175850.0
316 -0.01845 8.84186e-05 1968.31 282.25 5.19694 5.3261 -490.583 -728.851 4263560.0
317 -0.01835 8.84226e-05 1968.24 282.565 5.20296 5.33681 -507.646 -754.468 4361450.0
318 -0.01825 8.84224e-05 1968.18 282.88 5.20876 5.34723 -524.407 -779.597 4457000.0
319 -0.01815 8.84272e-05 1968.12 283.223 5.21535 5.35865 -542.755 -806.598 4561420.0
320 -0.01805 8.84296e-05 1968.06 283.542 5.22138 5.36925 -559.858 -832.194 4659480.0
321 -0.01795 8.84318e-05 1967.99 283.879 5.22771 5.38039 -577.975 -859.457 4765940.0
322 -0.01785 8.84365e-05 1967.93 284.254 5.2349 5.39291 -597.977 -888.726 4877450.0
323 -0.01775 8.84383e-05 1967.85 284.622 5.24178 5.40521 -617.89 -918.53 4992460.0
324 -0.01765 8.8443e-05 1967.78 284.991 5.24886 5.41738 -637.511 -947.66 5104820.0
325 -0.01755 8.84444e-05 1967.71 285.382 5.25613 5.43067 -658.638 -980.34 5229140.0
326 -0.01745 8.84489e-05 1967.63 285.789 5.2639 5.4443 -680.26 -1012.42 5351270.0
327 -0.01735 8.84529e-05 1967.54 286.252 5.27267 5.46031 -705.256 -1050.09 5492280.0
328 -0.01725 8.84564e-05 1967.45 286.694 5.28102 5.47534 -729.067 -1086.06 5628180.0
329 -0.01715 8.8461e-05 1967.36 287.178 5.29021 5.49087 -754.639 -1122.59 5770270.0
330 -0.01705 8.84646e-05 1967.28 287.647 5.29906 5.50645 -780.153 -1160.57 5917870.0
331 -0.01695 8.84697e-05 1967.19 288.115 5.30799 5.5224 -805.016 -1198.43 6060840.0
332 -0.01685 8.84721e-05 1967.08 288.643 5.31787 5.53997 -833.477 -1240.71 6222520.0
333 -0.01675 8.84773e-05 1966.98 289.182 5.3281 5.55799 -862.307 -1283.38 6384500.0
334 -0.01665 8.8484e-05 1966.87 289.756 5.33909 5.57712 -893.006 -1328.33 6557600.0
335 -0.01655 8.84867e-05 1966.76 290.323 5.3497 5.59647 -923.359 -1374.52 6730840.0
336 -0.01645 8.84927e-05 1966.65 290.923 5.36111 5.61652 -955.464 -1422.34 6912870.0
337 -0.01635 8.84984e-05 1966.53 291.547 5.37297 5.63728 -988.987 -1471.68 7103760.0
338 -0.01625 8.85037e-05 1966.41 292.149 5.38437 5.65828 -1021.26 -1521.8 7289430.0
339 -0.01615 8.85089e-05 1966.28 292.834 5.39733 5.68077 -1057.69 -1574.9 7493550.0
340 -0.01605 8.85148e-05 1966.16 293.485 5.40969 5.70232 -1092.6 -1626.74 7693530.0
341 -0.01595 8.85207e-05 1966.02 294.207 5.42335 5.72624 -1131.32 -1683.77 7911790.0
342 -0.01585 8.85268e-05 1965.88 294.955 5.43752 5.75143 -1171.53 -1743.45 8138960.0
343 -0.01575 8.85339e-05 1965.72 295.778 5.45312 5.77918 -1215.39 -1807.96 8381000.0
344 -0.01565 8.85412e-05 1965.57 296.514 5.46713 5.80415 -1254.79 -1867.93 8608650.0
345 -0.01555 8.85471e-05 1965.42 297.333 5.4826 5.83167 -1298.64 -1933.37 8856620.0
346 -0.01545 8.85554e-05 1965.25 298.196 5.49904 5.86079 -1344.95 -2002.18 9117150.0
347 -0.01535 8.85629e-05 1965.08 299.072 5.51565 5.89031 -1391.55 -2071.71 9379350.0
348 -0.01525 8.85704e-05 1964.9 299.975 5.53278 5.92103 -1440.05 -2144.64 9653670.0
349 -0.01515 8.85789e-05 1964.72 300.947 5.55125 5.95372 -1492.06 -2221.54 9945120.0
350 -0.01505 8.85869e-05 1964.54 301.901 5.56934 5.98554 -1543.06 -2297.31 10234700.0
351 -0.01495 8.85951e-05 1964.35 302.891 5.58812 6.01916 -1596.31 -2377.72 10538500.0
352 -0.01485 8.8605e-05 1964.14 303.957 5.60842 6.05522 -1652.84 -2461.75 10853200.0
353 -0.01475 8.86144e-05 1963.93 305.04 5.629 6.0921 -1710.96 -2548.95 11181300.0
354 -0.01465 8.86232e-05 1963.72 306.13 5.64968 6.12836 -1769.13 -2635.44 11511600.0
355 -0.01455 8.86341e-05 1963.5 307.273 5.67146 6.16762 -1829.97 -2727.59 11855400.0
356 -0.01445 8.86437e-05 1963.27 308.432 5.69348 6.20695 -1892.31 -2821.53 12210800.0
357 -0.01435 8.86548e-05 1963.02 309.723 5.71802 6.25076 -1961.02 -2923.39 12593100.0
358 -0.01425 8.86661e-05 1962.77 311.022 5.74273 6.29433 -2030.76 -3026.61 12986100.0
359 -0.01415 8.8678e-05 1962.51 312.4 5.76895 6.34041 -2103.97 -3134.24 13392100.0
360 -0.01405 8.86894e-05 1962.25 313.786 5.79529 6.38648 -2178.48 -3243.85 13814200.0
361 -0.01395 8.87028e-05 1961.97 315.188 5.82206 6.43478 -2252.94 -3357.03 14233300.0
362 -0.01385 8.87147e-05 1961.68 316.708 5.85092 6.48652 -2334.11 -3478.07 14687000.0
363 -0.01375 8.87288e-05 1961.38 318.244 5.88023 6.53904 -2416.02 -3601.15 15147500.0
364 -0.01365 8.87434e-05 1961.07 319.845 5.91078 6.59332 -2501.53 -3728.79 15628100.0
365 -0.01355 8.87566e-05 1960.75 321.488 5.94204 6.64848 -2589.24 -3858.81 16121600.0
366 -0.01345 8.87731e-05 1960.41 323.263 5.97596 6.70851 -2683.44 -3997.67 16641800.0
367 -0.01335 8.87882e-05 1960.06 325.059 6.01019 6.76993 -2779.69 -4141.92 17183000.0
368 -0.01325 8.88044e-05 1959.69 326.916 6.04561 6.83398 -2878.27 -4290.81 17732500.0
369 -0.01315 8.88207e-05 1959.32 328.795 6.08147 6.898 -2978.57 -4441.57 18298900.0
370 -0.01305 8.8839e-05 1958.94 330.771 6.11928 6.96539 -3083.8 -4598.62 18886300.0
371 -0.01295 8.88558e-05 1958.53 332.863 6.15915 7.03633 -3195.24 -4764.15 19507700.0
372 -0.01285 8.88758e-05 1958.11 335.034 6.20071 7.11043 -3310.57 -4935.73 20148100.0
373 -0.01275 8.88954e-05 1957.68 337.242 6.24297 7.1864 -3428.33 -5113.04 20808500.0
374 -0.01265 8.89161e-05 1957.22 339.587 6.28783 7.26603 -3552.92 -5297.4 21499700.0
375 -0.01255 8.89356e-05 1956.77 341.9 6.33205 7.34509 -3676.13 -5482.79 22193000.0
376 -0.01245 8.89582e-05 1956.29 344.361 6.37926 7.42997 -3807.01 -5679.44 22921900.0
377 -0.01235 8.89814e-05 1955.77 346.982 6.42948 7.51978 -3945.97 -5886.44 23691000.0
378 -0.01225 8.90041e-05 1955.26 349.608 6.4798 7.60966 -4085.77 -6096.06 24474300.0
379 -0.01215 8.90282e-05 1954.73 352.341 6.53222 7.7026 -4230.74 -6311.77 25282600.0
380 -0.01205 8.90549e-05 1954.13 355.352 6.59002 7.8059 -4391.07 -6548.84 26163800.0
381 -0.01195 8.90818e-05 1953.56 358.337 6.64738 7.90748 -4549.14 -6783.19 27040400.0
382 -0.01185 8.91092e-05 1952.94 361.432 6.70684 8.01451 -4713.14 -7029.5 27951100.0
383 -0.01175 8.91385e-05 1952.3 364.706 6.76983 8.1273 -4887.03 -7288.23 28910700.0
384 -0.01165 8.91685e-05 1951.62 368.117 6.83545 8.24509 -5067.72 -7557.83 29907200.0
385 -0.01155 8.91999e-05 1950.94 371.605 6.90265 8.36546 -5252.03 -7833.01 30923900.0
386 -0.01145 8.92321e-05 1950.24 375.14 6.97083 8.48733 -5439.78 -8114.74 31972800.0
387 -0.01135 8.92647e-05 1949.5 378.907 7.04339 8.61681 -5638.9 -8409.87 33065900.0
388 -0.01125 8.93002e-05 1948.74 382.764 7.11792 8.75047 -5843.23 -8715.89 34198300.0
389 -0.01115 8.9336e-05 1947.93 386.805 7.19595 8.89046 -6056.09 -9034.12 35369600.0
390 -0.01105 8.93745e-05 1947.12 390.945 7.27611 9.03458 -6275.45 -9362.89 36583200.0
391 -0.01095 8.9414e-05 1946.24 395.37 7.36171 9.18784 -6509.13 -9710.24 37866200.0
392 -0.01085 8.94538e-05 1945.35 399.833 7.44813 9.34253 -6744.42 -10060.4 39158200.0
393 -0.01075 8.94967e-05 1944.44 404.441 7.53759 9.50265 -6987.32 -10424.6 40501600.0
394 -0.01065 8.95392e-05 1943.47 409.309 7.63193 9.67166 -7243.86 -10806.0 41908200.0
395 -0.01055 8.9586e-05 1942.48 414.315 7.7293 9.84561 -7507.85 -11199.9 43363300.0
396 -0.01045 8.9634e-05 1941.44 419.594 7.83198 10.0279 -7785.58 -11609.8 44879500.0
397 -0.01035 8.96844e-05 1940.32 425.174 7.94061 10.2231 -8078.78 -12045.6 46474900.0
398 -0.01025 8.97366e-05 1939.19 430.867 8.05161 10.4203 -8378.15 -12488.0 48110500.0
399 -0.01015 8.97897e-05 1938.02 436.718 8.16578 10.6249 -8685.0 -12945.0 49788900.0
400 -0.01005 8.98465e-05 1936.81 442.729 8.2834 10.8363 -9000.78 -13418.1 51523000.0
401 -0.00995 8.99039e-05 1935.56 448.947 8.40511 11.0552 -9326.33 -13905.9 53304900.0
402 -0.00985 8.99636e-05 1934.25 455.488 8.53324 11.285 -9668.42 -14416.1 55170200.0
403 -0.00975 9.00286e-05 1932.86 462.428 8.6695 11.5284 -10031.6 -14953.3 57140000.0
404 -0.00965 9.00942e-05 1931.43 469.483 8.80818 11.7779 -10400.4 -15504.4 59149000.0
405 -0.00955 9.01626e-05 1929.96 476.786 8.952 12.0348 -10781.5 -16071.2 61224600.0
406 -0.00945 9.02339e-05 1928.43 484.341 9.10104 12.3026 -11175.2 -16659.2 63365200.0
407 -0.00935 9.03095e-05 1926.81 492.359 9.25945 12.5853 -11592.4 -17275.6 65615200.0
408 -0.00925 9.0386e-05 1925.16 500.484 9.42023 12.8744 -12015.5 -17908.7 67917800.0
409 -0.00915 9.04673e-05 1923.42 509.09 9.59082 13.1788 -12461.7 -18568.4 70320800.0
410 -0.00905 9.05529e-05 1921.59 518.053 9.76891 13.4987 -12926.8 -19260.3 72831200.0
411 -0.00895 9.0641e-05 1919.71 527.304 9.95304 13.828 -13406.8 -19971.5 75421200.0
412 -0.00885 9.07318e-05 1917.78 536.755 10.1416 14.1657 -13895.4 -20698.2 78057800.0
413 -0.00875 9.08262e-05 1915.76 546.632 10.339 14.5181 -14405.0 -21452.4 80796600.0
414 -0.00865 9.09263e-05 1913.63 556.987 10.5464 14.89 -14939.3 -22245.3 83666700.0
415 -0.00855 9.10304e-05 1911.45 567.603 10.7597 15.2725 -15486.0 -23060.0 86611200.0
416 -0.00845 9.11391e-05 1909.13 578.861 10.9862 15.6765 -16063.8 -23910.7 89690000.0
417 -0.00835 9.12517e-05 1906.77 590.384 11.2188 16.0905 -16655.6 -24784.0 92857000.0
418 -0.00825 9.13703e-05 1904.28 602.425 11.4625 16.525 -17272.1 -25694.7 96152000.0
419 -0.00815 9.14934e-05 1901.68 614.958 11.7167 16.98 -17912.3 -26641.7 99560500.0
420 -0.00805 9.16238e-05 1898.99 627.886 11.9801 17.4502 -18571.8 -27616.4 103073000.0
421 -0.00795 9.17532e-05 1896.26 641.065 12.2488 17.9285 -19242.6 -28609.4 106662000.0
422 -0.00785 9.18951e-05 1893.33 655.094 12.5362 18.441 -19955.3 -29658.9 110438000.0
423 -0.00775 9.20417e-05 1890.31 669.587 12.834 18.9692 -20689.3 -30736.2 114324000.0
424 -0.00765 9.21927e-05 1887.16 684.533 13.142 19.5189 -21443.7 -31850.7 118319000.0
425 -0.00755 9.23541e-05 1883.88 700.108 13.4645 20.0928 -22229.1 -33006.5 122467000.0
426 -0.00745 9.2517e-05 1880.5 716.177 13.7979 20.683 -23036.7 -34190.8 126731000.0
427 -0.00735 9.26906e-05 1876.97 732.876 14.1461 21.3005 -23873.9 -35419.0 131141000.0
428 -0.00725 9.28724e-05 1873.28 750.265 14.5101 21.9465 -24742.8 -36694.5 135709000.0
429 -0.00715 9.3064e-05 1869.38 768.518 14.8938 22.6268 -25652.0 -38023.3 140462000.0
430 -0.00705 9.32599e-05 1865.44 787.017 15.2844 23.316 -26570.5 -39367.8 145290000.0
431 -0.00695 9.34667e-05 1861.27 806.435 15.6963 24.0447 -27530.1 -40769.8 150297000.0
432 -0.00685 9.36846e-05 1856.92 826.643 16.1271 24.8042 -28527.2 -42220.3 155490000.0
433 -0.00675 9.39113e-05 1852.41 847.541 16.5748 25.5939 -29553.5 -43715.0 160830000.0
434 -0.00665 9.41463e-05 1847.75 868.95 17.036 26.407 -30600.6 -45242.7 166282000.0
435 -0.00655 9.43916e-05 1842.92 891.23 17.5183 27.2524 -31686.3 -46815.5 171919000.0
436 -0.00645 9.46488e-05 1837.88 914.295 18.0207 28.1327 -32804.9 -48435.5 177712000.0
437 -0.00635 9.49201e-05 1832.59 938.349 18.5478 29.0576 -33964.6 -50113.9 183690000.0
438 -0.00625 9.52008e-05 1827.13 963.092 19.0932 30.0117 -35153.8 -51833.1 189834000.0
439 -0.00615 9.54982e-05 1821.44 988.629 19.6607 31.007 -36373.4 -53601.2 196119000.0
440 -0.00605 9.58059e-05 1815.54 1015.14 20.253 32.0373 -37633.0 -55409.0 202586000.0
441 -0.00595 9.61281e-05 1809.38 1042.59 20.8706 33.1129 -38929.5 -57271.6 209237000.0
442 -0.00585 9.64683e-05 1802.99 1070.89 21.5129 34.2301 -40257.8 -59178.4 216036000.0
443 -0.00575 9.68244e-05 1796.3 1100.47 22.1887 35.3983 -41637.0 -61138.6 223054000.0
444 -0.00565 9.71943e-05 1789.43 1130.65 22.8844 36.6007 -43037.7 -63136.0 230213000.0
445 -0.00555 9.75824e-05 1782.24 1161.89 23.6106 37.855 -44472.4 -65178.3 237513000.0
446 -0.00545 9.79897e-05 1774.81 1194.08 24.366 39.155 -45942.4 -67263.0 244988000.0
447 -0.00535 9.84157e-05 1767.07 1227.32 25.1531 40.5052 -47445.6 -69387.1 252619000.0
448 -0.00525 9.88621e-05 1759.03 1261.61 25.9732 41.9111 -48984.5 -71557.5 260418000.0
449 -0.00515 9.93273e-05 1750.74 1296.85 26.8244 43.3591 -50552.3 -73752.2 268359000.0
450 -0.00505 9.9813e-05 1742.16 1333.04 27.7076 44.8584 -52147.3 -75981.6 276446000.0
451 -0.00495 0.000100326 1733.19 1370.41 28.6309 46.4245 -53775.5 -78250.1 284676000.0
452 -0.00485 0.000100867 1723.84 1409.09 29.5975 48.0588 -55441.8 -80557.9 293076000.0
453 -0.00475 0.000101431 1714.19 1448.69 30.5995 49.7433 -57128.7 -82879.2 301586000.0
454 -0.00465 0.00010203 1704.06 1489.91 31.6561 51.5135 -58863.5 -85246.2 310311000.0
455 -0.00455 0.000102641 1693.83 1531.24 32.7291 53.2998 -60578.7 -87586.3 319005000.0
456 -0.00445 0.00010329 1683.13 1573.97 33.8549 55.1683 -62327.5 -89953.4 327859000.0
457 -0.00435 0.000103975 1671.96 1618.24 35.0383 57.1205 -64115.3 -92344.8 336897000.0
458 -0.00425 0.000104688 1660.49 1663.06 36.2558 59.1232 -65891.0 -94714.9 345917000.0
459 -0.00415 0.000105436 1648.63 1708.95 37.5221 61.1956 -67677.8 -97083.4 355036000.0
460 -0.00405 0.000106214 1636.47 1755.45 38.8275 63.3178 -69455.5 -99423.3 364182000.0
461 -0.00395 0.000107039 1623.78 1803.42 40.1982 65.5344 -71251.6 -101756.0 373425000.0
462 -0.00385 0.000107902 1610.71 1852.22 41.6188 67.8175 -73039.5 -104055.0 382709000.0
463 -0.00375 0.000108807 1597.19 1902.02 43.0963 70.1766 -74819.2 -106312.0 392007000.0
464 -0.00365 0.000109756 1583.31 1952.46 44.6251 72.6023 -76577.4 -108520.0 401315000.0
465 -0.00355 0.00011075 1568.98 2003.94 46.2164 75.1038 -78323.2 -110667.0 410648000.0
466 -0.00345 0.000111791 1554.28 2055.88 47.8601 77.672 -80032.4 -112747.0 419952000.0
467 -0.00335 0.000112887 1539.05 2108.66 49.5704 80.329 -81703.2 -114743.0 429204000.0
468 -0.00325 0.000114036 1523.45 2162.16 51.3452 83.053 -83343.2 -116647.0 438455000.0
469 -0.00315 0.000115235 1507.47 2215.82 53.1728 85.8439 -84917.3 -118447.0 447621000.0
470 -0.00305 0.0001165 1491.0 2270.31 55.0783 88.719 -86446.5 -120127.0 456740000.0
471 -0.00295 0.000117817 1474.19 2325.0 57.0429 91.6525 -87910.0 -121685.0 465809000.0
472 -0.00285 0.000119196 1457.0 2379.91 59.0735 94.6546 -89298.9 -123104.0 474800000.0
473 -0.00275 0.000120645 1439.38 2434.74 61.1689 97.7296 -90589.1 -124363.0 483629000.0
474 -0.00265 0.000122159 1421.4 2489.85 63.3387 100.869 -91807.9 -125468.0 492443000.0
475 -0.00255 0.000123743 1403.05 2544.74 65.5742 104.07 -92913.7 -126389.0 501098000.0
476 -0.00245 0.000125419 1384.16 2600.12 67.909 107.368 -93935.2 -127120.0 509730000.0
477 -0.00235 0.000127154 1365.11 2654.78 70.2956 110.693 -94832.8 -127663.0 518241000.0
478 -0.00225 0.000128968 1345.76 2708.91 72.752 114.072 -95605.3 -128005.0 526658000.0
479 -0.00215 0.000130868 1326.06 2762.73 75.2907 117.51 -96254.1 -128120.0 534982000.0
480 -0.00205 0.000132853 1306.09 2815.84 77.902 120.997 -96763.6 -128017.0 543223000.0
481 -0.00195 0.000134924 1285.86 2868.02 80.5822 124.526 -97123.0 -127686.0 551376000.0
482 -0.00185 0.000137089 1265.36 2919.59 83.3478 128.103 -97340.2 -127106.0 559457000.0
483 -0.00175 0.000139341 1244.74 2969.86 86.1758 131.706 -97399.9 -126309.0 567510000.0
484 -0.00165 0.000141688 1223.93 3019.06 89.079 135.337 -97300.1 -125261.0 575497000.0
485 -0.00155 0.000144136 1202.94 3067.02 92.0577 139.001 -97032.7 -123965.0 583448000.0
486 -0.00145 0.000146683 1181.86 3113.9 95.116 142.68 -96612.4 -122425.0 591406000.0
487 -0.00135 0.000149327 1160.73 3159.03 98.2342 146.371 -96018.4 -120666.0 599388000.0
488 -0.00125 0.000152065 1139.63 3202.7 101.418 150.055 -95269.6 -118684.0 607397000.0
489 -0.00115 0.000154906 1118.5 3244.69 104.667 153.742 -94346.9 -116476.0 615423000.0
490 -0.00105 0.000157856 1097.38 3285.11 107.99 157.433 -93263.7 -114045.0 623523000.0
491 -0.00095 0.000160919 1076.27 3324.01 111.388 161.12 -92019.8 -111391.0 631700000.0
492 -0.00085 0.000164066 1055.39 3360.96 114.829 164.766 -90630.0 -108577.0 639959000.0
493 -0.00075 0.000167326 1034.59 3396.01 118.332 168.401 -89077.3 -105573.0 648325000.0
494 -0.00065 0.00017068 1014.03 3429.22 121.884 171.993 -87386.6 -102415.0 656773000.0
495 -0.00055 0.00017414 993.633 3460.69 125.496 175.56 -85560.8 -99101.9 665362000.0
496 -0.00045 0.000177691 973.525 3490.07 129.142 179.075 -83596.2 -95664.0 674033000.0
497 -0.00035 0.000181337 953.694 3517.72 132.836 182.544 -81522.9 -92120.3 682849000.0
498 -0.00025 0.000185073 934.183 3543.43 136.564 185.957 -79332.1 -88480.9 691760000.0
499 -0.00015 0.000188914 914.922 3567.27 140.336 189.327 -77021.0 -84732.4 700761000.0
500 -5e-05 0.000192874 895.872 3589.53 144.172 192.662 -74601.8 -80861.7 709886000.0
501 5e-05 0.00019702 877.049 3609.26 148.081 195.905 -72006.5 -76775.1 718822000.0
502 0.00015 0.000201181 859.23 3626.59 151.934 198.926 -69407.5 -72838.0 727652000.0
503 0.00025 0.000205321 842.207 3642.22 155.729 201.816 -66828.9 -69073.3 736579000.0
504 0.00035 0.000209477 825.794 3656.29 159.495 204.607 -64242.0 -65402.7 745546000.0
505 0.00045 0.000213633 810.006 3669.18 163.233 207.291 -61677.0 -61840.6 754522000.0
506 0.00055 0.000217791 794.794 3680.76 166.935 209.88 -59123.3 -58378.8 763500000.0
507 0.00065 0.000221942 780.175 3690.98 170.59 212.371 -56582.1 -55029.2 772429000.0
508 0.00075 0.000226082 766.125 3700.18 174.205 214.769 -54077.6 -51796.6 781321000.0
509 0.00085 0.000230183 752.699 3708.3 177.753 217.063 -51616.4 -48704.6 790100000.0
510 0.00095 0.00023424 739.864 3715.64 181.245 219.257 -49211.6 -45753.2 798793000.0
511 0.00105 0.000238269 727.556 3721.75 184.665 221.365 -46834.4 -42910.2 807303000.0
512 0.00115 0.000242232 715.832 3727.33 188.017 223.372 -44527.9 -40214.1 815691000.0
513 0.00125 0.000246129 704.674 3732.08 191.287 225.287 -42288.0 -37660.3 823899000.0
514 0.00135 0.000249947 694.074 3736.3 194.473 227.105 -40123.4 -35244.8 831916000.0
515 0.00145 0.000253702 683.951 3739.83 197.581 228.844 -38011.8 -32940.5 839720000.0
516 0.00155 0.000257353 674.401 3742.78 200.582 230.488 -35985.4 -30791.5 847285000.0
517 0.00165 0.000260909 665.335 3745.23 203.488 232.047 -34025.6 -28765.5 854613000.0
518 0.00175 0.000264396 656.691 3747.55 206.335 233.538 -32149.9 -26828.4 861757000.0
519 0.00185 0.000267774 648.526 3749.08 209.056 234.946 -30327.4 -25007.4 868598000.0
520 0.00195 0.000271025 640.86 3750.45 211.672 236.271 -28602.8 -23331.5 875215000.0
521 0.00205 0.000274154 633.645 3751.62 214.183 237.517 -26963.9 -21777.3 881547000.0
522 0.00215 0.000277164 626.867 3752.62 216.591 238.688 -25413.9 -20337.1 887614000.0
523 0.00225 0.000280056 620.482 3753.13 218.881 239.795 -23919.7 -18988.6 893424000.0
524 0.00235 0.000282846 614.449 3753.44 221.08 240.841 -22496.6 -17719.1 898981000.0
525 0.00245 0.000285524 608.766 3753.73 223.19 241.828 -21150.0 -16528.1 904308000.0
526 0.00255 0.000288077 603.446 3753.83 225.192 242.749 -19874.4 -15423.1 909345000.0
527 0.00265 0.000290501 598.48 3753.83 227.087 243.613 -18676.2 -14421.0 914156000.0
528 0.00275 0.000292805 593.838 3753.65 228.877 244.421 -17539.2 -13479.0 918721000.0
529 0.00285 0.000295012 589.457 3753.39 230.586 245.18 -16462.2 -12588.9 923033000.0
530 0.00295 0.000297093 585.381 3753.0 232.189 245.889 -15448.5 -11782.1 927124000.0
531 0.00305 0.000299078 581.552 3752.69 233.72 246.559 -14497.1 -11021.8 931030000.0
532 0.00315 0.000300969 577.942 3752.15 235.164 247.185 -13582.3 -10297.7 934684000.0
533 0.00325 0.000302751 574.591 3751.8 236.535 247.772 -12740.9 -9638.08 938202000.0
534 0.00335 0.000304424 571.475 3751.19 237.803 248.315 -11942.0 -9037.76 941471000.0
535 0.00345 0.000305994 568.584 3750.77 239.003 248.817 -11205.6 -8482.0 944552000.0
536 0.00355 0.000307483 565.868 3750.22 240.131 249.297 -10508.1 -7962.69 947506000.0
537 0.00365 0.000308891 563.328 3749.56 241.188 249.737 -9843.81 -7462.93 950237000.0
538 0.00375 0.000310209 560.962 3748.97 242.179 250.15 -9227.63 -7008.28 952840000.0
539 0.00385 0.000311462 558.739 3748.4 243.12 250.541 -8642.79 -6570.8 955301000.0
540 0.00395 0.000312623 556.688 3747.86 243.991 250.897 -8107.28 -6180.05 957564000.0
541 0.00405 0.000313724 554.768 3747.11 244.801 251.235 -7588.28 -5805.42 959710000.0
542 0.00415 0.00031475 552.979 3746.52 245.564 251.545 -7111.99 -5464.29 961731000.0
543 0.00425 0.000315708 551.327 3745.94 246.272 251.836 -6666.14 -5141.9 963635000.0
544 0.00435 0.000316606 549.784 3745.43 246.939 252.106 -6254.72 -4841.76 965418000.0
545 0.00445 0.000317458 548.332 3744.72 247.557 252.361 -5852.79 -4551.5 967104000.0
546 0.00455 0.000318259 546.966 3744.11 248.141 252.6 -5480.18 -4279.6 968685000.0
547 0.00465 0.000318999 545.714 3743.48 248.677 252.818 -5134.21 -4032.86 970157000.0
548 0.00475 0.000319684 544.564 3743.07 249.184 253.022 -4818.97 -3806.34 971562000.0
549 0.00485 0.000320326 543.486 3742.46 249.643 253.21 -4525.27 -3602.29 972843000.0
550 0.00495 0.00032094 542.462 3741.89 250.083 253.391 -4234.83 -3385.73 974070000.0
551 0.00505 0.000321493 541.538 3741.22 250.47 253.548 -3968.5 -3203.54 975171000.0
552 0.00515 0.000322018 540.671 3740.85 250.853 253.707 -3725.06 -3027.48 976292000.0
553 0.00525 0.000322512 539.851 3740.4 251.209 253.841 -3498.76 -2855.78 977255000.0
554 0.00535 0.000322968 539.102 3740.07 251.541 253.979 -3293.17 -2705.41 978252000.0
555 0.00545 0.000323388 538.417 3739.47 251.828 254.1 -3086.61 -2567.04 979121000.0
556 0.00555 0.000323787 537.76 3739.07 252.111 254.212 -2900.71 -2428.21 979952000.0
557 0.00565 0.000324158 537.151 3738.68 252.374 254.32 -2728.23 -2299.43 980748000.0
558 0.00575 0.000324522 536.557 3738.16 252.623 254.422 -2553.41 -2160.38 981467000.0
559 0.00585 0.000324843 536.037 3737.85 252.851 254.517 -2400.04 -2049.92 982160000.0
560 0.00595 0.000325133 535.568 3737.46 253.051 254.596 -2263.76 -1953.92 982789000.0
561 0.00605 0.000325417 535.106 3737.12 253.249 254.678 -2126.49 -1844.26 983397000.0
562 0.00615 0.00032569 534.664 3736.8 253.44 254.757 -2000.49 -1738.07 983974000.0
563 0.00625 0.000325948 534.246 3736.44 253.616 254.827 -1877.15 -1633.64 984503000.0
564 0.00635 0.000326171 533.883 3736.03 253.761 254.889 -1763.04 -1551.7 984987000.0
565 0.00645 0.000326376 533.559 3735.75 253.902 254.948 -1665.15 -1488.53 985449000.0
566 0.00655 0.000326584 533.22 3735.47 254.045 255.01 -1561.64 -1399.66 985910000.0
567 0.00665 0.000326779 532.906 3735.11 254.172 255.06 -1467.74 -1322.17 986307000.0
568 0.00675 0.000326942 532.646 3734.83 254.28 255.109 -1387.34 -1270.99 986692000.0
569 0.00685 0.000327095 532.4 3734.45 254.373 255.152 -1301.33 -1209.05 987043000.0
570 0.00695 0.00032725 532.152 3734.29 254.482 255.192 -1231.79 -1147.87 987377000.0
571 0.00705 0.000327395 531.921 3734.0 254.576 255.238 -1156.02 -1089.12 987744000.0
572 0.00715 0.00032751 531.735 3733.83 254.653 255.265 -1103.19 -1049.38 988010000.0
573 0.00725 0.00032766 531.497 3733.57 254.752 255.31 -1028.48 -967.296 988329000.0
574 0.00735 0.000327772 531.322 3733.18 254.812 255.342 -961.972 -919.046 988572000.0
575 0.00745 0.000327878 531.146 3733.02 254.883 255.371 -909.084 -875.165 988838000.0
576 0.00755 0.000327958 531.021 3732.81 254.932 255.39 -866.132 -849.871 989038000.0
577 0.00765 0.000328067 530.847 3732.79 255.015 255.423 -821.945 -795.603 989295000.0
578 0.00775 0.00032817 530.68 3732.49 255.075 255.454 -765.667 -743.51 989510000.0
579 0.00785 0.00032825 530.559 3732.27 255.122 255.474 -719.672 -714.658 989685000.0
580 0.00795 0.000328321 530.438 3732.08 255.164 255.489 -682.068 -681.695 989849000.0
581 0.00805 0.000328396 530.325 3731.94 255.213 255.514 -643.676 -646.002 990064000.0
582 0.00815 0.000328467 530.208 3731.63 255.247 255.532 -596.987 -611.305 990209000.0
583 0.00825 0.00032853 530.119 3731.64 255.296 255.552 -575.216 -585.411 990401000.0
584 0.00835 0.000328603 529.994 3731.48 255.342 255.569 -538.203 -541.74 990531000.0
585 0.00845 0.000328671 529.886 3731.39 255.389 255.589 -503.548 -503.656 990695000.0
586 0.00855 0.000328708 529.828 3731.27 255.41 255.599 -483.774 -489.983 990820000.0
587 0.00865 0.000328745 529.772 3731.17 255.431 255.609 -463.281 -483.136 990943000.0
588 0.00875 0.00032881 529.665 3730.92 255.465 255.626 -422.716 -433.678 991052000.0
589 0.00885 0.000328857 529.592 3730.88 255.498 255.641 -402.367 -412.902 991186000.0
590 0.00895 0.000328896 529.531 3730.75 255.52 255.653 -377.507 -393.179 991304000.0
591 0.00905 0.000328906 529.518 3730.78 255.53 255.655 -380.118 -407.826 991390000.0
592 0.00915 0.000328971 529.413 3730.56 255.565 255.669 -340.458 -354.531 991483000.0
593 0.00925 0.000329005 529.362 3730.55 255.591 255.684 -328.459 -338.685 991603000.0
594 0.00935 0.000329012 529.35 3730.37 255.583 255.684 -315.061 -339.759 991654000.0
595 0.00945 0.000329042 529.298 3730.27 255.6 255.69 -296.256 -325.111 991707000.0
596 0.00955 0.000329076 529.246 3730.24 255.625 255.703 -281.272 -303.957 991822000.0
597 0.00965 0.000329095 529.221 3730.03 255.625 255.704 -264.531 -291.241 991859000.0
598 0.00975 0.000329123 529.174 3730.0 255.644 255.712 -247.747 -267.49 991948000.0
599 0.00985 0.000329146 529.141 3729.97 255.661 255.721 -240.286 -257.341 992020000.0
600 0.00995 0.000329174 529.09 3729.92 255.679 255.726 -223.318 -238.312 992061000.0
601 0.01005 0.000329202 529.052 3729.87 255.697 255.74 -211.147 -219.485 992166000.0
602 0.01015 0.000329212 529.028 3729.76 255.697 255.736 -200.229 -216.159 992164000.0
603 0.01025 0.000329227 529.008 3729.62 255.7 255.743 -188.05 -209.466 992234000.0
604 0.01035 0.000329238 528.99 3729.64 255.709 255.745 -182.743 -202.799 992273000.0
605 0.01045 0.000329275 528.931 3729.47 255.726 255.756 -160.46 -171.678 992320000.0
606 0.01055 0.00032928 528.923 3729.51 255.733 255.758 -158.185 -170.036 992371000.0
607 0.01065 0.000329296 528.9 3729.38 255.737 255.762 -145.453 -154.103 992405000.0
608 0.01075 0.000329295 528.903 3729.27 255.729 255.761 -139.375 -157.177 992424000.0
609 0.01085 0.000329296 528.9 3729.48 255.743 255.76 -151.191 -166.254 992444000.0
610 0.01095 0.000329316 528.873 3729.39 255.753 255.768 -138.175 -150.4 992490000.0
611 0.01105 0.000329354 528.807 3729.29 255.775 255.778 -118.967 -119.105 992530000.0
612 0.01115 0.00032936 528.802 3729.14 255.77 255.78 -108.051 -113.555 992556000.0
613 0.01125 0.000329355 528.803 3729.08 255.762 255.776 -106.88 -119.14 992548000.0
614 0.01135 0.000329373 528.779 3728.96 255.768 255.783 -89.051 -99.7554 992601000.0
615 0.01145 0.000329371 528.781 3728.99 255.768 255.778 -95.7966 -112.279 992590000.0
616 0.01155 0.000329367 528.789 3729.05 255.769 255.782 -100.214 -120.465 992642000.0
617 0.01165 0.000329385 528.759 3729.19 255.792 255.787 -98.7173 -105.774 992695000.0
618 0.01175 0.000329395 528.75 3728.91 255.781 255.787 -81.5274 -93.03 992679000.0
619 0.01185 0.000329404 528.727 3728.92 255.789 255.793 -75.9421 -83.3259 992737000.0
620 0.01195 0.000329407 528.727 3728.7 255.776 255.792 -65.7921 -90.349 992726000.0
621 0.01205 0.000329411 528.719 3728.7 255.779 255.794 -62.5679 -79.5986 992745000.0
622 0.01215 0.0003294 528.737 3728.72 255.772 255.79 -69.5789 -96.596 992750000.0
623 0.01225 0.000329417 528.71 3728.77 255.789 255.796 -62.3169 -73.0687 992781000.0
624 0.01235 0.000329422 528.703 3728.64 255.784 255.796 -55.207 -71.8042 992760000.0
625 0.01245 0.000329422 528.705 3728.61 255.782 255.794 -52.7682 -67.5033 992763000.0
626 0.01255 0.000329429 528.692 3728.6 255.787 255.799 -46.6097 -56.3399 992794000.0
627 0.01265 0.000329427 528.694 3728.57 255.783 255.797 -49.4033 -65.0988 992801000.0
628 0.01275 0.000329428 528.693 3728.41 255.773 255.798 -39.0316 -63.43 992810000.0
629 0.01285 0.000329439 528.681 3728.39 255.779 255.799 -35.9596 -53.0946 992814000.0
630 0.01295 0.000329445 528.664 3728.52 255.794 255.801 -40.7004 -47.5642 992844000.0
631 0.01305 0.000329451 528.66 3728.63 255.806 255.803 -41.9125 -42.5185 992872000.0
632 0.01315 0.000329448 528.666 3728.68 255.807 255.804 -45.99 -46.548 992902000.0
633 0.01325 0.000329437 528.676 3728.59 255.791 255.798 -47.4437 -60.1372 992880000.0
634 0.01335 0.000329448 528.669 3728.53 255.796 255.803 -39.8154 -49.0705 992898000.0
635 0.01345 0.000329452 528.658 3728.62 255.806 255.805 -41.9087 -41.8878 992930000.0
636 0.01355 0.000329455 528.652 3728.61 255.807 255.805 -39.3957 -36.3704 992942000.0
637 0.01365 0.000329465 528.641 3728.39 255.799 255.806 -26.2752 -29.7919 992943000.0
638 0.01375 0.000329458 528.647 3728.55 255.806 255.803 -35.9129 -38.0431 992937000.0
639 0.01385 0.000329469 528.632 3728.57 255.815 255.808 -33.6311 -33.4459 992941000.0
640 0.01395 0.000329485 528.605 3728.55 255.826 255.812 -22.9107 -15.2825 992961000.0
641 0.01405 0.000329495 528.589 3728.42 255.825 255.814 -10.9749 -6.33144 992958000.0
642 0.01415 0.000329506 528.576 3728.28 255.824 255.819 -0.314592 5.35496 992970000.0
643 0.01425 0.000329489 528.597 3728.29 255.812 255.811 -8.90791 -18.2708 992951000.0
644 0.01435 0.000329501 528.579 3728.22 255.816 255.817 0.90869 -8.23264 992967000.0
645 0.01445 0.000329517 528.553 3728.13 255.822 255.823 12.4052 10.5142 992985000.0
646 0.01455 0.000329511 528.562 3728.26 255.827 255.82 2.54736 -1.09312 992985000.0
647 0.01465 0.000329472 528.628 3728.37 255.804 255.809 -20.936 -41.3988 992994000.0
648 0.01475 0.000329485 528.61 3728.51 255.824 255.814 -19.1648 -24.4427 993016000.0
649 0.01485 0.000329491 528.595 3728.39 255.82 255.812 -14.1706 -17.58 993001000.0
650 0.01495 0.000329491 528.6 3728.43 255.823 255.814 -18.3372 -21.2564 993023000.0
651 0.01505 0.000329499 528.585 3728.29 255.82 255.815 -3.25998 -3.52031 993007000.0
652 0.01515 0.000329495 528.587 3728.44 255.827 255.814 -11.2392 -10.61 993034000.0
653 0.01525 0.000329485 528.605 3728.49 255.822 255.813 -24.8709 -30.3797 993036000.0
654 0.01535 0.000329497 528.591 3728.37 255.823 255.814 -9.27682 -12.5294 993018000.0
655 0.01545 0.00032952 528.551 3728.28 255.835 255.822 7.92998 11.1308 993049000.0
656 0.01555 0.000329524 528.545 3728.25 255.836 255.822 10.5437 14.2081 993041000.0
657 0.01565 0.000329508 528.57 3728.41 255.834 255.818 -6.34552 -2.23445 993059000.0
658 0.01575 0.000329505 528.571 3728.4 255.832 255.817 -9.02229 -5.72494 993062000.0
659 0.01585 0.000329524 528.55 3728.33 255.841 255.825 3.46862 17.5521 993089000.0
660 0.01595 0.000329512 528.563 3728.31 255.831 255.82 1.18213 -1.27055 993065000.0
661 0.01605 0.000329532 528.535 3728.27 255.843 255.825 11.6307 20.9663 993067000.0
662 0.01615 0.000329527 528.542 3728.38 255.848 255.823 2.87789 7.74951 993076000.0
663 0.01625 0.000329527 528.543 3728.31 255.842 255.824 9.75749 14.0231 993083000.0
664 0.01635 0.000329518 528.55 3728.31 255.835 255.821 1.38369 3.84354 993085000.0
665 0.01645 0.000329523 528.548 3728.38 255.845 255.823 3.36103 8.9415 993098000.0
666 0.01655 0.00032954 528.524 3728.33 255.854 255.829 10.4106 23.2232 993095000.0
667 0.01665 0.000329539 528.52 3728.24 255.847 255.828 15.3842 17.6684 993095000.0
668 0.01675 0.000329531 528.534 3728.3 255.845 255.824 10.0505 10.5814 993086000.0
669 0.01685 0.000329534 528.526 3728.33 255.85 255.825 9.1165 12.3218 993094000.0
670 0.01695 0.000329535 528.532 3728.32 255.849 255.829 10.264 8.82486 993113000.0
671 0.01705 0.000329533 528.528 3728.28 255.845 255.823 12.1196 15.2441 993096000.0
672 0.01715 0.000329501 528.581 3728.31 255.823 255.818 -3.84533 -19.1649 993096000.0
673 0.01725 0.000329501 528.581 3728.32 255.823 255.817 -3.44884 -20.2575 993081000.0
674 0.01735 0.000329514 528.562 3728.4 255.838 255.821 -3.26034 -9.67468 993099000.0
675 0.01745 0.000329526 528.541 3728.47 255.853 255.824 -0.570819 5.12591 993115000.0
676 0.01755 0.000329525 528.544 3728.39 255.847 255.823 1.08381 8.90976 993106000.0
677 0.01765 0.000329517 528.555 3728.29 255.833 255.825 6.89713 2.77983 993109000.0
678 0.01775 0.000329512 528.557 3728.38 255.836 255.821 0.893766 1.51748 993094000.0
679 0.01785 0.000329507 528.57 3728.53 255.842 255.82 -12.8507 -8.33174 993107000.0
680 0.01795 0.000329503 528.571 3728.41 255.831 255.819 -6.35984 -5.55211 993103000.0
681 0.01805 0.000329485 528.61 3728.5 255.823 255.816 -18.0943 -26.0918 993116000.0
682 0.01815 0.000329494 528.592 3728.41 255.823 255.817 -8.04876 -14.8792 993100000.0
683 0.01825 0.0003295 528.584 3728.39 255.827 255.819 -8.81218 -12.6678 993118000.0
684 0.01835 0.000329508 528.56 3728.41 255.835 255.82 -2.90226 3.1257 993123000.0
685 0.01845 0.000329504 528.573 3728.44 255.834 255.82 -6.24041 -3.33996 993111000.0
686 0.01855 0.000329512 528.563 3728.47 255.842 255.822 -4.09289 1.49342 993139000.0
687 0.01865 0.000329513 528.554 3728.54 255.848 255.82 -8.15964 -3.17838 993149000.0
688 0.01875 0.000329522 528.544 3728.38 255.844 255.826 4.24764 11.7439 993172000.0
689 0.01885 0.000329529 528.535 3728.37 255.848 255.828 6.0631 12.8635 993161000.0
690 0.01895 0.000329516 528.556 3728.49 255.846 255.823 -5.4877 -2.13766 993147000.0
691 0.01905 0.000329516 528.556 3728.49 255.847 255.823 -3.22091 3.41116 993145000.0
692 0.01915 0.000329501 528.579 3728.54 255.838 255.818 -11.2743 -12.4579 993144000.0
693 0.01925 0.000329498 528.584 3728.57 255.837 255.817 -16.0764 -22.4787 993132000.0
694 0.01935 0.000329506 528.574 3728.48 255.838 255.822 -6.63869 -10.8623 993153000.0
695 0.01945 0.000329531 528.526 3728.48 255.858 255.828 4.22411 17.9269 993156000.0
696 0.01955 0.000329519 528.55 3728.44 255.845 255.824 -0.26416 5.38086 993140000.0
697 0.01965 0.000329504 528.572 3728.46 255.835 255.819 -5.64745 -8.35191 993125000.0
698 0.01975 0.000329498 528.583 3728.47 255.831 255.818 -10.1569 -16.6366 993131000.0
699 0.01985 0.00032951 528.566 3728.46 255.839 255.822 -3.29585 -5.59138 993144000.0
700 0.01995 0.000329532 528.532 3728.42 255.854 255.826 7.10173 20.4322 993140000.0
701 0.02005 0.000329523 528.539 3728.34 255.841 255.823 8.46044 13.8358 993128000.0
702 0.02015 0.000329507 528.57 3728.38 255.831 255.823 -0.386879 -4.65549 993142000.0
703 0.02025 0.000329503 528.578 3728.38 255.829 255.819 -3.16699 -4.07378 993128000.0
704 0.02035 0.000329506 528.571 3728.5 255.839 255.819 -7.69539 -0.656369 993143000.0
705 0.02045 0.00032951 528.566 3728.33 255.831 255.823 3.52993 3.61912 993161000.0
706 0.02055 0.000329511 528.562 3728.38 255.835 255.823 0.417995 2.60176 993146000.0
707 0.02065 0.000329515 528.555 3728.42 255.841 255.821 0.599398 8.16101 993146000.0
708 0.02075 0.000329509 528.57 3728.49 255.841 255.82 -5.0286 -4.90125 993148000.0
709 0.02085 0.000329498 528.581 3728.46 255.831 255.816 -9.237 -14.9629 993145000.0
710 0.02095 0.0003295 528.583 3728.52 255.836 255.819 -11.6876 -18.3749 993163000.0
711 0.02105 0.000329505 528.574 3728.46 255.836 255.817 -6.45128 -5.36907 993155000.0
712 0.02115 0.000329503 528.575 3728.47 255.835 255.819 -5.4975 -14.414 993142000.0
713 0.02125 0.000329498 528.588 3728.52 255.834 255.818 -9.61761 -21.0091 993152000.0
714 0.02135 0.000329503 528.574 3728.49 255.836 255.819 -8.06697 -16.2718 993142000.0
715 0.02145 0.000329499 528.583 3728.64 255.843 255.817 -19.5767 -19.6627 993146000.0
716 0.02155 0.000329491 528.596 3728.66 255.839 255.819 -21.2433 -25.0584 993171000.0
717 0.02165 0.000329488 528.599 3728.47 255.823 255.812 -12.7718 -23.9093 993122000.0
718 0.02175 0.000329492 528.589 3728.59 255.835 255.817 -17.394 -22.8127 993150000.0
719 0.02185 0.000329493 528.592 3728.55 255.833 255.817 -14.4667 -16.9087 993138000.0
720 0.02195 0.000329499 528.583 3728.4 255.827 255.818 -1.64085 -10.3005 993119000.0
721 0.02205 0.000329491 528.594 3728.44 255.823 255.814 -7.74013 -19.1576 993111000.0
722 0.02215 0.000329501 528.575 3728.3 255.822 255.816 1.75905 -9.90947 993109000.0
723 0.02225 0.000329504 528.574 3728.35 255.828 255.819 2.20405 -6.52408 993136000.0
724 0.02235 0.000329504 528.579 3728.49 255.837 255.821 -5.68285 -12.4493 993157000.0
725 0.02245 0.000329482 528.607 3728.56 255.825 255.811 -16.3547 -33.1029 993133000.0
726 0.02255 0.000329492 528.593 3728.44 255.825 255.816 -8.41159 -25.1935 993124000.0
727 0.02265 0.000329497 528.588 3728.43 255.827 255.818 -3.02992 -10.3777 993135000.0
728 0.02275 0.000329507 528.565 3728.53 255.842 255.822 -7.00462 -3.62298 993153000.0
729 0.02285 0.000329496 528.582 3728.5 255.832 255.816 -7.69809 -10.6374 993131000.0
730 0.02295 0.000329512 528.561 3728.52 255.845 255.823 -2.28649 1.65222 993168000.0
731 0.02305 0.00032952 528.548 3728.39 255.843 255.824 7.57075 9.91212 993155000.0
732 0.02315 0.00032953 528.527 3728.37 255.849 255.829 14.9349 19.5622 993171000.0
733 0.02325 0.000329511 528.566 3728.33 255.831 255.823 7.07872 0.992897 993143000.0
734 0.02335 0.00032949 528.593 3728.41 255.821 255.818 -5.94014 -19.9536 993147000.0
735 0.02345 0.00032949 528.592 3728.46 255.825 255.817 -6.34468 -13.9958 993146000.0
736 0.02355 0.000329524 528.536 3728.48 255.852 255.826 4.83347 14.6908 993167000.0
737 0.02365 0.000329526 528.541 3728.41 255.848 255.827 8.58933 12.1895 993160000.0
738 0.02375 0.000329502 528.575 3728.59 255.843 255.822 -8.76987 -13.9349 993157000.0
739 0.02385 0.000329516 528.554 3728.51 255.847 255.825 1.8369 3.50107 993163000.0
740 0.02395 0.000329512 528.554 3728.45 255.841 255.822 0.958293 -3.09782 993154000.0
741 0.02405 0.000329521 528.548 3728.47 255.849 255.826 0.824841 -0.178469 993178000.0
742 0.02415 0.000329518 528.553 3728.61 255.856 255.825 -1.87091 3.44415 993177000.0
743 0.02425 0.000329527 528.531 3728.41 255.849 255.824 8.92291 8.07349 993146000.0
744 0.02435 0.000329522 528.544 3728.5 255.852 255.827 5.08621 3.42821 993163000.0
745 0.02445 0.000329529 528.533 3728.37 255.848 255.826 8.89156 2.77991 993131000.0
746 0.02455 0.000329524 528.538 3728.45 255.85 255.826 7.63074 -0.517796 993139000.0
747 0.02465 0.000329529 528.537 3728.42 255.852 255.828 10.271 6.27209 993141000.0
748 0.02475 0.000329514 528.56 3728.39 255.838 255.822 3.77402 -14.5777 993130000.0
749 0.02485 0.000329519 528.551 3728.32 255.837 255.825 10.9251 -9.13791 993126000.0
750 0.02495 0.000329524 528.541 3728.51 255.854 255.826 4.61538 0.132072 993151000.0
751 0.02505 0.000329519 528.557 3728.52 255.851 255.824 2.79271 -0.0401332 993159000.0
752 0.02515 0.000329524 528.54 3728.45 255.85 255.825 7.98916 -3.08138 993147000.0
753 0.02525 0.000329529 528.538 3728.59 255.863 255.828 2.85279 2.67478 993177000.0
754 0.02535 0.000329508 528.569 3728.66 255.852 255.823 -7.43451 -9.24918 993166000.0
755 0.02545 0.000329509 528.57 3728.57 255.846 255.822 -5.16973 -11.1758 993182000.0
756 0.02555 0.000329501 528.581 3728.69 255.848 255.82 -16.0578 -20.3943 993168000.0
757 0.02565 0.000329535 528.526 3728.6 255.869 255.828 3.81905 19.3283 993178000.0
758 0.02575 0.000329526 528.544 3728.55 255.858 255.829 0.727306 8.02656 993179000.0
759 0.02585 0.000329513 528.564 3728.61 255.852 255.822 -3.02043 0.399108 993166000.0
760 0.02595 0.000329512 528.568 3728.45 255.841 255.821 1.78783 -0.712317 993142000.0
761 0.02605 0.000329516 528.553 3728.52 255.848 255.824 0.378256 11.4926 993164000.0
762 0.02615 0.000329535 528.535 3728.57 255.866 255.831 7.72409 28.2527 993193000.0
763 0.02625 0.000329533 528.531 3728.58 255.866 255.826 6.00899 24.4906 993176000.0
764 0.02635 0.000329506 528.574 3728.61 255.847 255.822 -8.20846 1.13315 993194000.0
765 0.02645 0.000329506 528.574 3728.47 255.837 255.82 -1.28854 -1.50267 993163000.0
766 0.02655 0.000329496 528.59 3728.51 255.832 255.817 -4.77323 -5.45801 993175000.0
767 0.02665 0.00032951 528.568 3728.46 255.84 255.821 -0.350009 3.51071 993172000.0
768 0.02675 0.000329517 528.559 3728.46 255.845 255.822 3.47227 9.65002 993176000.0
769 0.02685 0.000329512 528.563 3728.47 255.842 255.821 2.2157 5.28569 993173000.0
770 0.02695 0.000329489 528.605 3728.62 255.834 255.817 -18.2286 -24.2692 993190000.0
771 0.02705 0.000329492 528.591 3728.65 255.838 255.815 -15.5479 -15.4141 993169000.0
772 0.02715 0.00032949 528.603 3728.69 255.839 255.817 -18.792 -11.3682 993186000.0
773 0.02725 0.000329483 528.61 3728.67 255.833 255.812 -17.2855 -18.6906 993163000.0
774 0.02735 0.000329508 528.571 3728.56 255.845 255.823 -8.84986 -6.17855 993179000.0
775 0.02745 0.000329523 528.552 3728.54 255.855 255.824 2.60826 17.2491 993155000.0
776 0.02755 0.000329523 528.546 3728.5 255.853 255.824 6.0141 19.1957 993153000.0
777 0.02765 0.000329507 528.578 3728.48 255.839 255.819 -1.18748 6.57622 993139000.0
778 0.02775 0.000329513 528.561 3728.43 255.84 255.822 4.38354 9.57873 993151000.0
779 0.02785 0.000329522 528.552 3728.42 255.846 255.825 11.0334 23.346 993144000.0
780 0.02795 0.000329516 528.554 3728.46 255.845 255.823 5.8281 10.684 993135000.0
781 0.02805 0.00032953 528.535 3728.43 255.853 255.825 10.8988 24.8147 993124000.0
782 0.02815 0.000329508 528.573 3728.45 255.837 255.826 4.47004 1.44878 993129000.0
783 0.02825 0.000329499 528.587 3728.45 255.83 255.819 -0.167249 -8.68158 993106000.0
784 0.02835 0.000329506 528.574 3728.33 255.827 255.817 9.92094 -0.23505 993079000.0
785 0.02845 0.000329506 528.575 3728.36 255.83 255.822 7.25372 -4.05149 993112000.0
786 0.02855 0.000329499 528.588 3728.45 255.83 255.819 -0.54649 -10.5512 993105000.0
787 0.02865 0.000329497 528.586 3728.34 255.821 255.815 2.42705 -6.93823 993089000.0
788 0.02875 0.000329495 528.592 3728.5 255.831 255.817 -5.44931 -14.9754 993115000.0
789 0.02885 0.000329532 528.536 3728.35 255.849 255.828 16.9284 27.2148 993125000.0
790 0.02895 0.000329524 528.541 3728.31 255.84 255.825 17.8061 17.0615 993099000.0
791 0.02905 0.000329519 528.553 3728.2 255.829 255.823 20.5839 11.4125 993084000.0
792 0.02915 0.00032952 528.559 3728.32 255.837 255.825 15.6839 9.75232 993127000.0
793 0.02925 0.000329514 528.556 3728.41 255.84 255.82 6.45011 4.65884 993106000.0
794 0.02935 0.000329514 528.562 3728.55 255.849 255.825 2.84609 7.37897 993159000.0
795 0.02945 0.000329522 528.551 3728.56 255.856 255.823 2.8789 13.5591 993140000.0
796 0.02955 0.000329527 528.542 3728.74 255.871 255.829 -3.72114 17.0218 993185000.0
797 0.02965 0.000329517 528.553 3728.63 255.857 255.821 -5.85697 7.877 993141000.0
798 0.02975 0.000329522 528.548 3728.52 255.853 255.827 6.05538 24.0157 993157000.0
799 0.02985 0.000329519 528.554 3728.52 255.851 255.825 3.14273 12.7222 993145000.0
800 0.02995 0.000329513 528.564 3728.53 255.847 255.823 1.44893 5.95714 993148000.0
