TITLE = "DSMC"
VARIABLES = "ID" "X" "rho" "v1" "Ttrans" "p" "p1" "q1" "mv1v1v1" "mvvv1v1"
ZONE T="Ma=6.4", I=800, J=1, K=1, F=POINT
1 -0.04995 8.83422e-05 1970.04 273.108 5.02427 5.02317 0.0162404 0.0494347 1426610.0
2 -0.04985 8.83418e-05 1970.04 273.107 5.02423 5.0232 0.00636039 0.014403 1426670.0
3 -0.04975 8.83415e-05 1970.03 273.111 5.02428 5.02327 -0.0257992 -0.0305839 1426880.0
4 -0.04965 8.83417e-05 1970.03 273.108 5.02423 5.02328 -0.0135334 -0.0427155 1426850.0
5 -0.04955 8.8342e-05 1970.04 273.108 5.02426 5.02323 -0.0198069 -0.0413074 1426810.0
6 -0.04945 8.83412e-05 1970.03 273.108 5.02421 5.02326 -0.0105959 -0.0421214 1426850.0
7 -0.04935 8.83416e-05 1970.03 273.107 5.02422 5.02324 -0.037592 -0.0599492 1426880.0
8 -0.04925 8.83426e-05 1970.04 273.11 5.02432 5.02339 -0.0418567 -0.0685756 1426960.0
9 -0.04915 8.83408e-05 1970.03 273.109 5.02421 5.02326 -0.0530509 -0.0875086 1426990.0
10 -0.04905 8.83416e-05 1970.03 273.11 5.02426 5.02339 -0.0509757 -0.113991 1427060.0
11 -0.04895 8.83424e-05 1970.04 273.109 5.02429 5.02344 -0.0659664 -0.141802 1427100.0
12 -0.04885 8.83408e-05 1970.03 273.111 5.02424 5.02347 -0.0847419 -0.201112 1427220.0
13 -0.04875 8.83425e-05 1970.03 273.108 5.02429 5.02348 -0.0578469 -0.173838 1427220.0
14 -0.04865 8.83415e-05 1970.03 273.11 5.02427 5.02353 -0.120725 -0.222766 1427370.0
15 -0.04855 8.83415e-05 1970.03 273.109 5.02425 5.0235 -0.110591 -0.241862 1427400.0
16 -0.04845 8.83422e-05 1970.03 273.111 5.02432 5.02355 -0.106688 -0.209253 1427420.0
17 -0.04835 8.83414e-05 1970.03 273.111 5.02428 5.02349 -0.126159 -0.203767 1427440.0
18 -0.04825 8.83422e-05 1970.03 273.108 5.02427 5.02347 -0.130798 -0.2336 1427430.0
19 -0.04815 8.83417e-05 1970.03 273.112 5.02431 5.02363 -0.152903 -0.257089 1427510.0
20 -0.04805 8.8342e-05 1970.03 273.111 5.0243 5.02354 -0.13754 -0.238858 1427520.0
21 -0.04795 8.83409e-05 1970.03 273.112 5.02427 5.02354 -0.12611 -0.235255 1427500.0
22 -0.04785 8.83424e-05 1970.03 273.11 5.02431 5.02363 -0.180212 -0.287029 1427590.0
23 -0.04775 8.83418e-05 1970.03 273.111 5.02429 5.02367 -0.174665 -0.290687 1427620.0
24 -0.04765 8.83415e-05 1970.03 273.112 5.0243 5.02363 -0.162809 -0.287843 1427640.0
25 -0.04755 8.83419e-05 1970.03 273.112 5.02431 5.02366 -0.176522 -0.280637 1427680.0
26 -0.04745 8.83421e-05 1970.03 273.112 5.02433 5.02367 -0.165215 -0.266139 1427680.0
27 -0.04735 8.83421e-05 1970.03 273.112 5.02432 5.02362 -0.19924 -0.297456 1427730.0
28 -0.04725 8.8341e-05 1970.03 273.112 5.02427 5.02358 -0.218564 -0.322342 1427740.0
29 -0.04715 8.83418e-05 1970.03 273.111 5.0243 5.02363 -0.198266 -0.293972 1427740.0
30 -0.04705 8.83419e-05 1970.03 273.113 5.02434 5.02373 -0.24301 -0.363925 1427870.0
31 -0.04695 8.83418e-05 1970.03 273.113 5.02434 5.02371 -0.207249 -0.324 1427860.0
32 -0.04685 8.83424e-05 1970.03 273.112 5.02436 5.02378 -0.236771 -0.399269 1427930.0
33 -0.04675 8.83412e-05 1970.03 273.111 5.02426 5.02376 -0.230881 -0.368522 1427950.0
34 -0.04665 8.83424e-05 1970.03 273.115 5.0244 5.02388 -0.245243 -0.371993 1428030.0
35 -0.04655 8.83419e-05 1970.03 273.112 5.02431 5.02385 -0.241956 -0.377486 1428050.0
36 -0.04645 8.83422e-05 1970.03 273.114 5.02437 5.02385 -0.245152 -0.398841 1428060.0
37 -0.04635 8.83418e-05 1970.03 273.112 5.02432 5.02387 -0.26882 -0.444834 1428190.0
38 -0.04625 8.83422e-05 1970.03 273.113 5.02436 5.02398 -0.298058 -0.471914 1428320.0
39 -0.04615 8.83414e-05 1970.03 273.115 5.02435 5.02386 -0.305212 -0.481055 1428380.0
40 -0.04605 8.83418e-05 1970.03 273.112 5.02432 5.02386 -0.256869 -0.440258 1428230.0
41 -0.04595 8.83419e-05 1970.03 273.113 5.02434 5.02389 -0.241625 -0.430296 1428200.0
42 -0.04585 8.83416e-05 1970.03 273.113 5.02432 5.02393 -0.261443 -0.456853 1428340.0
43 -0.04575 8.83421e-05 1970.03 273.113 5.02435 5.02395 -0.302247 -0.497769 1428370.0
44 -0.04565 8.83413e-05 1970.03 273.113 5.0243 5.02392 -0.266652 -0.461041 1428360.0
45 -0.04555 8.83419e-05 1970.03 273.113 5.02434 5.02397 -0.262301 -0.477595 1428420.0
46 -0.04545 8.83414e-05 1970.03 273.112 5.02429 5.02401 -0.281036 -0.50384 1428470.0
47 -0.04535 8.83416e-05 1970.03 273.114 5.02434 5.02401 -0.289893 -0.508327 1428590.0
48 -0.04525 8.83413e-05 1970.03 273.113 5.02431 5.02404 -0.263797 -0.46841 1428600.0
49 -0.04515 8.83421e-05 1970.03 273.112 5.02434 5.02405 -0.269971 -0.488212 1428540.0
50 -0.04505 8.83416e-05 1970.03 273.114 5.02434 5.02409 -0.291188 -0.529383 1428630.0
51 -0.04495 8.8342e-05 1970.03 273.115 5.02437 5.02422 -0.350248 -0.619847 1428870.0
52 -0.04485 8.83412e-05 1970.03 273.114 5.02431 5.02408 -0.309614 -0.547942 1428750.0
53 -0.04475 8.83422e-05 1970.03 273.115 5.02439 5.02414 -0.345177 -0.568222 1428880.0
54 -0.04465 8.8342e-05 1970.03 273.113 5.02435 5.02413 -0.352855 -0.582532 1428890.0
55 -0.04455 8.83414e-05 1970.03 273.116 5.02437 5.02428 -0.36542 -0.613869 1428990.0
56 -0.04445 8.83417e-05 1970.03 273.112 5.02431 5.02415 -0.361792 -0.56497 1428930.0
57 -0.04435 8.83416e-05 1970.03 273.118 5.02442 5.02426 -0.385832 -0.619682 1429100.0
58 -0.04425 8.83421e-05 1970.03 273.113 5.02436 5.02421 -0.381132 -0.588987 1429050.0
59 -0.04415 8.83416e-05 1970.03 273.116 5.02437 5.02426 -0.397208 -0.600287 1429130.0
60 -0.04405 8.83421e-05 1970.03 273.116 5.02441 5.02423 -0.428826 -0.641341 1429240.0
61 -0.04395 8.83412e-05 1970.03 273.114 5.02432 5.02417 -0.389673 -0.581301 1429150.0
62 -0.04385 8.83423e-05 1970.03 273.115 5.0244 5.02422 -0.456823 -0.65497 1429410.0
63 -0.04375 8.83417e-05 1970.03 273.117 5.0244 5.02423 -0.391394 -0.553599 1429280.0
64 -0.04365 8.8342e-05 1970.03 273.113 5.02435 5.02413 -0.420177 -0.588142 1429290.0
65 -0.04355 8.83414e-05 1970.03 273.116 5.02436 5.02419 -0.430788 -0.590452 1429370.0
66 -0.04345 8.83425e-05 1970.03 273.117 5.02445 5.02426 -0.521176 -0.717982 1429690.0
67 -0.04335 8.83408e-05 1970.03 273.115 5.02432 5.02419 -0.469836 -0.662675 1429570.0
68 -0.04325 8.83416e-05 1970.03 273.118 5.02441 5.02421 -0.481032 -0.693132 1429620.0
69 -0.04315 8.83423e-05 1970.03 273.115 5.02439 5.02424 -0.475047 -0.706554 1429670.0
70 -0.04305 8.83417e-05 1970.03 273.117 5.0244 5.02419 -0.452559 -0.665726 1429580.0
71 -0.04295 8.83416e-05 1970.03 273.116 5.02438 5.02422 -0.442963 -0.692712 1429660.0
72 -0.04285 8.83417e-05 1970.03 273.113 5.02433 5.02416 -0.493324 -0.730572 1429830.0
73 -0.04275 8.83419e-05 1970.03 273.117 5.02441 5.02424 -0.548742 -0.801884 1430020.0
74 -0.04265 8.83416e-05 1970.03 273.12 5.02444 5.02432 -0.603296 -0.871156 1430190.0
75 -0.04255 8.83414e-05 1970.03 273.119 5.02441 5.02432 -0.564876 -0.841103 1430250.0
76 -0.04245 8.83427e-05 1970.03 273.118 5.02447 5.02438 -0.560365 -0.823857 1430170.0
77 -0.04235 8.83422e-05 1970.03 273.119 5.02446 5.0244 -0.578305 -0.859895 1430340.0
78 -0.04225 8.8342e-05 1970.03 273.121 5.02449 5.02445 -0.633688 -0.919164 1430610.0
79 -0.04215 8.83421e-05 1970.03 273.119 5.02446 5.02441 -0.6463 -0.919339 1430540.0
80 -0.04205 8.83425e-05 1970.03 273.119 5.02448 5.02435 -0.637272 -0.923068 1430670.0
81 -0.04195 8.83414e-05 1970.03 273.12 5.02443 5.0244 -0.664786 -0.947725 1430720.0
82 -0.04185 8.83426e-05 1970.03 273.122 5.02455 5.02452 -0.724602 -1.01181 1431040.0
83 -0.04175 8.8342e-05 1970.03 273.118 5.02443 5.0244 -0.715562 -1.00417 1430940.0
84 -0.04165 8.83416e-05 1970.03 273.122 5.0245 5.02439 -0.706474 -1.02102 1430990.0
85 -0.04155 8.83428e-05 1970.03 273.119 5.02449 5.02444 -0.700748 -1.05191 1430980.0
86 -0.04145 8.83416e-05 1970.03 273.121 5.02448 5.0244 -0.698055 -1.05089 1430990.0
87 -0.04135 8.83423e-05 1970.03 273.121 5.02452 5.02441 -0.745264 -1.12334 1431220.0
88 -0.04125 8.83419e-05 1970.03 273.122 5.0245 5.02447 -0.770791 -1.17633 1431420.0
89 -0.04115 8.83426e-05 1970.03 273.12 5.02452 5.02442 -0.757327 -1.13547 1431330.0
90 -0.04105 8.83412e-05 1970.03 273.121 5.02446 5.02446 -0.779522 -1.16653 1431470.0
91 -0.04095 8.83421e-05 1970.03 273.122 5.02452 5.02447 -0.800137 -1.20039 1431670.0
92 -0.04085 8.83425e-05 1970.03 273.123 5.02456 5.02455 -0.82279 -1.25822 1431840.0
93 -0.04075 8.8342e-05 1970.03 273.123 5.02453 5.02454 -0.808188 -1.20231 1431660.0
94 -0.04065 8.83419e-05 1970.03 273.121 5.02448 5.0244 -0.788407 -1.20121 1431550.0
95 -0.04055 8.8342e-05 1970.03 273.122 5.02451 5.02449 -0.756301 -1.16188 1431670.0
96 -0.04045 8.83419e-05 1970.03 273.122 5.0245 5.02441 -0.746438 -1.11584 1431530.0
97 -0.04035 8.83423e-05 1970.03 273.122 5.02453 5.02444 -0.775903 -1.18826 1431730.0
98 -0.04025 8.83426e-05 1970.03 273.122 5.02454 5.0245 -0.796878 -1.20266 1431850.0
99 -0.04015 8.8342e-05 1970.03 273.125 5.02456 5.02455 -0.814169 -1.22288 1432070.0
100 -0.04005 8.83422e-05 1970.03 273.125 5.02458 5.02454 -0.849672 -1.25726 1432060.0
101 -0.03995 8.83419e-05 1970.03 273.121 5.02448 5.02446 -0.899464 -1.32672 1432510.0
102 -0.03985 8.8342e-05 1970.03 273.127 5.02461 5.02447 -0.945913 -1.40875 1432620.0
103 -0.03975 8.83418e-05 1970.03 273.125 5.02456 5.02451 -0.911129 -1.35456 1432620.0
104 -0.03965 8.83416e-05 1970.03 273.126 5.02457 5.02453 -1.00697 -1.45406 1432930.0
105 -0.03955 8.83425e-05 1970.03 273.128 5.02465 5.02465 -1.06891 -1.55245 1433430.0
106 -0.03945 8.83416e-05 1970.03 273.13 5.02463 5.02461 -1.09871 -1.57933 1433710.0
107 -0.03935 8.83418e-05 1970.03 273.129 5.02462 5.02461 -1.12199 -1.59678 1433810.0
108 -0.03925 8.83426e-05 1970.03 273.128 5.02466 5.0247 -1.18263 -1.68757 1434020.0
109 -0.03915 8.83418e-05 1970.03 273.13 5.02464 5.02469 -1.19574 -1.73364 1434060.0
110 -0.03905 8.83411e-05 1970.03 273.131 5.02462 5.02472 -1.21312 -1.76032 1434230.0
111 -0.03895 8.83425e-05 1970.03 273.131 5.02471 5.02478 -1.17867 -1.71621 1434390.0
112 -0.03885 8.83414e-05 1970.03 273.13 5.02462 5.02476 -1.16837 -1.73871 1434350.0
113 -0.03875 8.8342e-05 1970.03 273.131 5.02467 5.02477 -1.16724 -1.71898 1434410.0
114 -0.03865 8.83415e-05 1970.03 273.13 5.02463 5.02471 -1.21208 -1.81569 1434590.0
115 -0.03855 8.83416e-05 1970.03 273.132 5.02467 5.02483 -1.29791 -1.90476 1435210.0
116 -0.03845 8.83425e-05 1970.03 273.134 5.02476 5.02488 -1.36767 -2.01295 1435420.0
117 -0.03835 8.83417e-05 1970.03 273.134 5.02471 5.02487 -1.4513 -2.11613 1435810.0
118 -0.03825 8.83423e-05 1970.03 273.136 5.02478 5.0249 -1.4059 -2.10322 1435860.0
119 -0.03815 8.83416e-05 1970.03 273.134 5.02471 5.02479 -1.45702 -2.18037 1436080.0
120 -0.03805 8.83411e-05 1970.02 273.134 5.02469 5.02491 -1.5433 -2.28652 1436460.0
121 -0.03795 8.83417e-05 1970.03 273.138 5.02478 5.02494 -1.56492 -2.29846 1436730.0
122 -0.03785 8.8342e-05 1970.03 273.137 5.02478 5.02498 -1.64579 -2.38505 1437220.0
123 -0.03775 8.83424e-05 1970.02 273.14 5.02487 5.02508 -1.70792 -2.48101 1437540.0
124 -0.03765 8.83412e-05 1970.03 273.139 5.02478 5.02497 -1.6986 -2.46922 1437460.0
125 -0.03755 8.83422e-05 1970.03 273.142 5.02489 5.02515 -1.77696 -2.60332 1437930.0
126 -0.03745 8.83421e-05 1970.03 273.141 5.02486 5.02515 -1.85706 -2.70587 1438280.0
127 -0.03735 8.83419e-05 1970.02 273.142 5.02488 5.02509 -1.85644 -2.69458 1438380.0
128 -0.03725 8.83426e-05 1970.02 273.144 5.02494 5.02527 -1.88032 -2.75597 1438600.0
129 -0.03715 8.83419e-05 1970.02 273.146 5.02495 5.02525 -1.9963 -2.95911 1439290.0
130 -0.03705 8.83423e-05 1970.02 273.143 5.02491 5.02523 -1.9463 -2.87474 1439070.0
131 -0.03695 8.83415e-05 1970.02 273.148 5.02495 5.02534 -2.08989 -3.12434 1439820.0
132 -0.03685 8.83423e-05 1970.02 273.146 5.02497 5.02528 -2.0572 -3.07609 1439800.0
133 -0.03675 8.83415e-05 1970.02 273.148 5.02496 5.02542 -2.14747 -3.24383 1440020.0
134 -0.03665 8.83428e-05 1970.03 273.148 5.02503 5.02546 -2.18737 -3.31682 1440530.0
135 -0.03655 8.83421e-05 1970.02 273.151 5.02505 5.02553 -2.1839 -3.33261 1440710.0
136 -0.03645 8.83423e-05 1970.02 273.15 5.02505 5.0255 -2.29862 -3.4431 1441150.0
137 -0.03635 8.83424e-05 1970.02 273.15 5.02505 5.02548 -2.27817 -3.43228 1441230.0
138 -0.03625 8.83416e-05 1970.02 273.151 5.02503 5.02548 -2.36685 -3.55269 1441710.0
139 -0.03615 8.83423e-05 1970.02 273.152 5.02508 5.02551 -2.41087 -3.66159 1441960.0
140 -0.03605 8.83422e-05 1970.02 273.157 5.02517 5.02569 -2.60054 -3.91359 1442940.0
141 -0.03595 8.8342e-05 1970.02 273.158 5.02518 5.02572 -2.71223 -4.0234 1443690.0
142 -0.03585 8.83426e-05 1970.02 273.157 5.02519 5.02567 -2.62094 -3.95362 1443390.0
143 -0.03575 8.83416e-05 1970.02 273.157 5.02514 5.02573 -2.6068 -3.98523 1443430.0
144 -0.03565 8.83423e-05 1970.02 273.159 5.0252 5.02572 -2.73143 -4.10905 1443950.0
145 -0.03555 8.8342e-05 1970.02 273.159 5.02519 5.02578 -2.78796 -4.20983 1444420.0
146 -0.03545 8.83424e-05 1970.02 273.164 5.0253 5.02592 -2.94735 -4.41594 1445200.0
147 -0.03535 8.83423e-05 1970.02 273.165 5.02532 5.02602 -3.03129 -4.57133 1445720.0
148 -0.03525 8.83426e-05 1970.02 273.166 5.02534 5.02603 -3.07421 -4.61211 1446100.0
149 -0.03515 8.8342e-05 1970.02 273.168 5.02536 5.02604 -3.20128 -4.7659 1446700.0
150 -0.03505 8.83429e-05 1970.02 273.168 5.0254 5.02608 -3.2476 -4.80532 1447090.0
151 -0.03495 8.83421e-05 1970.02 273.173 5.02546 5.0262 -3.46943 -5.13278 1448350.0
152 -0.03485 8.83418e-05 1970.02 273.175 5.02548 5.02621 -3.5922 -5.24255 1448810.0
153 -0.03475 8.83421e-05 1970.02 273.174 5.02548 5.02622 -3.57086 -5.2932 1448890.0
154 -0.03465 8.83425e-05 1970.02 273.178 5.02556 5.02636 -3.6378 -5.43769 1449400.0
155 -0.03455 8.83427e-05 1970.02 273.177 5.02557 5.02632 -3.67205 -5.50935 1449680.0
156 -0.03445 8.83421e-05 1970.02 273.18 5.02559 5.02637 -3.70232 -5.56266 1450060.0
157 -0.03435 8.83431e-05 1970.02 273.178 5.02561 5.02641 -3.80198 -5.73113 1450480.0
158 -0.03425 8.8342e-05 1970.02 273.182 5.02562 5.02642 -4.01061 -6.00933 1451710.0
159 -0.03415 8.83428e-05 1970.02 273.186 5.02572 5.0265 -4.05147 -6.04516 1451930.0
160 -0.03405 8.83423e-05 1970.02 273.186 5.02571 5.02663 -4.18983 -6.24603 1452710.0
161 -0.03395 8.83427e-05 1970.02 273.188 5.02577 5.02661 -4.19343 -6.28262 1453040.0
162 -0.03385 8.83422e-05 1970.02 273.19 5.02578 5.02672 -4.42484 -6.54793 1454020.0
163 -0.03375 8.83432e-05 1970.02 273.195 5.02592 5.02693 -4.66843 -6.89572 1455400.0
164 -0.03365 8.83424e-05 1970.02 273.198 5.02594 5.02699 -4.72761 -7.00563 1455840.0
165 -0.03355 8.83425e-05 1970.01 273.2 5.02597 5.02703 -4.92927 -7.20295 1456930.0
166 -0.03345 8.83422e-05 1970.01 273.203 5.02601 5.02715 -5.01269 -7.39695 1457530.0
167 -0.03335 8.83438e-05 1970.01 273.206 5.02616 5.02741 -5.22846 -7.7611 1458730.0
168 -0.03325 8.83427e-05 1970.01 273.207 5.02611 5.02724 -5.19975 -7.72852 1458630.0
169 -0.03315 8.83427e-05 1970.01 273.211 5.02618 5.02735 -5.4617 -8.06397 1460260.0
170 -0.03305 8.83423e-05 1970.01 273.219 5.02631 5.02757 -5.7397 -8.40567 1461640.0
171 -0.03295 8.83433e-05 1970.01 273.219 5.02636 5.02763 -5.91216 -8.65925 1462530.0
172 -0.03285 8.83427e-05 1970.01 273.223 5.02641 5.02786 -6.08507 -8.98051 1463560.0
173 -0.03275 8.83424e-05 1970.01 273.226 5.02645 5.02781 -6.25968 -9.27207 1464760.0
174 -0.03265 8.83433e-05 1970.01 273.231 5.02659 5.02804 -6.48677 -9.56173 1465950.0
175 -0.03255 8.83426e-05 1970.01 273.234 5.0266 5.02816 -6.69089 -9.89186 1467190.0
176 -0.03245 8.83438e-05 1970.01 273.238 5.02675 5.02847 -6.89756 -10.2382 1468150.0
177 -0.03235 8.83433e-05 1970.01 273.237 5.02671 5.02831 -6.90956 -10.2579 1468770.0
178 -0.03225 8.83422e-05 1970.01 273.245 5.02678 5.02848 -7.14432 -10.5671 1469950.0
179 -0.03215 8.83441e-05 1970.0 273.248 5.02696 5.02869 -7.50705 -11.1025 1471860.0
180 -0.03205 8.83428e-05 1970.0 273.252 5.02694 5.0288 -7.71115 -11.4195 1473250.0
181 -0.03195 8.83438e-05 1970.0 273.26 5.02714 5.0289 -7.92686 -11.6456 1474490.0
182 -0.03185 8.83432e-05 1970.0 273.262 5.02716 5.02902 -8.18504 -11.9478 1475730.0
183 -0.03175 8.83425e-05 1970.0 273.266 5.02718 5.02912 -8.35865 -12.2563 1477040.0
184 -0.03165 8.8344e-05 1970.0 273.27 5.02735 5.02936 -8.68403 -12.7112 1478920.0
185 -0.03155 8.83427e-05 1970.0 273.275 5.02737 5.02938 -8.77004 -12.8372 1479360.0
186 -0.03145 8.83438e-05 1970.0 273.278 5.02747 5.02947 -9.07752 -13.3123 1481380.0
187 -0.03135 8.83433e-05 1970.0 273.288 5.02763 5.02978 -9.47741 -13.8154 1483400.0
188 -0.03125 8.83438e-05 1970.0 273.289 5.02769 5.0298 -9.63837 -14.0921 1484490.0
189 -0.03115 8.83435e-05 1970.0 273.295 5.02777 5.02991 -9.89599 -14.4746 1486090.0
190 -0.03105 8.83431e-05 1970.0 273.299 5.02783 5.03017 -10.0897 -14.9002 1487420.0
191 -0.03095 8.83441e-05 1969.99 273.304 5.02798 5.03029 -10.4924 -15.5024 1489440.0
192 -0.03085 8.83437e-05 1969.99 273.311 5.02808 5.03049 -10.7996 -15.9007 1491390.0
193 -0.03075 8.83436e-05 1969.99 273.32 5.02824 5.03071 -11.1498 -16.434 1493440.0
194 -0.03065 8.83438e-05 1969.99 273.321 5.02827 5.03085 -11.4239 -16.8336 1495110.0
195 -0.03055 8.83438e-05 1969.99 273.331 5.02845 5.03115 -11.8096 -17.3487 1497330.0
196 -0.03045 8.83441e-05 1969.99 273.338 5.02861 5.0313 -12.3277 -17.9617 1500080.0
197 -0.03035 8.83438e-05 1969.99 273.348 5.02877 5.03165 -12.5956 -18.5339 1501900.0
198 -0.03025 8.83441e-05 1969.99 273.351 5.02884 5.03172 -12.9561 -19.0431 1504160.0
199 -0.03015 8.83436e-05 1969.99 273.359 5.02896 5.03187 -13.3509 -19.6431 1506410.0
200 -0.03005 8.83446e-05 1969.98 273.369 5.0292 5.03219 -13.8347 -20.2208 1508870.0
201 -0.02995 8.8343e-05 1969.98 273.372 5.02918 5.03224 -14.0904 -20.6484 1511130.0
202 -0.02985 8.83444e-05 1969.98 273.383 5.02945 5.03264 -14.6927 -21.487 1514320.0
203 -0.02975 8.83441e-05 1969.98 273.393 5.02962 5.03307 -15.1301 -22.215 1516840.0
204 -0.02965 8.83445e-05 1969.98 273.403 5.02981 5.03336 -15.7804 -23.0366 1520210.0
205 -0.02955 8.83446e-05 1969.98 273.406 5.02989 5.03348 -15.9121 -23.4604 1521830.0
206 -0.02945 8.83436e-05 1969.98 273.413 5.02995 5.03375 -16.2798 -23.9598 1524070.0
207 -0.02935 8.83446e-05 1969.97 273.425 5.03023 5.03403 -16.6954 -24.557 1526360.0
208 -0.02925 8.83442e-05 1969.97 273.432 5.03033 5.03442 -17.3012 -25.3844 1529910.0
209 -0.02915 8.83446e-05 1969.97 273.445 5.0306 5.03483 -17.8696 -26.2218 1533260.0
210 -0.02905 8.83449e-05 1969.97 273.457 5.03083 5.03529 -18.5907 -27.1486 1537030.0
211 -0.02895 8.83446e-05 1969.97 273.463 5.03092 5.03547 -18.8666 -27.7242 1538890.0
212 -0.02885 8.83457e-05 1969.96 273.474 5.03119 5.03592 -19.5232 -28.7214 1542950.0
213 -0.02875 8.83441e-05 1969.96 273.485 5.03131 5.0361 -20.0351 -29.3763 1545690.0
214 -0.02865 8.83449e-05 1969.96 273.496 5.03155 5.03648 -20.6275 -30.2599 1549450.0
215 -0.02855 8.83447e-05 1969.96 273.504 5.0317 5.03679 -21.0871 -31.0085 1552220.0
216 -0.02845 8.83444e-05 1969.96 273.517 5.03192 5.03715 -21.7072 -31.8901 1555710.0
217 -0.02835 8.83452e-05 1969.95 273.531 5.03222 5.0377 -22.6192 -33.2654 1561020.0
218 -0.02825 8.83457e-05 1969.95 273.538 5.03238 5.0379 -22.829 -33.6207 1562790.0
219 -0.02815 8.83445e-05 1969.95 273.551 5.03254 5.03824 -23.639 -34.6893 1567220.0
220 -0.02805 8.83453e-05 1969.95 273.569 5.03292 5.03881 -24.5062 -35.9062 1571880.0
221 -0.02795 8.83456e-05 1969.94 273.586 5.03326 5.03931 -25.501 -37.2305 1577460.0
222 -0.02785 8.83451e-05 1969.94 273.605 5.03358 5.03995 -26.4585 -38.579 1582590.0
223 -0.02775 8.83467e-05 1969.94 273.624 5.03401 5.04057 -27.5106 -40.1969 1588630.0
224 -0.02765 8.83444e-05 1969.93 273.634 5.03407 5.04084 -28.0764 -41.1701 1592380.0
225 -0.02755 8.83469e-05 1969.93 273.655 5.03459 5.04154 -29.0514 -42.4912 1597610.0
226 -0.02745 8.83454e-05 1969.93 273.663 5.03466 5.04181 -29.5497 -43.4367 1601570.0
227 -0.02735 8.83467e-05 1969.93 273.675 5.03495 5.04227 -30.1194 -44.4562 1605130.0
228 -0.02725 8.83463e-05 1969.92 273.701 5.03541 5.04316 -31.6071 -46.5035 1613280.0
229 -0.02715 8.83462e-05 1969.92 273.72 5.03576 5.04378 -32.5869 -47.994 1618790.0
230 -0.02705 8.83461e-05 1969.92 273.732 5.03596 5.04416 -33.2843 -49.1288 1623530.0
231 -0.02695 8.83474e-05 1969.91 273.751 5.03638 5.04468 -34.2223 -50.2733 1628720.0
232 -0.02685 8.8347e-05 1969.91 273.768 5.03668 5.0453 -35.2142 -51.7847 1635080.0
233 -0.02675 8.83471e-05 1969.9 273.797 5.03722 5.04623 -36.6215 -53.664 1642550.0
234 -0.02665 8.83472e-05 1969.9 273.809 5.03744 5.0467 -37.4334 -54.9482 1647670.0
235 -0.02655 8.83478e-05 1969.9 273.833 5.03791 5.04759 -38.6594 -56.9915 1655260.0
236 -0.02645 8.8348e-05 1969.89 273.855 5.03833 5.04821 -39.7948 -58.6381 1661810.0
237 -0.02635 8.83474e-05 1969.89 273.873 5.03863 5.04884 -40.6539 -60.1521 1667230.0
238 -0.02625 8.83484e-05 1969.88 273.896 5.03912 5.04957 -42.0486 -61.9432 1675480.0
239 -0.02615 8.83484e-05 1969.88 273.923 5.03961 5.05048 -43.4752 -64.0648 1683820.0
240 -0.02605 8.8349e-05 1969.87 273.951 5.04016 5.05137 -44.9595 -66.2967 1692140.0
241 -0.02595 8.83493e-05 1969.87 273.983 5.04077 5.05243 -46.6688 -68.6449 1701730.0
242 -0.02585 8.83488e-05 1969.86 274.007 5.04117 5.05321 -47.87 -70.5842 1709400.0
243 -0.02575 8.83496e-05 1969.86 274.034 5.04173 5.05416 -49.27 -72.5307 1717100.0
244 -0.02565 8.83499e-05 1969.85 274.069 5.04239 5.0555 -51.334 -75.7395 1729010.0
245 -0.02555 8.835e-05 1969.85 274.097 5.04291 5.05622 -52.6222 -77.599 1736730.0
246 -0.02545 8.83503e-05 1969.84 274.128 5.0435 5.05715 -54.2778 -79.9241 1746360.0
247 -0.02535 8.83505e-05 1969.84 274.16 5.04409 5.05819 -56.1211 -82.5425 1756520.0
248 -0.02525 8.83507e-05 1969.83 274.194 5.04472 5.05935 -57.9954 -85.3937 1767540.0
249 -0.02515 8.83508e-05 1969.82 274.226 5.04533 5.06041 -59.5184 -87.7592 1776920.0
250 -0.02505 8.83512e-05 1969.81 274.267 5.0461 5.06165 -61.6865 -90.9269 1789170.0
251 -0.02495 8.83513e-05 1969.81 274.311 5.04692 5.06316 -64.0954 -94.3027 1802190.0
252 -0.02485 8.83522e-05 1969.8 274.339 5.04749 5.06426 -65.6589 -96.9507 1812380.0
253 -0.02475 8.8353e-05 1969.8 274.373 5.04814 5.06534 -67.4734 -99.6623 1822690.0
254 -0.02465 8.83518e-05 1969.79 274.416 5.04888 5.06671 -69.5899 -102.815 1834960.0
255 -0.02455 8.83531e-05 1969.78 274.448 5.04954 5.06785 -71.5204 -105.755 1846550.0
256 -0.02445 8.83532e-05 1969.77 274.498 5.05046 5.06951 -73.9385 -109.417 1860410.0
257 -0.02435 8.83535e-05 1969.76 274.549 5.05142 5.07099 -76.6993 -113.083 1875680.0
258 -0.02425 8.83539e-05 1969.76 274.585 5.05211 5.07231 -78.8355 -116.465 1888400.0
259 -0.02415 8.83544e-05 1969.74 274.639 5.05312 5.07426 -81.4492 -120.836 1903770.0
260 -0.02405 8.83544e-05 1969.74 274.66 5.05352 5.07493 -82.7235 -122.947 1912930.0
261 -0.02395 8.83554e-05 1969.73 274.711 5.05451 5.07653 -85.37 -126.655 1928170.0
262 -0.02385 8.83546e-05 1969.72 274.764 5.05544 5.07823 -88.1472 -130.643 1943390.0
263 -0.02375 8.83564e-05 1969.71 274.815 5.05648 5.07997 -90.8747 -134.831 1959860.0
264 -0.02365 8.83561e-05 1969.7 274.87 5.05748 5.08172 -93.9261 -139.134 1977000.0
265 -0.02355 8.83573e-05 1969.69 274.937 5.05877 5.08396 -97.4396 -144.155 1996220.0
266 -0.02345 8.83575e-05 1969.68 275.01 5.06012 5.08619 -101.158 -149.443 2016960.0
267 -0.02335 8.83571e-05 1969.66 275.063 5.06107 5.08786 -104.041 -153.716 2034270.0
268 -0.02325 8.83598e-05 1969.66 275.118 5.06225 5.08974 -107.098 -158.308 2052980.0
269 -0.02315 8.83587e-05 1969.64 275.178 5.06328 5.09155 -110.09 -162.599 2069620.0
270 -0.02305 8.83598e-05 1969.63 275.231 5.06433 5.09337 -113.107 -167.466 2088680.0
271 -0.02295 8.836e-05 1969.62 275.311 5.06581 5.09612 -117.419 -173.759 2112000.0
272 -0.02285 8.83606e-05 1969.6 275.382 5.06715 5.09849 -121.198 -179.41 2134110.0
273 -0.02275 8.83621e-05 1969.59 275.452 5.06853 5.10094 -124.731 -185.058 2154780.0
274 -0.02265 8.83621e-05 1969.57 275.536 5.07007 5.10361 -129.296 -191.647 2180400.0
275 -0.02255 8.83627e-05 1969.56 275.628 5.07179 5.10661 -134.249 -198.65 2207630.0
276 -0.02245 8.83635e-05 1969.54 275.709 5.07333 5.10925 -138.444 -204.923 2231640.0
277 -0.02235 8.83647e-05 1969.52 275.802 5.07512 5.11232 -143.316 -211.938 2258470.0
278 -0.02225 8.83663e-05 1969.51 275.892 5.07685 5.11537 -148.299 -219.137 2288060.0
279 -0.02215 8.83657e-05 1969.49 275.974 5.07834 5.11801 -152.596 -225.665 2312570.0
280 -0.02205 8.83673e-05 1969.47 276.08 5.08038 5.12158 -158.217 -233.92 2344260.0
281 -0.02195 8.83669e-05 1969.45 276.166 5.08194 5.12423 -162.795 -240.573 2371180.0
282 -0.02185 8.8369e-05 1969.44 276.268 5.08393 5.12766 -168.147 -248.515 2402080.0
283 -0.02175 8.83699e-05 1969.41 276.373 5.08593 5.13119 -173.858 -256.972 2434790.0
284 -0.02165 8.83701e-05 1969.4 276.478 5.08787 5.13445 -179.325 -265.035 2466740.0
285 -0.02155 8.83711e-05 1969.37 276.588 5.08995 5.13829 -185.462 -274.202 2501620.0
286 -0.02145 8.83726e-05 1969.36 276.701 5.09212 5.14187 -191.187 -282.866 2535040.0
287 -0.02135 8.83723e-05 1969.33 276.817 5.09423 5.14568 -197.441 -292.11 2571250.0
288 -0.02125 8.83755e-05 1969.31 276.938 5.09664 5.14965 -203.905 -301.708 2608430.0
289 -0.02115 8.83749e-05 1969.29 277.067 5.09898 5.1537 -210.746 -311.625 2647430.0
290 -0.02105 8.83774e-05 1969.26 277.201 5.1016 5.15813 -217.957 -322.128 2688070.0
291 -0.02095 8.8377e-05 1969.23 277.342 5.10417 5.16286 -225.397 -333.631 2730900.0
292 -0.02085 8.83791e-05 1969.2 277.493 5.10707 5.1676 -233.527 -344.943 2777030.0
293 -0.02075 8.838e-05 1969.18 277.624 5.10953 5.17179 -240.377 -354.99 2817130.0
294 -0.02065 8.83818e-05 1969.16 277.748 5.11191 5.17616 -247.032 -365.784 2857890.0
295 -0.02055 8.83818e-05 1969.13 277.901 5.11473 5.18107 -255.1 -377.587 2903280.0
296 -0.02045 8.83839e-05 1969.1 278.051 5.11761 5.18602 -263.006 -389.431 2948890.0
297 -0.02035 8.83855e-05 1969.07 278.196 5.12037 5.19088 -270.991 -401.781 2996580.0
298 -0.02025 8.83858e-05 1969.04 278.364 5.12349 5.19651 -279.698 -415.003 3046530.0
299 -0.02015 8.8388e-05 1969.01 278.527 5.12661 5.20194 -288.625 -428.232 3098730.0
300 -0.02005 8.83895e-05 1968.97 278.708 5.13002 5.20788 -298.006 -442.102 3151160.0
301 -0.01995 8.83911e-05 1968.94 278.905 5.13374 5.21447 -308.629 -457.923 3212030.0
302 -0.01985 8.83928e-05 1968.9 279.097 5.13739 5.22101 -318.813 -473.237 3270070.0
303 -0.01975 8.83941e-05 1968.86 279.285 5.14091 5.22688 -328.659 -487.539 3326500.0
304 -0.01965 8.83955e-05 1968.83 279.466 5.14433 5.23319 -338.682 -503.212 3386540.0
305 -0.01955 8.83981e-05 1968.79 279.669 5.14823 5.23972 -349.309 -518.659 3446940.0
306 -0.01945 8.83996e-05 1968.75 279.908 5.15271 5.24751 -362.056 -537.04 3518460.0
307 -0.01935 8.84014e-05 1968.7 280.138 5.15704 5.25549 -374.341 -555.887 3588340.0
308 -0.01925 8.84037e-05 1968.66 280.37 5.16146 5.26334 -386.544 -574.271 3657600.0
309 -0.01915 8.8406e-05 1968.61 280.602 5.16586 5.27087 -398.904 -592.392 3728060.0
310 -0.01905 8.84085e-05 1968.56 280.856 5.17068 5.27936 -412.563 -612.696 3806340.0
311 -0.01895 8.84092e-05 1968.51 281.104 5.17528 5.28766 -425.757 -632.802 3882910.0
312 -0.01885 8.8412e-05 1968.47 281.36 5.18017 5.29602 -439.227 -652.868 3960430.0
313 -0.01875 8.8415e-05 1968.41 281.658 5.18582 5.30587 -455.094 -675.919 4049120.0
314 -0.01865 8.84169e-05 1968.35 281.952 5.19136 5.3157 -470.874 -699.361 4138740.0
315 -0.01855 8.84195e-05 1968.3 282.234 5.19669 5.32494 -485.77 -721.575 4224370.0
316 -0.01845 8.84213e-05 1968.24 282.517 5.20202 5.33471 -500.742 -744.885 4310900.0
317 -0.01835 8.84247e-05 1968.18 282.834 5.20806 5.34526 -517.844 -770.196 4409180.0
318 -0.01825 8.84286e-05 1968.11 283.203 5.21507 5.35758 -537.319 -798.463 4516130.0
319 -0.01815 8.84307e-05 1968.05 283.541 5.22141 5.36863 -555.271 -824.919 4618360.0
320 -0.01805 8.84325e-05 1967.99 283.839 5.22701 5.37852 -571.14 -849.369 4713020.0
321 -0.01795 8.84365e-05 1967.92 284.198 5.23387 5.39069 -590.253 -878.003 4821400.0
322 -0.01785 8.84402e-05 1967.85 284.578 5.24109 5.40332 -610.435 -907.815 4935440.0
323 -0.01775 8.84427e-05 1967.78 284.979 5.24861 5.4163 -631.811 -938.759 5056340.0
324 -0.01765 8.84466e-05 1967.69 285.394 5.25649 5.4304 -653.821 -971.653 5180230.0
325 -0.01755 8.84504e-05 1967.62 285.811 5.2644 5.44427 -676.095 -1004.65 5306040.0
326 -0.01745 8.84542e-05 1967.53 286.255 5.2728 5.45927 -699.604 -1039.75 5438260.0
327 -0.01735 8.84577e-05 1967.45 286.664 5.28054 5.47257 -721.441 -1072.36 5565070.0
328 -0.01725 8.84617e-05 1967.36 287.148 5.2897 5.48876 -747.221 -1110.42 5709450.0
329 -0.01715 8.84657e-05 1967.26 287.608 5.29841 5.50431 -771.639 -1147.26 5848920.0
330 -0.01705 8.8469e-05 1967.17 288.103 5.30772 5.52051 -797.778 -1185.84 5997470.0
331 -0.01695 8.8475e-05 1967.07 288.629 5.31779 5.53808 -826.064 -1227.46 6157050.0
332 -0.01685 8.84795e-05 1966.96 289.203 5.32863 5.55698 -856.56 -1271.63 6325190.0
333 -0.01675 8.84837e-05 1966.86 289.731 5.33861 5.57446 -884.405 -1313.19 6483990.0
334 -0.01665 8.84895e-05 1966.75 290.322 5.34984 5.59427 -915.868 -1359.89 6661000.0
335 -0.01655 8.84943e-05 1966.64 290.883 5.36047 5.61347 -945.857 -1405.21 6832570.0
336 -0.01645 8.84993e-05 1966.52 291.478 5.37175 5.63352 -977.268 -1452.78 7010950.0
337 -0.01635 8.85052e-05 1966.41 292.096 5.3835 5.65408 -1010.21 -1501.66 7198390.0
338 -0.01625 8.85104e-05 1966.28 292.752 5.3959 5.67585 -1044.92 -1552.79 7392440.0
339 -0.01615 8.85158e-05 1966.15 293.446 5.40902 5.69879 -1082.05 -1607.47 7602040.0
340 -0.01605 8.85223e-05 1966.01 294.147 5.42234 5.72221 -1119.06 -1662.61 7810580.0
341 -0.01595 8.85295e-05 1965.87 294.863 5.43598 5.74676 -1157.27 -1720.6 8027560.0
342 -0.01585 8.85342e-05 1965.74 295.578 5.44946 5.77039 -1195.15 -1777.0 8244080.0
343 -0.01575 8.85422e-05 1965.57 296.423 5.46553 5.79848 -1240.02 -1842.07 8491460.0
344 -0.01565 8.85488e-05 1965.42 297.197 5.4802 5.82429 -1281.14 -1903.63 8725590.0
345 -0.01555 8.85564e-05 1965.26 298.082 5.49699 5.85362 -1328.1 -1972.39 8987170.0
346 -0.01545 8.8564e-05 1965.09 298.911 5.51277 5.88204 -1372.18 -2039.58 9237780.0
347 -0.01535 8.85722e-05 1964.91 299.85 5.53058 5.91402 -1421.84 -2113.62 9514520.0
348 -0.01525 8.85803e-05 1964.72 300.821 5.54899 5.94661 -1473.66 -2190.09 9803480.0
349 -0.01515 8.85888e-05 1964.55 301.733 5.56636 5.9775 -1521.7 -2263.16 10076600.0
350 -0.01505 8.85971e-05 1964.34 302.77 5.58602 6.01258 -1576.63 -2344.55 10381800.0
351 -0.01495 8.86071e-05 1964.14 303.829 5.60618 6.0487 -1633.4 -2429.75 10702100.0
352 -0.01485 8.86161e-05 1963.93 304.851 5.62561 6.08345 -1687.13 -2511.18 11005600.0
353 -0.01475 8.86263e-05 1963.72 305.999 5.64746 6.12139 -1748.38 -2600.33 11346100.0
354 -0.01465 8.8635e-05 1963.49 307.145 5.66916 6.15988 -1808.8 -2690.39 11685100.0
355 -0.01455 8.86466e-05 1963.26 308.341 5.69197 6.2009 -1872.28 -2786.0 12040600.0
356 -0.01445 8.86575e-05 1963.02 309.598 5.71589 6.24313 -1938.88 -2884.78 12412300.0
357 -0.01435 8.86689e-05 1962.76 310.895 5.74056 6.28708 -2007.92 -2987.97 12800700.0
358 -0.01425 8.86797e-05 1962.52 312.174 5.76489 6.33011 -2075.4 -3088.88 13180300.0
359 -0.01415 8.86932e-05 1962.25 313.552 5.79121 6.37679 -2148.35 -3197.68 13588400.0
360 -0.01405 8.8704e-05 1961.98 314.93 5.81736 6.42311 -2221.66 -3307.7 14004300.0
361 -0.01395 8.87184e-05 1961.68 316.467 5.84671 6.47575 -2303.09 -3429.18 14455200.0
362 -0.01385 8.87307e-05 1961.39 317.953 5.87499 6.52543 -2381.61 -3545.9 14895500.0
363 -0.01375 8.87458e-05 1961.08 319.582 5.90609 6.58056 -2468.04 -3674.01 15376800.0
364 -0.01365 8.87597e-05 1960.76 321.19 5.93674 6.63511 -2552.95 -3801.35 15853200.0
365 -0.01355 8.87742e-05 1960.43 322.864 5.96866 6.69253 -2641.56 -3935.19 16349700.0
366 -0.01345 8.87905e-05 1960.08 324.651 6.00279 6.75353 -2736.32 -4076.78 16878000.0
367 -0.01335 8.8807e-05 1959.73 326.455 6.03727 6.81439 -2831.39 -4218.03 17408100.0
368 -0.01325 8.88232e-05 1959.35 328.41 6.07452 6.88021 -2935.11 -4370.85 17983200.0
369 -0.01315 8.8841e-05 1958.96 330.389 6.11236 6.94768 -3039.48 -4526.65 18561200.0
370 -0.01305 8.88591e-05 1958.56 332.408 6.15097 7.01685 -3146.3 -4687.54 19159800.0
371 -0.01295 8.88787e-05 1958.13 334.593 6.19275 7.09151 -3261.82 -4859.25 19796800.0
372 -0.01285 8.88989e-05 1957.7 336.821 6.23542 7.1669 -3379.34 -5033.46 20448200.0
373 -0.01275 8.89184e-05 1957.24 339.127 6.27949 7.24601 -3500.91 -5215.51 21120400.0
374 -0.01265 8.89407e-05 1956.77 341.535 6.32565 7.32847 -3628.4 -5405.77 21828200.0
375 -0.01255 8.89618e-05 1956.31 343.893 6.37084 7.40844 -3753.0 -5591.99 22527400.0
376 -0.01245 8.89828e-05 1955.82 346.376 6.41836 7.49306 -3883.6 -5787.79 23253600.0
377 -0.01235 8.90078e-05 1955.31 348.964 6.46814 7.58259 -4020.4 -5994.01 24016900.0
378 -0.01225 8.90314e-05 1954.75 351.783 6.5221 7.67858 -4168.17 -6212.9 24826200.0
379 -0.01215 8.90584e-05 1954.18 354.68 6.57781 7.77795 -4321.76 -6441.3 25676300.0
380 -0.01205 8.90846e-05 1953.62 357.546 6.63292 7.87607 -4472.32 -6666.7 26511700.0
381 -0.01195 8.9111e-05 1953.02 360.617 6.69187 7.98035 -4633.32 -6904.88 27398100.0
382 -0.01185 8.91404e-05 1952.38 363.799 6.75314 8.09106 -4801.7 -7158.28 28330800.0
383 -0.01175 8.91696e-05 1951.74 367.058 6.81588 8.20118 -4973.09 -7410.95 29278100.0
384 -0.01165 8.92001e-05 1951.07 370.473 6.88164 8.31779 -5152.3 -7676.13 30261800.0
385 -0.01155 8.92328e-05 1950.37 374.028 6.95022 8.44064 -5339.4 -7956.0 31294600.0
386 -0.01145 8.92652e-05 1949.64 377.684 7.02069 8.56717 -5531.28 -8243.73 32352100.0
387 -0.01135 8.93014e-05 1948.88 381.51 7.09469 8.69921 -5732.48 -8542.94 33456700.0
388 -0.01125 8.93375e-05 1948.06 385.602 7.17369 8.84072 -5946.98 -8861.33 34625500.0
389 -0.01115 8.93754e-05 1947.25 389.722 7.25341 8.98278 -6163.22 -9183.62 35815100.0
390 -0.01105 8.94138e-05 1946.4 394.005 7.33629 9.12926 -6387.59 -9514.63 37043900.0
391 -0.01095 8.94556e-05 1945.51 398.444 7.4224 9.2842 -6620.23 -9863.15 38319400.0
392 -0.01085 8.94968e-05 1944.61 402.972 7.51021 9.44083 -6856.87 -10216.7 39620300.0
393 -0.01075 8.95404e-05 1943.66 407.716 7.60232 9.60538 -7105.67 -10587.4 40986700.0
394 -0.01065 8.95863e-05 1942.66 412.704 7.69927 9.77933 -7365.77 -10976.1 42404400.0
395 -0.01055 8.96348e-05 1941.61 417.94 7.80118 9.96127 -7639.77 -11382.6 43898100.0
396 -0.01045 8.96841e-05 1940.55 423.301 7.9056 10.1461 -7918.96 -11794.7 45417000.0
397 -0.01035 8.97355e-05 1939.43 428.841 8.01364 10.3401 -8208.78 -12227.7 47003400.0
398 -0.01025 8.97889e-05 1938.28 434.563 8.12541 10.5404 -8506.33 -12672.8 48625900.0
399 -0.01015 8.98455e-05 1937.06 440.67 8.24479 10.753 -8824.7 -13142.8 50349900.0
400 -0.01005 8.99043e-05 1935.8 446.885 8.36653 10.9704 -9147.88 -13623.3 52105700.0
401 -0.00995 8.9964e-05 1934.5 453.364 8.49347 11.1968 -9484.51 -14123.0 53933600.0
402 -0.00985 9.00279e-05 1933.14 460.135 8.62644 11.4341 -9837.1 -14646.7 55849300.0
403 -0.00975 9.00916e-05 1931.75 466.965 8.7607 11.675 -10190.9 -15175.8 57773600.0
404 -0.00965 9.01621e-05 1930.27 474.206 8.9035 11.931 -10565.7 -15733.4 59793300.0
405 -0.00955 9.02321e-05 1928.76 481.662 9.05052 12.1943 -10951.9 -16310.0 61892600.0
406 -0.00945 9.03071e-05 1927.18 489.475 9.20496 12.469 -11356.7 -16908.4 64079100.0
407 -0.00935 9.03818e-05 1925.55 497.513 9.36387 12.7524 -11771.3 -17523.4 66315800.0
408 -0.00925 9.04626e-05 1923.85 505.899 9.53021 13.0482 -12205.0 -18164.8 68659000.0
409 -0.00915 9.05469e-05 1922.08 514.529 9.70182 13.3554 -12649.3 -18826.9 71054400.0
410 -0.00905 9.06339e-05 1920.2 523.739 9.88497 13.6818 -13122.4 -19524.7 73583600.0
411 -0.00895 9.07259e-05 1918.26 533.158 10.073 14.0176 -13606.6 -20242.6 76181900.0
412 -0.00885 9.08195e-05 1916.27 542.843 10.2665 14.3635 -14103.5 -20981.1 78855500.0
413 -0.00875 9.09192e-05 1914.19 552.983 10.4698 14.7257 -14623.0 -21749.7 81635100.0
414 -0.00865 9.10228e-05 1912.0 563.59 10.6828 15.1052 -15165.2 -22550.4 84529700.0
415 -0.00855 9.11292e-05 1909.77 574.408 10.9005 15.4935 -15718.8 -23371.1 87497400.0
416 -0.00845 9.12391e-05 1907.46 585.607 11.1265 15.8944 -16288.9 -24213.1 90546200.0
417 -0.00835 9.13574e-05 1905.01 597.358 11.3645 16.3198 -16887.0 -25098.9 93729600.0
418 -0.00825 9.1478e-05 1902.48 609.527 11.6113 16.7591 -17504.5 -26011.7 97015700.0
419 -0.00815 9.16046e-05 1899.84 622.183 11.8688 17.2177 -18146.2 -26960.0 100429000.0
420 -0.00805 9.17388e-05 1897.08 635.424 12.1391 17.6979 -18815.0 -27942.8 103961000.0
421 -0.00795 9.18753e-05 1894.27 648.878 12.4146 18.1854 -19494.9 -28944.4 107579000.0
422 -0.00785 9.2017e-05 1891.33 662.9 12.7024 18.6959 -20200.2 -29983.0 111314000.0
423 -0.00775 9.21687e-05 1888.24 677.588 13.0053 19.2324 -20938.6 -31067.6 115213000.0
424 -0.00765 9.23247e-05 1885.03 692.855 13.3208 19.7902 -21703.3 -32187.1 119237000.0
425 -0.00755 9.24875e-05 1881.71 708.602 13.6476 20.3679 -22489.8 -33340.9 123380000.0
426 -0.00745 9.26592e-05 1878.22 724.989 13.9891 20.9736 -23306.4 -34539.9 127666000.0
427 -0.00735 9.28393e-05 1874.59 742.015 14.3455 21.6044 -24152.3 -35779.0 132096000.0
428 -0.00725 9.30249e-05 1870.83 759.615 14.7151 22.258 -25024.2 -37056.4 136662000.0
429 -0.00715 9.32217e-05 1866.91 777.909 15.1014 22.9385 -25927.0 -38372.1 141370000.0
430 -0.00705 9.34225e-05 1862.88 796.581 15.4971 23.6379 -26845.4 -39720.1 146180000.0
431 -0.00695 9.36361e-05 1858.63 816.214 15.9154 24.3762 -27808.2 -41126.9 151194000.0
432 -0.00685 9.38564e-05 1854.27 836.384 16.3471 25.1339 -28792.3 -42559.2 156313000.0
433 -0.00675 9.40911e-05 1849.66 857.582 16.8033 25.9348 -29824.2 -44055.9 161653000.0
434 -0.00665 9.4335e-05 1844.87 879.495 17.2773 26.7665 -30886.5 -45597.2 167148000.0
435 -0.00655 9.45888e-05 1839.92 902.059 17.7682 27.6258 -31974.5 -47173.5 172770000.0
436 -0.00645 9.48529e-05 1834.8 925.348 18.2779 28.5156 -33093.0 -48791.3 178544000.0
437 -0.00635 9.51327e-05 1829.4 949.7 18.8142 29.4542 -34256.9 -50473.4 184527000.0
438 -0.00625 9.5423e-05 1823.85 974.652 19.3674 30.4174 -35443.4 -52182.4 190624000.0
439 -0.00615 9.57258e-05 1818.06 1000.58 19.9458 31.4229 -36670.0 -53945.3 196916000.0
440 -0.00605 9.60443e-05 1812.04 1027.39 20.5483 32.469 -37930.0 -55752.6 203358000.0
441 -0.00595 9.63765e-05 1805.78 1055.02 21.1739 33.5566 -39221.4 -57609.4 209962000.0
442 -0.00585 9.67228e-05 1799.34 1083.4 21.8217 34.6745 -40540.1 -59494.2 216702000.0
443 -0.00575 9.70855e-05 1792.6 1112.96 22.5011 35.8455 -41904.7 -61438.1 223656000.0
444 -0.00565 9.74679e-05 1785.56 1143.56 23.2109 37.0672 -43306.9 -63428.4 230769000.0
445 -0.00555 9.78664e-05 1778.31 1174.99 23.9462 38.3278 -44735.9 -65451.4 238021000.0
446 -0.00545 9.82824e-05 1770.77 1207.35 24.7104 39.6375 -46196.0 -67516.4 245424000.0
447 -0.00535 9.87223e-05 1762.89 1240.92 25.5111 41.0048 -47698.7 -69631.4 253024000.0
448 -0.00525 9.91783e-05 1754.77 1275.38 26.3407 42.4159 -49226.9 -71774.0 260750000.0
449 -0.00515 9.96599e-05 1746.31 1310.86 27.2048 43.8849 -50785.0 -73957.0 268621000.0
450 -0.00505 0.000100159 1737.59 1347.23 28.0998 45.3995 -52365.8 -76161.1 276606000.0
451 -0.00495 0.000100686 1728.52 1384.68 29.0328 46.9749 -53977.4 -78401.5 284743000.0
452 -0.00485 0.000101237 1719.09 1423.35 30.0069 48.612 -55623.0 -80671.0 293035000.0
453 -0.00475 0.000101814 1709.36 1463.04 31.0193 50.3022 -57291.1 -82954.9 301445000.0
454 -0.00465 0.000102417 1699.29 1503.6 32.0681 52.0501 -58972.9 -85252.4 309937000.0
455 -0.00455 0.000103051 1688.84 1545.41 33.1639 53.8652 -60686.1 -87572.8 318593000.0
456 -0.00445 0.000103717 1677.99 1588.38 34.3064 55.749 -62421.2 -89902.4 327356000.0
457 -0.00435 0.000104412 1666.81 1632.15 35.488 57.69 -64156.8 -92227.2 336166000.0
458 -0.00425 0.000105148 1655.17 1677.2 36.7245 59.7131 -65914.7 -94561.2 345099000.0
459 -0.00415 0.000105908 1643.28 1722.87 37.9969 61.7776 -67667.2 -96868.6 354076000.0
460 -0.00405 0.000106717 1630.84 1770.02 39.3352 63.9383 -69438.9 -99168.8 363146000.0
461 -0.00395 0.000107558 1618.06 1817.72 40.7137 66.1555 -71192.7 -101437.0 372217000.0
462 -0.00385 0.000108439 1604.92 1866.26 42.1431 68.438 -72937.7 -103669.0 381324000.0
463 -0.00375 0.000109365 1591.34 1915.78 43.631 70.7957 -74676.1 -105861.0 390473000.0
464 -0.00365 0.000110336 1577.33 1966.11 45.1746 73.2276 -76391.0 -107994.0 399597000.0
465 -0.00355 0.000111348 1563.0 2016.96 46.7682 75.7183 -78081.1 -110070.0 408750000.0
466 -0.00345 0.000112417 1548.14 2068.87 48.4321 78.2982 -79748.1 -112069.0 417883000.0
467 -0.00335 0.000113535 1532.89 2121.17 50.1504 80.9445 -81365.3 -113979.0 426945000.0
468 -0.00325 0.000114703 1517.27 2174.02 51.929 83.6568 -82943.9 -115800.0 436008000.0
469 -0.00315 0.000115932 1501.21 2227.51 53.7765 86.4472 -84476.0 -117515.0 445033000.0
470 -0.00305 0.00011722 1484.7 2281.46 55.6911 89.3125 -85945.1 -119107.0 453978000.0
471 -0.00295 0.000118567 1467.84 2335.55 57.6663 92.2398 -87344.4 -120569.0 462845000.0
472 -0.00285 0.000119979 1450.56 2389.95 59.7124 95.241 -88670.4 -121891.0 471652000.0
473 -0.00275 0.000121464 1432.82 2444.62 61.8342 98.3195 -89914.1 -123054.0 480366000.0
474 -0.00265 0.000123009 1414.82 2498.93 64.0121 101.444 -91055.3 -124053.0 488960000.0
475 -0.00255 0.000124628 1396.43 2553.29 66.2654 104.636 -92106.1 -124884.0 497514000.0
476 -0.00245 0.000126326 1377.67 2607.42 68.5918 107.893 -93040.3 -125515.0 505922000.0
477 -0.00235 0.000128093 1358.67 2661.15 70.9847 111.193 -93870.2 -125963.0 514291000.0
478 -0.00225 0.000129944 1339.32 2714.42 73.4517 114.551 -94567.6 -126198.0 522530000.0
479 -0.00215 0.000131879 1319.67 2767.3 75.9979 117.963 -95146.4 -126226.0 530732000.0
480 -0.00205 0.000133902 1299.71 2819.42 78.6172 121.426 -95577.5 -126021.0 538814000.0
481 -0.00195 0.000136012 1279.57 2870.82 81.312 124.925 -95880.0 -125597.0 546873000.0
482 -0.00185 0.000138211 1259.2 2921.14 84.0746 128.459 -96021.9 -124940.0 554835000.0
483 -0.00175 0.000140498 1238.7 2970.38 86.9066 132.018 -96015.5 -124057.0 562774000.0
484 -0.00165 0.000142892 1217.95 3018.46 89.8181 135.621 -95842.5 -122927.0 570661000.0
485 -0.00155 0.000145373 1197.16 3065.28 92.7947 139.228 -95518.6 -121575.0 578548000.0
486 -0.00145 0.000147956 1176.27 3110.83 95.8469 142.854 -95035.3 -119980.0 586414000.0
487 -0.00135 0.000150628 1155.39 3154.88 98.96 146.48 -94399.6 -118187.0 594357000.0
488 -0.00125 0.000153413 1134.42 3197.44 102.149 150.12 -93591.7 -116148.0 602291000.0
489 -0.00115 0.00015629 1113.54 3238.2 105.392 153.743 -92626.3 -113912.0 610266000.0
490 -0.00105 0.000159269 1092.72 3277.57 108.706 157.362 -91516.0 -111473.0 618352000.0
491 -0.00095 0.000162344 1072.02 3315.04 112.071 160.954 -90250.0 -108851.0 626481000.0
492 -0.00085 0.000165524 1051.42 3350.85 115.501 164.531 -88834.7 -106039.0 634709000.0
493 -0.00075 0.000168786 1031.1 3384.62 118.964 168.06 -87285.9 -103098.0 643023000.0
494 -0.00065 0.000172147 1010.98 3416.72 122.484 171.553 -85601.3 -100003.0 651438000.0
495 -0.00055 0.000175601 991.098 3447.12 126.053 175.007 -83805.4 -96788.4 660001000.0
496 -0.00045 0.000179143 971.49 3475.58 129.658 178.414 -81880.2 -93461.9 668657000.0
497 -0.00035 0.00018277 952.215 3502.29 133.299 181.763 -79856.1 -90048.7 677416000.0
498 -0.00025 0.000186473 933.308 3527.16 136.965 185.048 -77736.1 -86571.6 686280000.0
499 -0.00015 0.000190253 914.764 3550.19 140.654 188.271 -75521.7 -83035.4 695221000.0
500 -5e-05 0.000194093 896.668 3571.64 144.36 191.418 -73250.0 -79488.7 704285000.0
501 5e-05 0.000197981 879.066 3591.29 148.062 194.479 -70918.6 -75951.7 713387000.0
502 0.00015 0.000201922 861.898 3609.46 151.773 197.461 -68542.8 -72415.9 722551000.0
503 0.00025 0.000205913 845.189 3626.03 155.484 200.371 -66118.6 -68895.6 731764000.0
504 0.00035 0.000209912 829.1 3641.08 159.161 203.172 -63689.4 -65458.7 740972000.0
505 0.00045 0.000213952 813.436 3655.0 162.844 205.897 -61246.2 -62051.7 750202000.0
506 0.00055 0.000217992 798.372 3667.59 166.491 208.524 -58811.4 -58742.0 759398000.0
507 0.00065 0.000222029 783.845 3678.83 170.094 211.051 -56375.8 -55515.9 768517000.0
508 0.00075 0.000226073 769.833 3688.9 173.666 213.497 -53953.1 -52370.7 777575000.0
509 0.00085 0.000230078 756.421 3698.05 177.181 215.833 -51577.9 -49363.8 786529000.0
510 0.00095 0.000234081 743.496 3705.98 180.651 218.089 -49208.0 -46424.2 795348000.0
511 0.00105 0.000238025 731.174 3713.15 184.05 220.242 -46903.4 -43634.7 804053000.0
512 0.00115 0.000241922 719.399 3719.68 187.392 222.3 -44657.2 -40965.7 812600000.0
513 0.00125 0.000245767 708.145 3725.13 190.649 224.268 -42448.2 -38408.2 820953000.0
514 0.00135 0.000249537 697.439 3729.92 193.823 226.136 -40306.1 -35986.8 829077000.0
515 0.00145 0.000253255 687.199 3734.08 196.93 227.926 -38211.8 -33659.7 837002000.0
516 0.00155 0.000256871 677.529 3737.74 199.937 229.621 -36209.0 -31494.8 844736000.0
517 0.00165 0.000260384 668.389 3740.88 202.842 231.224 -34279.7 -29464.5 852214000.0
518 0.00175 0.000263821 659.685 3743.66 205.672 232.75 -32420.6 -27531.1 859452000.0
519 0.00185 0.000267174 651.4 3745.85 208.408 234.199 -30613.3 -25688.9 866428000.0
520 0.00195 0.000270391 643.655 3747.78 211.026 235.561 -28907.9 -24008.0 873157000.0
521 0.00205 0.000273511 636.312 3749.49 213.559 236.848 -27273.5 -22407.8 879613000.0
522 0.00215 0.000276507 629.418 3750.75 215.97 238.062 -25714.5 -20935.6 885818000.0
523 0.00225 0.000279387 622.928 3751.72 218.276 239.202 -24225.5 -19565.5 891741000.0
524 0.00235 0.000282162 616.808 3752.48 220.489 240.281 -22809.5 -18274.5 897413000.0
525 0.00245 0.000284827 611.035 3753.01 222.602 241.297 -21456.4 -17064.6 902818000.0
526 0.00255 0.000287386 605.591 3753.4 224.626 242.257 -20167.8 -15921.1 907992000.0
527 0.00265 0.000289804 600.542 3753.75 226.537 243.146 -18969.9 -14889.6 912904000.0
528 0.00275 0.000292105 595.806 3753.83 228.341 243.981 -17828.7 -13929.9 917558000.0
529 0.00285 0.000294309 591.346 3753.87 230.066 244.766 -16746.4 -13021.7 921989000.0
530 0.00295 0.000296411 587.155 3753.82 231.706 245.512 -15722.2 -12177.3 926226000.0
531 0.00305 0.000298388 583.258 3753.82 233.251 246.195 -14775.4 -11408.6 930192000.0
532 0.00315 0.000300291 579.568 3753.59 234.725 246.85 -13855.9 -10662.1 933985000.0
533 0.00325 0.00030207 576.157 3753.34 236.099 247.453 -13007.6 -9991.9 937544000.0
534 0.00335 0.000303754 572.958 3752.94 237.39 248.017 -12199.5 -9366.51 940901000.0
535 0.00345 0.000305334 569.995 3752.64 238.606 248.543 -11450.4 -8789.7 944094000.0
536 0.00355 0.000306862 567.155 3752.27 239.776 249.046 -10730.3 -8213.23 947108000.0
537 0.00365 0.00030826 564.587 3751.79 240.838 249.502 -10070.7 -7727.48 949916000.0
538 0.00375 0.000309593 562.154 3751.24 241.845 249.931 -9435.59 -7248.77 952562000.0
539 0.00385 0.000310838 559.902 3750.93 242.797 250.332 -8862.1 -6818.71 955095000.0
540 0.00395 0.000312022 557.777 3750.33 243.682 250.707 -8301.49 -6399.45 957441000.0
541 0.00405 0.000313129 555.809 3749.73 244.508 251.055 -7779.08 -6018.38 959656000.0
542 0.00415 0.000314161 553.984 3749.18 245.278 251.38 -7292.06 -5668.35 961717000.0
543 0.00425 0.000315138 552.257 3748.65 246.006 251.684 -6836.07 -5327.4 963681000.0
544 0.00435 0.000316045 550.677 3748.22 246.685 251.966 -6416.86 -5027.7 965517000.0
545 0.00445 0.000316913 549.17 3747.82 247.336 252.234 -6022.79 -4729.5 967280000.0
546 0.00455 0.00031773 547.753 3747.31 247.94 252.483 -5637.75 -4437.48 968879000.0
547 0.00465 0.000318465 546.5 3746.81 248.481 252.71 -5296.58 -4201.13 970417000.0
548 0.00475 0.000319157 545.305 3746.34 248.99 252.922 -4974.73 -3971.9 971855000.0
549 0.00485 0.000319824 544.171 3745.74 249.47 253.122 -4656.32 -3731.32 973204000.0
550 0.00495 0.000320425 543.147 3745.37 249.914 253.301 -4380.43 -3537.65 974454000.0
551 0.00505 0.000321005 542.166 3744.92 250.336 253.475 -4109.37 -3335.36 975641000.0
552 0.00515 0.000321539 541.265 3744.47 250.723 253.637 -3859.71 -3153.71 976772000.0
553 0.00525 0.000322025 540.449 3744.06 251.074 253.783 -3632.61 -2991.56 977793000.0
554 0.00535 0.000322505 539.651 3743.63 251.42 253.927 -3406.24 -2813.15 978795000.0
555 0.00545 0.00032294 538.914 3743.28 251.735 254.054 -3206.54 -2661.54 979701000.0
556 0.00555 0.000323339 538.256 3742.93 252.022 254.173 -3015.65 -2523.72 980569000.0
557 0.00565 0.000323714 537.625 3742.7 252.299 254.284 -2849.57 -2398.42 981379000.0
558 0.00575 0.000324082 537.018 3742.21 252.554 254.393 -2669.93 -2258.95 982154000.0
559 0.00585 0.000324416 536.468 3741.67 252.777 254.49 -2500.85 -2137.54 982837000.0
560 0.00595 0.000324726 535.954 3741.45 253.004 254.582 -2359.29 -2028.18 983532000.0
561 0.00605 0.000325022 535.463 3741.0 253.204 254.669 -2210.45 -1915.2 984161000.0
562 0.00615 0.000325279 535.04 3740.74 253.386 254.741 -2089.81 -1823.79 984732000.0
563 0.00625 0.000325529 534.634 3740.25 253.548 254.817 -1962.01 -1734.43 985300000.0
564 0.00635 0.000325758 534.254 3740.09 253.716 254.88 -1858.13 -1651.75 985805000.0
565 0.00645 0.000325983 533.891 3739.63 253.859 254.949 -1739.99 -1562.92 986318000.0
566 0.00655 0.000326202 533.53 3739.28 254.006 255.011 -1629.05 -1467.42 986785000.0
567 0.00665 0.000326384 533.233 3739.03 254.13 255.067 -1540.12 -1401.35 987218000.0
568 0.00675 0.000326582 532.903 3738.83 254.271 255.121 -1447.9 -1308.35 987624000.0
569 0.00685 0.000326728 532.67 3738.53 254.365 255.165 -1374.4 -1269.56 987986000.0
570 0.00695 0.000326888 532.41 3738.35 254.477 255.211 -1297.19 -1198.98 988361000.0
571 0.00705 0.000327028 532.175 3738.07 254.567 255.249 -1224.2 -1145.54 988685000.0
572 0.00715 0.000327187 531.919 3737.88 254.678 255.299 -1150.8 -1066.23 989038000.0
573 0.00725 0.000327325 531.697 3737.54 254.763 255.337 -1073.83 -998.903 989331000.0
574 0.00735 0.000327424 531.534 3737.36 254.827 255.365 -1026.84 -976.132 989599000.0
575 0.00745 0.000327544 531.337 3737.06 254.899 255.399 -957.341 -911.04 989858000.0
576 0.00755 0.000327639 531.19 3736.95 254.966 255.425 -916.75 -884.774 990086000.0
577 0.00765 0.000327746 531.011 3736.77 255.037 255.461 -861.686 -827.272 990347000.0
578 0.00775 0.000327841 530.855 3736.52 255.094 255.484 -808.555 -778.037 990545000.0
579 0.00785 0.000327918 530.733 3736.35 255.142 255.507 -767.36 -748.801 990751000.0
580 0.00795 0.000328002 530.595 3736.21 255.198 255.532 -725.672 -708.421 990964000.0
581 0.00805 0.000328087 530.463 3735.9 255.243 255.558 -675.124 -660.28 991150000.0
582 0.00815 0.000328139 530.374 3735.67 255.268 255.569 -643.315 -645.709 991279000.0
583 0.00825 0.000328196 530.284 3735.56 255.305 255.586 -608.425 -618.916 991454000.0
584 0.00835 0.000328268 530.169 3735.44 255.352 255.609 -574.279 -579.814 991638000.0
585 0.00845 0.000328312 530.094 3735.3 255.377 255.62 -552.482 -562.914 991756000.0
586 0.00855 0.000328371 529.997 3735.18 255.415 255.636 -516.676 -529.007 991897000.0
587 0.00865 0.000328446 529.878 3734.92 255.455 255.659 -474.5 -481.849 992042000.0
588 0.00875 0.000328482 529.824 3734.87 255.48 255.67 -458.523 -473.452 992166000.0
589 0.00885 0.000328522 529.756 3734.86 255.511 255.68 -440.366 -454.257 992274000.0
590 0.00895 0.000328574 529.671 3734.73 255.542 255.694 -412.691 -419.973 992404000.0
591 0.00905 0.000328609 529.617 3734.63 255.562 255.706 -392.181 -407.696 992516000.0
592 0.00915 0.000328632 529.582 3734.62 255.58 255.713 -383.519 -399.119 992618000.0
593 0.00925 0.000328661 529.534 3734.55 255.598 255.719 -366.792 -384.541 992710000.0
594 0.00935 0.000328694 529.48 3734.41 255.613 255.727 -346.003 -364.91 992769000.0
595 0.00945 0.000328751 529.389 3734.16 255.64 255.747 -306.835 -318.812 992889000.0
596 0.00955 0.000328768 529.358 3734.21 255.658 255.75 -308.439 -317.288 992960000.0
597 0.00965 0.000328793 529.325 3734.02 255.664 255.758 -285.99 -300.95 993023000.0
598 0.00975 0.000328811 529.293 3733.89 255.669 255.761 -270.99 -296.429 993079000.0
599 0.00985 0.000328832 529.262 3734.08 255.698 255.768 -274.396 -292.068 993148000.0
600 0.00995 0.000328852 529.232 3733.83 255.696 255.773 -255.941 -281.625 993198000.0
601 0.01005 0.000328884 529.179 3733.83 255.722 255.78 -239.164 -255.321 993252000.0
602 0.01015 0.000328902 529.149 3733.67 255.724 255.786 -223.152 -249.103 993297000.0
603 0.01025 0.000328925 529.112 3733.65 255.741 255.793 -211.127 -233.81 993360000.0
604 0.01035 0.000328948 529.082 3733.49 255.748 255.802 -194.954 -215.625 993435000.0
605 0.01045 0.000328961 529.057 3733.45 255.755 255.804 -191.051 -210.283 993465000.0
606 0.01055 0.000328969 529.042 3733.34 255.754 255.806 -178.336 -205.567 993488000.0
607 0.01065 0.000328996 528.998 3733.33 255.774 255.814 -168.938 -185.812 993535000.0
608 0.01075 0.000329002 528.994 3733.39 255.783 255.814 -166.443 -183.499 993575000.0
609 0.01085 0.00032902 528.97 3733.23 255.786 255.821 -153.103 -175.623 993626000.0
610 0.01095 0.00032903 528.944 3733.21 255.792 255.822 -145.757 -173.531 993652000.0
611 0.01105 0.000329051 528.914 3733.34 255.818 255.829 -145.791 -153.664 993723000.0
612 0.01115 0.000329059 528.901 3733.31 255.822 255.833 -141.696 -151.284 993763000.0
613 0.01125 0.000329077 528.872 3733.11 255.822 255.837 -122.26 -131.758 993779000.0
614 0.01135 0.000329084 528.863 3733.04 255.823 255.84 -117.386 -130.041 993816000.0
615 0.01145 0.000329083 528.86 3733.07 255.824 255.835 -117.181 -129.037 993826000.0
616 0.01155 0.000329096 528.84 3733.11 255.837 255.845 -115.196 -127.291 993889000.0
617 0.01165 0.000329107 528.825 3733.01 255.838 255.846 -104.285 -118.657 993883000.0
618 0.01175 0.000329116 528.81 3733.05 255.849 255.848 -102.812 -116.964 993911000.0
619 0.01185 0.000329119 528.802 3733.04 255.85 255.85 -100.415 -112.843 993937000.0
620 0.01195 0.000329136 528.77 3732.98 255.859 255.855 -92.1275 -99.1518 993968000.0
621 0.01205 0.000329137 528.773 3732.85 255.851 255.855 -82.7649 -101.0 993971000.0
622 0.01215 0.000329136 528.774 3732.8 255.847 255.854 -81.1571 -104.196 993990000.0
623 0.01225 0.000329154 528.745 3732.72 255.856 255.86 -71.3794 -83.4096 994013000.0
624 0.01235 0.000329163 528.732 3732.66 255.858 255.863 -62.4701 -80.1632 994050000.0
625 0.01245 0.000329191 528.684 3732.66 255.88 255.868 -50.9951 -50.1638 994062000.0
626 0.01255 0.000329174 528.711 3732.77 255.875 255.865 -64.2808 -73.7265 994094000.0
627 0.01265 0.000329175 528.712 3732.89 255.884 255.866 -67.4402 -67.4633 994111000.0
628 0.01275 0.000329184 528.697 3732.71 255.878 255.868 -57.2657 -63.1027 994098000.0
629 0.01285 0.000329193 528.678 3732.66 255.881 255.872 -47.3182 -48.9911 994125000.0
630 0.01295 0.000329193 528.683 3732.66 255.881 255.869 -48.7947 -49.907 994105000.0
631 0.01305 0.000329205 528.664 3732.54 255.883 255.878 -40.8723 -46.1297 994148000.0
632 0.01315 0.000329179 528.7 3732.57 255.865 255.864 -51.2284 -71.1665 994096000.0
633 0.01325 0.000329194 528.678 3732.56 255.876 255.872 -42.1761 -49.0995 994130000.0
634 0.01335 0.000329206 528.659 3732.7 255.894 255.873 -47.8895 -43.1114 994145000.0
635 0.01345 0.000329185 528.696 3732.66 255.875 255.87 -51.1747 -63.8762 994153000.0
636 0.01355 0.0003292 528.671 3732.7 255.889 255.875 -48.2375 -45.3314 994184000.0
637 0.01365 0.000329191 528.683 3732.6 255.876 255.867 -45.538 -54.0927 994156000.0
638 0.01375 0.000329213 528.654 3732.53 255.888 255.876 -34.2878 -39.9459 994187000.0
639 0.01385 0.00032923 528.621 3732.46 255.896 255.88 -21.4682 -17.692 994196000.0
640 0.01395 0.000329226 528.628 3732.49 255.895 255.879 -27.1428 -23.1831 994205000.0
641 0.01405 0.000329214 528.646 3732.44 255.882 255.878 -25.5711 -35.1957 994202000.0
642 0.01415 0.00032922 528.639 3732.23 255.873 255.877 -15.6214 -33.7974 994186000.0
643 0.01425 0.000329224 528.63 3732.28 255.879 255.879 -11.8919 -23.0313 994205000.0
644 0.01435 0.000329225 528.631 3732.26 255.879 255.879 -13.9253 -29.0429 994209000.0
645 0.01445 0.000329222 528.635 3732.39 255.885 255.881 -21.3814 -39.5949 994232000.0
646 0.01455 0.00032922 528.633 3732.32 255.879 255.877 -18.9424 -40.9594 994215000.0
647 0.01465 0.000329228 528.625 3732.29 255.883 255.881 -15.5803 -33.4608 994237000.0
648 0.01475 0.000329232 528.614 3732.29 255.887 255.882 -10.2079 -29.8112 994232000.0
649 0.01485 0.000329229 528.629 3732.41 255.892 255.883 -18.1661 -41.1508 994276000.0
650 0.01495 0.000329229 528.62 3732.41 255.892 255.88 -18.2545 -36.7644 994266000.0
651 0.01505 0.000329237 528.606 3732.37 255.896 255.883 -16.7295 -27.8789 994275000.0
652 0.01515 0.000329239 528.61 3732.4 255.9 255.885 -12.1727 -20.9912 994286000.0
653 0.01525 0.000329243 528.598 3732.36 255.9 255.887 -8.55548 -13.8553 994297000.0
654 0.01535 0.000329231 528.614 3732.23 255.882 255.883 -9.43707 -26.5517 994283000.0
655 0.01545 0.000329237 528.605 3732.2 255.884 255.883 -0.456437 -10.8497 994268000.0
656 0.01555 0.000329233 528.614 3732.33 255.89 255.883 -13.6622 -15.2395 994279000.0
657 0.01565 0.000329225 528.624 3732.32 255.883 255.881 -13.5109 -20.9212 994290000.0
658 0.01575 0.000329211 528.648 3732.44 255.88 255.875 -26.7893 -32.5751 994289000.0
659 0.01585 0.000329219 528.637 3732.33 255.879 255.878 -16.5099 -26.2441 994306000.0
660 0.01595 0.000329225 528.625 3732.44 255.891 255.881 -22.4784 -24.3071 994335000.0
661 0.01605 0.000329226 528.625 3732.47 255.894 255.879 -22.7459 -19.5515 994330000.0
662 0.01615 0.000329231 528.619 3732.41 255.894 255.883 -21.7437 -19.1734 994352000.0
663 0.01625 0.000329227 528.621 3732.42 255.892 255.88 -18.1974 -17.9455 994341000.0
664 0.01635 0.000329238 528.609 3732.58 255.911 255.884 -27.5688 -16.545 994360000.0
665 0.01645 0.000329235 528.612 3732.52 255.904 255.883 -23.3091 -13.0556 994375000.0
666 0.01655 0.000329233 528.618 3732.53 255.904 255.885 -22.3927 -15.54 994381000.0
667 0.01665 0.000329226 528.623 3732.48 255.895 255.877 -24.2148 -22.761 994360000.0
668 0.01675 0.000329245 528.598 3732.38 255.902 255.885 -11.7189 -5.66674 994386000.0
669 0.01685 0.000329233 528.614 3732.29 255.887 255.879 -11.4736 -19.7269 994356000.0
670 0.01695 0.000329256 528.584 3732.25 255.902 255.889 0.324738 4.52339 994403000.0
671 0.01705 0.000329247 528.595 3732.32 255.9 255.885 -9.97373 -10.8236 994399000.0
672 0.01715 0.00032925 528.592 3732.33 255.903 255.886 -11.1625 -8.35269 994395000.0
673 0.01725 0.000329253 528.584 3732.39 255.91 255.887 -11.2954 -7.07349 994388000.0
674 0.01735 0.000329235 528.618 3732.5 255.903 255.881 -23.252 -24.7491 994375000.0
675 0.01745 0.000329242 528.608 3732.35 255.898 255.885 -12.6592 -16.6338 994382000.0
676 0.01755 0.000329233 528.618 3732.3 255.888 255.879 -13.3522 -31.0186 994351000.0
677 0.01765 0.000329239 528.612 3732.4 255.899 255.885 -14.9333 -24.9095 994394000.0
678 0.01775 0.000329241 528.603 3732.31 255.895 255.882 -12.977 -24.0733 994374000.0
679 0.01785 0.000329257 528.584 3732.39 255.913 255.887 -10.4762 -5.09006 994381000.0
680 0.01795 0.000329253 528.59 3732.36 255.908 255.886 -9.89677 -9.38556 994375000.0
681 0.01805 0.000329264 528.569 3732.35 255.915 255.89 -4.52919 -2.38938 994391000.0
682 0.01815 0.00032927 528.56 3732.34 255.919 255.892 -2.29738 1.39039 994390000.0
683 0.01825 0.000329268 528.567 3732.38 255.92 255.892 -6.16528 5.56234 994391000.0
684 0.01835 0.000329259 528.578 3732.35 255.912 255.889 -6.8378 3.78703 994383000.0
685 0.01845 0.00032924 528.611 3732.32 255.894 255.882 -11.6503 -15.479 994355000.0
686 0.01855 0.000329263 528.57 3732.17 255.903 255.892 3.99678 2.99573 994362000.0
687 0.01865 0.000329273 528.558 3732.07 255.903 255.893 12.5754 12.1 994347000.0
688 0.01875 0.00032926 528.572 3732.18 255.9 255.887 1.44576 -2.81415 994340000.0
689 0.01885 0.000329271 528.558 3732.18 255.909 255.895 12.1396 13.2774 994380000.0
690 0.01895 0.000329271 528.554 3732.08 255.902 255.892 10.7254 0.818826 994368000.0
691 0.01905 0.000329266 528.566 3732.21 255.907 255.893 5.03093 -2.04882 994394000.0
692 0.01915 0.000329268 528.567 3732.35 255.919 255.892 -4.8664 0.777715 994403000.0
693 0.01925 0.000329256 528.58 3732.45 255.916 255.889 -14.3057 -11.5259 994396000.0
694 0.01935 0.000329255 528.587 3732.5 255.918 255.889 -13.6269 -10.5282 994395000.0
695 0.01945 0.000329274 528.555 3732.31 255.92 255.891 0.223514 3.70259 994396000.0
696 0.01955 0.000329269 528.563 3732.21 255.91 255.894 5.4331 5.41381 994390000.0
697 0.01965 0.000329252 528.587 3732.22 255.898 255.888 -4.21817 -11.6124 994387000.0
698 0.01975 0.000329263 528.572 3732.26 255.909 255.889 3.86568 8.03296 994386000.0
699 0.01985 0.000329266 528.567 3732.29 255.913 255.891 1.47808 1.51562 994413000.0
700 0.01995 0.000329266 528.567 3732.34 255.916 255.89 -5.37644 1.45444 994403000.0
701 0.02005 0.000329257 528.578 3732.37 255.911 255.888 -7.68505 -7.19811 994405000.0
702 0.02015 0.000329245 528.602 3732.37 255.902 255.887 -13.4788 -24.0368 994416000.0
703 0.02025 0.000329239 528.608 3732.35 255.896 255.883 -15.8886 -29.3825 994390000.0
704 0.02035 0.000329247 528.598 3732.2 255.892 255.887 -2.17391 -16.7866 994395000.0
705 0.02045 0.000329241 528.605 3732.38 255.9 255.885 -15.8849 -25.0559 994396000.0
706 0.02055 0.000329248 528.596 3732.4 255.907 255.884 -14.3824 -19.4402 994382000.0
707 0.02065 0.000329268 528.565 3732.34 255.918 255.894 -0.791931 4.62802 994429000.0
708 0.02075 0.000329261 528.574 3732.42 255.918 255.891 -8.07131 -2.18478 994426000.0
709 0.02085 0.000329251 528.589 3732.48 255.914 255.887 -16.4445 -17.9607 994413000.0
710 0.02095 0.000329254 528.587 3732.39 255.91 255.886 -11.9415 -11.0109 994406000.0
711 0.02105 0.000329253 528.587 3732.32 255.905 255.887 -5.68847 -16.0073 994414000.0
712 0.02115 0.000329259 528.575 3732.33 255.91 255.89 -5.75213 -11.9193 994418000.0
713 0.02125 0.000329265 528.57 3732.26 255.91 255.889 2.30369 -2.43554 994399000.0
714 0.02135 0.000329267 528.565 3732.31 255.915 255.891 -1.78602 2.047 994410000.0
715 0.02145 0.000329268 528.563 3732.24 255.91 255.893 1.33746 0.314766 994411000.0
716 0.02155 0.000329268 528.566 3732.23 255.911 255.897 5.66099 3.63773 994430000.0
717 0.02165 0.000329257 528.579 3732.09 255.892 255.888 6.61328 1.76383 994375000.0
718 0.02175 0.000329256 528.582 3732.19 255.898 255.887 3.67366 2.86794 994376000.0
719 0.02185 0.000329265 528.568 3732.19 255.905 255.894 7.36315 8.32568 994415000.0
720 0.02195 0.000329268 528.561 3732.24 255.911 255.892 1.65033 8.90452 994397000.0
721 0.02205 0.000329275 528.551 3732.11 255.908 255.894 14.6097 18.67 994397000.0
722 0.02215 0.000329271 528.557 3732.13 255.906 255.892 11.7694 16.5183 994393000.0
723 0.02225 0.000329256 528.579 3732.13 255.894 255.89 5.69771 -2.1567 994400000.0
724 0.02235 0.000329269 528.566 3732.15 255.905 255.893 10.6198 13.6562 994405000.0
725 0.02245 0.000329249 528.59 3732.26 255.898 255.885 -6.17569 -6.44498 994384000.0
726 0.02255 0.000329268 528.561 3732.14 255.904 255.895 9.67349 12.5335 994418000.0
727 0.02265 0.000329276 528.551 3731.96 255.898 255.892 20.5633 17.4284 994365000.0
728 0.02275 0.000329279 528.544 3732.03 255.906 255.897 20.0229 17.4483 994404000.0
729 0.02285 0.000329276 528.553 3732.05 255.904 255.895 17.0302 12.6136 994412000.0
730 0.02295 0.00032929 528.523 3731.9 255.905 255.897 29.6644 28.0446 994396000.0
731 0.02305 0.000329287 528.532 3732.11 255.917 255.897 17.1542 26.0668 994411000.0
732 0.02315 0.000329255 528.583 3732.28 255.904 255.888 -2.56839 -8.46966 994388000.0
733 0.02325 0.000329256 528.583 3732.22 255.9 255.892 1.85054 -4.68798 994397000.0
734 0.02335 0.000329237 528.614 3732.15 255.881 255.884 -3.8591 -20.9563 994365000.0
735 0.02345 0.000329262 528.57 3732.09 255.896 255.886 12.3092 3.81475 994351000.0
736 0.02355 0.000329252 528.585 3732.23 255.898 255.887 -1.29361 -10.5373 994379000.0
737 0.02365 0.000329241 528.599 3732.29 255.893 255.882 -8.34932 -22.3752 994378000.0
738 0.02375 0.00032926 528.575 3732.19 255.902 255.891 3.25997 -3.21788 994400000.0
739 0.02385 0.000329272 528.551 3732.06 255.902 255.893 17.1199 8.61008 994383000.0
740 0.02395 0.000329281 528.541 3732.07 255.909 255.895 18.3373 13.0364 994388000.0
741 0.02405 0.000329273 528.55 3732.14 255.908 255.892 14.9848 12.9608 994389000.0
742 0.02415 0.000329256 528.577 3732.21 255.899 255.886 0.67896 -10.7437 994379000.0
743 0.02425 0.00032925 528.592 3732.21 255.895 255.885 -0.645801 -10.4305 994380000.0
744 0.02435 0.000329261 528.571 3732.19 255.902 255.89 3.98838 -4.3133 994396000.0
745 0.02445 0.000329268 528.557 3732.25 255.911 255.89 5.31352 6.02643 994394000.0
746 0.02455 0.000329265 528.567 3732.26 255.91 255.891 4.46027 3.14979 994408000.0
747 0.02465 0.00032927 528.552 3732.24 255.913 255.892 4.785 10.2158 994401000.0
748 0.02475 0.000329262 528.568 3732.28 255.909 255.891 2.03886 -0.971757 994415000.0
749 0.02485 0.000329254 528.581 3732.29 255.903 255.888 -3.11541 -13.6754 994407000.0
750 0.02495 0.000329278 528.541 3732.1 255.909 255.894 16.1434 12.0128 994412000.0
751 0.02505 0.000329268 528.562 3732.18 255.907 255.89 12.0803 5.16044 994392000.0
752 0.02515 0.000329273 528.549 3732.22 255.913 255.894 7.38029 5.86729 994404000.0
753 0.02525 0.000329265 528.565 3732.13 255.902 255.889 13.0846 2.95847 994381000.0
754 0.02535 0.000329257 528.576 3732.25 255.903 255.888 1.24039 -9.05243 994386000.0
755 0.02545 0.000329265 528.561 3732.27 255.911 255.889 2.3189 -1.19844 994393000.0
756 0.02555 0.000329255 528.581 3732.27 255.903 255.888 -1.29361 -14.8509 994392000.0
757 0.02565 0.000329272 528.554 3732.28 255.917 255.892 2.46967 -2.91048 994397000.0
758 0.02575 0.000329259 528.57 3732.29 255.908 255.889 -2.4069 -12.8479 994386000.0
759 0.02585 0.000329275 528.55 3732.13 255.909 255.894 16.2223 13.4922 994382000.0
760 0.02595 0.000329267 528.557 3732.11 255.901 255.89 9.80832 5.69752 994380000.0
761 0.02605 0.000329261 528.573 3732.13 255.898 255.891 9.36301 1.73065 994403000.0
762 0.02615 0.000329267 528.562 3732.01 255.894 255.889 19.04 12.3497 994379000.0
763 0.02625 0.000329273 528.555 3732.05 255.901 255.892 15.7767 16.1367 994388000.0
764 0.02635 0.000329255 528.58 3732.07 255.889 255.888 7.56282 -4.10348 994383000.0
765 0.02645 0.000329256 528.585 3732.13 255.894 255.887 5.79293 -0.647872 994378000.0
766 0.02655 0.00032926 528.572 3732.13 255.897 255.889 7.33777 5.42766 994391000.0
767 0.02665 0.000329256 528.58 3732.2 255.899 255.891 1.18949 -2.40452 994386000.0
768 0.02675 0.000329263 528.568 3732.27 255.909 255.887 1.82807 1.42665 994375000.0
769 0.02685 0.000329262 528.569 3732.22 255.905 255.889 3.96861 1.19919 994385000.0
770 0.02695 0.000329269 528.558 3732.15 255.906 255.89 10.7503 8.74787 994385000.0
771 0.02705 0.000329266 528.563 3732.15 255.903 255.891 9.55309 7.30562 994379000.0
772 0.02715 0.000329259 528.572 3732.22 255.902 255.888 2.69903 0.885456 994381000.0
773 0.02725 0.000329251 528.585 3732.3 255.902 255.886 -2.83786 -1.49943 994393000.0
774 0.02735 0.000329261 528.573 3732.1 255.896 255.887 12.8602 4.73419 994392000.0
775 0.02745 0.000329266 528.554 3732.17 255.904 255.89 7.39767 -2.94477 994391000.0
776 0.02755 0.000329273 528.551 3732.36 255.923 255.892 4.76134 10.7379 994414000.0
777 0.02765 0.000329264 528.562 3732.28 255.911 255.892 4.4819 1.39807 994403000.0
778 0.02775 0.000329258 528.569 3732.12 255.895 255.887 5.53984 -10.0888 994366000.0
779 0.02785 0.000329259 528.569 3732.2 255.901 255.888 6.45861 -3.52409 994381000.0
780 0.02795 0.000329263 528.565 3732.14 255.9 255.889 10.6181 7.83931 994370000.0
781 0.02805 0.000329271 528.556 3732.1 255.904 255.892 13.2262 17.6506 994370000.0
782 0.02815 0.000329261 528.566 3732.15 255.899 255.886 7.85405 8.17343 994340000.0
783 0.02825 0.000329267 528.557 3732.16 255.905 255.891 10.1803 14.0767 994346000.0
784 0.02835 0.000329279 528.54 3732.08 255.909 255.893 22.7437 28.9562 994332000.0
785 0.02845 0.000329264 528.563 3732.2 255.905 255.892 8.81059 13.2022 994351000.0
786 0.02855 0.000329273 528.545 3732.14 255.908 255.892 16.9091 26.0406 994351000.0
787 0.02865 0.000329268 528.557 3732.1 255.901 255.89 17.2398 25.5783 994351000.0
788 0.02875 0.00032925 528.584 3732.11 255.888 255.887 7.13498 2.56999 994367000.0
789 0.02885 0.000329255 528.575 3732.03 255.887 255.887 11.0252 8.82808 994353000.0
790 0.02895 0.000329263 528.562 3732.07 255.896 255.889 17.4619 21.0286 994364000.0
791 0.02905 0.000329258 528.569 3732.22 255.901 255.89 5.9208 12.7176 994377000.0
792 0.02915 0.000329254 528.579 3732.17 255.895 255.887 5.15495 1.47626 994375000.0
793 0.02925 0.000329272 528.548 3732.18 255.91 255.894 12.9672 18.2868 994397000.0
794 0.02935 0.000329279 528.538 3732.08 255.909 255.894 19.842 24.3432 994375000.0
795 0.02945 0.000329279 528.531 3732.16 255.914 255.895 17.4351 24.0662 994369000.0
796 0.02955 0.000329265 528.56 3732.26 255.91 255.888 4.47789 7.04755 994352000.0
797 0.02965 0.000329263 528.566 3732.26 255.909 255.893 5.13993 -1.25657 994388000.0
798 0.02975 0.000329251 528.577 3732.22 255.897 255.888 2.92596 -9.53814 994380000.0
799 0.02985 0.000329253 528.58 3732.16 255.894 255.888 5.67238 0.790549 994390000.0
800 0.02995 0.000329253 528.579 3732.27 255.902 255.886 0.905374 2.31756 994387000.0
