TITLE = "DSMC"
VARIABLES = "ID" "X" "rho" "v1" "Ttrans" "p" "p1" "q1" "mv1v1v1" "mvvv1v1"
ZONE T="Ma=6.4", I=800, J=1, K=1, F=POINT
1 -0.04995 8.83415e-05 1970.04 273.116 5.02437 5.02294 0.0458991 0.0189055 1426680.0
2 -0.04985 8.83417e-05 1970.04 273.115 5.02436 5.02303 -0.015647 -0.0840263 1426740.0
3 -0.04975 8.83408e-05 1970.04 273.115 5.02432 5.02294 -0.0426217 -0.115791 1426760.0
4 -0.04965 8.83412e-05 1970.04 273.115 5.02433 5.02298 -0.0401218 -0.157052 1426840.0
5 -0.04955 8.8341e-05 1970.04 273.118 5.02438 5.02304 -0.0446842 -0.158909 1426910.0
6 -0.04945 8.83417e-05 1970.04 273.115 5.02437 5.0231 -0.10193 -0.253331 1427040.0
7 -0.04935 8.83411e-05 1970.04 273.119 5.0244 5.02315 -0.107859 -0.291829 1427120.0
8 -0.04925 8.83425e-05 1970.04 273.116 5.02442 5.02314 -0.142245 -0.309765 1427200.0
9 -0.04915 8.83406e-05 1970.04 273.118 5.02436 5.02315 -0.139904 -0.339956 1427230.0
10 -0.04905 8.83417e-05 1970.04 273.118 5.02442 5.02323 -0.149422 -0.378804 1427280.0
11 -0.04895 8.83406e-05 1970.04 273.118 5.02435 5.02316 -0.13845 -0.37026 1427240.0
12 -0.04885 8.83413e-05 1970.04 273.117 5.02439 5.02316 -0.168437 -0.393716 1427250.0
13 -0.04875 8.83415e-05 1970.04 273.118 5.02442 5.02323 -0.155555 -0.361814 1427290.0
14 -0.04865 8.83421e-05 1970.04 273.119 5.02446 5.02328 -0.16564 -0.382791 1427330.0
15 -0.04855 8.83412e-05 1970.04 273.118 5.02439 5.02321 -0.183026 -0.379926 1427370.0
16 -0.04845 8.83415e-05 1970.04 273.119 5.02443 5.02327 -0.184034 -0.393223 1427400.0
17 -0.04835 8.8341e-05 1970.04 273.12 5.02442 5.02327 -0.180952 -0.414421 1427440.0
18 -0.04825 8.83411e-05 1970.04 273.118 5.02439 5.02327 -0.193611 -0.431922 1427460.0
19 -0.04815 8.83424e-05 1970.04 273.118 5.02445 5.02335 -0.215183 -0.45901 1427590.0
20 -0.04805 8.8341e-05 1970.04 273.12 5.02441 5.02329 -0.197083 -0.438694 1427560.0
21 -0.04795 8.83418e-05 1970.04 273.121 5.02449 5.02343 -0.206875 -0.468929 1427620.0
22 -0.04785 8.83415e-05 1970.04 273.118 5.02441 5.0234 -0.225504 -0.476406 1427630.0
23 -0.04775 8.83412e-05 1970.04 273.118 5.02439 5.02331 -0.227539 -0.452915 1427680.0
24 -0.04765 8.83414e-05 1970.04 273.12 5.02443 5.02341 -0.238255 -0.46089 1427710.0
25 -0.04755 8.83408e-05 1970.04 273.12 5.02441 5.02343 -0.245825 -0.489961 1427800.0
26 -0.04745 8.83422e-05 1970.04 273.119 5.02446 5.02347 -0.256606 -0.49767 1427760.0
27 -0.04735 8.83412e-05 1970.04 273.119 5.02441 5.02344 -0.261992 -0.510776 1427860.0
28 -0.04725 8.83406e-05 1970.04 273.119 5.02438 5.02341 -0.271529 -0.518421 1427860.0
29 -0.04715 8.83421e-05 1970.04 273.12 5.02449 5.02356 -0.2786 -0.551229 1427950.0
30 -0.04705 8.83408e-05 1970.04 273.119 5.02439 5.02349 -0.294037 -0.569335 1428010.0
31 -0.04695 8.83412e-05 1970.04 273.121 5.02444 5.02348 -0.28625 -0.542594 1428020.0
32 -0.04685 8.83421e-05 1970.04 273.119 5.02446 5.02351 -0.301763 -0.562271 1428040.0
33 -0.04675 8.83408e-05 1970.04 273.119 5.02439 5.02339 -0.301326 -0.561687 1427980.0
34 -0.04665 8.83409e-05 1970.04 273.12 5.02442 5.02349 -0.294774 -0.556981 1428070.0
35 -0.04655 8.83416e-05 1970.04 273.121 5.02447 5.02351 -0.311861 -0.55697 1428150.0
36 -0.04645 8.8341e-05 1970.04 273.121 5.02443 5.02346 -0.323391 -0.571037 1428110.0
37 -0.04635 8.83414e-05 1970.04 273.12 5.02443 5.02352 -0.319838 -0.567052 1428180.0
38 -0.04625 8.83413e-05 1970.04 273.121 5.02445 5.02361 -0.344865 -0.612638 1428310.0
39 -0.04615 8.83415e-05 1970.04 273.121 5.02446 5.02366 -0.340259 -0.611566 1428340.0
40 -0.04605 8.83415e-05 1970.04 273.122 5.02448 5.02368 -0.383668 -0.687716 1428430.0
41 -0.04595 8.83421e-05 1970.04 273.121 5.02449 5.02367 -0.361938 -0.657101 1428400.0
42 -0.04585 8.8341e-05 1970.04 273.122 5.02445 5.02377 -0.379365 -0.658149 1428520.0
43 -0.04575 8.83422e-05 1970.04 273.121 5.02449 5.0238 -0.383729 -0.649193 1428490.0
44 -0.04565 8.83413e-05 1970.04 273.123 5.02449 5.02376 -0.350802 -0.613775 1428570.0
45 -0.04555 8.83421e-05 1970.04 273.122 5.02453 5.02385 -0.355221 -0.64252 1428570.0
46 -0.04545 8.83415e-05 1970.04 273.122 5.02448 5.02383 -0.390688 -0.703547 1428610.0
47 -0.04535 8.83412e-05 1970.04 273.121 5.02444 5.02376 -0.39447 -0.685159 1428600.0
48 -0.04525 8.83419e-05 1970.04 273.122 5.0245 5.0238 -0.383225 -0.677009 1428640.0
49 -0.04515 8.83419e-05 1970.04 273.122 5.0245 5.02385 -0.410407 -0.731495 1428720.0
50 -0.04505 8.8342e-05 1970.04 273.123 5.02453 5.02383 -0.39646 -0.701763 1428760.0
51 -0.04495 8.83421e-05 1970.04 273.124 5.02455 5.02384 -0.43374 -0.748572 1428880.0
52 -0.04485 8.83415e-05 1970.04 273.125 5.02454 5.02383 -0.423994 -0.729799 1428900.0
53 -0.04475 8.83423e-05 1970.04 273.12 5.0245 5.02382 -0.424287 -0.723577 1428890.0
54 -0.04465 8.83412e-05 1970.04 273.122 5.02447 5.02375 -0.436805 -0.742983 1428980.0
55 -0.04455 8.8341e-05 1970.04 273.125 5.02451 5.02386 -0.436665 -0.754635 1429030.0
56 -0.04445 8.83419e-05 1970.04 273.122 5.0245 5.02389 -0.476293 -0.818952 1429180.0
57 -0.04435 8.83414e-05 1970.04 273.126 5.02455 5.02386 -0.473916 -0.833425 1429160.0
58 -0.04425 8.83414e-05 1970.04 273.122 5.02448 5.02385 -0.451385 -0.787726 1429110.0
59 -0.04415 8.83405e-05 1970.04 273.125 5.02447 5.02389 -0.481849 -0.816147 1429110.0
60 -0.04405 8.83426e-05 1970.04 273.122 5.02454 5.0239 -0.477772 -0.794799 1429170.0
61 -0.04395 8.83409e-05 1970.04 273.123 5.02447 5.02384 -0.451504 -0.797032 1429190.0
62 -0.04385 8.83421e-05 1970.04 273.125 5.02456 5.02398 -0.46553 -0.808919 1429230.0
63 -0.04375 8.83416e-05 1970.04 273.124 5.02452 5.02397 -0.485261 -0.831795 1429280.0
64 -0.04365 8.83411e-05 1970.04 273.124 5.02449 5.02401 -0.482114 -0.848133 1429380.0
65 -0.04355 8.8342e-05 1970.03 273.125 5.02456 5.02404 -0.481988 -0.834305 1429400.0
66 -0.04345 8.83407e-05 1970.04 273.124 5.02448 5.02394 -0.487905 -0.836755 1429390.0
67 -0.04335 8.83426e-05 1970.04 273.124 5.02457 5.024 -0.475705 -0.822261 1429440.0
68 -0.04325 8.83409e-05 1970.04 273.125 5.0245 5.02405 -0.489673 -0.859095 1429530.0
69 -0.04315 8.83417e-05 1970.04 273.124 5.02454 5.02409 -0.514239 -0.905272 1429640.0
70 -0.04305 8.83422e-05 1970.04 273.125 5.02458 5.02406 -0.539856 -0.968212 1429760.0
71 -0.04295 8.83408e-05 1970.03 273.125 5.0245 5.02398 -0.552351 -0.916067 1429890.0
72 -0.04285 8.83416e-05 1970.04 273.125 5.02453 5.02405 -0.553787 -0.941579 1429820.0
73 -0.04275 8.83419e-05 1970.04 273.127 5.0246 5.02411 -0.549835 -0.922797 1429920.0
74 -0.04265 8.83409e-05 1970.04 273.124 5.02448 5.02405 -0.611493 -0.996787 1430030.0
75 -0.04255 8.83418e-05 1970.04 273.127 5.02459 5.02421 -0.605874 -0.980209 1430110.0
76 -0.04245 8.83428e-05 1970.04 273.127 5.02465 5.02428 -0.638327 -1.02634 1430260.0
77 -0.04235 8.83409e-05 1970.03 273.127 5.02454 5.0242 -0.667955 -1.09135 1430340.0
78 -0.04225 8.83419e-05 1970.04 273.126 5.02457 5.02422 -0.687962 -1.09463 1430330.0
79 -0.04215 8.8341e-05 1970.04 273.13 5.0246 5.02427 -0.720544 -1.10835 1430590.0
80 -0.04205 8.83417e-05 1970.04 273.13 5.02465 5.02437 -0.793776 -1.19343 1430940.0
81 -0.04195 8.83421e-05 1970.03 273.13 5.02466 5.0244 -0.717716 -1.12669 1430560.0
82 -0.04185 8.83413e-05 1970.03 273.128 5.02458 5.02438 -0.72037 -1.12542 1430670.0
83 -0.04175 8.83419e-05 1970.04 273.129 5.02463 5.0244 -0.738794 -1.13454 1430720.0
84 -0.04165 8.83417e-05 1970.03 273.128 5.02461 5.02446 -0.754969 -1.15928 1430680.0
85 -0.04155 8.83415e-05 1970.03 273.131 5.02464 5.02441 -0.773166 -1.17627 1430910.0
86 -0.04145 8.83422e-05 1970.04 273.13 5.02466 5.02444 -0.768007 -1.14971 1430860.0
87 -0.04135 8.83415e-05 1970.03 273.129 5.02461 5.02449 -0.796279 -1.23052 1431060.0
88 -0.04125 8.83413e-05 1970.03 273.13 5.02462 5.02436 -0.811114 -1.23591 1431140.0
89 -0.04115 8.83424e-05 1970.04 273.13 5.02469 5.02449 -0.845071 -1.29029 1431310.0
90 -0.04105 8.83418e-05 1970.03 273.134 5.02472 5.02448 -0.854385 -1.28135 1431360.0
91 -0.04095 8.8341e-05 1970.04 273.132 5.02464 5.02445 -0.925453 -1.38952 1431670.0
92 -0.04085 8.83416e-05 1970.03 273.132 5.02468 5.02449 -0.917205 -1.38498 1431690.0
93 -0.04075 8.83418e-05 1970.03 273.135 5.02473 5.02459 -0.964118 -1.40925 1432080.0
94 -0.04065 8.83415e-05 1970.03 273.133 5.02468 5.02448 -1.00734 -1.43517 1432230.0
95 -0.04055 8.83417e-05 1970.03 273.135 5.02474 5.0246 -1.02747 -1.5023 1432420.0
96 -0.04045 8.83418e-05 1970.03 273.134 5.02471 5.02458 -1.00081 -1.49377 1432360.0
97 -0.04035 8.83413e-05 1970.03 273.132 5.02465 5.02459 -1.00275 -1.47806 1432430.0
98 -0.04025 8.83412e-05 1970.03 273.137 5.02473 5.02462 -1.05504 -1.58659 1432720.0
99 -0.04015 8.83421e-05 1970.03 273.134 5.02474 5.02468 -1.11756 -1.6104 1432910.0
100 -0.04005 8.83419e-05 1970.03 273.137 5.02478 5.02481 -1.18868 -1.70839 1433390.0
101 -0.03995 8.83415e-05 1970.03 273.137 5.02475 5.02477 -1.14998 -1.70536 1433310.0
102 -0.03985 8.83414e-05 1970.03 273.138 5.02477 5.02474 -1.1338 -1.66722 1433190.0
103 -0.03975 8.83417e-05 1970.03 273.136 5.02475 5.02481 -1.18329 -1.73449 1433470.0
104 -0.03965 8.83424e-05 1970.04 273.139 5.02485 5.02482 -1.16083 -1.68189 1433400.0
105 -0.03955 8.83412e-05 1970.03 273.136 5.02472 5.02486 -1.14728 -1.70588 1433640.0
106 -0.03945 8.83421e-05 1970.03 273.136 5.02478 5.02485 -1.1879 -1.72863 1433670.0
107 -0.03935 8.83414e-05 1970.03 273.139 5.02479 5.02483 -1.21566 -1.78766 1433870.0
108 -0.03925 8.8342e-05 1970.03 273.14 5.02483 5.0249 -1.24654 -1.84625 1434090.0
109 -0.03915 8.83415e-05 1970.03 273.139 5.02479 5.0248 -1.17992 -1.74676 1433940.0
110 -0.03905 8.83419e-05 1970.03 273.135 5.02475 5.02471 -1.15769 -1.71861 1433750.0
111 -0.03895 8.83417e-05 1970.03 273.138 5.02478 5.02469 -1.16947 -1.75588 1433960.0
112 -0.03885 8.83416e-05 1970.03 273.138 5.02478 5.02471 -1.16198 -1.75324 1433940.0
113 -0.03875 8.83419e-05 1970.03 273.14 5.02484 5.02478 -1.3025 -1.95315 1434610.0
114 -0.03865 8.83418e-05 1970.04 273.138 5.02479 5.0247 -1.22878 -1.88053 1434380.0
115 -0.03855 8.83424e-05 1970.03 273.139 5.02485 5.02478 -1.28731 -1.97426 1434600.0
116 -0.03845 8.83411e-05 1970.03 273.139 5.02478 5.02474 -1.31131 -1.99346 1434870.0
117 -0.03835 8.83421e-05 1970.03 273.14 5.02485 5.02479 -1.33841 -2.0318 1435070.0
118 -0.03825 8.83416e-05 1970.03 273.141 5.02483 5.02482 -1.34482 -2.03482 1435040.0
119 -0.03815 8.83417e-05 1970.03 273.143 5.02488 5.0249 -1.3802 -2.05471 1435200.0
120 -0.03805 8.83425e-05 1970.03 273.142 5.0249 5.02501 -1.47375 -2.16901 1435790.0
121 -0.03795 8.83419e-05 1970.03 273.144 5.02491 5.02508 -1.48377 -2.19586 1435770.0
122 -0.03785 8.83418e-05 1970.03 273.143 5.02488 5.02505 -1.46801 -2.17285 1435900.0
123 -0.03775 8.8341e-05 1970.03 273.144 5.02486 5.02508 -1.47925 -2.18255 1435920.0
124 -0.03765 8.83424e-05 1970.03 273.145 5.02495 5.02514 -1.5508 -2.30238 1436500.0
125 -0.03755 8.83416e-05 1970.03 273.146 5.02492 5.02519 -1.56186 -2.34069 1436550.0
126 -0.03745 8.83422e-05 1970.03 273.144 5.02493 5.02518 -1.55339 -2.36537 1436650.0
127 -0.03735 8.83405e-05 1970.03 273.145 5.02485 5.02518 -1.58595 -2.3768 1436650.0
128 -0.03725 8.83423e-05 1970.03 273.147 5.02498 5.0253 -1.69863 -2.55771 1437240.0
129 -0.03715 8.83414e-05 1970.03 273.15 5.02498 5.02531 -1.76988 -2.64058 1437750.0
130 -0.03705 8.8342e-05 1970.03 273.149 5.02501 5.02541 -1.8415 -2.73929 1438140.0
131 -0.03695 8.83411e-05 1970.03 273.151 5.02499 5.02542 -1.85446 -2.77926 1438290.0
132 -0.03685 8.83418e-05 1970.03 273.151 5.02503 5.02542 -1.90752 -2.82516 1438500.0
133 -0.03675 8.83421e-05 1970.03 273.153 5.02509 5.02552 -2.0421 -3.00705 1439170.0
134 -0.03665 8.83415e-05 1970.03 273.156 5.0251 5.02544 -2.05039 -2.98929 1439340.0
135 -0.03655 8.83419e-05 1970.03 273.153 5.02508 5.02538 -2.07853 -3.06108 1439430.0
136 -0.03645 8.8342e-05 1970.03 273.157 5.02515 5.02553 -2.21783 -3.32891 1440230.0
137 -0.03635 8.83415e-05 1970.03 273.157 5.02512 5.02547 -2.20158 -3.26844 1440220.0
138 -0.03625 8.83421e-05 1970.03 273.156 5.02514 5.02553 -2.2519 -3.36958 1440680.0
139 -0.03615 8.83427e-05 1970.03 273.157 5.0252 5.02558 -2.24135 -3.35566 1440650.0
140 -0.03605 8.83411e-05 1970.03 273.159 5.02514 5.02546 -2.31204 -3.40412 1441070.0
141 -0.03595 8.83418e-05 1970.03 273.162 5.02523 5.0257 -2.4913 -3.71038 1442110.0
142 -0.03585 8.83426e-05 1970.03 273.164 5.02532 5.02574 -2.55888 -3.73228 1442110.0
143 -0.03575 8.83424e-05 1970.03 273.163 5.02528 5.02581 -2.59102 -3.84775 1442610.0
144 -0.03565 8.83418e-05 1970.02 273.167 5.02533 5.02589 -2.76238 -4.0215 1443330.0
145 -0.03555 8.83426e-05 1970.02 273.168 5.02539 5.026 -2.82173 -4.10989 1443670.0
146 -0.03545 8.8342e-05 1970.03 273.169 5.02538 5.02603 -2.95507 -4.3204 1444400.0
147 -0.03535 8.8342e-05 1970.03 273.172 5.02543 5.0261 -2.97071 -4.35368 1444590.0
148 -0.03525 8.83413e-05 1970.02 273.171 5.02538 5.02613 -3.05057 -4.46363 1445070.0
149 -0.03515 8.83431e-05 1970.02 273.175 5.02554 5.02625 -3.15594 -4.60357 1445770.0
150 -0.03505 8.83419e-05 1970.03 273.178 5.02553 5.02631 -3.22944 -4.7177 1446200.0
151 -0.03495 8.83427e-05 1970.02 273.178 5.02559 5.02643 -3.37602 -4.9404 1447100.0
152 -0.03485 8.83412e-05 1970.02 273.18 5.02552 5.02637 -3.40536 -4.97115 1447230.0
153 -0.03475 8.83424e-05 1970.02 273.18 5.0256 5.02647 -3.48777 -5.11044 1447840.0
154 -0.03465 8.83417e-05 1970.02 273.183 5.02561 5.02652 -3.57855 -5.23067 1448320.0
155 -0.03455 8.83421e-05 1970.02 273.181 5.02561 5.02661 -3.66117 -5.33514 1448880.0
156 -0.03445 8.83426e-05 1970.02 273.186 5.02572 5.02671 -3.82345 -5.57875 1449730.0
157 -0.03435 8.83418e-05 1970.02 273.189 5.02574 5.02678 -3.92726 -5.72556 1450440.0
158 -0.03425 8.83434e-05 1970.02 273.188 5.02581 5.02685 -3.91538 -5.77741 1450490.0
159 -0.03415 8.83415e-05 1970.02 273.192 5.02577 5.02694 -4.17637 -6.08288 1451810.0
160 -0.03405 8.8342e-05 1970.02 273.195 5.02585 5.02698 -4.24877 -6.20462 1452300.0
161 -0.03395 8.83425e-05 1970.02 273.197 5.02592 5.02702 -4.32716 -6.32067 1452830.0
162 -0.03385 8.83419e-05 1970.02 273.197 5.02588 5.02703 -4.39896 -6.45001 1453190.0
163 -0.03375 8.83428e-05 1970.02 273.199 5.02597 5.02722 -4.51702 -6.61251 1454060.0
164 -0.03365 8.8342e-05 1970.02 273.203 5.026 5.02737 -4.71701 -6.91252 1455100.0
165 -0.03355 8.83429e-05 1970.02 273.209 5.02617 5.02752 -4.90769 -7.18526 1456090.0
166 -0.03345 8.83421e-05 1970.02 273.21 5.02614 5.02765 -5.20457 -7.59146 1457380.0
167 -0.03335 8.83419e-05 1970.02 273.213 5.02617 5.02771 -5.19632 -7.59819 1457710.0
168 -0.03325 8.83432e-05 1970.02 273.217 5.02632 5.02783 -5.39714 -7.8545 1458950.0
169 -0.03315 8.83427e-05 1970.02 273.221 5.02637 5.02798 -5.52628 -8.03436 1459580.0
170 -0.03305 8.83424e-05 1970.01 273.224 5.0264 5.02806 -5.82847 -8.38065 1461050.0
171 -0.03295 8.83432e-05 1970.01 273.224 5.02645 5.02816 -5.8542 -8.54576 1461700.0
172 -0.03285 8.83425e-05 1970.01 273.228 5.0265 5.02824 -6.05219 -8.87337 1462770.0
173 -0.03275 8.83425e-05 1970.01 273.231 5.02654 5.0283 -6.1421 -9.03671 1463510.0
174 -0.03265 8.8343e-05 1970.01 273.232 5.02659 5.02835 -6.26418 -9.20039 1464270.0
175 -0.03255 8.83427e-05 1970.01 273.237 5.02666 5.02841 -6.50573 -9.58702 1465820.0
176 -0.03245 8.83428e-05 1970.01 273.24 5.02673 5.02859 -6.68235 -9.83983 1466580.0
177 -0.03235 8.83433e-05 1970.01 273.244 5.02683 5.02874 -6.88467 -10.1328 1467900.0
178 -0.03225 8.83427e-05 1970.01 273.247 5.02686 5.02885 -7.05316 -10.344 1469090.0
179 -0.03215 8.83427e-05 1970.01 273.254 5.02698 5.02904 -7.3638 -10.7365 1470480.0
180 -0.03205 8.83433e-05 1970.01 273.256 5.02705 5.02905 -7.57649 -11.1355 1472060.0
181 -0.03195 8.83426e-05 1970.01 273.259 5.02706 5.02923 -7.75312 -11.3448 1473090.0
182 -0.03185 8.8343e-05 1970.01 273.264 5.02717 5.02928 -7.85929 -11.4551 1473850.0
183 -0.03175 8.8343e-05 1970.01 273.267 5.02724 5.02944 -8.29647 -12.0913 1476370.0
184 -0.03165 8.83421e-05 1970.01 273.275 5.02733 5.02956 -8.49802 -12.4009 1477610.0
185 -0.03155 8.83437e-05 1970.0 273.279 5.02749 5.02986 -8.76633 -12.8863 1479070.0
186 -0.03145 8.83433e-05 1970.0 273.286 5.02761 5.03013 -9.21225 -13.5048 1481470.0
187 -0.03135 8.8343e-05 1970.0 273.293 5.02771 5.03035 -9.54436 -13.86 1483130.0
188 -0.03125 8.83434e-05 1970.0 273.297 5.0278 5.0304 -9.62645 -14.026 1484090.0
189 -0.03115 8.83437e-05 1970.0 273.298 5.02784 5.03044 -9.81691 -14.3662 1485480.0
190 -0.03105 8.83429e-05 1970.0 273.308 5.02797 5.03061 -10.1872 -14.8571 1487330.0
191 -0.03095 8.83431e-05 1970.0 273.317 5.02815 5.03113 -10.8711 -15.8264 1491030.0
192 -0.03085 8.83435e-05 1970.0 273.32 5.02823 5.03104 -10.8411 -15.7463 1491110.0
193 -0.03075 8.83434e-05 1969.99 273.326 5.02833 5.03128 -11.2925 -16.5144 1493770.0
194 -0.03065 8.83436e-05 1970.0 273.336 5.02854 5.03158 -11.7369 -17.0747 1495940.0
195 -0.03055 8.83428e-05 1969.99 273.339 5.02855 5.03165 -12.001 -17.4983 1497760.0
196 -0.03045 8.83437e-05 1969.99 273.346 5.02873 5.03187 -12.3923 -18.0237 1499900.0
197 -0.03035 8.83443e-05 1969.99 273.356 5.02895 5.03226 -12.8704 -18.767 1502670.0
198 -0.03025 8.83429e-05 1969.99 273.362 5.02897 5.03238 -13.0903 -19.175 1504330.0
199 -0.03015 8.83441e-05 1969.99 273.369 5.02917 5.03264 -13.5227 -19.776 1506660.0
200 -0.03005 8.83437e-05 1969.99 273.378 5.02931 5.03285 -13.9809 -20.2836 1509250.0
201 -0.02995 8.83443e-05 1969.98 273.383 5.02944 5.03305 -14.3025 -20.9049 1511460.0
202 -0.02985 8.83441e-05 1969.98 273.39 5.02956 5.03338 -14.6829 -21.4433 1513580.0
203 -0.02975 8.83437e-05 1969.98 273.398 5.02969 5.03353 -15.0218 -21.983 1515930.0
204 -0.02965 8.83445e-05 1969.98 273.404 5.02984 5.03379 -15.4263 -22.5514 1518350.0
205 -0.02955 8.83442e-05 1969.98 273.408 5.02989 5.03404 -15.6534 -23.0864 1520150.0
206 -0.02945 8.83442e-05 1969.98 273.417 5.03007 5.03425 -15.97 -23.5121 1521990.0
207 -0.02935 8.83445e-05 1969.98 273.424 5.0302 5.03451 -16.5626 -24.3648 1525400.0
208 -0.02925 8.83446e-05 1969.97 273.439 5.03049 5.03497 -17.2234 -25.3285 1529020.0
209 -0.02915 8.83446e-05 1969.97 273.441 5.03053 5.03513 -17.452 -25.7966 1530810.0
210 -0.02905 8.83441e-05 1969.97 273.453 5.03073 5.0355 -18.0294 -26.6567 1533920.0
211 -0.02895 8.8345e-05 1969.97 273.463 5.03095 5.03576 -18.5716 -27.4863 1537490.0
212 -0.02885 8.8345e-05 1969.97 273.476 5.03119 5.03625 -19.2078 -28.4113 1541100.0
213 -0.02875 8.83451e-05 1969.96 273.493 5.03151 5.03673 -20.062 -29.6506 1545450.0
214 -0.02865 8.83451e-05 1969.96 273.51 5.03182 5.03734 -20.9864 -30.9207 1550450.0
215 -0.02855 8.83448e-05 1969.96 273.514 5.03188 5.03732 -21.2185 -31.3433 1552430.0
216 -0.02845 8.83445e-05 1969.96 273.526 5.03208 5.03783 -21.9234 -32.5506 1556590.0
217 -0.02835 8.83464e-05 1969.96 273.541 5.03247 5.03837 -22.6165 -33.4562 1560320.0
218 -0.02825 8.83451e-05 1969.95 273.555 5.03265 5.03869 -23.4056 -34.5108 1564860.0
219 -0.02815 8.83466e-05 1969.95 273.569 5.03299 5.03928 -24.111 -35.6541 1569290.0
220 -0.02805 8.83444e-05 1969.95 273.58 5.03308 5.03948 -24.8292 -36.5292 1573550.0
221 -0.02795 8.83462e-05 1969.95 273.591 5.03338 5.03995 -25.4 -37.4313 1577050.0
222 -0.02785 8.83468e-05 1969.94 273.606 5.03368 5.04049 -26.1619 -38.5678 1581160.0
223 -0.02775 8.83464e-05 1969.94 273.626 5.03403 5.04112 -27.0205 -39.8645 1586060.0
224 -0.02765 8.83464e-05 1969.94 273.638 5.03426 5.04161 -27.972 -41.2486 1591500.0
225 -0.02755 8.83464e-05 1969.94 273.656 5.03458 5.04209 -28.7646 -42.4285 1596270.0
226 -0.02745 8.83472e-05 1969.93 273.67 5.03489 5.04263 -29.5828 -43.7798 1601190.0
227 -0.02735 8.8346e-05 1969.93 273.689 5.03517 5.04328 -30.6013 -45.2996 1606990.0
228 -0.02725 8.83466e-05 1969.92 273.706 5.0355 5.04383 -31.461 -46.5581 1612040.0
229 -0.02715 8.83477e-05 1969.92 273.727 5.03596 5.04447 -32.5283 -48.1449 1618120.0
230 -0.02705 8.83468e-05 1969.92 273.744 5.03622 5.04494 -33.5887 -49.5206 1624140.0
231 -0.02695 8.83476e-05 1969.91 273.759 5.03655 5.04546 -34.3216 -50.7166 1628830.0
232 -0.02685 8.83471e-05 1969.91 273.782 5.03695 5.04618 -35.5402 -52.4464 1635930.0
233 -0.02675 8.8348e-05 1969.91 273.801 5.03734 5.04692 -36.5507 -54.0257 1641420.0
234 -0.02665 8.83484e-05 1969.9 273.821 5.03774 5.04761 -37.651 -55.7788 1648000.0
235 -0.02655 8.83476e-05 1969.9 273.847 5.03817 5.0483 -38.9885 -57.6665 1655890.0
236 -0.02645 8.83476e-05 1969.89 273.859 5.0384 5.04874 -39.7158 -58.8127 1660680.0
237 -0.02635 8.83489e-05 1969.89 273.884 5.03892 5.04954 -40.9152 -60.7911 1667960.0
238 -0.02625 8.83479e-05 1969.89 273.899 5.03914 5.05018 -41.9139 -62.3214 1674180.0
239 -0.02615 8.83488e-05 1969.88 273.937 5.03989 5.05137 -43.7722 -64.9358 1684200.0
240 -0.02605 8.83493e-05 1969.88 273.954 5.04024 5.05195 -44.6351 -66.3168 1689880.0
241 -0.02595 8.83488e-05 1969.87 273.977 5.04063 5.05268 -46.0739 -68.3719 1698060.0
242 -0.02585 8.83495e-05 1969.87 274.007 5.04121 5.05379 -47.494 -70.6432 1706730.0
243 -0.02575 8.83496e-05 1969.86 274.037 5.04178 5.05468 -49.1489 -72.8349 1715770.0
244 -0.02565 8.83499e-05 1969.85 274.071 5.04241 5.05573 -50.8343 -75.4099 1725520.0
245 -0.02555 8.83502e-05 1969.85 274.093 5.04284 5.05659 -52.2646 -77.6795 1734110.0
246 -0.02545 8.83504e-05 1969.84 274.129 5.04351 5.0576 -53.9278 -79.9906 1743960.0
247 -0.02535 8.83511e-05 1969.84 274.154 5.04402 5.05837 -55.338 -82.0492 1752310.0
248 -0.02525 8.83511e-05 1969.83 274.194 5.04475 5.0597 -57.512 -85.0734 1764390.0
249 -0.02515 8.83513e-05 1969.83 274.223 5.0453 5.06068 -58.9584 -87.3719 1773150.0
250 -0.02505 8.83525e-05 1969.82 274.26 5.04604 5.06205 -61.0642 -90.6477 1785080.0
251 -0.02495 8.83511e-05 1969.81 274.293 5.04657 5.06296 -62.7538 -93.0192 1795210.0
252 -0.02485 8.83528e-05 1969.8 274.332 5.04738 5.0642 -64.7642 -95.8612 1806800.0
253 -0.02475 8.83528e-05 1969.8 274.378 5.04824 5.0657 -67.4067 -99.5159 1821060.0
254 -0.02465 8.83533e-05 1969.79 274.43 5.04922 5.06742 -70.0284 -103.272 1835480.0
255 -0.02455 8.83539e-05 1969.78 274.471 5.05001 5.06876 -72.2784 -106.584 1848830.0
256 -0.02445 8.83542e-05 1969.77 274.508 5.0507 5.06988 -74.2136 -109.457 1860060.0
257 -0.02435 8.83536e-05 1969.76 274.554 5.05151 5.07121 -76.601 -112.865 1874040.0
258 -0.02425 8.83546e-05 1969.75 274.598 5.05238 5.07269 -79.0281 -116.478 1887950.0
259 -0.02415 8.8355e-05 1969.75 274.645 5.05326 5.07438 -81.5661 -120.446 1903400.0
260 -0.02405 8.83558e-05 1969.74 274.696 5.05425 5.07598 -84.2918 -124.247 1918010.0
261 -0.02395 8.83556e-05 1969.73 274.747 5.05519 5.07755 -86.8667 -128.017 1933560.0
262 -0.02385 8.83559e-05 1969.72 274.791 5.05601 5.07903 -89.3619 -131.771 1948580.0
263 -0.02375 8.83561e-05 1969.71 274.85 5.05711 5.08093 -92.5033 -136.366 1966740.0
264 -0.02365 8.83574e-05 1969.7 274.904 5.05817 5.08282 -95.3195 -140.8 1982980.0
265 -0.02355 8.83575e-05 1969.69 274.949 5.05902 5.08441 -97.66 -144.681 1998080.0
266 -0.02345 8.83588e-05 1969.68 275.013 5.06027 5.08652 -101.119 -149.445 2016660.0
267 -0.02335 8.83575e-05 1969.67 275.079 5.0614 5.08847 -104.664 -154.523 2037400.0
268 -0.02325 8.83597e-05 1969.65 275.143 5.0627 5.09061 -107.958 -159.361 2056020.0
269 -0.02315 8.83597e-05 1969.64 275.192 5.0636 5.09217 -110.666 -163.34 2072870.0
270 -0.02305 8.83602e-05 1969.63 275.271 5.06508 5.09484 -114.752 -169.543 2095990.0
271 -0.02295 8.83612e-05 1969.62 275.328 5.06619 5.09688 -118.02 -174.647 2115710.0
272 -0.02285 8.83616e-05 1969.6 275.405 5.06763 5.09927 -121.885 -180.254 2137110.0
273 -0.02275 8.83607e-05 1969.59 275.466 5.06871 5.10149 -125.26 -185.803 2157900.0
274 -0.02265 8.83631e-05 1969.58 275.531 5.07005 5.10359 -128.832 -191.021 2178720.0
275 -0.02255 8.83635e-05 1969.56 275.621 5.07171 5.10647 -133.303 -197.555 2203600.0
276 -0.02245 8.83637e-05 1969.55 275.7 5.07319 5.1089 -137.641 -203.697 2228570.0
277 -0.02235 8.83648e-05 1969.53 275.785 5.0748 5.11182 -142.327 -210.627 2255370.0
278 -0.02225 8.8365e-05 1969.51 275.879 5.07655 5.11502 -147.246 -218.097 2282940.0
279 -0.02215 8.83665e-05 1969.49 275.964 5.0782 5.11787 -151.737 -225.2 2309980.0
280 -0.02205 8.8367e-05 1969.48 276.057 5.07995 5.12113 -156.705 -232.724 2338190.0
281 -0.02195 8.83681e-05 1969.46 276.173 5.08214 5.12473 -162.914 -241.635 2373140.0
282 -0.02185 8.83686e-05 1969.44 276.254 5.08366 5.12754 -167.243 -248.18 2398720.0
283 -0.02175 8.83696e-05 1969.42 276.358 5.08563 5.13062 -172.662 -255.629 2429830.0
284 -0.02165 8.83705e-05 1969.4 276.467 5.08768 5.1344 -178.567 -264.598 2463170.0
285 -0.02155 8.83716e-05 1969.38 276.571 5.08967 5.13793 -184.069 -273.047 2495540.0
286 -0.02145 8.83716e-05 1969.36 276.673 5.09155 5.14123 -189.626 -281.223 2528100.0
287 -0.02135 8.83728e-05 1969.34 276.795 5.09385 5.14537 -195.961 -291.003 2564650.0
288 -0.02125 8.8375e-05 1969.32 276.905 5.09601 5.1492 -201.945 -299.903 2598670.0
289 -0.02115 8.83745e-05 1969.29 277.027 5.09822 5.15307 -208.321 -309.39 2635360.0
290 -0.02105 8.83756e-05 1969.27 277.154 5.10063 5.15703 -215.115 -319.227 2674320.0
291 -0.02095 8.83774e-05 1969.25 277.28 5.10304 5.16128 -221.972 -329.269 2714430.0
292 -0.02085 8.83786e-05 1969.22 277.428 5.10584 5.16613 -229.736 -340.785 2757530.0
293 -0.02075 8.83791e-05 1969.2 277.555 5.1082 5.17021 -236.482 -351.051 2797800.0
294 -0.02065 8.83808e-05 1969.16 277.715 5.11125 5.17553 -245.053 -363.529 2845940.0
295 -0.02055 8.8382e-05 1969.13 277.874 5.11424 5.18071 -253.463 -375.64 2892820.0
296 -0.02045 8.83835e-05 1969.11 278.014 5.11691 5.18536 -261.005 -387.319 2938420.0
297 -0.02035 8.83843e-05 1969.08 278.175 5.11992 5.19065 -269.48 -399.781 2986500.0
298 -0.02025 8.83866e-05 1969.05 278.328 5.12287 5.19574 -277.726 -411.978 3034120.0
299 -0.02015 8.83876e-05 1969.01 278.521 5.12649 5.20197 -287.897 -426.666 3091370.0
300 -0.02005 8.83889e-05 1968.98 278.693 5.12972 5.2077 -297.229 -440.533 3144940.0
301 -0.01995 8.83905e-05 1968.94 278.879 5.13324 5.21386 -307.075 -455.459 3201900.0
302 -0.01985 8.83928e-05 1968.91 279.075 5.13698 5.22058 -317.525 -471.078 3260230.0
303 -0.01975 8.83938e-05 1968.87 279.265 5.14054 5.22653 -327.554 -485.609 3318180.0
304 -0.01965 8.8395e-05 1968.83 279.463 5.14424 5.23289 -338.184 -501.407 3379710.0
305 -0.01955 8.83973e-05 1968.79 279.675 5.14828 5.24009 -349.431 -518.344 3443950.0
306 -0.01945 8.83997e-05 1968.75 279.897 5.15251 5.24759 -361.277 -536.162 3511340.0
307 -0.01935 8.84006e-05 1968.71 280.102 5.15634 5.25429 -371.984 -552.204 3573470.0
308 -0.01925 8.84039e-05 1968.66 280.359 5.16125 5.26285 -385.839 -572.375 3650910.0
309 -0.01915 8.8404e-05 1968.62 280.582 5.16537 5.27016 -397.736 -590.159 3719720.0
310 -0.01905 8.84074e-05 1968.57 280.846 5.17042 5.27924 -411.612 -611.252 3797920.0
311 -0.01895 8.84107e-05 1968.52 281.112 5.17553 5.2879 -426.01 -631.875 3879410.0
312 -0.01885 8.84114e-05 1968.47 281.371 5.18032 5.29632 -439.377 -652.006 3955420.0
313 -0.01875 8.84144e-05 1968.41 281.658 5.18579 5.30578 -454.939 -674.605 4043800.0
314 -0.01865 8.84164e-05 1968.36 281.938 5.19106 5.31505 -469.739 -696.893 4128500.0
315 -0.01855 8.84196e-05 1968.31 282.212 5.19629 5.32403 -484.601 -719.018 4215940.0
316 -0.01845 8.84215e-05 1968.25 282.515 5.20197 5.33412 -500.434 -742.599 4305010.0
317 -0.01835 8.84252e-05 1968.19 282.834 5.20808 5.34498 -517.42 -768.314 4401940.0
318 -0.01825 8.84271e-05 1968.13 283.15 5.21402 5.35552 -534.199 -793.381 4497720.0
319 -0.01815 8.84305e-05 1968.06 283.497 5.2206 5.36696 -552.828 -820.615 4603060.0
320 -0.01805 8.84333e-05 1968.0 283.833 5.22696 5.37802 -570.48 -846.779 4703330.0
321 -0.01795 8.8437e-05 1967.92 284.224 5.23436 5.39111 -591.35 -877.273 4819430.0
322 -0.01785 8.84392e-05 1967.85 284.592 5.24128 5.40338 -611.116 -907.088 4933520.0
323 -0.01775 8.84434e-05 1967.77 284.989 5.24884 5.41705 -632.168 -939.059 5052550.0
324 -0.01765 8.84474e-05 1967.7 285.394 5.25654 5.43044 -653.528 -970.495 5172610.0
325 -0.01755 8.84499e-05 1967.62 285.793 5.26404 5.44383 -674.844 -1002.54 5294060.0
326 -0.01745 8.84544e-05 1967.53 286.246 5.27264 5.45884 -698.844 -1037.79 5428750.0
327 -0.01735 8.84581e-05 1967.44 286.728 5.28174 5.47461 -724.492 -1074.99 5572190.0
328 -0.01725 8.84621e-05 1967.35 287.178 5.29027 5.48978 -748.347 -1111.06 5708020.0
329 -0.01715 8.84666e-05 1967.26 287.696 5.30009 5.50685 -775.992 -1151.12 5861370.0
330 -0.01705 8.84709e-05 1967.17 288.174 5.30916 5.52248 -801.344 -1188.81 6007870.0
331 -0.01695 8.84743e-05 1967.07 288.659 5.31829 5.53914 -826.925 -1228.18 6153310.0
332 -0.01685 8.84803e-05 1966.96 289.197 5.32857 5.55754 -855.788 -1271.76 6317260.0
333 -0.01675 8.84844e-05 1966.86 289.762 5.33923 5.57616 -885.641 -1315.46 6484250.0
334 -0.01665 8.84897e-05 1966.74 290.346 5.35031 5.59572 -916.606 -1361.41 6658470.0
335 -0.01655 8.84944e-05 1966.63 290.926 5.36127 5.61533 -947.563 -1408.28 6835520.0
336 -0.01645 8.84993e-05 1966.51 291.551 5.37308 5.63598 -980.915 -1456.93 7021760.0
337 -0.01635 8.85058e-05 1966.39 292.21 5.38563 5.65792 -1015.52 -1507.82 7214290.0
338 -0.01625 8.85115e-05 1966.26 292.867 5.39809 5.67995 -1050.6 -1560.26 7413580.0
339 -0.01615 8.85176e-05 1966.13 293.536 5.4108 5.70263 -1086.25 -1614.21 7616760.0
340 -0.01605 8.8522e-05 1965.99 294.235 5.42394 5.72595 -1123.42 -1669.53 7826730.0
341 -0.01595 8.85302e-05 1965.84 295.014 5.43882 5.75187 -1164.83 -1729.79 8055490.0
342 -0.01585 8.85361e-05 1965.71 295.715 5.45209 5.77554 -1201.81 -1786.29 8268730.0
343 -0.01575 8.85428e-05 1965.56 296.51 5.46717 5.8024 -1244.19 -1849.57 8506780.0
344 -0.01565 8.85499e-05 1965.4 297.298 5.48213 5.82901 -1286.08 -1912.38 8745090.0
345 -0.01555 8.85572e-05 1965.25 298.089 5.49717 5.85517 -1327.92 -1974.72 8983490.0
346 -0.01545 8.85645e-05 1965.08 298.963 5.51375 5.88425 -1374.51 -2043.65 9246830.0
347 -0.01535 8.85725e-05 1964.9 299.895 5.53143 5.9161 -1423.67 -2117.31 9518910.0
348 -0.01525 8.85814e-05 1964.71 300.891 5.55037 5.94938 -1476.78 -2195.25 9813300.0
349 -0.01515 8.8589e-05 1964.53 301.844 5.56842 5.98082 -1527.31 -2269.59 10098700.0
350 -0.01505 8.85985e-05 1964.33 302.843 5.58745 6.01424 -1580.26 -2348.37 10397500.0
351 -0.01495 8.86068e-05 1964.15 303.806 5.60574 6.04694 -1631.45 -2426.06 10689700.0
352 -0.01485 8.8616e-05 1963.94 304.902 5.62654 6.08336 -1689.17 -2510.96 11010900.0
353 -0.01475 8.8626e-05 1963.72 306.023 5.64787 6.12113 -1749.08 -2600.18 11349800.0
354 -0.01465 8.86368e-05 1963.48 307.212 5.6705 6.16238 -1811.99 -2695.26 11698400.0
355 -0.01455 8.86471e-05 1963.25 308.448 5.69398 6.20358 -1877.4 -2791.52 12062500.0
356 -0.01445 8.86571e-05 1963.01 309.635 5.71653 6.24374 -1940.44 -2886.39 12419800.0
357 -0.01435 8.86692e-05 1962.77 310.897 5.74063 6.28682 -2007.33 -2987.14 12795700.0
358 -0.01425 8.86797e-05 1962.51 312.219 5.76571 6.33114 -2077.57 -3091.44 13190500.0
359 -0.01415 8.86925e-05 1962.24 313.587 5.79182 6.37789 -2149.53 -3199.36 13590100.0
360 -0.01405 8.87055e-05 1961.97 315.008 5.81891 6.4259 -2225.1 -3311.81 14014900.0
361 -0.01395 8.87183e-05 1961.67 316.539 5.84804 6.47775 -2306.43 -3432.69 14468300.0
362 -0.01385 8.87312e-05 1961.38 318.038 5.87658 6.5281 -2385.26 -3549.87 14907600.0
363 -0.01375 8.87449e-05 1961.07 319.625 5.90682 6.58172 -2469.61 -3675.82 15382400.0
364 -0.01365 8.87605e-05 1960.74 321.286 5.93855 6.6384 -2557.78 -3807.53 15873200.0
365 -0.01355 8.87758e-05 1960.4 323.017 5.97158 6.69718 -2648.87 -3943.07 16377400.0
366 -0.01345 8.8791e-05 1960.05 324.798 6.00553 6.75795 -2743.25 -4084.23 16904200.0
367 -0.01335 8.8807e-05 1959.7 326.644 6.04076 6.81993 -2841.06 -4228.77 17448700.0
368 -0.01325 8.88248e-05 1959.33 328.513 6.07655 6.88287 -2939.83 -4375.13 18000100.0
369 -0.01315 8.88411e-05 1958.94 330.532 6.11501 6.95118 -3046.58 -4533.8 18593700.0
370 -0.01305 8.88599e-05 1958.53 332.586 6.15431 7.02215 -3155.11 -4697.34 19197200.0
371 -0.01295 8.88795e-05 1958.12 334.681 6.19444 7.09319 -3265.79 -4862.32 19813500.0
372 -0.01285 8.88976e-05 1957.71 336.804 6.23502 7.16546 -3378.29 -5031.33 20447700.0
373 -0.01275 8.89187e-05 1957.26 339.073 6.2785 7.24269 -3497.72 -5209.25 21109400.0
374 -0.01265 8.89395e-05 1956.79 341.5 6.32492 7.32553 -3626.01 -5399.74 21817300.0
375 -0.01255 8.89617e-05 1956.3 343.947 6.37183 7.40963 -3755.15 -5593.64 22535500.0
376 -0.01245 8.89853e-05 1955.79 346.565 6.42203 7.49843 -3893.37 -5797.31 23296900.0
377 -0.01235 8.9009e-05 1955.27 349.242 6.47337 7.58947 -4034.58 -6006.97 24077600.0
378 -0.01225 8.90332e-05 1954.72 352.009 6.52642 7.68439 -4180.98 -6225.29 24888800.0
379 -0.01215 8.90585e-05 1954.18 354.763 6.57936 7.77882 -4325.08 -6441.74 25687600.0
380 -0.01205 8.90841e-05 1953.61 357.666 6.6351 7.87754 -4478.46 -6670.29 26543500.0
381 -0.01195 8.91132e-05 1952.99 360.783 6.69512 7.98462 -4642.54 -6914.24 27445800.0
382 -0.01185 8.91409e-05 1952.36 363.977 6.75649 8.09433 -4810.85 -7165.64 28377700.0
383 -0.01175 8.91702e-05 1951.72 367.203 6.8186 8.20561 -4980.34 -7420.49 29315900.0
384 -0.01165 8.92022e-05 1951.05 370.59 6.88397 8.32214 -5158.8 -7686.68 30302200.0
385 -0.01155 8.9233e-05 1950.34 374.194 6.95332 8.44586 -5348.06 -7967.73 31341100.0
386 -0.01145 8.92687e-05 1949.59 377.972 7.02632 8.57683 -5546.6 -8263.9 32428300.0
387 -0.01135 8.93035e-05 1948.82 381.853 7.10124 8.70948 -5749.63 -8563.62 33537400.0
388 -0.01125 8.93387e-05 1948.04 385.795 7.17738 8.84567 -5957.31 -8874.54 34687000.0
389 -0.01115 8.93774e-05 1947.21 389.93 7.25745 8.98879 -6174.0 -9197.84 35876500.0
390 -0.01105 8.94162e-05 1946.35 394.234 7.34075 9.13896 -6399.74 -9536.34 37114900.0
391 -0.01095 8.94572e-05 1945.47 398.641 7.4262 9.29237 -6630.15 -9881.33 38377000.0
392 -0.01085 8.94991e-05 1944.56 403.203 7.51471 9.44962 -6869.31 -10236.5 39692000.0
393 -0.01075 8.95427e-05 1943.6 408.029 7.60836 9.61653 -7121.49 -10610.0 41065200.0
394 -0.01065 8.95898e-05 1942.59 413.067 7.70635 9.79242 -7384.86 -11003.0 42501800.0
395 -0.01055 8.96381e-05 1941.56 418.227 7.80682 9.97113 -7654.45 -11402.7 43973300.0
396 -0.01045 8.96859e-05 1940.5 423.518 7.90979 10.155 -7930.64 -11815.1 45487000.0
397 -0.01035 8.97386e-05 1939.37 429.12 8.01914 10.3508 -8222.48 -12249.6 47073400.0
398 -0.01025 8.97919e-05 1938.21 434.889 8.13176 10.5523 -8523.46 -12697.7 48714800.0
399 -0.01015 8.9848e-05 1937.0 440.956 8.25038 10.7633 -8839.71 -13165.7 50433000.0
400 -0.01005 8.99063e-05 1935.77 447.081 8.3704 10.9775 -9158.27 -13641.1 52174200.0
401 -0.00995 8.99654e-05 1934.46 453.561 8.4973 11.2038 -9495.1 -14140.5 54001500.0
402 -0.00985 9.00299e-05 1933.1 460.316 8.63003 11.4405 -9845.62 -14659.9 55895800.0
403 -0.00975 9.00943e-05 1931.69 467.237 8.76606 11.6845 -10204.3 -15195.0 57842300.0
404 -0.00965 9.01639e-05 1930.23 474.485 8.90893 11.9392 -10580.8 -15753.2 59881400.0
405 -0.00955 9.02339e-05 1928.71 481.933 9.05579 12.2023 -10966.3 -16328.0 61970700.0
406 -0.00945 9.03079e-05 1927.15 489.642 9.20818 12.4743 -11364.6 -16920.4 64126500.0
407 -0.00935 9.03843e-05 1925.51 497.711 9.36785 12.7598 -11781.5 -17540.3 66380000.0
408 -0.00925 9.04636e-05 1923.82 506.022 9.53263 13.0523 -12210.2 -18174.1 68693200.0
409 -0.00915 9.05461e-05 1922.08 514.572 9.70255 13.3552 -12650.9 -18829.4 71078100.0
410 -0.00905 9.06328e-05 1920.22 523.632 9.88284 13.6782 -13116.3 -19520.8 73575100.0
411 -0.00895 9.07234e-05 1918.32 532.915 10.0681 14.0082 -13593.9 -20230.3 76152600.0
412 -0.00885 9.08191e-05 1916.29 542.779 10.2653 14.36 -14100.0 -20977.8 78856900.0
413 -0.00875 9.09174e-05 1914.23 552.865 10.4673 14.7195 -14616.7 -21741.6 81625600.0
414 -0.00865 9.10201e-05 1912.06 563.356 10.678 15.0955 -15152.6 -22535.8 84492100.0
415 -0.00855 9.11259e-05 1909.85 574.089 10.8941 15.4799 -15701.6 -23348.6 87437900.0
416 -0.00845 9.1239e-05 1907.47 585.62 11.1267 15.8935 -16288.9 -24211.8 90553000.0
417 -0.00835 9.13564e-05 1905.05 597.283 11.3629 16.314 -16882.0 -25089.0 93715000.0
418 -0.00825 9.14767e-05 1902.52 609.449 11.6096 16.7525 -17499.9 -26001.0 97004300.0
419 -0.00815 9.1603e-05 1899.89 622.091 11.8668 17.2098 -18141.6 -26946.7 100416000.0
420 -0.00805 9.17351e-05 1897.16 635.154 12.1335 17.6833 -18800.6 -27918.3 103908000.0
421 -0.00795 9.18734e-05 1894.31 648.739 12.4116 18.1779 -19486.7 -28930.7 107548000.0
422 -0.00785 9.20157e-05 1891.39 662.721 12.6988 18.6872 -20191.4 -29968.2 111282000.0
423 -0.00775 9.21669e-05 1888.28 677.453 13.0024 19.2265 -20929.7 -31053.3 115167000.0
424 -0.00765 9.23227e-05 1885.08 692.617 13.3159 19.782 -21690.8 -32172.5 119190000.0
425 -0.00755 9.24868e-05 1881.74 708.389 13.6434 20.3616 -22478.4 -33328.7 123336000.0
426 -0.00745 9.26576e-05 1878.29 724.65 13.9823 20.961 -23288.8 -34517.3 127598000.0
427 -0.00735 9.28353e-05 1874.68 741.561 14.3361 21.5881 -24128.4 -35750.5 132002000.0
428 -0.00725 9.30228e-05 1870.91 759.2 14.7067 22.244 -25002.8 -37031.1 136580000.0
429 -0.00715 9.32179e-05 1867.0 777.497 15.0927 22.9223 -25905.2 -38344.1 141282000.0
430 -0.00705 9.34202e-05 1862.93 796.407 15.4934 23.6292 -26835.6 -39704.1 146142000.0
431 -0.00695 9.36355e-05 1858.68 816.011 15.9113 24.368 -27797.9 -41112.0 151153000.0
432 -0.00685 9.38542e-05 1854.33 836.123 16.3416 25.124 -28779.7 -42543.8 156269000.0
433 -0.00675 9.40858e-05 1849.77 857.101 16.7929 25.9161 -29799.5 -44026.0 161558000.0
434 -0.00665 9.43294e-05 1844.98 878.918 17.265 26.7478 -30857.1 -45566.8 167035000.0
435 -0.00655 9.45825e-05 1840.04 901.533 17.7567 27.6047 -31949.0 -47141.0 172672000.0
436 -0.00645 9.48483e-05 1834.91 924.778 18.2657 28.4968 -33065.1 -48761.6 178436000.0
437 -0.00635 9.51247e-05 1829.55 948.977 18.7983 29.427 -34221.2 -50431.3 184384000.0
438 -0.00625 9.54149e-05 1823.99 973.999 19.3528 30.3934 -35411.5 -52145.9 190501000.0
439 -0.00615 9.5718e-05 1818.23 999.746 19.9275 31.3942 -36630.0 -53902.7 196757000.0
440 -0.00605 9.60375e-05 1812.18 1026.62 20.5314 32.4444 -37892.6 -55715.0 203206000.0
441 -0.00595 9.63701e-05 1805.92 1054.34 21.1589 33.5321 -39188.8 -57570.3 209825000.0
442 -0.00585 9.67175e-05 1799.42 1082.98 21.8121 34.6618 -40520.0 -59471.6 216612000.0
443 -0.00575 9.70819e-05 1792.68 1112.47 22.4904 35.8318 -41879.9 -61408.4 223527000.0
444 -0.00565 9.74621e-05 1785.69 1142.93 23.1967 37.0458 -43275.9 -63389.8 230622000.0
445 -0.00555 9.78621e-05 1778.39 1174.53 23.9357 38.3134 -44714.4 -65424.0 237915000.0
446 -0.00545 9.82764e-05 1770.89 1206.77 24.6969 39.6165 -46169.7 -67482.7 245306000.0
447 -0.00535 9.87125e-05 1763.07 1240.17 25.493 40.9749 -47663.3 -69584.4 252857000.0
448 -0.00525 9.91696e-05 1754.94 1274.55 26.3211 42.387 -49190.2 -71732.4 260594000.0
449 -0.00515 9.96499e-05 1746.49 1310.05 27.1854 43.8531 -50748.0 -73906.5 268442000.0
450 -0.00505 0.000100151 1737.72 1346.72 28.0869 45.3776 -52345.4 -76128.3 276508000.0
451 -0.00495 0.000100676 1728.67 1384.11 29.018 46.9481 -53953.4 -78360.9 284621000.0
452 -0.00485 0.00010123 1719.24 1422.89 29.9949 48.5868 -55603.2 -80630.3 292919000.0
453 -0.00475 0.000101808 1709.45 1462.69 31.0102 50.2865 -57276.9 -82926.8 301359000.0
454 -0.00465 0.00010241 1699.38 1503.21 32.0578 52.0345 -58958.1 -85229.2 309860000.0
455 -0.00455 0.000103046 1688.91 1545.11 33.1561 53.8534 -60673.8 -87550.6 318515000.0
456 -0.00445 0.00010371 1678.11 1587.82 34.2919 55.7293 -62396.3 -89876.1 327243000.0
457 -0.00435 0.000104405 1666.93 1631.68 35.4753 57.6701 -64139.9 -92205.1 336091000.0
458 -0.00425 0.000105136 1655.33 1676.6 36.7073 59.6842 -65892.8 -94533.8 345005000.0
459 -0.00415 0.000105903 1643.36 1722.48 37.9869 61.7638 -67650.9 -96845.3 353980000.0
460 -0.00405 0.000106704 1631.02 1769.33 39.315 63.907 -69414.1 -99141.3 363037000.0
461 -0.00395 0.000107544 1618.28 1816.96 40.6913 66.1178 -71166.5 -101405.0 372100000.0
462 -0.00385 0.000108428 1605.08 1865.82 42.1292 68.4116 -72925.1 -103645.0 381250000.0
463 -0.00375 0.000109353 1591.51 1915.29 43.615 70.7668 -74661.0 -105834.0 390387000.0
464 -0.00365 0.000110324 1577.5 1965.46 45.1546 73.1993 -76369.6 -107972.0 399502000.0
465 -0.00355 0.000111349 1562.98 2016.86 46.7662 75.7191 -78072.5 -110048.0 408657000.0
466 -0.00345 0.000112412 1548.2 2068.47 48.4207 78.287 -79731.1 -112051.0 417788000.0
467 -0.00335 0.00011353 1532.95 2120.96 50.1432 80.9342 -81360.7 -113966.0 426900000.0
468 -0.00325 0.000114707 1517.22 2174.15 51.9339 83.6662 -82945.9 -115787.0 435969000.0
469 -0.00315 0.000115933 1501.17 2227.51 53.777 86.4519 -84469.7 -117497.0 444957000.0
470 -0.00305 0.000117218 1484.72 2281.3 55.6863 89.3082 -85938.8 -119092.0 453913000.0
471 -0.00295 0.000118559 1467.93 2335.35 57.6575 92.2246 -87340.3 -120559.0 462804000.0
472 -0.00285 0.000119969 1450.69 2389.64 59.6996 95.2178 -88665.4 -121880.0 471597000.0
473 -0.00275 0.000121447 1433.01 2444.0 61.8098 98.2855 -89897.2 -123045.0 480283000.0
474 -0.00265 0.000122993 1415.02 2498.48 63.9917 101.409 -91052.6 -124053.0 488927000.0
475 -0.00255 0.000124613 1396.61 2552.91 66.2474 104.604 -92101.1 -124874.0 497448000.0
476 -0.00245 0.000126313 1377.83 2607.24 68.5802 107.866 -93048.1 -125513.0 505907000.0
477 -0.00235 0.000128085 1358.76 2661.0 70.976 111.176 -93869.2 -125953.0 514238000.0
478 -0.00225 0.000129936 1339.39 2714.34 73.4453 114.536 -94570.5 -126186.0 522484000.0
479 -0.00215 0.000131871 1319.76 2767.08 75.9875 117.947 -95145.4 -126214.0 530672000.0
480 -0.00205 0.000133888 1299.86 2819.16 78.6019 121.4 -95581.3 -126018.0 538762000.0
481 -0.00195 0.000135994 1279.74 2870.43 81.2897 124.893 -95878.1 -125601.0 546806000.0
482 -0.00185 0.000138207 1259.25 2920.99 84.0677 128.45 -96019.7 -124929.0 554778000.0
483 -0.00175 0.000140496 1238.74 2970.16 86.8986 132.011 -96009.9 -124048.0 562707000.0
484 -0.00165 0.000142894 1217.95 3018.45 89.8187 135.619 -95840.1 -122906.0 570592000.0
485 -0.00155 0.000145369 1197.21 3065.36 92.795 139.22 -95530.9 -121569.0 578518000.0
486 -0.00145 0.000147945 1176.37 3110.99 95.8445 142.837 -95056.9 -119987.0 586417000.0
487 -0.00135 0.000150623 1155.46 3154.94 98.9583 146.469 -94411.9 -118183.0 594329000.0
488 -0.00125 0.000153396 1134.56 3197.32 102.134 150.096 -93608.1 -116167.0 602275000.0
489 -0.00115 0.000156276 1113.65 3238.25 105.383 153.726 -92643.2 -113921.0 610248000.0
490 -0.00105 0.000159244 1092.9 3277.18 108.676 157.329 -91522.0 -111500.0 618270000.0
491 -0.00095 0.000162317 1072.21 3314.78 112.044 160.923 -90266.0 -108888.0 626436000.0
492 -0.00085 0.000165504 1051.56 3350.58 115.478 164.507 -88844.2 -106064.0 634645000.0
493 -0.00075 0.000168776 1031.18 3384.42 118.95 168.047 -87284.0 -103104.0 642951000.0
494 -0.00065 0.000172141 1011.02 3416.5 122.472 171.549 -85599.5 -100009.0 651384000.0
495 -0.00055 0.0001756 991.093 3446.76 126.039 175.008 -83783.9 -96776.1 659917000.0
496 -0.00045 0.000179138 971.537 3475.37 129.646 178.407 -81876.9 -93466.2 668581000.0
497 -0.00035 0.00018276 952.278 3501.98 133.28 181.751 -79849.3 -90058.6 677337000.0
498 -0.00025 0.000186457 933.398 3526.88 136.943 185.033 -77736.0 -86593.2 686210000.0
499 -0.00015 0.000190223 914.911 3549.99 140.624 188.246 -75538.7 -83081.7 695175000.0
500 -5e-05 0.000194081 896.729 3571.41 144.342 191.406 -73247.4 -79496.6 704196000.0
501 5e-05 0.000197972 879.107 3591.29 148.055 194.473 -70927.5 -75959.1 713353000.0
502 0.00015 0.000201909 861.953 3609.31 151.757 197.453 -68543.2 -72423.3 722490000.0
503 0.00025 0.000205894 845.286 3626.08 155.472 200.357 -66140.1 -68917.6 731723000.0
504 0.00035 0.000209899 829.153 3641.14 159.154 203.164 -63705.0 -65470.7 740925000.0
505 0.00045 0.000213939 813.484 3654.91 162.831 205.89 -61249.8 -62057.3 750141000.0
506 0.00055 0.000217975 798.432 3667.48 166.473 208.513 -58817.2 -58755.7 759328000.0
507 0.00065 0.000222012 783.922 3678.79 170.08 211.046 -56390.8 -55541.9 768494000.0
508 0.00075 0.000226059 769.875 3688.85 173.653 213.489 -53960.9 -52384.9 777527000.0
509 0.00085 0.000230085 756.413 3697.91 177.179 215.839 -51565.3 -49344.4 786485000.0
510 0.00095 0.000234068 743.532 3706.1 180.646 218.084 -49224.5 -46436.7 795325000.0
511 0.00105 0.000238012 731.213 3713.26 184.045 220.236 -46915.1 -43642.2 804018000.0
512 0.00115 0.000241928 719.379 3719.68 187.396 222.304 -44653.2 -40948.3 812573000.0
513 0.00125 0.000245767 708.141 3725.25 190.655 224.268 -42454.7 -38404.4 820932000.0
514 0.00135 0.000249537 697.449 3729.97 193.825 226.138 -40310.9 -35988.6 829075000.0
515 0.00145 0.000253239 687.25 3734.15 196.92 227.922 -38229.3 -33688.3 837000000.0
516 0.00155 0.000256854 677.572 3737.94 199.935 229.617 -36227.4 -31519.0 844732000.0
517 0.00165 0.000260383 668.398 3741.0 202.848 231.225 -34287.9 -29468.4 852217000.0
518 0.00175 0.000263814 659.699 3743.71 205.669 232.746 -32426.7 -27540.5 859431000.0
519 0.00185 0.000267159 651.439 3745.98 208.403 234.196 -30629.1 -25710.5 866417000.0
520 0.00195 0.000270385 643.667 3747.82 211.023 235.563 -28911.6 -24013.7 873150000.0
521 0.00205 0.000273488 636.365 3749.31 213.53 236.842 -27277.6 -22444.4 879569000.0
522 0.00215 0.00027648 629.471 3750.7 215.947 238.054 -25723.1 -20972.6 885784000.0
523 0.00225 0.000279382 622.937 3751.78 218.275 239.206 -24230.7 -19570.4 891731000.0
524 0.00235 0.000282177 616.765 3752.48 220.5 240.289 -22798.4 -18254.4 897401000.0
525 0.00245 0.000284822 611.044 3753.04 222.601 241.3 -21458.9 -17065.3 902811000.0
526 0.00255 0.000287367 605.623 3753.31 224.606 242.25 -20169.4 -15932.8 907956000.0
527 0.00265 0.000289783 600.581 3753.74 226.52 243.141 -18978.0 -14915.8 912889000.0
528 0.00275 0.00029209 595.832 3754.04 228.342 243.976 -17844.0 -13947.9 917543000.0
529 0.00285 0.000294299 591.361 3754.07 230.07 244.769 -16761.8 -13042.8 922010000.0
530 0.00295 0.000296385 587.2 3753.98 231.696 245.501 -15742.3 -12210.7 926191000.0
531 0.00305 0.000298378 583.277 3753.98 233.254 246.196 -14787.2 -11427.1 930208000.0
532 0.00315 0.000300267 579.609 3753.69 234.712 246.844 -13872.6 -10694.8 933977000.0
533 0.00325 0.000302052 576.18 3753.44 236.092 247.449 -13016.9 -10015.7 937533000.0
534 0.00335 0.00030375 572.965 3753.07 237.395 248.018 -12206.0 -9372.28 940910000.0
535 0.00345 0.000305322 570.008 3752.68 238.6 248.542 -11454.7 -8804.77 944072000.0
536 0.00355 0.000306838 567.196 3752.33 239.762 249.043 -10742.4 -8242.72 947101000.0
537 0.00365 0.000308243 564.603 3751.93 240.834 249.498 -10083.6 -7746.21 949903000.0
538 0.00375 0.00030956 562.206 3751.37 241.827 249.924 -9456.01 -7285.29 952550000.0
539 0.00385 0.000310809 559.949 3751.01 242.779 250.324 -8879.03 -6853.52 955052000.0
540 0.00395 0.000312008 557.796 3750.46 243.68 250.705 -8313.06 -6416.38 957422000.0
541 0.00405 0.000313125 555.804 3749.94 244.519 251.058 -7790.21 -6020.67 959645000.0
542 0.00415 0.000314155 553.98 3749.41 245.288 251.381 -7306.12 -5670.7 961727000.0
543 0.00425 0.0003151 552.325 3748.87 245.991 251.675 -6866.44 -5373.82 963661000.0
544 0.00435 0.000316002 550.744 3748.48 246.669 251.958 -6450.82 -5071.2 965535000.0
545 0.00445 0.000316878 549.221 3747.98 247.32 252.227 -6043.79 -4760.47 967285000.0
546 0.00455 0.00031769 547.819 3747.39 247.914 252.476 -5662.16 -4474.81 968899000.0
547 0.00465 0.000318438 546.534 3746.9 248.465 252.704 -5310.48 -4220.9 970409000.0
548 0.00475 0.000319159 545.302 3746.41 248.995 252.923 -4977.99 -3964.21 971856000.0
549 0.00485 0.000319816 544.178 3745.96 249.478 253.122 -4671.8 -3741.52 973211000.0
550 0.00495 0.000320412 543.165 3745.55 249.916 253.301 -4395.9 -3556.22 974469000.0
551 0.00505 0.000321017 542.144 3744.88 250.343 253.484 -4102.94 -3327.1 975661000.0
552 0.00515 0.000321532 541.272 3744.51 250.72 253.639 -3863.43 -3158.6 976760000.0
553 0.00525 0.000322049 540.41 3744.03 251.091 253.794 -3620.51 -2967.07 977818000.0
554 0.00535 0.000322508 539.637 3743.51 251.414 253.929 -3397.09 -2808.43 978783000.0
555 0.00545 0.000322948 538.903 3743.22 251.737 254.062 -3198.2 -2654.58 979729000.0
556 0.00555 0.000323341 538.245 3742.9 252.022 254.174 -3014.51 -2523.49 980567000.0
557 0.00565 0.000323711 537.628 3742.52 252.286 254.285 -2839.02 -2398.33 981396000.0
558 0.00575 0.000324062 537.053 3742.06 252.528 254.388 -2667.11 -2275.42 982142000.0
559 0.00585 0.000324391 536.5 3741.69 252.758 254.485 -2512.69 -2161.91 982860000.0
560 0.00595 0.000324685 536.02 3741.38 252.967 254.573 -2370.92 -2062.61 983540000.0
561 0.00605 0.000324989 535.517 3740.85 253.168 254.66 -2217.56 -1937.84 984159000.0
562 0.00615 0.000325278 535.038 3740.63 253.378 254.748 -2082.41 -1813.34 984792000.0
563 0.00625 0.000325527 534.628 3740.26 253.547 254.818 -1962.47 -1726.03 985325000.0
564 0.00635 0.000325755 534.254 3739.96 253.705 254.884 -1849.75 -1648.63 985848000.0
565 0.00645 0.000325962 533.915 3739.76 253.852 254.944 -1754.84 -1581.28 986339000.0
566 0.00655 0.000326186 533.55 3739.41 254.003 255.01 -1642.64 -1477.33 986827000.0
567 0.00665 0.000326372 533.251 3739.02 254.121 255.062 -1549.35 -1416.62 987236000.0
568 0.00675 0.00032656 532.934 3738.86 254.256 255.118 -1460.27 -1336.34 987657000.0
569 0.00685 0.000326722 532.68 3738.53 254.36 255.164 -1375.35 -1275.94 988020000.0
570 0.00695 0.000326896 532.39 3738.48 254.492 255.215 -1303.01 -1200.21 988405000.0
571 0.00705 0.000327045 532.15 3738.11 254.583 255.26 -1218.9 -1131.77 988743000.0
572 0.00715 0.000327172 531.942 3737.96 254.671 255.298 -1158.09 -1077.94 989070000.0
573 0.00725 0.000327281 531.764 3737.8 254.745 255.324 -1107.66 -1047.71 989323000.0
574 0.00735 0.000327409 531.561 3737.5 254.824 255.362 -1036.31 -984.275 989609000.0
575 0.00745 0.000327507 531.399 3737.32 254.888 255.393 -987.228 -953.051 989892000.0
576 0.00755 0.000327629 531.199 3737.01 254.963 255.426 -920.438 -890.427 990118000.0
577 0.00765 0.000327724 531.048 3736.86 255.026 255.455 -872.996 -847.883 990367000.0
578 0.00775 0.00032782 530.892 3736.57 255.081 255.48 -819.322 -802.271 990564000.0
579 0.00785 0.000327904 530.758 3736.31 255.129 255.506 -769.336 -763.283 990776000.0
580 0.00795 0.000327974 530.642 3736.34 255.185 255.527 -742.467 -736.123 991009000.0
581 0.00805 0.00032805 530.519 3736.09 255.228 255.547 -695.978 -695.259 991173000.0
582 0.00815 0.000328115 530.415 3735.99 255.271 255.567 -666.865 -677.748 991348000.0
583 0.00825 0.000328185 530.3 3735.71 255.306 255.585 -619.786 -629.34 991516000.0
584 0.00835 0.000328243 530.207 3735.51 255.338 255.603 -590.31 -617.049 991673000.0
585 0.00845 0.000328309 530.104 3735.33 255.377 255.622 -549.896 -575.252 991814000.0
586 0.00855 0.000328384 529.977 3735.18 255.425 255.644 -513.939 -528.238 991976000.0
587 0.00865 0.000328437 529.899 3735.11 255.461 255.659 -487.89 -500.54 992101000.0
588 0.00875 0.000328471 529.841 3735.01 255.481 255.668 -469.314 -484.961 992211000.0
589 0.00885 0.000328504 529.785 3734.88 255.498 255.678 -446.999 -471.66 992324000.0
590 0.00895 0.000328556 529.703 3734.71 255.527 255.692 -416.949 -442.397 992432000.0
591 0.00905 0.000328576 529.672 3734.84 255.551 255.701 -419.229 -445.528 992554000.0
592 0.00915 0.000328619 529.602 3734.83 255.584 255.71 -398.556 -415.607 992652000.0
593 0.00925 0.000328659 529.537 3734.57 255.597 255.723 -368.668 -398.284 992731000.0
594 0.00935 0.0003287 529.466 3734.43 255.62 255.732 -342.693 -372.504 992815000.0
595 0.00945 0.00032874 529.404 3734.38 255.647 255.745 -321.537 -352.411 992923000.0
596 0.00955 0.000328763 529.371 3734.2 255.653 255.754 -306.316 -351.854 993004000.0
597 0.00965 0.000328786 529.323 3734.06 255.662 255.757 -287.62 -335.29 993050000.0
598 0.00975 0.000328831 529.259 3734.12 255.7 255.774 -274.811 -305.054 993165000.0
599 0.00985 0.000328866 529.198 3733.96 255.716 255.78 -249.455 -276.555 993192000.0
600 0.00995 0.000328881 529.174 3733.95 255.727 255.786 -242.26 -272.138 993264000.0
601 0.01005 0.000328905 529.139 3733.93 255.744 255.79 -231.938 -257.897 993326000.0
602 0.01015 0.000328936 529.089 3733.72 255.755 255.804 -205.991 -231.222 993407000.0
603 0.01025 0.000328942 529.078 3733.78 255.764 255.804 -211.698 -236.364 993432000.0
604 0.01035 0.000328975 529.023 3733.65 255.78 255.812 -189.711 -204.178 993479000.0
605 0.01045 0.00032897 529.037 3733.61 255.773 255.814 -190.488 -220.169 993531000.0
606 0.01055 0.000328961 529.043 3733.62 255.767 255.809 -189.79 -228.035 993560000.0
607 0.01065 0.000328989 529.001 3733.48 255.78 255.818 -175.853 -204.979 993611000.0
608 0.01075 0.000328996 528.985 3733.5 255.786 255.819 -170.91 -201.385 993645000.0
609 0.01085 0.000329008 528.971 3733.51 255.796 255.823 -164.656 -193.968 993701000.0
610 0.01095 0.000329041 528.914 3733.39 255.813 255.832 -148.444 -173.275 993735000.0
611 0.01105 0.00032905 528.9 3733.4 255.821 255.837 -141.648 -166.243 993800000.0
612 0.01115 0.000329062 528.885 3733.36 255.828 255.837 -137.391 -164.02 993797000.0
613 0.01125 0.000329086 528.839 3733.31 255.842 255.845 -123.539 -138.828 993846000.0
614 0.01135 0.000329093 528.834 3733.3 255.847 255.851 -122.431 -135.204 993903000.0
615 0.01145 0.000329099 528.825 3733.01 255.832 255.85 -104.337 -127.645 993889000.0
616 0.01155 0.000329101 528.817 3733.03 255.835 255.846 -104.682 -125.299 993879000.0
617 0.01165 0.000329102 528.816 3733.11 255.842 255.849 -107.654 -128.156 993933000.0
618 0.01175 0.000329114 528.796 3733.18 255.856 255.851 -106.225 -121.056 993950000.0
619 0.01185 0.000329139 528.76 3733.05 255.867 255.863 -88.3054 -98.6211 994009000.0
620 0.01195 0.00032914 528.755 3732.97 255.862 255.857 -82.8304 -95.9112 993990000.0
621 0.01205 0.000329141 528.757 3733.07 255.869 255.86 -89.7306 -108.838 994040000.0
622 0.01215 0.000329141 528.759 3733.02 255.866 255.859 -82.5627 -98.565 994052000.0
623 0.01225 0.000329137 528.762 3732.91 255.855 255.858 -82.5983 -108.372 994046000.0
624 0.01235 0.000329159 528.729 3732.87 255.869 255.865 -68.871 -83.4525 994097000.0
625 0.01245 0.000329169 528.707 3732.81 255.873 255.865 -65.3737 -78.5258 994090000.0
626 0.01255 0.000329175 528.701 3732.86 255.881 255.868 -65.0754 -79.446 994126000.0
627 0.01265 0.000329172 528.71 3732.81 255.875 255.87 -61.6582 -80.9902 994156000.0
628 0.01275 0.000329167 528.713 3732.85 255.874 255.868 -65.5767 -81.6082 994161000.0
629 0.01285 0.000329161 528.724 3732.92 255.874 255.866 -72.4648 -86.0564 994172000.0
630 0.01295 0.00032919 528.675 3732.75 255.885 255.872 -51.9684 -56.3618 994172000.0
631 0.01305 0.000329174 528.705 3732.7 255.869 255.87 -53.939 -74.277 994185000.0
632 0.01315 0.000329184 528.688 3732.7 255.877 255.871 -51.8368 -61.9978 994194000.0
633 0.01325 0.000329179 528.691 3732.78 255.879 255.871 -56.8464 -68.8171 994220000.0
634 0.01335 0.0003292 528.658 3732.56 255.88 255.875 -40.6757 -50.8324 994203000.0
635 0.01345 0.000329207 528.647 3732.51 255.882 255.879 -31.0754 -42.8168 994222000.0
636 0.01355 0.000329218 528.632 3732.47 255.888 255.881 -24.9095 -35.6622 994216000.0
637 0.01365 0.00032922 528.625 3732.52 255.893 255.883 -28.647 -35.1539 994251000.0
638 0.01375 0.000329225 528.619 3732.51 255.896 255.883 -25.3063 -33.6081 994266000.0
639 0.01385 0.000329206 528.65 3732.6 255.887 255.876 -35.5536 -47.9352 994256000.0
640 0.01395 0.000329211 528.643 3732.59 255.891 255.879 -35.976 -51.7179 994265000.0
641 0.01405 0.000329212 528.641 3732.53 255.887 255.879 -32.4696 -44.2357 994280000.0
642 0.01415 0.000329223 528.628 3732.72 255.908 255.884 -37.9395 -37.8762 994313000.0
643 0.01425 0.000329223 528.621 3732.72 255.908 255.882 -37.4056 -37.1435 994314000.0
644 0.01435 0.000329219 528.631 3732.58 255.896 255.88 -31.5763 -39.9361 994319000.0
645 0.01445 0.000329216 528.636 3732.53 255.891 255.88 -31.1752 -48.8435 994318000.0
646 0.01455 0.000329212 528.641 3732.47 255.883 255.881 -29.709 -48.5658 994324000.0
647 0.01465 0.000329217 528.634 3732.61 255.896 255.88 -36.2133 -42.3173 994337000.0
648 0.01475 0.000329229 528.616 3732.51 255.899 255.883 -25.8651 -27.5526 994334000.0
649 0.01485 0.00032922 528.626 3732.56 255.895 255.881 -31.431 -38.5996 994347000.0
650 0.01495 0.000329217 528.636 3732.58 255.894 255.88 -33.0291 -41.0198 994341000.0
651 0.01505 0.000329217 528.633 3732.6 255.896 255.883 -32.1585 -37.2185 994376000.0
652 0.01515 0.00032923 528.61 3732.45 255.896 255.884 -20.4996 -21.4363 994360000.0
653 0.01525 0.000329199 528.665 3732.51 255.876 255.876 -33.8196 -52.7106 994352000.0
654 0.01535 0.000329217 528.636 3732.52 255.89 255.882 -30.7386 -35.6945 994376000.0
655 0.01545 0.000329229 528.619 3732.5 255.898 255.88 -27.5394 -21.219 994357000.0
656 0.01555 0.000329222 528.627 3732.47 255.891 255.881 -26.9969 -28.7468 994357000.0
657 0.01565 0.000329215 528.64 3732.47 255.885 255.879 -27.4442 -35.1126 994361000.0
658 0.01575 0.00032923 528.615 3732.44 255.895 255.885 -21.775 -23.4093 994379000.0
659 0.01585 0.000329231 528.61 3732.49 255.899 255.881 -21.1819 -22.5314 994345000.0
660 0.01595 0.000329247 528.588 3732.52 255.914 255.891 -19.6864 -17.6196 994412000.0
661 0.01605 0.000329244 528.591 3732.61 255.918 255.887 -25.8288 -17.9001 994376000.0
662 0.01615 0.00032924 528.599 3732.47 255.905 255.888 -16.4001 -17.2495 994387000.0
663 0.01625 0.000329238 528.599 3732.45 255.902 255.884 -19.232 -17.0445 994362000.0
664 0.01635 0.000329227 528.618 3732.5 255.897 255.883 -24.1134 -28.9733 994375000.0
665 0.01645 0.000329227 528.617 3732.52 255.898 255.881 -24.3878 -30.8322 994374000.0
666 0.01655 0.000329227 528.617 3732.56 255.9 255.882 -26.8079 -31.4914 994393000.0
667 0.01665 0.000329245 528.589 3732.5 255.91 255.892 -16.0716 -13.9497 994416000.0
668 0.01675 0.000329246 528.583 3732.44 255.907 255.89 -13.7487 -7.21896 994420000.0
669 0.01685 0.000329217 528.636 3732.54 255.892 255.88 -29.7273 -36.5578 994395000.0
670 0.01695 0.000329215 528.633 3732.54 255.891 255.879 -32.505 -41.179 994382000.0
671 0.01705 0.000329238 528.599 3732.47 255.904 255.888 -16.8765 -22.9738 994415000.0
672 0.01715 0.000329237 528.599 3732.46 255.902 255.884 -19.5793 -26.3239 994380000.0
673 0.01725 0.000329231 528.606 3732.54 255.903 255.885 -25.1015 -29.5226 994399000.0
674 0.01735 0.000329245 528.587 3732.46 255.908 255.888 -13.5748 -7.54106 994398000.0
675 0.01745 0.000329243 528.59 3732.46 255.907 255.887 -15.8801 -9.53542 994395000.0
676 0.01755 0.000329255 528.568 3732.43 255.914 255.892 -8.57542 2.72891 994410000.0
677 0.01765 0.000329246 528.586 3732.31 255.899 255.89 -5.83982 -8.52856 994398000.0
678 0.01775 0.000329236 528.598 3732.13 255.878 255.885 1.68889 -17.8347 994383000.0
679 0.01785 0.000329248 528.582 3732.33 255.902 255.89 -6.73084 -5.66877 994417000.0
680 0.01795 0.000329239 528.597 3732.4 255.899 255.886 -10.9531 -15.2661 994405000.0
681 0.01805 0.00032924 528.595 3732.54 255.91 255.884 -20.4963 -17.5344 994409000.0
682 0.01815 0.000329237 528.596 3732.38 255.897 255.885 -12.1195 -24.9873 994404000.0
683 0.01825 0.000329224 528.621 3732.46 255.892 255.881 -21.2059 -34.2001 994398000.0
684 0.01835 0.000329231 528.609 3732.51 255.9 255.883 -23.3096 -30.6627 994415000.0
685 0.01845 0.000329238 528.599 3732.41 255.899 255.883 -14.0845 -26.7385 994401000.0
686 0.01855 0.000329225 528.622 3732.44 255.891 255.883 -19.9597 -32.799 994421000.0
687 0.01865 0.000329234 528.605 3732.49 255.901 255.883 -18.2383 -22.4457 994420000.0
688 0.01875 0.000329249 528.58 3732.47 255.911 255.89 -13.9657 -12.839 994447000.0
689 0.01885 0.000329245 528.586 3732.54 255.914 255.885 -15.4457 -11.2142 994431000.0
690 0.01895 0.000329249 528.576 3732.43 255.909 255.889 -9.19478 -12.0648 994449000.0
691 0.01905 0.00032923 528.611 3732.5 255.899 255.883 -21.6733 -34.4292 994442000.0
692 0.01915 0.00032926 528.562 3732.48 255.922 255.893 -6.23011 5.13891 994474000.0
693 0.01925 0.000329258 528.562 3732.49 255.92 255.889 -9.1178 -0.519278 994449000.0
694 0.01935 0.000329257 528.571 3732.45 255.916 255.893 -6.59311 -5.0073 994481000.0
695 0.01945 0.00032923 528.608 3732.42 255.894 255.883 -17.1352 -30.6283 994444000.0
696 0.01955 0.000329227 528.616 3732.4 255.89 255.881 -15.7399 -29.8893 994435000.0
697 0.01965 0.00032923 528.61 3732.42 255.894 255.882 -16.3132 -24.789 994438000.0
698 0.01975 0.000329242 528.593 3732.44 255.905 255.89 -14.4036 -15.0349 994458000.0
699 0.01985 0.000329242 528.589 3732.46 255.906 255.89 -12.7597 -10.0354 994460000.0
700 0.01995 0.000329252 528.576 3732.39 255.908 255.89 -6.27658 0.292575 994441000.0
701 0.02005 0.000329241 528.59 3732.47 255.906 255.885 -13.2833 -7.06502 994427000.0
702 0.02015 0.000329254 528.575 3732.43 255.913 255.891 -7.7319 -0.813173 994443000.0
703 0.02025 0.000329243 528.585 3732.4 255.903 255.888 -10.9291 -16.6255 994430000.0
704 0.02035 0.000329262 528.56 3732.54 255.926 255.893 -9.8759 2.71018 994444000.0
705 0.02045 0.00032925 528.576 3732.48 255.913 255.887 -13.5291 -10.9207 994425000.0
706 0.02055 0.000329257 528.569 3732.49 255.919 255.896 -8.89798 -4.36237 994474000.0
707 0.02065 0.000329246 528.582 3732.38 255.903 255.891 -10.2711 -17.1948 994418000.0
708 0.02075 0.000329231 528.605 3732.33 255.888 255.885 -10.4156 -28.837 994390000.0
709 0.02085 0.000329254 528.572 3732.27 255.902 255.892 2.93141 -0.0193363 994416000.0
710 0.02095 0.000329267 528.55 3732.31 255.914 255.896 5.39666 11.2267 994434000.0
711 0.02105 0.000329263 528.552 3732.35 255.914 255.895 -0.47838 -0.0661904 994443000.0
712 0.02115 0.000329251 528.572 3732.39 255.908 255.892 -6.58181 -16.9903 994447000.0
713 0.02125 0.000329234 528.604 3732.4 255.895 255.886 -12.3553 -32.591 994423000.0
714 0.02135 0.00032926 528.559 3732.28 255.908 255.894 0.786932 -9.52189 994427000.0
715 0.02145 0.000329256 528.567 3732.27 255.904 255.891 0.535587 -5.88342 994421000.0
716 0.02155 0.000329254 528.573 3732.37 255.909 255.892 -6.02787 -11.4515 994438000.0
717 0.02165 0.000329247 528.582 3732.45 255.909 255.89 -10.9119 -17.8494 994443000.0
718 0.02175 0.000329263 528.556 3732.37 255.916 255.894 -1.29052 -2.20044 994438000.0
719 0.02185 0.000329252 528.574 3732.3 255.903 255.89 -3.96564 -17.4116 994418000.0
720 0.02195 0.000329272 528.545 3732.44 255.927 255.897 -1.08826 5.1495 994438000.0
721 0.02205 0.000329267 528.548 3732.52 255.93 255.895 -7.46593 1.67802 994453000.0
722 0.02215 0.000329264 528.555 3732.42 255.921 255.897 -4.74679 -2.70349 994443000.0
723 0.02225 0.000329257 528.568 3732.42 255.915 255.892 -4.48316 -10.7836 994444000.0
724 0.02235 0.000329263 528.556 3732.32 255.912 255.895 3.82255 0.972112 994444000.0
725 0.02245 0.000329272 528.547 3732.37 255.923 255.897 3.56556 10.9019 994440000.0
726 0.02255 0.000329276 528.539 3732.31 255.922 255.897 5.71424 16.9335 994421000.0
727 0.02265 0.000329272 528.544 3732.36 255.922 255.897 3.43164 12.1773 994428000.0
728 0.02275 0.000329269 528.546 3732.32 255.917 255.897 2.65944 8.16191 994421000.0
729 0.02285 0.000329263 528.561 3732.26 255.909 255.895 5.43698 4.48172 994413000.0
730 0.02295 0.000329261 528.56 3732.31 255.91 255.894 1.17443 0.799442 994414000.0
731 0.02305 0.000329249 528.582 3732.35 255.904 255.89 -6.72385 -8.79619 994419000.0
732 0.02315 0.000329254 528.569 3732.39 255.911 255.893 -7.22029 -6.70833 994434000.0
733 0.02325 0.000329245 528.591 3732.36 255.902 255.891 -6.9121 -7.10561 994419000.0
734 0.02335 0.000329245 528.585 3732.39 255.904 255.889 -14.5183 -10.7305 994413000.0
735 0.02345 0.000329253 528.578 3732.38 255.908 255.891 -5.27311 0.146964 994412000.0
736 0.02355 0.000329252 528.579 3732.34 255.905 255.89 -5.15312 -6.68119 994408000.0
737 0.02365 0.00032925 528.584 3732.39 255.907 255.891 -9.09294 -11.6356 994410000.0
738 0.02375 0.000329246 528.589 3732.39 255.904 255.89 -9.0362 -11.5667 994419000.0
739 0.02385 0.000329253 528.576 3732.4 255.911 255.891 -8.79074 -5.14367 994406000.0
740 0.02395 0.000329242 528.595 3732.49 255.908 255.888 -16.6003 -13.6061 994424000.0
741 0.02405 0.000329257 528.567 3732.3 255.906 255.89 -2.69463 -2.90386 994393000.0
742 0.02415 0.000329276 528.542 3732.34 255.924 255.901 6.39207 16.6972 994442000.0
743 0.02425 0.000329273 528.545 3732.31 255.92 255.899 3.16161 9.23613 994426000.0
744 0.02435 0.000329263 528.555 3732.25 255.908 255.896 6.24112 2.16969 994403000.0
745 0.02445 0.000329265 528.556 3732.17 255.904 255.895 8.29278 1.69194 994391000.0
746 0.02455 0.000329274 528.541 3732.3 255.92 255.899 4.81819 10.4037 994399000.0
747 0.02465 0.000329262 528.559 3732.32 255.912 255.894 -0.829118 1.24063 994396000.0
748 0.02475 0.000329261 528.562 3732.35 255.913 255.896 -1.39022 -0.522428 994403000.0
749 0.02485 0.000329262 528.56 3732.34 255.913 255.895 -1.83584 -3.67832 994395000.0
750 0.02495 0.000329274 528.539 3732.27 255.918 255.9 10.2331 17.2665 994413000.0
751 0.02505 0.000329286 528.52 3732.31 255.93 255.901 12.819 25.2252 994408000.0
752 0.02515 0.000329257 528.566 3732.36 255.911 255.897 -3.05148 -4.99148 994416000.0
753 0.02525 0.00032927 528.545 3732.24 255.912 255.895 9.5574 13.5524 994409000.0
754 0.02535 0.000329277 528.535 3732.15 255.911 255.9 14.2424 13.707 994417000.0
755 0.02545 0.000329274 528.537 3732.23 255.915 255.897 10.32 13.9082 994404000.0
756 0.02555 0.00032926 528.56 3732.22 255.903 255.897 4.20317 -6.10229 994429000.0
757 0.02565 0.000329252 528.57 3732.25 255.899 255.892 0.497289 -12.7452 994414000.0
758 0.02575 0.000329255 528.568 3732.3 255.904 255.893 -2.85884 -11.0624 994428000.0
759 0.02585 0.000329245 528.582 3732.33 255.899 255.892 -6.2586 -15.6838 994426000.0
760 0.02595 0.000329274 528.539 3732.37 255.925 255.902 2.40556 9.37233 994462000.0
761 0.02605 0.000329284 528.517 3732.39 255.933 255.903 6.56447 18.1741 994462000.0
762 0.02615 0.000329297 528.498 3732.28 255.936 255.909 17.4089 25.2538 994478000.0
763 0.02625 0.000329273 528.538 3732.33 255.921 255.903 7.16243 3.83258 994460000.0
764 0.02635 0.000329268 528.541 3732.26 255.912 255.898 5.29841 -3.4198 994446000.0
765 0.02645 0.000329257 528.559 3732.37 255.911 255.897 -2.52504 -14.5905 994440000.0
766 0.02655 0.000329255 528.561 3732.32 255.906 255.897 -5.02709 -17.0771 994453000.0
767 0.02665 0.000329266 528.55 3732.42 255.922 255.901 -1.80578 -5.25315 994450000.0
768 0.02675 0.000329263 528.55 3732.29 255.911 255.896 0.829473 -13.6318 994439000.0
769 0.02685 0.000329271 528.54 3732.24 255.913 255.901 9.75468 -1.2095 994437000.0
770 0.02695 0.000329271 528.539 3732.28 255.916 255.9 5.3416 -3.8114 994422000.0
771 0.02705 0.00032928 528.522 3732.33 255.927 255.903 9.40516 12.419 994447000.0
772 0.02715 0.000329279 528.522 3732.32 255.925 255.9 6.22268 4.24937 994430000.0
773 0.02725 0.000329284 528.519 3732.42 255.936 255.905 1.26309 6.90929 994453000.0
774 0.02735 0.000329267 528.545 3732.49 255.927 255.896 -5.10772 -3.33817 994423000.0
775 0.02745 0.000329274 528.536 3732.34 255.922 255.902 3.17336 0.471266 994440000.0
776 0.02755 0.000329262 528.547 3732.29 255.91 255.897 2.3166 -1.17493 994428000.0
777 0.02765 0.000329277 528.53 3732.13 255.91 255.902 17.6794 19.7172 994422000.0
778 0.02775 0.000329293 528.504 3732.27 255.933 255.905 15.1582 39.0767 994437000.0
779 0.02785 0.000329288 528.511 3732.28 255.929 255.907 13.5323 37.8324 994466000.0
780 0.02795 0.000329277 528.529 3732.16 255.913 255.9 13.5613 20.5073 994424000.0
781 0.02805 0.00032926 528.561 3732.21 255.903 255.895 4.77155 8.51004 994416000.0
782 0.02815 0.000329263 528.552 3732.15 255.901 255.898 8.65663 3.81133 994418000.0
783 0.02825 0.000329268 528.548 3732.25 255.911 255.899 5.23259 7.14355 994431000.0
784 0.02835 0.000329266 528.551 3732.26 255.911 255.897 2.2528 3.12814 994426000.0
785 0.02845 0.000329246 528.584 3732.32 255.899 255.894 -6.07746 -13.9893 994427000.0
786 0.02855 0.000329248 528.575 3732.22 255.894 255.893 -1.59757 -7.4286 994414000.0
787 0.02865 0.000329247 528.583 3732.19 255.891 255.891 -2.2298 -8.70554 994409000.0
788 0.02875 0.00032925 528.572 3732.17 255.892 255.896 3.83227 -7.74515 994433000.0
789 0.02885 0.000329269 528.546 3732.26 255.913 255.902 4.85894 11.1893 994460000.0
790 0.02895 0.000329262 528.552 3732.22 255.905 255.895 5.05668 6.83568 994432000.0
791 0.02905 0.000329254 528.572 3732.28 255.903 255.894 -2.65022 -10.1357 994421000.0
792 0.02915 0.000329263 528.548 3732.26 255.909 255.898 3.28723 1.02549 994440000.0
793 0.02925 0.000329263 528.557 3732.3 255.912 255.898 3.35726 3.3341 994453000.0
794 0.02935 0.000329253 528.572 3732.35 255.907 255.892 -6.23149 -11.833 994435000.0
795 0.02945 0.000329254 528.568 3732.4 255.911 255.895 -7.84012 -12.3874 994447000.0
796 0.02955 0.000329263 528.553 3732.34 255.914 255.897 -1.00513 1.9449 994457000.0
797 0.02965 0.000329252 528.578 3732.39 255.909 255.894 -9.07855 -7.48585 994447000.0
798 0.02975 0.000329241 528.591 3732.25 255.89 255.891 -5.69987 -14.5219 994424000.0
799 0.02985 0.000329228 528.61 3732.24 255.88 255.888 -10.9378 -27.8492 994413000.0
800 0.02995 0.000329239 528.595 3732.14 255.881 255.893 -0.0755604 -18.0524 994407000.0
