TITLE = "DSMC"
VARIABLES = "ID" "X" "rho" "v1" "Ttrans" "p" "p1" "q1" "mv1v1v1" "mvvv1v1"
ZONE T="Ma=8.0", I=800, J=1, K=1, F=POINT
1 -0.04995 8.83411e-05 2462.55 273.104 5.02413 5.02294 -0.548334 -0.92315 1430200.0
2 -0.04985 8.8341e-05 2462.55 273.103 5.0241 5.02294 -0.549726 -0.871433 1430190.0
3 -0.04975 8.8342e-05 2462.55 273.103 5.02415 5.02299 -0.616768 -0.997091 1430690.0
4 -0.04965 8.83414e-05 2462.55 273.104 5.02414 5.02296 -0.6133 -0.964754 1430590.0
5 -0.04955 8.83417e-05 2462.55 273.107 5.02421 5.02306 -0.650665 -1.04288 1430860.0
6 -0.04945 8.83406e-05 2462.55 273.105 5.02412 5.02294 -0.677661 -1.0367 1430990.0
7 -0.04935 8.83411e-05 2462.55 273.105 5.02414 5.023 -0.751935 -1.14114 1431370.0
8 -0.04925 8.83418e-05 2462.55 273.106 5.02421 5.02307 -0.725641 -1.1318 1431330.0
9 -0.04915 8.83407e-05 2462.56 273.106 5.02414 5.02299 -0.768455 -1.16847 1431620.0
10 -0.04905 8.83414e-05 2462.55 273.109 5.02423 5.02305 -0.824755 -1.25228 1431910.0
11 -0.04895 8.83416e-05 2462.55 273.107 5.02422 5.02311 -0.851958 -1.3326 1432110.0
12 -0.04885 8.8342e-05 2462.55 273.107 5.02424 5.02321 -0.877083 -1.3628 1432270.0
13 -0.04875 8.8341e-05 2462.55 273.109 5.02422 5.02321 -0.874463 -1.38874 1432450.0
14 -0.04865 8.8341e-05 2462.55 273.108 5.02419 5.02321 -0.925578 -1.44262 1432620.0
15 -0.04855 8.8341e-05 2462.55 273.111 5.02424 5.02333 -0.989273 -1.53074 1433100.0
16 -0.04845 8.83417e-05 2462.55 273.109 5.02425 5.02335 -0.965025 -1.50599 1432920.0
17 -0.04835 8.83419e-05 2462.55 273.109 5.02426 5.02342 -0.982375 -1.52682 1433210.0
18 -0.04825 8.83414e-05 2462.55 273.113 5.02431 5.0235 -1.03445 -1.64289 1433370.0
19 -0.04815 8.83413e-05 2462.55 273.109 5.02424 5.02346 -0.94735 -1.51465 1432970.0
20 -0.04805 8.834e-05 2462.55 273.108 5.02413 5.02335 -0.963462 -1.59158 1433160.0
21 -0.04795 8.83416e-05 2462.55 273.111 5.02429 5.02349 -0.9629 -1.52744 1433260.0
22 -0.04785 8.83421e-05 2462.55 273.109 5.02427 5.02346 -0.964737 -1.6066 1433390.0
23 -0.04775 8.83418e-05 2462.55 273.11 5.02428 5.02354 -0.972987 -1.57449 1433420.0
24 -0.04765 8.83418e-05 2462.55 273.11 5.02429 5.02356 -1.0897 -1.75991 1434100.0
25 -0.04755 8.83413e-05 2462.55 273.11 5.02425 5.02352 -1.04292 -1.697 1433910.0
26 -0.04745 8.83412e-05 2462.55 273.11 5.02425 5.02355 -1.09321 -1.79441 1434290.0
27 -0.04735 8.83413e-05 2462.55 273.114 5.02432 5.02357 -1.11205 -1.77133 1434530.0
28 -0.04725 8.83412e-05 2462.55 273.11 5.02425 5.02355 -1.12446 -1.8314 1434450.0
29 -0.04715 8.83414e-05 2462.55 273.112 5.02429 5.02362 -1.12576 -1.82586 1434730.0
30 -0.04705 8.83409e-05 2462.55 273.111 5.02424 5.02354 -1.16066 -1.88501 1434740.0
31 -0.04695 8.83421e-05 2462.55 273.114 5.02437 5.02371 -1.21958 -1.94677 1435380.0
32 -0.04685 8.83417e-05 2462.55 273.113 5.02432 5.02372 -1.2119 -1.94947 1435230.0
33 -0.04675 8.83413e-05 2462.55 273.113 5.0243 5.0237 -1.2729 -2.08009 1435710.0
34 -0.04665 8.83415e-05 2462.55 273.116 5.02438 5.02376 -1.30724 -2.14053 1436100.0
35 -0.04655 8.83417e-05 2462.55 273.114 5.02435 5.0238 -1.29495 -2.12305 1435990.0
36 -0.04645 8.83415e-05 2462.55 273.117 5.02438 5.02382 -1.3664 -2.14436 1436320.0
37 -0.04635 8.83412e-05 2462.55 273.116 5.02435 5.02381 -1.36977 -2.16582 1436500.0
38 -0.04625 8.8342e-05 2462.55 273.116 5.02439 5.02386 -1.49067 -2.36632 1437220.0
39 -0.04615 8.83425e-05 2462.55 273.12 5.02451 5.02411 -1.49857 -2.35353 1437530.0
40 -0.04605 8.83408e-05 2462.55 273.118 5.02436 5.02394 -1.52877 -2.38897 1437560.0
41 -0.04595 8.83415e-05 2462.54 273.118 5.02441 5.02399 -1.5659 -2.39395 1437920.0
42 -0.04585 8.83408e-05 2462.55 273.121 5.02442 5.02405 -1.68066 -2.61349 1438450.0
43 -0.04575 8.83413e-05 2462.55 273.121 5.02446 5.02408 -1.64466 -2.54123 1438520.0
44 -0.04565 8.83418e-05 2462.55 273.122 5.02449 5.02408 -1.79951 -2.71817 1439260.0
45 -0.04555 8.83417e-05 2462.55 273.123 5.02452 5.02427 -1.90327 -2.8562 1440010.0
46 -0.04545 8.83413e-05 2462.55 273.124 5.0245 5.02414 -1.93797 -2.89735 1440140.0
47 -0.04535 8.83425e-05 2462.55 273.124 5.02458 5.02426 -1.84789 -2.80353 1439890.0
48 -0.04525 8.8341e-05 2462.55 273.125 5.0245 5.02414 -1.9332 -2.93347 1440290.0
49 -0.04515 8.83411e-05 2462.55 273.124 5.02449 5.02417 -1.92878 -2.96178 1440300.0
50 -0.04505 8.83418e-05 2462.55 273.128 5.02461 5.02428 -1.9987 -3.04966 1440900.0
51 -0.04495 8.83422e-05 2462.55 273.127 5.02461 5.02433 -2.08869 -3.23449 1441450.0
52 -0.04485 8.8341e-05 2462.55 273.129 5.02459 5.02425 -2.23189 -3.37474 1442040.0
53 -0.04475 8.83413e-05 2462.55 273.129 5.02459 5.02429 -2.157 -3.3205 1442080.0
54 -0.04465 8.8342e-05 2462.55 273.128 5.02461 5.02437 -2.17741 -3.32722 1442190.0
55 -0.04455 8.83418e-05 2462.55 273.13 5.02464 5.02434 -2.23028 -3.44053 1442600.0
56 -0.04445 8.8341e-05 2462.55 273.129 5.02459 5.02429 -2.25656 -3.48143 1442830.0
57 -0.04435 8.83421e-05 2462.54 273.131 5.02469 5.02441 -2.23054 -3.46687 1442840.0
58 -0.04425 8.83409e-05 2462.55 273.131 5.0246 5.02434 -2.30942 -3.54349 1443330.0
59 -0.04415 8.83417e-05 2462.55 273.128 5.02461 5.02434 -2.29942 -3.5777 1443260.0
60 -0.04405 8.83418e-05 2462.54 273.134 5.02472 5.02452 -2.43805 -3.67626 1444270.0
61 -0.04395 8.83412e-05 2462.55 273.131 5.02464 5.02443 -2.42908 -3.74163 1444100.0
62 -0.04385 8.83418e-05 2462.54 273.136 5.02475 5.02458 -2.53862 -3.84393 1445000.0
63 -0.04375 8.83415e-05 2462.54 273.133 5.02468 5.02441 -2.60181 -3.93994 1445300.0
64 -0.04365 8.83416e-05 2462.55 273.135 5.02472 5.02453 -2.57028 -3.90988 1445480.0
65 -0.04355 8.83423e-05 2462.55 273.137 5.02481 5.02463 -2.69482 -4.1148 1446170.0
66 -0.04345 8.83411e-05 2462.54 273.135 5.02471 5.02448 -2.7797 -4.25688 1446730.0
67 -0.04335 8.83411e-05 2462.54 273.139 5.02477 5.02464 -2.77838 -4.18222 1446700.0
68 -0.04325 8.83419e-05 2462.54 273.136 5.02477 5.02463 -2.76276 -4.21612 1446610.0
69 -0.04315 8.83416e-05 2462.55 273.14 5.02483 5.02476 -2.89973 -4.40992 1447760.0
70 -0.04305 8.83415e-05 2462.54 273.139 5.0248 5.02468 -2.92964 -4.42955 1447840.0
71 -0.04295 8.83415e-05 2462.54 273.141 5.02482 5.02475 -2.99415 -4.47554 1448120.0
72 -0.04285 8.83417e-05 2462.54 273.144 5.0249 5.02483 -3.18449 -4.73995 1449540.0
73 -0.04275 8.83415e-05 2462.54 273.146 5.02492 5.02491 -3.4721 -5.05987 1451080.0
74 -0.04265 8.83423e-05 2462.55 273.148 5.025 5.02497 -3.44836 -5.04957 1451120.0
75 -0.04255 8.8342e-05 2462.54 273.149 5.02501 5.02499 -3.54713 -5.26375 1451900.0
76 -0.04245 8.83417e-05 2462.54 273.147 5.02495 5.02495 -3.45022 -5.19198 1451390.0
77 -0.04235 8.83417e-05 2462.54 273.148 5.02498 5.02494 -3.51824 -5.32195 1452260.0
78 -0.04225 8.8341e-05 2462.55 273.148 5.02493 5.02494 -3.49051 -5.32606 1452090.0
79 -0.04215 8.83416e-05 2462.54 273.149 5.02499 5.02502 -3.63169 -5.59519 1453230.0
80 -0.04205 8.83418e-05 2462.54 273.151 5.02503 5.02503 -3.71448 -5.6742 1453510.0
81 -0.04195 8.83409e-05 2462.54 273.156 5.02507 5.02509 -3.87347 -5.8505 1454670.0
82 -0.04185 8.83417e-05 2462.54 273.157 5.02513 5.02522 -4.20421 -6.2362 1456600.0
83 -0.04175 8.83425e-05 2462.54 273.157 5.02518 5.02538 -4.07782 -6.13622 1456210.0
84 -0.04165 8.83415e-05 2462.54 273.159 5.02515 5.02529 -4.25432 -6.34436 1457170.0
85 -0.04155 8.83413e-05 2462.54 273.161 5.02518 5.02531 -4.2864 -6.35453 1457650.0
86 -0.04145 8.83417e-05 2462.54 273.159 5.02518 5.02531 -4.33368 -6.41861 1458140.0
87 -0.04135 8.83419e-05 2462.54 273.158 5.02516 5.02528 -4.26247 -6.38672 1457690.0
88 -0.04125 8.83409e-05 2462.54 273.162 5.02518 5.02533 -4.44438 -6.65314 1459130.0
89 -0.04115 8.83423e-05 2462.54 273.165 5.02532 5.02547 -4.58977 -6.86023 1460150.0
90 -0.04105 8.83417e-05 2462.54 273.163 5.02526 5.02545 -4.6902 -6.98115 1460790.0
91 -0.04095 8.83417e-05 2462.54 273.168 5.02534 5.02555 -4.77454 -7.14784 1461470.0
92 -0.04085 8.83414e-05 2462.54 273.169 5.02534 5.02555 -4.90758 -7.33858 1462490.0
93 -0.04075 8.83419e-05 2462.54 273.17 5.02538 5.02566 -4.92187 -7.39587 1462890.0
94 -0.04065 8.83415e-05 2462.54 273.172 5.0254 5.02575 -5.05955 -7.61073 1463890.0
95 -0.04055 8.83414e-05 2462.54 273.173 5.02541 5.02571 -5.25666 -7.86126 1464800.0
96 -0.04045 8.83413e-05 2462.54 273.176 5.02547 5.02587 -5.39854 -8.09963 1466130.0
97 -0.04035 8.83424e-05 2462.54 273.177 5.02554 5.02599 -5.45139 -8.1956 1466680.0
98 -0.04025 8.8342e-05 2462.54 273.178 5.02554 5.02595 -5.65686 -8.52602 1468110.0
99 -0.04015 8.83415e-05 2462.54 273.18 5.02554 5.02593 -5.70093 -8.47657 1468170.0
100 -0.04005 8.8342e-05 2462.54 273.182 5.02561 5.02605 -5.72396 -8.65642 1469140.0
101 -0.03995 8.8342e-05 2462.54 273.184 5.02566 5.02612 -6.01182 -8.98458 1470700.0
102 -0.03985 8.83418e-05 2462.54 273.185 5.02565 5.02614 -5.98262 -8.94576 1470710.0
103 -0.03975 8.83415e-05 2462.54 273.183 5.0256 5.02608 -6.07931 -9.15692 1471710.0
104 -0.03965 8.83418e-05 2462.54 273.189 5.02572 5.02626 -6.22576 -9.38732 1472610.0
105 -0.03955 8.83418e-05 2462.54 273.191 5.02576 5.0263 -6.45005 -9.63299 1474190.0
106 -0.03945 8.83425e-05 2462.54 273.192 5.02582 5.0264 -6.42233 -9.65518 1474390.0
107 -0.03935 8.83406e-05 2462.54 273.192 5.02571 5.02632 -6.674 -10.0475 1475850.0
108 -0.03925 8.8342e-05 2462.54 273.198 5.02591 5.02666 -6.87297 -10.3676 1477320.0
109 -0.03915 8.83419e-05 2462.54 273.203 5.026 5.02683 -7.19556 -10.7772 1479790.0
110 -0.03905 8.83424e-05 2462.54 273.203 5.02602 5.02681 -7.23191 -10.8645 1479480.0
111 -0.03895 8.83417e-05 2462.53 273.208 5.02608 5.02697 -7.6201 -11.427 1482770.0
112 -0.03885 8.83422e-05 2462.53 273.206 5.02607 5.02697 -7.57552 -11.3705 1482430.0
113 -0.03875 8.8342e-05 2462.54 273.213 5.02618 5.02722 -7.91702 -11.8181 1485020.0
114 -0.03865 8.83419e-05 2462.53 273.214 5.02619 5.02716 -7.91688 -11.8612 1485210.0
115 -0.03855 8.83417e-05 2462.53 273.216 5.02622 5.02718 -8.17521 -12.1853 1486890.0
116 -0.03845 8.83422e-05 2462.53 273.222 5.02636 5.02747 -8.52855 -12.6682 1489560.0
117 -0.03835 8.83407e-05 2462.53 273.222 5.02627 5.02726 -8.49989 -12.7498 1489660.0
118 -0.03825 8.83431e-05 2462.53 273.225 5.02646 5.02763 -8.8292 -13.2304 1492040.0
119 -0.03815 8.83419e-05 2462.53 273.227 5.02643 5.02761 -8.86278 -13.3119 1492290.0
120 -0.03805 8.83418e-05 2462.53 273.231 5.0265 5.0277 -9.16765 -13.697 1494670.0
121 -0.03795 8.8342e-05 2462.53 273.233 5.02656 5.02784 -9.40297 -14.1087 1496120.0
122 -0.03785 8.83415e-05 2462.53 273.237 5.0266 5.02796 -9.64823 -14.4765 1497920.0
123 -0.03775 8.8342e-05 2462.53 273.245 5.02678 5.02817 -10.1294 -15.1382 1501260.0
124 -0.03765 8.83427e-05 2462.53 273.25 5.0269 5.02831 -10.4523 -15.4001 1502790.0
125 -0.03755 8.83419e-05 2462.53 273.25 5.02687 5.02832 -10.4453 -15.5513 1503920.0
126 -0.03745 8.83421e-05 2462.53 273.258 5.02702 5.02856 -11.1093 -16.3422 1507940.0
127 -0.03735 8.8342e-05 2462.53 273.257 5.02699 5.02852 -11.1009 -16.4613 1508250.0
128 -0.03725 8.83426e-05 2462.53 273.267 5.02721 5.02881 -11.3978 -16.9262 1510630.0
129 -0.03715 8.83425e-05 2462.53 273.262 5.02712 5.02879 -11.3652 -16.9657 1511220.0
130 -0.03705 8.83418e-05 2462.53 273.265 5.02713 5.02884 -11.6432 -17.3715 1512980.0
131 -0.03695 8.83421e-05 2462.52 273.275 5.02733 5.02916 -12.0599 -17.9921 1515790.0
132 -0.03685 8.83424e-05 2462.53 273.279 5.02742 5.02922 -12.4029 -18.4614 1518050.0
133 -0.03675 8.83425e-05 2462.53 273.278 5.02741 5.02941 -12.5152 -18.7809 1519510.0
134 -0.03665 8.83419e-05 2462.52 273.287 5.02754 5.02949 -12.8894 -19.2465 1521920.0
135 -0.03655 8.83422e-05 2462.52 273.289 5.0276 5.02964 -13.1639 -19.6974 1523960.0
136 -0.03645 8.83429e-05 2462.52 273.295 5.02774 5.02987 -13.5815 -20.2418 1526780.0
137 -0.03635 8.83422e-05 2462.52 273.302 5.02783 5.03008 -14.0621 -20.9866 1530330.0
138 -0.03625 8.8342e-05 2462.52 273.308 5.02793 5.03021 -14.3848 -21.4328 1533010.0
139 -0.03615 8.83428e-05 2462.52 273.314 5.02808 5.03048 -14.7428 -21.8935 1535130.0
140 -0.03605 8.83425e-05 2462.52 273.319 5.02815 5.03061 -15.1284 -22.4662 1537650.0
141 -0.03595 8.8343e-05 2462.52 273.325 5.0283 5.03088 -15.4867 -23.1271 1540560.0
142 -0.03585 8.8343e-05 2462.52 273.329 5.02838 5.03094 -15.9033 -23.636 1543600.0
143 -0.03575 8.83426e-05 2462.52 273.342 5.02858 5.03128 -16.5144 -24.3717 1547620.0
144 -0.03565 8.83421e-05 2462.51 273.34 5.02852 5.03133 -16.6346 -24.8324 1549530.0
145 -0.03555 8.83422e-05 2462.51 273.347 5.02866 5.03152 -17.0374 -25.4654 1552310.0
146 -0.03545 8.83431e-05 2462.51 273.355 5.02886 5.03178 -17.5117 -25.9319 1555220.0
147 -0.03535 8.8343e-05 2462.51 273.369 5.02911 5.03214 -18.4522 -27.2584 1561520.0
148 -0.03525 8.8343e-05 2462.51 273.381 5.02933 5.03259 -19.2859 -28.3591 1567140.0
149 -0.03515 8.83435e-05 2462.51 273.388 5.02949 5.03284 -19.6834 -28.9838 1569680.0
150 -0.03505 8.83425e-05 2462.51 273.391 5.02948 5.03285 -20.0277 -29.5203 1573320.0
151 -0.03495 8.83437e-05 2462.51 273.4 5.02973 5.03331 -20.679 -30.5365 1577290.0
152 -0.03485 8.83429e-05 2462.5 273.412 5.02989 5.03361 -21.4399 -31.5329 1582920.0
153 -0.03475 8.83434e-05 2462.5 273.422 5.0301 5.03394 -21.902 -32.3301 1586480.0
154 -0.03465 8.83429e-05 2462.5 273.426 5.03016 5.03404 -22.4065 -33.0932 1590210.0
155 -0.03455 8.83434e-05 2462.5 273.437 5.03039 5.03444 -22.9392 -33.8778 1594000.0
156 -0.03445 8.83431e-05 2462.5 273.44 5.03043 5.03454 -23.3424 -34.593 1598070.0
157 -0.03435 8.83435e-05 2462.5 273.45 5.03063 5.03486 -23.9793 -35.4852 1602440.0
158 -0.03425 8.83441e-05 2462.5 273.458 5.03081 5.03509 -24.3809 -36.0209 1605120.0
159 -0.03415 8.8343e-05 2462.5 273.47 5.03096 5.0355 -25.4264 -37.5352 1612250.0
160 -0.03405 8.83436e-05 2462.5 273.484 5.03127 5.03588 -26.1715 -38.4606 1617410.0
161 -0.03395 8.83438e-05 2462.49 273.493 5.03144 5.03633 -26.7942 -39.6056 1622120.0
162 -0.03385 8.83435e-05 2462.49 273.5 5.03155 5.03655 -27.348 -40.7088 1626470.0
163 -0.03375 8.8344e-05 2462.49 273.513 5.03182 5.03697 -28.0903 -41.5566 1632000.0
164 -0.03365 8.8344e-05 2462.49 273.525 5.03204 5.03737 -29.0443 -43.0369 1638530.0
165 -0.03355 8.83438e-05 2462.48 273.537 5.03225 5.03768 -29.8461 -44.0707 1643960.0
166 -0.03345 8.83442e-05 2462.49 273.552 5.03254 5.03813 -30.8096 -45.3376 1650780.0
167 -0.03335 8.83439e-05 2462.48 273.566 5.03279 5.03863 -31.7747 -46.8348 1657430.0
168 -0.03325 8.83439e-05 2462.48 273.578 5.03301 5.03902 -32.5099 -47.9636 1662690.0
169 -0.03315 8.83437e-05 2462.48 273.585 5.03312 5.03921 -33.0835 -48.923 1667650.0
170 -0.03305 8.83446e-05 2462.47 273.605 5.03354 5.03994 -34.3608 -50.6619 1677190.0
171 -0.03295 8.83437e-05 2462.47 273.615 5.03367 5.04004 -34.9703 -51.4901 1681680.0
172 -0.03285 8.8344e-05 2462.47 273.631 5.03399 5.04081 -36.1787 -53.3471 1689720.0
173 -0.03275 8.83448e-05 2462.47 273.647 5.03432 5.04128 -37.2444 -55.1351 1697870.0
174 -0.03265 8.83444e-05 2462.47 273.661 5.03456 5.04162 -38.1477 -56.3587 1704230.0
175 -0.03255 8.83446e-05 2462.47 273.682 5.03497 5.04248 -39.7033 -58.6253 1713960.0
176 -0.03245 8.83446e-05 2462.46 273.698 5.03525 5.04293 -40.5957 -60.0311 1721570.0
177 -0.03235 8.83446e-05 2462.46 273.71 5.03548 5.04331 -41.5249 -61.2588 1727770.0
178 -0.03225 8.8345e-05 2462.46 273.735 5.03596 5.04417 -43.2497 -63.6853 1739900.0
179 -0.03215 8.83452e-05 2462.45 273.75 5.03624 5.04458 -44.0127 -64.8838 1746160.0
180 -0.03205 8.83446e-05 2462.45 273.762 5.03643 5.04512 -45.0387 -66.7725 1754080.0
181 -0.03195 8.83448e-05 2462.45 273.771 5.0366 5.04541 -45.559 -67.5215 1758470.0
182 -0.03185 8.8345e-05 2462.45 273.79 5.03697 5.04604 -46.8717 -69.5734 1768750.0
183 -0.03175 8.8345e-05 2462.45 273.805 5.03725 5.04647 -48.0181 -71.3257 1777130.0
184 -0.03165 8.83455e-05 2462.44 273.826 5.03766 5.04722 -49.1964 -73.0644 1786130.0
185 -0.03155 8.8345e-05 2462.44 273.83 5.0377 5.04731 -49.7477 -74.153 1791260.0
186 -0.03145 8.83457e-05 2462.44 273.863 5.03836 5.04837 -51.6996 -76.7233 1804110.0
187 -0.03135 8.83454e-05 2462.44 273.881 5.03866 5.04888 -52.9617 -78.6517 1814170.0
188 -0.03125 8.83453e-05 2462.43 273.891 5.03884 5.04929 -53.6811 -79.8233 1819100.0
189 -0.03115 8.8346e-05 2462.43 273.915 5.03932 5.05012 -55.4437 -82.5626 1832900.0
190 -0.03105 8.83465e-05 2462.43 273.944 5.03989 5.05107 -57.2929 -84.9609 1844320.0
191 -0.03095 8.83461e-05 2462.42 273.975 5.04044 5.052 -59.1895 -87.8778 1857530.0
192 -0.03085 8.83455e-05 2462.41 273.999 5.04085 5.05285 -61.0608 -90.6409 1871030.0
193 -0.03075 8.83458e-05 2462.41 274.027 5.04137 5.05362 -62.7406 -92.8708 1882860.0
194 -0.03065 8.83464e-05 2462.41 274.045 5.04175 5.0543 -64.2354 -95.2022 1894500.0
195 -0.03055 8.83466e-05 2462.4 274.078 5.04236 5.05532 -66.2765 -98.1735 1908270.0
196 -0.03045 8.83469e-05 2462.4 274.11 5.04297 5.05633 -68.412 -101.238 1923740.0
197 -0.03035 8.83471e-05 2462.39 274.135 5.04344 5.05711 -70.2948 -103.82 1936460.0
198 -0.03025 8.83468e-05 2462.39 274.161 5.0439 5.05801 -72.1221 -106.751 1950490.0
199 -0.03015 8.83474e-05 2462.39 274.204 5.04473 5.05947 -74.8098 -110.454 1967730.0
200 -0.03005 8.83474e-05 2462.38 274.23 5.04519 5.06019 -76.4849 -113.324 1981030.0
201 -0.02995 8.83472e-05 2462.38 274.253 5.04562 5.06095 -78.3082 -116.021 1994510.0
202 -0.02985 8.83484e-05 2462.37 274.299 5.04652 5.06247 -81.0339 -119.647 2013570.0
203 -0.02975 8.83474e-05 2462.37 274.326 5.04697 5.06316 -83.0588 -122.614 2028550.0
204 -0.02965 8.83476e-05 2462.36 274.357 5.04755 5.06423 -85.3791 -126.21 2045510.0
205 -0.02955 8.83485e-05 2462.36 274.398 5.04836 5.06567 -87.8136 -129.755 2062310.0
206 -0.02945 8.83485e-05 2462.35 274.417 5.04871 5.06635 -89.3801 -132.489 2076100.0
207 -0.02935 8.83489e-05 2462.35 274.463 5.04958 5.0677 -92.3723 -136.494 2096050.0
208 -0.02925 8.83488e-05 2462.34 274.489 5.05004 5.06849 -94.1885 -139.286 2111110.0
209 -0.02915 8.83497e-05 2462.34 274.533 5.05092 5.07014 -97.1641 -143.899 2131420.0
210 -0.02905 8.83489e-05 2462.33 274.582 5.05175 5.07149 -100.592 -148.455 2156210.0
211 -0.02895 8.83504e-05 2462.32 274.615 5.05246 5.07259 -102.531 -151.321 2169360.0
212 -0.02885 8.83491e-05 2462.32 274.662 5.05324 5.07396 -105.815 -156.156 2193720.0
213 -0.02875 8.83506e-05 2462.31 274.695 5.05394 5.07527 -108.032 -159.789 2210210.0
214 -0.02865 8.83496e-05 2462.31 274.742 5.05475 5.07669 -111.403 -164.845 2235270.0
215 -0.02855 8.83498e-05 2462.3 274.799 5.0558 5.07827 -114.822 -169.117 2257030.0
216 -0.02845 8.83505e-05 2462.29 274.835 5.0565 5.0797 -117.517 -173.816 2279120.0
217 -0.02835 8.83511e-05 2462.29 274.883 5.05742 5.08131 -120.668 -178.383 2300830.0
218 -0.02825 8.83508e-05 2462.28 274.932 5.05832 5.08286 -124.123 -183.682 2327100.0
219 -0.02815 8.83511e-05 2462.27 274.985 5.0593 5.08459 -127.609 -188.726 2351080.0
220 -0.02805 8.83514e-05 2462.26 275.038 5.0603 5.08638 -131.348 -194.39 2378420.0
221 -0.02795 8.83521e-05 2462.26 275.096 5.0614 5.0883 -134.935 -199.522 2401910.0
222 -0.02785 8.83523e-05 2462.25 275.135 5.06214 5.08961 -137.914 -204.549 2427930.0
223 -0.02775 8.83522e-05 2462.24 275.205 5.06342 5.09176 -142.336 -210.638 2455870.0
224 -0.02765 8.83529e-05 2462.23 275.264 5.06454 5.09386 -146.673 -217.474 2489090.0
225 -0.02755 8.83529e-05 2462.22 275.329 5.06574 5.09585 -150.702 -223.07 2515900.0
226 -0.02745 8.83535e-05 2462.21 275.381 5.06673 5.09758 -154.355 -228.605 2543470.0
227 -0.02735 8.83536e-05 2462.2 275.45 5.068 5.09988 -159.203 -236.118 2578650.0
228 -0.02725 8.83543e-05 2462.19 275.514 5.06921 5.10193 -163.151 -241.698 2606990.0
229 -0.02715 8.83548e-05 2462.18 275.584 5.07054 5.10434 -168.218 -249.494 2642810.0
230 -0.02705 8.8355e-05 2462.17 275.674 5.0722 5.10725 -174.015 -257.506 2680190.0
231 -0.02695 8.8355e-05 2462.16 275.733 5.07329 5.10919 -178.145 -263.935 2713600.0
232 -0.02685 8.83553e-05 2462.15 275.816 5.07483 5.11173 -183.739 -271.879 2751190.0
233 -0.02675 8.83561e-05 2462.14 275.888 5.07621 5.11417 -188.633 -279.158 2787700.0
234 -0.02665 8.83566e-05 2462.12 275.957 5.07751 5.11654 -193.348 -286.582 2823260.0
235 -0.02655 8.83573e-05 2462.12 276.031 5.07891 5.11884 -198.33 -293.596 2859160.0
236 -0.02645 8.83571e-05 2462.1 276.121 5.08055 5.12181 -204.342 -302.568 2899750.0
237 -0.02635 8.83577e-05 2462.09 276.207 5.08216 5.12487 -210.088 -311.842 2941340.0
238 -0.02625 8.83584e-05 2462.07 276.29 5.08372 5.12751 -215.769 -320.079 2983540.0
239 -0.02615 8.83591e-05 2462.06 276.364 5.08513 5.13016 -220.766 -328.286 3021920.0
240 -0.02605 8.83591e-05 2462.05 276.477 5.08721 5.13365 -228.035 -338.296 3069460.0
241 -0.02595 8.83593e-05 2462.04 276.568 5.0889 5.13662 -234.531 -347.988 3118400.0
242 -0.02585 8.83613e-05 2462.02 276.669 5.09088 5.14003 -241.351 -357.949 3166200.0
243 -0.02575 8.83604e-05 2462.0 276.749 5.0923 5.14255 -246.805 -366.421 3206960.0
244 -0.02565 8.83615e-05 2461.99 276.866 5.09451 5.14644 -254.603 -377.895 3262050.0
245 -0.02555 8.83619e-05 2461.97 276.977 5.09657 5.14991 -262.03 -388.211 3313430.0
246 -0.02545 8.83635e-05 2461.96 277.106 5.09904 5.1542 -270.771 -400.744 3373130.0
247 -0.02535 8.83627e-05 2461.94 277.206 5.10083 5.15739 -277.626 -411.407 3424530.0
248 -0.02525 8.83635e-05 2461.91 277.337 5.10329 5.16176 -286.453 -424.041 3483690.0
249 -0.02515 8.83648e-05 2461.9 277.454 5.10553 5.16568 -294.316 -436.181 3542030.0
250 -0.02505 8.83651e-05 2461.88 277.577 5.10781 5.16977 -302.6 -448.695 3600040.0
251 -0.02495 8.8366e-05 2461.87 277.71 5.11029 5.17422 -311.589 -461.725 3662870.0
252 -0.02485 8.83673e-05 2461.84 277.843 5.11282 5.17872 -320.521 -475.414 3725870.0
253 -0.02475 8.83671e-05 2461.82 277.952 5.11482 5.18219 -328.145 -487.131 3784560.0
254 -0.02465 8.83683e-05 2461.81 278.102 5.11764 5.18701 -337.987 -501.289 3853350.0
255 -0.02455 8.8369e-05 2461.78 278.238 5.1202 5.19144 -347.333 -515.062 3920620.0
256 -0.02445 8.83688e-05 2461.76 278.37 5.12261 5.1956 -356.167 -528.437 3985780.0
257 -0.02435 8.83702e-05 2461.74 278.541 5.12583 5.20116 -367.614 -544.76 4064140.0
258 -0.02425 8.83717e-05 2461.71 278.708 5.12899 5.2067 -378.952 -561.516 4143070.0
259 -0.02415 8.83726e-05 2461.69 278.877 5.13215 5.2119 -390.167 -577.308 4221600.0
260 -0.02405 8.83728e-05 2461.66 279.049 5.13534 5.21788 -402.151 -595.71 4306040.0
261 -0.02395 8.83748e-05 2461.63 279.232 5.13881 5.22401 -414.168 -613.64 4390600.0
262 -0.02385 8.8375e-05 2461.61 279.378 5.14151 5.2287 -424.256 -629.215 4466900.0
263 -0.02375 8.83757e-05 2461.59 279.571 5.14511 5.23487 -436.964 -647.313 4554090.0
264 -0.02365 8.83774e-05 2461.55 279.763 5.14875 5.24166 -450.225 -668.191 4649150.0
265 -0.02355 8.8378e-05 2461.53 279.944 5.15211 5.24743 -462.168 -685.835 4734470.0
266 -0.02345 8.83789e-05 2461.49 280.143 5.15583 5.25456 -475.961 -707.536 4834890.0
267 -0.02335 8.83796e-05 2461.46 280.343 5.15955 5.26082 -489.128 -726.18 4923600.0
268 -0.02325 8.83822e-05 2461.43 280.572 5.16392 5.26848 -504.648 -749.103 5034290.0
269 -0.02315 8.83821e-05 2461.4 280.769 5.16754 5.27506 -518.038 -769.621 5130750.0
270 -0.02305 8.83833e-05 2461.37 280.984 5.17155 5.28199 -532.491 -790.768 5233630.0
271 -0.02295 8.83846e-05 2461.33 281.216 5.17592 5.28984 -548.174 -814.513 5344360.0
272 -0.02285 8.83864e-05 2461.3 281.45 5.18032 5.29743 -563.81 -837.718 5455760.0
273 -0.02275 8.83879e-05 2461.26 281.695 5.18491 5.30544 -580.485 -862.071 5573480.0
274 -0.02265 8.83884e-05 2461.22 281.936 5.18939 5.31341 -596.826 -886.38 5687880.0
275 -0.02255 8.83903e-05 2461.18 282.207 5.19449 5.32264 -615.05 -913.796 5817220.0
276 -0.02245 8.83912e-05 2461.14 282.478 5.19952 5.33112 -633.155 -939.766 5943650.0
277 -0.02235 8.83932e-05 2461.1 282.766 5.20495 5.34068 -652.744 -968.645 6079300.0
278 -0.02225 8.83952e-05 2461.06 283.049 5.21026 5.3501 -671.886 -997.199 6216440.0
279 -0.02215 8.8396e-05 2461.02 283.329 5.21546 5.35938 -690.781 -1025.71 6350040.0
280 -0.02205 8.83976e-05 2460.97 283.633 5.22115 5.36959 -710.852 -1055.95 6489550.0
281 -0.02195 8.8399e-05 2460.92 283.933 5.22676 5.37927 -731.497 -1086.55 6639970.0
282 -0.02185 8.84003e-05 2460.88 284.243 5.23254 5.38958 -752.194 -1117.65 6786690.0
283 -0.02175 8.84022e-05 2460.83 284.577 5.23881 5.40074 -774.62 -1150.81 6940300.0
284 -0.02165 8.84051e-05 2460.77 284.913 5.24518 5.41178 -797.644 -1184.84 7106670.0
285 -0.02155 8.84068e-05 2460.72 285.288 5.25216 5.42431 -822.912 -1222.26 7280340.0
286 -0.02145 8.8409e-05 2460.67 285.61 5.25823 5.43497 -844.451 -1254.79 7435160.0
287 -0.02135 8.84101e-05 2460.62 285.981 5.26513 5.44701 -869.611 -1291.86 7614520.0
288 -0.02125 8.84118e-05 2460.56 286.35 5.27202 5.45918 -894.449 -1328.9 7790320.0
289 -0.02115 8.84145e-05 2460.5 286.735 5.27928 5.47174 -920.018 -1366.22 7968280.0
290 -0.02105 8.84163e-05 2460.44 287.146 5.28695 5.48546 -948.364 -1408.82 8170540.0
291 -0.02095 8.84191e-05 2460.38 287.54 5.29436 5.49863 -974.856 -1448.89 8359320.0
292 -0.02085 8.84209e-05 2460.31 287.948 5.30199 5.51208 -1001.78 -1488.88 8547760.0
293 -0.02075 8.84231e-05 2460.25 288.379 5.31005 5.52664 -1031.11 -1533.5 8756360.0
294 -0.02065 8.84262e-05 2460.17 288.881 5.31949 5.54295 -1064.97 -1582.01 8990660.0
295 -0.02055 8.84278e-05 2460.1 289.348 5.32819 5.55829 -1096.62 -1628.97 9212260.0
296 -0.02045 8.84315e-05 2460.03 289.834 5.33736 5.57452 -1129.03 -1677.24 9438870.0
297 -0.02035 8.84338e-05 2459.96 290.301 5.34609 5.59061 -1160.74 -1726.72 9667530.0
298 -0.02025 8.84372e-05 2459.87 290.845 5.35632 5.60895 -1197.38 -1781.35 9920780.0
299 -0.02015 8.8439e-05 2459.8 291.365 5.366 5.62572 -1232.6 -1832.98 10170800.0
300 -0.02005 8.84426e-05 2459.71 291.917 5.3764 5.64404 -1269.36 -1887.51 10423800.0
301 -0.01995 8.84454e-05 2459.63 292.469 5.38673 5.66211 -1306.92 -1943.25 10691000.0
302 -0.01985 8.84486e-05 2459.55 293.009 5.39688 5.68028 -1343.1 -1998.1 10948900.0
303 -0.01975 8.84518e-05 2459.46 293.573 5.40745 5.69901 -1381.53 -2055.85 11222500.0
304 -0.01965 8.84544e-05 2459.37 294.162 5.41846 5.71877 -1421.02 -2115.69 11501600.0
305 -0.01955 8.84586e-05 2459.27 294.841 5.43122 5.74099 -1466.51 -2181.91 11815800.0
306 -0.01945 8.84614e-05 2459.18 295.461 5.44281 5.76164 -1508.44 -2245.16 12112600.0
307 -0.01935 8.84658e-05 2459.06 296.199 5.45667 5.78627 -1558.2 -2318.21 12454700.0
308 -0.01925 8.84691e-05 2458.96 296.89 5.46961 5.80924 -1604.61 -2387.57 12780200.0
309 -0.01915 8.84738e-05 2458.85 297.639 5.4837 5.83401 -1655.12 -2461.25 13126900.0
310 -0.01905 8.84777e-05 2458.72 298.4 5.49797 5.85962 -1706.35 -2537.68 13484300.0
311 -0.01895 8.84818e-05 2458.61 299.156 5.51215 5.88475 -1757.61 -2614.47 13845200.0
312 -0.01885 8.84858e-05 2458.49 299.917 5.52643 5.90976 -1808.23 -2689.46 14196600.0
313 -0.01875 8.8491e-05 2458.38 300.727 5.54168 5.93704 -1863.49 -2772.4 14589300.0
314 -0.01865 8.84948e-05 2458.24 301.56 5.55727 5.96472 -1919.13 -2854.69 14973100.0
315 -0.01855 8.84995e-05 2458.11 302.482 5.57456 5.99533 -1981.41 -2946.19 15401500.0
316 -0.01845 8.85052e-05 2457.97 303.363 5.59114 6.02475 -2040.46 -3034.3 15813400.0
317 -0.01835 8.85095e-05 2457.84 304.255 5.60787 6.05441 -2100.97 -3124.32 16238800.0
318 -0.01825 8.85151e-05 2457.69 305.198 5.62559 6.08528 -2164.05 -3217.18 16678400.0
319 -0.01815 8.85193e-05 2457.55 306.188 5.64413 6.11777 -2230.57 -3314.54 17140300.0
320 -0.01805 8.8525e-05 2457.39 307.17 5.66258 6.15104 -2297.16 -3415.56 17607500.0
321 -0.01795 8.85315e-05 2457.23 308.19 5.6818 6.18605 -2365.48 -3519.72 18087000.0
322 -0.01785 8.85375e-05 2457.07 309.284 5.70236 6.22284 -2439.1 -3629.66 18598100.0
323 -0.01775 8.85432e-05 2456.89 310.418 5.72364 6.26 -2515.51 -3741.38 19125700.0
324 -0.01765 8.85496e-05 2456.72 311.55 5.74493 6.29836 -2591.84 -3856.45 19662500.0
325 -0.01755 8.85562e-05 2456.54 312.734 5.76719 6.3378 -2670.81 -3973.59 20204000.0
326 -0.01745 8.85623e-05 2456.35 313.969 5.79037 6.37958 -2754.98 -4100.29 20796800.0
327 -0.01735 8.85711e-05 2456.15 315.234 5.81427 6.42204 -2839.13 -4225.42 21375500.0
328 -0.01725 8.85766e-05 2455.97 316.461 5.83725 6.46291 -2921.9 -4349.81 21961900.0
329 -0.01715 8.85832e-05 2455.77 317.746 5.86139 6.50569 -3008.37 -4478.92 22567200.0
330 -0.01705 8.85916e-05 2455.56 319.113 5.88717 6.55197 -3100.36 -4616.95 23208300.0
331 -0.01695 8.8599e-05 2455.34 320.521 5.91364 6.59987 -3194.58 -4759.04 23860200.0
332 -0.01685 8.86063e-05 2455.11 322.033 5.94202 6.65079 -3296.56 -4910.76 24561400.0
333 -0.01675 8.86155e-05 2454.9 323.43 5.96843 6.69707 -3390.68 -5051.07 25228700.0
334 -0.01665 8.86238e-05 2454.66 325.004 5.99803 6.74958 -3496.44 -5208.39 25962500.0
335 -0.01655 8.86319e-05 2454.41 326.637 6.02872 6.80402 -3605.72 -5369.95 26712900.0
336 -0.01645 8.86417e-05 2454.15 328.272 6.05956 6.85934 -3715.53 -5534.17 27472400.0
337 -0.01635 8.86514e-05 2453.89 329.982 6.0918 6.9164 -3830.23 -5704.39 28267900.0
338 -0.01625 8.86601e-05 2453.62 331.743 6.12491 6.97647 -3948.89 -5883.84 29092000.0
339 -0.01615 8.86711e-05 2453.34 333.578 6.15956 7.03829 -4071.85 -6066.04 29935300.0
340 -0.01605 8.86825e-05 2453.04 335.495 6.19576 7.10331 -4200.83 -6259.04 30827400.0
341 -0.01595 8.86923e-05 2452.75 337.362 6.23091 7.1669 -4326.05 -6448.59 31699200.0
342 -0.01585 8.87023e-05 2452.43 339.402 6.2693 7.23536 -4462.78 -6650.7 32631400.0
343 -0.01575 8.87152e-05 2452.12 341.453 6.3081 7.30381 -4601.64 -6856.82 33605300.0
344 -0.01565 8.87257e-05 2451.79 343.522 6.34707 7.37462 -4738.76 -7064.93 34547000.0
345 -0.01555 8.87383e-05 2451.46 345.685 6.38795 7.44739 -4884.42 -7282.36 35559200.0
346 -0.01545 8.8751e-05 2451.11 347.945 6.43064 7.52357 -5035.72 -7507.75 36602200.0
347 -0.01535 8.87645e-05 2450.74 350.358 6.47621 7.60618 -5197.98 -7751.74 37718400.0
348 -0.01525 8.87778e-05 2450.37 352.761 6.52161 7.68744 -5359.19 -7991.82 38827000.0
349 -0.01515 8.87918e-05 2449.98 355.243 6.56853 7.77068 -5524.88 -8238.35 39968000.0
350 -0.01505 8.88062e-05 2449.57 357.95 6.61965 7.86208 -5706.88 -8506.72 41208900.0
351 -0.01495 8.88212e-05 2449.16 360.582 6.66945 7.95142 -5882.27 -8769.21 42411900.0
352 -0.01485 8.88375e-05 2448.71 363.447 6.72368 8.04958 -6074.77 -9057.19 43728300.0
353 -0.01475 8.88528e-05 2448.28 366.208 6.77592 8.14282 -6259.9 -9334.41 45010100.0
354 -0.01465 8.88701e-05 2447.82 369.173 6.83212 8.24338 -6457.95 -9629.51 46365200.0
355 -0.01455 8.88857e-05 2447.36 372.146 6.88835 8.34463 -6657.33 -9929.06 47740300.0
356 -0.01445 8.89044e-05 2446.86 375.365 6.94938 8.45418 -6872.34 -10249.0 49204000.0
357 -0.01435 8.89224e-05 2446.35 378.644 7.01151 8.5651 -7091.93 -10575.2 50706000.0
358 -0.01425 8.8942e-05 2445.82 382.024 7.07568 8.68094 -7318.52 -10914.5 52258500.0
359 -0.01415 8.89611e-05 2445.29 385.444 7.14053 8.79654 -7545.57 -11252.5 53805000.0
360 -0.01405 8.89802e-05 2444.74 388.992 7.20781 8.91694 -7783.28 -11607.2 55441800.0
361 -0.01395 8.90002e-05 2444.19 392.539 7.27518 9.03755 -8020.39 -11963.9 57078500.0
362 -0.01385 8.90224e-05 2443.58 396.439 7.34928 9.17081 -8281.04 -12351.5 58853300.0
363 -0.01375 8.90455e-05 2442.95 400.446 7.4255 9.30811 -8548.89 -12751.0 60673500.0
364 -0.01365 8.90686e-05 2442.33 404.411 7.50097 9.44308 -8813.18 -13146.3 62485000.0
365 -0.01355 8.90915e-05 2441.68 408.612 7.58084 9.58576 -9093.55 -13562.6 64399300.0
366 -0.01345 8.91161e-05 2440.99 413.026 7.66485 9.73698 -9387.65 -14000.6 66391500.0
367 -0.01335 8.91421e-05 2440.3 417.4 7.74828 9.88761 -9680.02 -14441.2 68401400.0
368 -0.01325 8.91678e-05 2439.58 422.016 7.83622 10.0451 -9987.36 -14898.3 70489000.0
369 -0.01315 8.91965e-05 2438.81 426.892 7.92932 10.2131 -10311.7 -15381.1 72678700.0
370 -0.01305 8.92236e-05 2438.03 431.846 8.02377 10.3837 -10642.3 -15876.5 74931300.0
371 -0.01295 8.92524e-05 2437.24 436.865 8.11964 10.5552 -10975.1 -16373.1 77196100.0
372 -0.01285 8.92826e-05 2436.42 442.065 8.21907 10.7349 -11321.5 -16893.5 79557500.0
373 -0.01275 8.93138e-05 2435.55 447.587 8.32465 10.9256 -11688.6 -17441.9 82038600.0
374 -0.01265 8.93463e-05 2434.68 453.135 8.4309 11.1154 -12057.0 -17988.9 84535900.0
375 -0.01255 8.93802e-05 2433.77 458.969 8.54269 11.3155 -12446.2 -18567.6 87185700.0
376 -0.01245 8.94129e-05 2432.82 464.956 8.65729 11.5218 -12842.0 -19158.8 89854300.0
377 -0.01235 8.94503e-05 2431.84 471.083 8.77504 11.7351 -13249.0 -19771.1 92621400.0
378 -0.01225 8.9487e-05 2430.83 477.524 8.89866 11.9563 -13676.0 -20404.8 95503100.0
379 -0.01215 8.95246e-05 2429.78 484.121 9.0254 12.1853 -14112.7 -21058.7 98453100.0
380 -0.01205 8.95656e-05 2428.66 491.208 9.16171 12.4312 -14582.7 -21756.3 101598000.0
381 -0.01195 8.96078e-05 2427.51 498.43 9.30079 12.6804 -15059.8 -22462.6 104793000.0
382 -0.01185 8.96508e-05 2426.34 505.83 9.4434 12.9378 -15550.1 -23195.3 108098000.0
383 -0.01175 8.96956e-05 2425.13 513.424 9.58996 13.2005 -16051.7 -23940.1 111467000.0
384 -0.01165 8.97418e-05 2423.88 521.282 9.74175 13.4742 -16570.9 -24715.0 114957000.0
385 -0.01155 8.97872e-05 2422.61 529.278 9.89619 13.7523 -17100.8 -25507.9 118545000.0
386 -0.01145 8.98378e-05 2421.28 537.66 10.0586 14.043 -17650.8 -26322.6 122214000.0
387 -0.01135 8.98884e-05 2419.88 546.443 10.2286 14.3475 -18231.2 -27180.9 126099000.0
388 -0.01125 8.99421e-05 2418.44 555.346 10.4015 14.6611 -18815.9 -28058.2 130011000.0
389 -0.01115 8.99953e-05 2416.98 564.57 10.5805 14.9819 -19425.6 -28963.7 134115000.0
390 -0.01105 9.00521e-05 2415.47 574.127 10.7664 15.3134 -20052.7 -29888.8 138290000.0
391 -0.01095 9.01111e-05 2413.87 584.104 10.9607 15.6617 -20708.6 -30860.8 142666000.0
392 -0.01085 9.0172e-05 2412.25 594.157 11.1569 16.0164 -21368.6 -31850.1 147092000.0
393 -0.01075 9.02358e-05 2410.51 604.907 11.3668 16.3951 -22072.9 -32896.4 151762000.0
394 -0.01065 9.03006e-05 2408.77 615.809 11.5799 16.7768 -22788.3 -33956.5 156536000.0
395 -0.01055 9.03706e-05 2406.9 627.36 11.8063 17.1845 -23543.2 -35075.1 161522000.0
396 -0.01045 9.04402e-05 2405.01 639.043 12.0354 17.5959 -24306.2 -36207.4 166587000.0
397 -0.01035 9.05142e-05 2403.05 651.179 12.274 18.0241 -25099.1 -37383.0 171852000.0
398 -0.01025 9.05895e-05 2401.06 663.466 12.516 18.4598 -25900.7 -38579.3 177185000.0
399 -0.01015 9.06665e-05 2398.98 676.305 12.7691 18.9142 -26736.7 -39821.3 182735000.0
400 -0.01005 9.07475e-05 2396.83 689.5 13.0298 19.3833 -27595.9 -41099.0 188429000.0
401 -0.00995 9.08336e-05 2394.56 703.387 13.3049 19.8798 -28497.7 -42440.0 194373000.0
402 -0.00985 9.09217e-05 2392.23 717.714 13.589 20.3892 -29427.0 -43814.6 200492000.0
403 -0.00975 9.10113e-05 2389.83 732.474 13.8822 20.9131 -30383.8 -45225.7 206797000.0
404 -0.00965 9.11061e-05 2387.33 747.757 14.1866 21.4588 -31371.0 -46684.0 213269000.0
405 -0.00955 9.12061e-05 2384.72 763.619 14.5034 22.0296 -32397.5 -48206.8 220014000.0
406 -0.00945 9.13074e-05 2382.07 779.777 14.8268 22.6085 -33439.6 -49748.5 226857000.0
407 -0.00935 9.1411e-05 2379.33 796.431 15.1606 23.2059 -34511.8 -51333.7 233897000.0
408 -0.00925 9.15193e-05 2376.48 813.776 15.5091 23.8288 -35626.0 -52977.4 241189000.0
409 -0.00915 9.16332e-05 2373.53 831.603 15.8686 24.474 -36770.8 -54672.2 248677000.0
410 -0.00905 9.17516e-05 2370.44 850.252 16.2454 25.1472 -37964.7 -56430.0 256453000.0
411 -0.00895 9.18727e-05 2367.27 869.365 16.6325 25.8395 -39188.3 -58235.1 264443000.0
412 -0.00885 9.20033e-05 2363.94 889.29 17.0379 26.567 -40456.7 -60107.0 272656000.0
413 -0.00875 9.21336e-05 2360.56 909.537 17.4505 27.3058 -41744.9 -62012.2 281042000.0
414 -0.00865 9.22696e-05 2357.05 930.539 17.8798 28.0718 -43080.5 -63980.3 289727000.0
415 -0.00855 9.24118e-05 2353.4 952.373 18.3275 28.8695 -44465.2 -66010.0 298682000.0
416 -0.00845 9.25607e-05 2349.6 974.923 18.7917 29.6971 -45889.5 -68103.5 307877000.0
417 -0.00835 9.27148e-05 2345.65 998.351 19.2753 30.5617 -47368.5 -70276.5 317408000.0
418 -0.00825 9.28753e-05 2341.59 1022.47 19.7751 31.4487 -48884.1 -72491.9 327152000.0
419 -0.00815 9.30402e-05 2337.41 1047.1 20.2874 32.3606 -50431.0 -74761.8 337124000.0
420 -0.00805 9.32135e-05 2333.04 1072.74 20.823 33.3135 -52033.5 -77108.5 347390000.0
421 -0.00795 9.33954e-05 2328.48 1099.48 21.3837 34.3085 -53701.2 -79540.4 358040000.0
422 -0.00785 9.35808e-05 2323.82 1126.76 21.9578 35.3266 -55399.6 -82019.6 368915000.0
423 -0.00775 9.3773e-05 2319.01 1154.81 22.5507 36.3768 -57136.3 -84553.3 379996000.0
424 -0.00765 9.39765e-05 2313.98 1183.96 23.17 37.476 -58936.9 -87180.8 391455000.0
425 -0.00755 9.41888e-05 2308.74 1214.28 23.817 38.6184 -60801.2 -89882.5 403253000.0
426 -0.00745 9.44079e-05 2303.36 1245.31 24.4824 39.7936 -62708.0 -92652.6 415366000.0
427 -0.00735 9.46336e-05 2297.81 1277.03 25.1662 41.0056 -64643.9 -95479.1 427636000.0
428 -0.00725 9.48685e-05 2292.07 1309.95 25.879 42.2582 -66646.9 -98374.6 440296000.0
429 -0.00715 9.5114e-05 2286.14 1343.72 26.6148 43.5542 -68693.9 -101339.0 453210000.0
430 -0.00705 9.53688e-05 2280.0 1378.6 27.3788 44.8925 -70797.3 -104369.0 466444000.0
431 -0.00695 9.56344e-05 2273.63 1414.6 28.1719 46.2839 -72961.9 -107492.0 480062000.0
432 -0.00685 9.59097e-05 2267.07 1451.5 28.99 47.7166 -75166.2 -110668.0 493886000.0
433 -0.00675 9.61951e-05 2260.29 1489.47 29.837 49.1955 -77424.2 -113914.0 508043000.0
434 -0.00665 9.64969e-05 2253.17 1529.12 30.7274 50.7485 -79767.9 -117263.0 522626000.0
435 -0.00655 9.68093e-05 2245.85 1569.72 31.6454 52.3477 -82157.5 -120681.0 537512000.0
436 -0.00645 9.71372e-05 2238.23 1611.64 32.6004 54.0089 -84605.5 -124170.0 552689000.0
437 -0.00635 9.74759e-05 2230.41 1654.48 33.5836 55.7164 -87094.9 -127718.0 568136000.0
438 -0.00625 9.78284e-05 2222.33 1698.6 34.604 57.4794 -89643.2 -131329.0 583914000.0
439 -0.00615 9.81952e-05 2213.98 1743.99 35.6618 59.3037 -92245.9 -135008.0 599997000.0
440 -0.00605 9.85792e-05 2205.3 1790.68 36.7597 61.1976 -94903.6 -138764.0 616384000.0
441 -0.00595 9.89763e-05 2196.39 1838.46 37.8926 63.1414 -97601.4 -142557.0 633001000.0
442 -0.00585 9.93932e-05 2187.15 1887.63 39.0701 65.1595 -100361.0 -146427.0 649970000.0
443 -0.00575 9.98267e-05 2177.56 1938.28 40.2934 67.25 -103172.0 -150353.0 667195000.0
444 -0.00565 0.00010028 2167.67 1990.22 41.5608 69.4073 -106032.0 -154327.0 684696000.0
445 -0.00555 0.000100748 2157.53 2043.08 42.8638 71.6199 -108918.0 -158338.0 702424000.0
446 -0.00545 0.00010124 2147.0 2097.69 44.2245 73.9186 -111869.0 -162394.0 720419000.0
447 -0.00535 0.000101751 2136.14 2153.38 45.6277 76.2885 -114844.0 -166492.0 738621000.0
448 -0.00525 0.00010228 2125.0 2210.09 47.0731 78.7169 -117844.0 -170603.0 756990000.0
449 -0.00515 0.000102838 2113.42 2268.48 48.5804 81.2451 -120894.0 -174759.0 775614000.0
450 -0.00505 0.000103415 2101.55 2328.0 50.1343 83.8322 -123964.0 -178912.0 794394000.0
451 -0.00495 0.00010402 2089.25 2389.1 51.7513 86.518 -127074.0 -183093.0 813397000.0
452 -0.00485 0.00010465 2076.6 2451.34 53.4212 89.2768 -130201.0 -187271.0 832555000.0
453 -0.00475 0.00010531 2063.53 2515.15 55.1571 92.1289 -133358.0 -191446.0 851886000.0
454 -0.00465 0.000105989 2050.18 2579.53 56.934 95.041 -136490.0 -195588.0 871223000.0
455 -0.00455 0.000106708 2036.32 2645.64 58.7889 98.064 -139650.0 -199708.0 890674000.0
456 -0.00445 0.000107452 2022.1 2712.9 60.7043 101.165 -142812.0 -203791.0 910238000.0
457 -0.00435 0.000108227 2007.55 2780.89 62.6743 104.341 -145946.0 -207820.0 929824000.0
458 -0.00425 0.000109038 1992.51 2850.18 64.7174 107.619 -149062.0 -211775.0 949330000.0
459 -0.00415 0.000109882 1977.11 2920.45 66.8261 110.98 -152166.0 -215677.0 968997000.0
460 -0.00405 0.000110761 1961.33 2991.46 68.9983 114.419 -155214.0 -219459.0 988462000.0
461 -0.00395 0.000111684 1945.02 3064.05 71.2616 117.979 -158263.0 -223172.0 1008100000.0
462 -0.00385 0.000112641 1928.38 3136.96 73.5826 121.606 -161226.0 -226743.0 1027520000.0
463 -0.00375 0.00011364 1911.31 3210.65 75.9792 125.331 -164137.0 -230196.0 1046900000.0
464 -0.00365 0.000114683 1893.82 3285.42 78.4619 129.143 -166994.0 -233484.0 1066190000.0
465 -0.00355 0.00011577 1875.92 3360.4 81.0132 133.047 -169751.0 -236616.0 1085310000.0
466 -0.00345 0.000116907 1857.55 3436.29 83.6569 137.052 -172429.0 -239554.0 1104280000.0
467 -0.00335 0.000118093 1838.76 3512.9 86.389 141.148 -175029.0 -242312.0 1123240000.0
468 -0.00325 0.000119323 1819.69 3589.29 89.1871 145.308 -177493.0 -244846.0 1141920000.0
469 -0.00315 0.000120607 1800.15 3666.15 92.0775 149.566 -179836.0 -247141.0 1160400000.0
470 -0.00305 0.000121947 1780.26 3742.98 95.051 153.906 -182046.0 -249202.0 1178720000.0
471 -0.00295 0.000123339 1760.04 3819.58 98.1035 158.314 -184099.0 -250994.0 1196780000.0
472 -0.00285 0.000124792 1739.38 3896.27 101.252 162.817 -185997.0 -252504.0 1214650000.0
473 -0.00275 0.000126305 1718.4 3972.57 104.487 167.39 -187717.0 -253712.0 1232250000.0
474 -0.00265 0.000127882 1697.06 4048.72 107.819 172.047 -189278.0 -254625.0 1249780000.0
475 -0.00255 0.000129518 1675.46 4123.91 111.227 176.755 -190626.0 -255218.0 1267010000.0
476 -0.00245 0.000131228 1653.46 4199.03 114.748 181.55 -191787.0 -255447.0 1284070000.0
477 -0.00235 0.000133008 1631.17 4273.24 118.36 186.405 -192731.0 -255329.0 1300910000.0
478 -0.00225 0.000134847 1608.74 4346.13 122.043 191.3 -193455.0 -254901.0 1317690000.0
479 -0.00215 0.000136764 1586.03 4418.08 125.827 196.25 -193941.0 -254074.0 1334200000.0
480 -0.00205 0.000138749 1563.14 4488.95 129.702 201.24 -194212.0 -252901.0 1350690000.0
481 -0.00195 0.000140817 1539.98 4558.59 133.677 206.287 -194227.0 -251331.0 1367030000.0
482 -0.00185 0.000142965 1516.68 4626.57 137.74 211.37 -193985.0 -249386.0 1383260000.0
483 -0.00175 0.000145183 1493.32 4692.87 141.881 216.462 -193491.0 -247082.0 1399450000.0
484 -0.00165 0.000147484 1469.8 4757.74 146.122 221.591 -192752.0 -244403.0 1415690000.0
485 -0.00155 0.000149878 1446.13 4821.14 150.473 226.751 -191754.0 -241310.0 1431930000.0
486 -0.00145 0.000152344 1422.51 4882.35 154.89 231.901 -190501.0 -237892.0 1448200000.0
487 -0.00135 0.000154894 1398.89 4941.51 159.391 237.057 -188985.0 -234131.0 1464590000.0
488 -0.00125 0.000157528 1375.26 4998.57 163.973 242.203 -187202.0 -230013.0 1481010000.0
489 -0.00115 0.000160255 1351.65 5053.65 168.65 247.357 -185168.0 -225563.0 1497660000.0
490 -0.00105 0.000163051 1328.24 5106.43 173.385 252.464 -182908.0 -220843.0 1514460000.0
491 -0.00095 0.000165934 1304.93 5156.88 178.193 257.549 -180396.0 -215825.0 1531410000.0
492 -0.00085 0.000168908 1281.71 5205.13 183.084 262.617 -177641.0 -210511.0 1548600000.0
493 -0.00075 0.000171959 1258.74 5250.82 188.028 267.632 -174657.0 -204955.0 1565940000.0
494 -0.00065 0.000175099 1235.9 5294.56 193.056 272.612 -171469.0 -199145.0 1583570000.0
495 -0.00055 0.000178324 1213.32 5335.78 198.143 277.548 -168064.0 -193130.0 1601490000.0
496 -0.00045 0.000181623 1191.01 5374.62 203.277 282.415 -164464.0 -186936.0 1619590000.0
497 -0.00035 0.000184999 1169.02 5411.04 208.459 287.218 -160688.0 -180593.0 1637940000.0
498 -0.00025 0.000188462 1147.28 5445.35 213.708 291.972 -156730.0 -174071.0 1656590000.0
499 -0.00015 0.00019201 1125.81 5477.31 219.008 296.66 -152595.0 -167401.0 1675430000.0
500 -5e-05 0.000195658 1104.55 5507.34 224.393 301.31 -148287.0 -160535.0 1694530000.0
501 5e-05 0.000199449 1083.58 5534.0 229.848 305.822 -143721.0 -153376.0 1713230000.0
502 0.00015 0.000203249 1063.66 5557.5 235.222 310.058 -139147.0 -146495.0 1731860000.0
503 0.00025 0.000207059 1044.41 5579.11 240.563 314.148 -134572.0 -139783.0 1750640000.0
504 0.00035 0.000210886 1025.76 5598.88 245.878 318.115 -129994.0 -133216.0 1769580000.0
505 0.00045 0.00021472 1007.73 5616.71 251.144 321.953 -125415.0 -126819.0 1788640000.0
506 0.00055 0.000218562 990.296 5632.78 256.37 325.667 -120842.0 -120575.0 1807660000.0
507 0.00065 0.000222388 973.528 5647.6 261.544 329.249 -116349.0 -114571.0 1826790000.0
508 0.00075 0.000226219 957.285 5660.88 266.676 332.716 -111859.0 -108681.0 1845810000.0
509 0.00085 0.000230055 941.565 5672.77 271.767 336.076 -107407.0 -102960.0 1864760000.0
510 0.00095 0.000233873 926.425 5683.13 276.782 339.316 -102996.0 -97416.8 1883510000.0
511 0.00105 0.000237643 911.929 5692.49 281.707 342.415 -98690.9 -92151.4 1902110000.0
512 0.00115 0.000241394 897.972 5700.75 286.568 345.409 -94454.0 -87040.1 1920460000.0
513 0.00125 0.000245107 884.563 5708.02 291.347 348.29 -90301.1 -82146.9 1938620000.0
514 0.00135 0.000248756 871.774 5713.96 295.992 351.03 -86239.8 -77507.5 1956280000.0
515 0.00145 0.000252348 859.532 5719.57 300.562 353.663 -82309.2 -73076.4 1973770000.0
516 0.00155 0.000255895 847.792 5724.06 305.025 356.189 -78466.6 -68843.7 1990820000.0
517 0.00165 0.000259362 836.6 5728.36 309.391 358.599 -74768.5 -64837.8 2007580000.0
518 0.00175 0.000262775 825.891 5731.68 313.643 360.905 -71155.6 -61000.8 2023810000.0
519 0.00185 0.000266088 815.744 5734.59 317.759 363.096 -67691.1 -57416.9 2039660000.0
520 0.00195 0.000269326 806.068 5736.74 321.746 365.182 -64330.9 -54022.7 2054980000.0
521 0.00205 0.000272495 796.821 5738.58 325.636 367.186 -61083.9 -50769.1 2069930000.0
522 0.00215 0.000275565 788.056 5739.98 329.386 369.079 -57968.4 -47719.6 2084300000.0
523 0.00225 0.00027854 779.749 5740.74 332.986 370.878 -54966.7 -44860.5 2098160000.0
524 0.00235 0.000281428 771.855 5741.41 336.478 372.591 -52087.4 -42145.3 2111590000.0
525 0.00245 0.000284214 764.38 5741.72 339.826 374.207 -49341.2 -39615.4 2124450000.0
526 0.00255 0.000286894 757.333 5742.0 343.048 375.741 -46731.0 -37245.5 2136930000.0
527 0.00265 0.000289489 750.629 5741.96 346.148 377.194 -44223.8 -35015.2 2148840000.0
528 0.00275 0.000291985 744.3 5741.79 349.123 378.573 -41834.8 -32908.3 2160270000.0
529 0.00285 0.000294383 738.313 5741.28 351.958 379.874 -39547.6 -30932.8 2171230000.0
530 0.00295 0.000296692 732.636 5740.63 354.679 381.11 -37365.7 -29070.8 2181690000.0
531 0.00305 0.000298885 727.331 5740.22 357.275 382.271 -35322.2 -27364.1 2191780000.0
532 0.00315 0.000300973 722.351 5739.45 359.723 383.357 -33381.2 -25779.5 2201320000.0
533 0.00325 0.000302982 717.618 5738.56 362.067 384.386 -31519.3 -24261.4 2210390000.0
534 0.00335 0.000304912 713.129 5737.62 364.314 385.368 -29744.9 -22817.8 2219140000.0
535 0.00345 0.000306731 708.956 5736.61 366.423 386.282 -28077.9 -21512.6 2227400000.0
536 0.00355 0.000308471 705.014 5735.52 368.431 387.142 -26495.0 -20270.9 2235200000.0
537 0.00365 0.000310124 701.291 5734.49 370.339 387.955 -25000.3 -19121.8 2242670000.0
538 0.00375 0.000311707 697.778 5733.42 372.16 388.725 -23573.7 -18006.7 2249750000.0
539 0.00385 0.000313189 694.514 5732.49 373.868 389.438 -22250.5 -16989.3 2256520000.0
540 0.00395 0.000314609 691.421 5731.35 375.49 390.116 -20980.8 -16025.7 2262880000.0
541 0.00405 0.00031595 688.516 5730.3 377.021 390.751 -19790.8 -15126.1 2268940000.0
542 0.00415 0.000317224 685.794 5728.95 378.452 391.35 -18646.6 -14273.9 2274630000.0
543 0.00425 0.000318425 683.243 5727.91 379.816 391.91 -17584.4 -13480.2 2280060000.0
544 0.00435 0.000319557 680.843 5726.65 381.082 392.432 -16568.5 -12753.1 2285150000.0
545 0.00445 0.000320634 678.586 5725.7 382.303 392.933 -15627.2 -12049.0 2290050000.0
546 0.00455 0.000321649 676.468 5724.57 383.438 393.396 -14729.9 -11393.6 2294620000.0
547 0.00465 0.000322608 674.483 5723.46 384.507 393.83 -13883.0 -10776.2 2298930000.0
548 0.00475 0.000323501 672.646 5722.45 385.502 394.234 -13102.0 -10216.3 2303040000.0
549 0.00485 0.000324352 670.904 5721.47 386.45 394.62 -12350.9 -9660.83 2306950000.0
550 0.00495 0.000325144 669.293 5720.41 387.322 394.972 -11654.4 -9170.39 2310560000.0
551 0.00505 0.000325896 667.761 5719.57 388.162 395.306 -11002.3 -8680.23 2314000000.0
552 0.00515 0.000326601 666.344 5718.52 388.929 395.621 -10377.6 -8234.84 2317220000.0
553 0.00525 0.000327278 664.98 5717.5 389.666 395.919 -9771.02 -7782.06 2320320000.0
554 0.00535 0.000327917 663.698 5716.35 390.349 396.197 -9192.92 -7350.35 2323180000.0
555 0.00545 0.000328517 662.499 5715.58 391.01 396.464 -8672.78 -6957.26 2325970000.0
556 0.00555 0.000329075 661.401 5714.84 391.624 396.711 -8188.85 -6601.86 2328600000.0
557 0.00565 0.000329586 660.379 5714.17 392.186 396.929 -7752.54 -6287.69 2331010000.0
558 0.00575 0.000330077 659.412 5713.1 392.696 397.143 -7296.14 -5968.77 2333280000.0
559 0.00585 0.00033054 658.502 5712.52 393.207 397.348 -6895.68 -5652.22 2335490000.0
560 0.00595 0.000330977 657.636 5711.71 393.671 397.53 -6504.51 -5365.96 2337500000.0
561 0.00605 0.00033138 656.851 5710.97 394.099 397.704 -6150.9 -5125.88 2339380000.0
562 0.00615 0.000331753 656.124 5710.45 394.507 397.864 -5825.1 -4880.92 2341220000.0
563 0.00625 0.000332126 655.396 5709.56 394.889 398.026 -5478.65 -4626.78 2342980000.0
564 0.00635 0.000332469 654.723 5708.88 395.25 398.173 -5171.72 -4389.7 2344640000.0
565 0.00645 0.000332772 654.139 5708.15 395.56 398.3 -4890.45 -4188.59 2346100000.0
566 0.00655 0.000333054 653.595 5707.49 395.849 398.425 -4634.99 -4022.28 2347570000.0
567 0.00665 0.000333331 653.054 5706.91 396.139 398.539 -4378.41 -3823.7 2348930000.0
568 0.00675 0.000333598 652.541 5706.43 396.422 398.651 -4151.36 -3638.64 2350210000.0
569 0.00685 0.000333853 652.05 5705.86 396.685 398.763 -3918.39 -3462.6 2351470000.0
570 0.00695 0.00033409 651.588 5705.26 396.926 398.86 -3693.62 -3271.57 2352590000.0
571 0.00705 0.00033431 651.173 5704.92 397.163 398.958 -3504.63 -3115.51 2353740000.0
572 0.00715 0.000334514 650.779 5704.32 397.363 399.039 -3312.54 -2960.31 2354700000.0
573 0.00725 0.000334702 650.419 5703.93 397.56 399.116 -3148.88 -2848.62 2355650000.0
574 0.00735 0.000334879 650.079 5703.38 397.731 399.192 -2972.77 -2711.75 2356580000.0
575 0.00745 0.000335071 649.71 5702.96 397.93 399.276 -2800.93 -2546.69 2357500000.0
576 0.00755 0.000335233 649.398 5702.48 398.089 399.341 -2644.14 -2408.84 2358280000.0
577 0.00765 0.000335381 649.119 5702.08 398.237 399.408 -2507.48 -2308.29 2359080000.0
578 0.00775 0.000335516 648.859 5701.65 398.367 399.461 -2381.33 -2216.47 2359760000.0
579 0.00785 0.000335643 648.615 5701.33 398.495 399.518 -2256.82 -2111.42 2360490000.0
580 0.00795 0.000335762 648.398 5701.01 398.614 399.568 -2151.72 -2029.44 2361130000.0
581 0.00805 0.000335862 648.197 5700.56 398.702 399.606 -2047.97 -1967.41 2361680000.0
582 0.00815 0.000335971 647.995 5700.14 398.801 399.651 -1935.25 -1879.49 2362220000.0
583 0.00825 0.000336076 647.792 5699.62 398.89 399.696 -1818.43 -1786.66 2362760000.0
584 0.00835 0.000336186 647.583 5699.47 399.01 399.74 -1730.73 -1691.95 2363310000.0
585 0.00845 0.000336282 647.403 5699.17 399.102 399.781 -1637.48 -1618.69 2363810000.0
586 0.00855 0.000336364 647.24 5699.0 399.188 399.812 -1565.11 -1556.67 2364260000.0
587 0.00865 0.000336454 647.079 5698.56 399.264 399.854 -1466.6 -1469.16 2364750000.0
588 0.00875 0.000336541 646.908 5698.32 399.35 399.887 -1385.94 -1377.25 2365170000.0
589 0.00885 0.000336597 646.803 5698.12 399.403 399.912 -1329.84 -1346.57 2365570000.0
590 0.00895 0.000336673 646.658 5698.03 399.486 399.945 -1266.19 -1279.46 2366020000.0
591 0.00905 0.000336733 646.541 5697.7 399.536 399.971 -1204.95 -1226.54 2366350000.0
592 0.00915 0.000336797 646.425 5697.45 399.594 399.995 -1134.48 -1157.07 2366630000.0
593 0.00925 0.00033685 646.322 5697.18 399.637 400.017 -1081.71 -1123.95 2367020000.0
594 0.00935 0.000336895 646.239 5696.99 399.677 400.032 -1036.47 -1091.02 2367270000.0
595 0.00945 0.000336941 646.153 5696.92 399.727 400.055 -994.864 -1044.79 2367600000.0
596 0.00955 0.000336982 646.077 5696.72 399.762 400.069 -947.578 -1012.28 2367850000.0
597 0.00965 0.000337039 645.963 5696.64 399.823 400.095 -897.553 -948.401 2368170000.0
598 0.00975 0.000337092 645.864 5696.31 399.863 400.114 -846.577 -898.742 2368410000.0
599 0.00985 0.000337132 645.798 5696.19 399.903 400.137 -798.228 -851.781 2368670000.0
600 0.00995 0.000337174 645.711 5695.86 399.929 400.148 -745.072 -801.334 2368840000.0
601 0.01005 0.000337216 645.631 5695.45 399.95 400.166 -686.696 -754.654 2369060000.0
602 0.01015 0.00033723 645.609 5695.37 399.961 400.173 -674.876 -757.566 2369230000.0
603 0.01025 0.000337267 645.536 5695.44 400.01 400.192 -654.884 -707.879 2369470000.0
604 0.01035 0.00033729 645.497 5695.33 400.029 400.197 -626.061 -689.902 2369570000.0
605 0.01045 0.000337332 645.412 5695.06 400.06 400.216 -580.951 -636.453 2369770000.0
606 0.01055 0.000337355 645.368 5695.02 400.085 400.223 -558.243 -612.161 2369900000.0
607 0.01065 0.000337387 645.311 5694.84 400.111 400.237 -521.103 -569.383 2370030000.0
608 0.01075 0.000337407 645.277 5694.72 400.126 400.248 -499.25 -549.777 2370230000.0
609 0.01085 0.000337438 645.213 5694.69 400.16 400.26 -475.612 -516.556 2370390000.0
610 0.01095 0.000337462 645.166 5694.55 400.178 400.268 -440.738 -469.984 2370490000.0
611 0.01105 0.000337469 645.156 5694.71 400.198 400.273 -450.452 -483.827 2370670000.0
612 0.01115 0.000337482 645.134 5694.5 400.199 400.278 -426.574 -468.41 2370720000.0
613 0.01125 0.000337497 645.104 5694.29 400.202 400.283 -396.017 -444.749 2370830000.0
614 0.01135 0.000337506 645.089 5694.31 400.214 400.292 -398.08 -449.611 2370960000.0
615 0.01145 0.000337508 645.084 5694.24 400.211 400.288 -390.283 -460.234 2371040000.0
616 0.01155 0.000337538 645.025 5694.35 400.254 400.299 -370.328 -406.097 2371170000.0
617 0.01165 0.000337569 644.973 5693.97 400.265 400.318 -328.867 -363.611 2371320000.0
618 0.01175 0.000337595 644.91 5693.67 400.275 400.324 -286.877 -310.092 2371350000.0
619 0.01185 0.000337594 644.923 5693.71 400.277 400.326 -287.736 -319.638 2371470000.0
620 0.01195 0.000337601 644.91 5693.72 400.285 400.324 -287.039 -322.545 2371500000.0
621 0.01205 0.000337611 644.885 5693.64 400.292 400.331 -267.407 -308.566 2371600000.0
622 0.01215 0.000337633 644.843 5693.59 400.314 400.339 -251.907 -276.057 2371650000.0
623 0.01225 0.000337633 644.852 5693.63 400.318 400.342 -256.888 -288.229 2371770000.0
624 0.01235 0.000337629 644.849 5693.72 400.318 400.34 -259.487 -294.773 2371790000.0
625 0.01245 0.000337655 644.806 5693.59 400.34 400.349 -231.819 -249.184 2371870000.0
626 0.01255 0.000337678 644.762 5693.39 400.353 400.36 -207.752 -224.599 2371970000.0
627 0.01265 0.000337678 644.766 5693.34 400.349 400.356 -196.99 -216.077 2371950000.0
628 0.01275 0.000337694 644.723 5693.37 400.371 400.367 -186.942 -196.564 2372060000.0
629 0.01285 0.000337695 644.731 5693.15 400.356 400.366 -174.422 -205.109 2372050000.0
630 0.01295 0.000337698 644.716 5693.05 400.353 400.363 -164.845 -191.747 2372080000.0
631 0.01305 0.000337693 644.734 5692.9 400.336 400.36 -161.534 -222.337 2372070000.0
632 0.01315 0.000337721 644.684 5692.83 400.365 400.379 -128.607 -174.034 2372220000.0
633 0.01325 0.000337734 644.655 5692.77 400.376 400.381 -117.405 -149.756 2372260000.0
634 0.01335 0.000337726 644.673 5692.88 400.375 400.376 -131.636 -170.637 2372280000.0
635 0.01345 0.000337742 644.64 5692.88 400.393 400.387 -116.576 -146.723 2372380000.0
636 0.01355 0.000337735 644.648 5692.97 400.391 400.377 -131.406 -160.885 2372350000.0
637 0.01365 0.000337739 644.654 5693.02 400.4 400.385 -135.948 -162.064 2372490000.0
638 0.01375 0.000337735 644.654 5692.84 400.382 400.382 -120.229 -151.965 2372470000.0
639 0.01385 0.000337748 644.633 5692.71 400.388 400.382 -106.269 -133.291 2372460000.0
640 0.01395 0.000337748 644.63 5693.04 400.412 400.384 -130.019 -137.418 2372540000.0
641 0.01405 0.000337744 644.635 5693.07 400.409 400.383 -132.758 -143.689 2372550000.0
642 0.01415 0.00033775 644.628 5692.97 400.409 400.384 -119.978 -136.582 2372530000.0
643 0.01425 0.000337767 644.596 5692.77 400.415 400.398 -93.9722 -114.094 2372610000.0
644 0.01435 0.00033777 644.592 5692.75 400.417 400.396 -86.3512 -99.1265 2372620000.0
645 0.01445 0.000337753 644.626 5692.72 400.395 400.385 -98.9563 -129.503 2372580000.0
646 0.01455 0.000337772 644.578 5692.87 400.429 400.397 -96.1413 -95.4773 2372690000.0
647 0.01465 0.000337781 644.576 5692.7 400.427 400.402 -80.3466 -79.6324 2372710000.0
648 0.01475 0.000337791 644.547 5692.64 400.434 400.404 -60.9449 -51.6923 2372740000.0
649 0.01485 0.000337784 644.563 5692.62 400.425 400.4 -71.8212 -67.2967 2372740000.0
650 0.01495 0.000337789 644.553 5692.36 400.413 400.403 -49.6341 -58.4582 2372740000.0
651 0.01505 0.000337792 644.55 5692.59 400.432 400.405 -57.3195 -45.6012 2372830000.0
652 0.01515 0.000337792 644.542 5692.69 400.44 400.404 -68.1012 -53.644 2372820000.0
653 0.01525 0.000337795 644.548 5692.6 400.436 400.404 -58.154 -44.961 2372820000.0
654 0.01535 0.000337806 644.515 5692.59 400.449 400.408 -56.0442 -34.1443 2372860000.0
655 0.01545 0.000337801 644.531 5692.5 400.437 400.405 -44.6801 -39.6328 2372830000.0
656 0.01555 0.000337798 644.536 5692.43 400.428 400.408 -41.624 -53.3957 2372870000.0
657 0.01565 0.000337804 644.526 5692.29 400.425 400.406 -35.0996 -46.631 2372830000.0
658 0.01575 0.000337805 644.517 5692.47 400.44 400.411 -39.7467 -37.9437 2372950000.0
659 0.01585 0.000337819 644.497 5692.26 400.441 400.417 -19.9096 -26.7197 2372940000.0
660 0.01595 0.00033781 644.518 5692.33 400.435 400.413 -29.1297 -43.0232 2372940000.0
661 0.01605 0.000337815 644.501 5692.27 400.437 400.413 -20.4218 -23.8402 2372950000.0
662 0.01615 0.000337818 644.501 5692.26 400.44 400.415 -16.6352 -13.8804 2372950000.0
663 0.01625 0.000337814 644.501 5692.13 400.426 400.412 -11.2694 -24.9582 2372950000.0
664 0.01635 0.00033782 644.493 5692.23 400.44 400.418 -15.2564 -15.506 2372980000.0
665 0.01645 0.000337818 644.506 5692.19 400.435 400.416 -8.028 -19.4211 2372980000.0
666 0.01655 0.000337813 644.504 5692.18 400.429 400.41 -18.3369 -16.6554 2372910000.0
667 0.01665 0.000337817 644.502 5692.07 400.425 400.412 -4.66332 -17.6022 2372990000.0
668 0.01675 0.000337808 644.521 5692.14 400.419 400.413 -20.4434 -39.3912 2372980000.0
669 0.01685 0.000337817 644.498 5692.14 400.43 400.412 -6.79437 -12.7818 2372980000.0
670 0.01695 0.000337823 644.491 5692.12 400.436 400.417 -7.63693 -8.01209 2373020000.0
671 0.01705 0.000337815 644.512 5692.07 400.423 400.412 -9.15843 -17.4714 2373010000.0
672 0.01715 0.000337807 644.519 5692.16 400.42 400.411 -18.5064 -26.4213 2373030000.0
673 0.01725 0.00033782 644.494 5692.19 400.438 400.416 -10.7615 4.01729 2373020000.0
674 0.01735 0.000337809 644.52 5692.14 400.421 400.408 -16.7378 -18.3593 2372980000.0
675 0.01745 0.00033782 644.497 5692.15 400.435 400.416 -4.71143 -2.50317 2373010000.0
676 0.01755 0.000337814 644.51 5692.18 400.429 400.41 -14.7973 -23.138 2373020000.0
677 0.01765 0.00033784 644.454 5692.05 400.451 400.423 11.7077 24.3395 2373020000.0
678 0.01775 0.000337848 644.443 5692.03 400.459 400.425 21.0241 44.7008 2373010000.0
679 0.01785 0.000337847 644.448 5691.92 400.45 400.424 27.7469 44.0693 2372990000.0
680 0.01795 0.000337845 644.447 5692.21 400.468 400.428 10.7954 40.2189 2373110000.0
681 0.01805 0.000337846 644.45 5692.17 400.466 400.426 10.4352 44.1088 2373100000.0
682 0.01815 0.000337826 644.481 5691.94 400.427 400.418 11.3752 8.66158 2373050000.0
683 0.01825 0.000337837 644.462 5692.04 400.447 400.418 12.2166 26.5296 2373020000.0
684 0.01835 0.000337828 644.482 5692.2 400.447 400.423 -1.28403 9.94979 2373120000.0
685 0.01845 0.000337827 644.483 5692.11 400.44 400.417 0.961264 18.7205 2373080000.0
686 0.01855 0.000337831 644.468 5692.31 400.459 400.418 -7.97019 25.0308 2373090000.0
687 0.01865 0.000337833 644.476 5692.27 400.458 400.422 -0.0546802 24.2608 2373150000.0
688 0.01875 0.000337826 644.478 5692.16 400.442 400.419 -5.56204 -4.13261 2373110000.0
689 0.01885 0.000337815 644.5 5692.29 400.439 400.415 -15.1802 -12.4711 2373120000.0
690 0.01895 0.000337813 644.511 5692.26 400.434 400.416 -19.7161 -16.0918 2373130000.0
691 0.01905 0.000337821 644.49 5692.11 400.432 400.413 -4.25024 0.532105 2373020000.0
692 0.01915 0.000337821 644.497 5692.3 400.446 400.419 -10.5789 9.31991 2373100000.0
693 0.01925 0.000337826 644.483 5692.13 400.44 400.417 -2.08428 13.6873 2373080000.0
694 0.01935 0.000337824 644.482 5692.18 400.442 400.413 -5.80968 8.22063 2373060000.0
695 0.01945 0.00033781 644.513 5692.19 400.426 400.413 -15.2893 -9.8188 2373080000.0
696 0.01955 0.000337827 644.486 5692.13 400.442 400.413 2.29882 10.5263 2373030000.0
697 0.01965 0.000337835 644.463 5692.14 400.452 400.423 8.2848 23.98 2373140000.0
698 0.01975 0.000337848 644.444 5691.94 400.453 400.429 23.426 34.4334 2373130000.0
699 0.01985 0.000337839 644.453 5692.12 400.455 400.426 16.1741 21.6783 2373120000.0
700 0.01995 0.000337851 644.435 5691.95 400.457 400.427 31.912 45.364 2373080000.0
701 0.02005 0.000337856 644.425 5692.12 400.475 400.432 25.945 54.5998 2373160000.0
702 0.02015 0.00033784 644.457 5692.09 400.454 400.424 20.8247 25.1098 2373090000.0
703 0.02025 0.000337831 644.469 5692.17 400.449 400.417 7.58074 4.48899 2373070000.0
704 0.02035 0.000337841 644.459 5692.18 400.462 400.432 5.62394 12.1339 2373180000.0
705 0.02045 0.000337825 644.48 5692.29 400.451 400.419 -9.48571 -1.35838 2373120000.0
706 0.02055 0.000337819 644.489 5692.21 400.438 400.417 -6.08864 -9.65462 2373150000.0
707 0.02065 0.000337832 644.468 5692.13 400.448 400.424 13.4337 30.2344 2373140000.0
708 0.02075 0.000337835 644.464 5692.16 400.453 400.426 6.99362 26.3937 2373200000.0
709 0.02085 0.000337836 644.459 5692.15 400.453 400.422 10.2233 29.3673 2373190000.0
710 0.02095 0.00033784 644.455 5692.15 400.458 400.427 18.7602 41.6519 2373210000.0
711 0.02105 0.000337811 644.507 5692.33 400.436 400.415 -25.4024 -24.3112 2373230000.0
712 0.02115 0.000337821 644.482 5692.19 400.438 400.413 -2.97793 0.668219 2373150000.0
713 0.02125 0.000337815 644.506 5692.33 400.441 400.418 -15.5712 -11.2961 2373260000.0
714 0.02135 0.000337808 644.512 5692.4 400.437 400.41 -29.6037 -17.6531 2373200000.0
715 0.02145 0.000337818 644.495 5692.45 400.453 400.415 -19.242 0.205724 2373230000.0
716 0.02155 0.00033782 644.495 5692.55 400.463 400.419 -28.6621 -2.82469 2373270000.0
717 0.02165 0.000337815 644.496 5692.37 400.444 400.412 -23.3785 -15.9936 2373210000.0
718 0.02175 0.000337821 644.491 5692.44 400.456 400.422 -15.2163 5.79063 2373280000.0
719 0.02185 0.000337819 644.494 5692.27 400.441 400.415 -14.7014 -12.2473 2373200000.0
720 0.02195 0.000337829 644.473 5692.18 400.447 400.42 10.7565 18.5798 2373190000.0
721 0.02205 0.000337825 644.48 5692.31 400.452 400.419 -15.6229 -11.6629 2373230000.0
722 0.02215 0.000337821 644.486 5692.37 400.451 400.421 -10.9441 -9.0771 2373250000.0
723 0.02225 0.000337817 644.5 5692.37 400.447 400.418 -19.4144 -9.24768 2373210000.0
724 0.02235 0.000337823 644.484 5692.16 400.438 400.419 4.09065 10.1932 2373180000.0
725 0.02245 0.000337817 644.492 5692.31 400.443 400.414 -16.4946 -12.2215 2373150000.0
726 0.02255 0.00033782 644.493 5692.26 400.442 400.419 -6.18564 -2.64074 2373200000.0
727 0.02265 0.000337825 644.48 5692.44 400.46 400.418 -15.1151 4.83364 2373200000.0
728 0.02275 0.000337828 644.473 5692.53 400.471 400.422 -18.3164 6.57107 2373250000.0
729 0.02285 0.000337821 644.488 5692.4 400.453 400.419 -11.9762 -6.15752 2373230000.0
730 0.02295 0.000337813 644.502 5692.35 400.441 400.417 -22.0488 -23.6795 2373220000.0
731 0.02305 0.000337809 644.513 5692.36 400.437 400.42 -14.2897 -7.62977 2373290000.0
732 0.02315 0.000337807 644.507 5692.34 400.433 400.409 -15.4576 -9.88325 2373190000.0
733 0.02325 0.000337837 644.457 5692.38 400.471 400.43 0.401583 37.2638 2373330000.0
734 0.02335 0.000337823 644.486 5692.32 400.45 400.423 -5.22494 8.35658 2373320000.0
735 0.02345 0.000337821 644.489 5692.12 400.433 400.418 2.30786 3.88311 2373270000.0
736 0.02355 0.00033783 644.462 5692.01 400.437 400.425 23.1514 25.3168 2373300000.0
737 0.02365 0.00033784 644.457 5692.02 400.449 400.428 28.986 48.4182 2373300000.0
738 0.02375 0.000337821 644.484 5692.19 400.439 400.422 3.81213 9.80579 2373290000.0
739 0.02385 0.000337826 644.476 5692.23 400.447 400.424 5.48503 11.6154 2373300000.0
740 0.02395 0.000337808 644.51 5692.26 400.428 400.417 -15.5795 -26.1714 2373270000.0
741 0.02405 0.000337815 644.502 5692.28 400.437 400.417 -5.13522 -4.6284 2373240000.0
742 0.02415 0.000337814 644.502 5692.28 400.436 400.417 -10.3143 -23.4351 2373250000.0
743 0.02425 0.00033781 644.51 5692.33 400.435 400.415 -11.4408 -19.9259 2373230000.0
744 0.02435 0.000337827 644.477 5692.14 400.442 400.425 13.0537 8.11237 2373290000.0
745 0.02445 0.000337823 644.486 5692.08 400.433 400.42 11.0253 0.782428 2373250000.0
746 0.02455 0.000337826 644.48 5692.07 400.435 400.426 17.3247 -0.307457 2373310000.0
747 0.02465 0.000337813 644.5 5692.23 400.432 400.415 -0.722462 -19.172 2373250000.0
748 0.02475 0.000337844 644.444 5691.99 400.452 400.427 35.8505 35.5358 2373250000.0
749 0.02485 0.000337845 644.443 5692.18 400.467 400.434 21.1669 29.1592 2373340000.0
750 0.02495 0.000337835 644.471 5692.16 400.452 400.428 14.9276 11.5735 2373300000.0
751 0.02505 0.000337843 644.441 5691.95 400.448 400.427 33.4442 25.4694 2373260000.0
752 0.02515 0.000337828 644.479 5692.31 400.455 400.426 5.43097 15.3953 2373280000.0
753 0.02525 0.000337811 644.509 5692.16 400.424 400.416 -2.70243 -16.3689 2373220000.0
754 0.02535 0.000337814 644.505 5692.16 400.427 400.418 0.536449 -9.534 2373200000.0
755 0.02545 0.000337818 644.5 5692.19 400.435 400.419 1.1013 2.74018 2373200000.0
756 0.02555 0.000337822 644.489 5692.17 400.438 400.42 6.35315 6.13456 2373160000.0
757 0.02565 0.000337824 644.483 5692.14 400.438 400.422 11.0361 16.8799 2373180000.0
758 0.02575 0.000337801 644.532 5692.26 400.42 400.416 -17.2802 -36.9348 2373220000.0
759 0.02585 0.00033781 644.513 5692.38 400.438 400.415 -17.7704 -1.03628 2373220000.0
760 0.02595 0.00033781 644.506 5692.36 400.437 400.414 -15.0131 -1.58043 2373190000.0
761 0.02605 0.000337818 644.498 5692.29 400.442 400.418 -1.78601 24.1637 2373220000.0
762 0.02615 0.000337826 644.479 5692.37 400.457 400.421 2.92783 41.0736 2373230000.0
763 0.02625 0.000337816 644.5 5692.32 400.442 400.419 -4.45837 9.78637 2373230000.0
764 0.02635 0.000337814 644.498 5692.39 400.444 400.417 -13.1481 -1.3539 2373220000.0
765 0.02645 0.000337819 644.5 5692.25 400.44 400.42 1.37233 17.1186 2373210000.0
766 0.02655 0.000337825 644.486 5692.4 400.457 400.427 -6.98781 19.5349 2373270000.0
767 0.02665 0.000337802 644.517 5692.26 400.421 400.407 -11.0649 -13.5897 2373150000.0
768 0.02675 0.00033781 644.512 5692.07 400.417 400.414 6.79366 -2.36348 2373150000.0
769 0.02685 0.000337797 644.537 5692.17 400.409 400.407 -8.92807 -33.9987 2373130000.0
770 0.02695 0.000337805 644.514 5692.19 400.42 400.416 -5.7965 -17.0809 2373220000.0
771 0.02705 0.000337805 644.519 5692.24 400.423 400.412 -5.79924 -8.94238 2373170000.0
772 0.02715 0.000337819 644.499 5692.37 400.449 400.419 -5.36123 2.5629 2373210000.0
773 0.02725 0.000337827 644.48 5692.29 400.452 400.42 2.12617 15.2623 2373220000.0
774 0.02735 0.00033783 644.474 5692.3 400.457 400.426 7.84774 13.9169 2373210000.0
775 0.02745 0.000337809 644.51 5692.31 400.432 400.415 -6.3095 -23.5496 2373220000.0
776 0.02755 0.000337818 644.494 5692.38 400.448 400.415 -4.48412 -3.65669 2373210000.0
777 0.02765 0.000337813 644.507 5692.49 400.45 400.421 -15.2838 -22.2123 2373290000.0
778 0.02775 0.00033783 644.472 5692.38 400.462 400.421 -0.0168776 11.3361 2373270000.0
779 0.02785 0.000337821 644.49 5692.31 400.447 400.422 2.08825 2.47059 2373300000.0
780 0.02795 0.000337803 644.514 5692.44 400.435 400.413 -22.5071 -41.6347 2373270000.0
781 0.02805 0.000337816 644.504 5692.35 400.444 400.417 -6.17074 -18.2024 2373280000.0
782 0.02815 0.000337811 644.502 5692.32 400.436 400.417 -8.84784 -26.5372 2373280000.0
783 0.02825 0.000337811 644.508 5692.33 400.436 400.418 -7.35041 -11.4796 2373280000.0
784 0.02835 0.000337811 644.503 5692.22 400.429 400.414 -1.48245 -15.578 2373240000.0
785 0.02845 0.000337811 644.508 5692.31 400.435 400.417 -6.55901 -8.92612 2373280000.0
786 0.02855 0.000337806 644.52 5692.32 400.43 400.416 -9.84746 -6.38555 2373250000.0
787 0.02865 0.000337826 644.473 5692.12 400.439 400.42 19.8231 30.5539 2373250000.0
788 0.02875 0.000337814 644.505 5692.1 400.424 400.416 14.6159 15.4116 2373200000.0
789 0.02885 0.000337816 644.498 5692.23 400.436 400.419 3.80886 23.6261 2373280000.0
790 0.02895 0.000337809 644.508 5692.26 400.429 400.41 -5.40139 2.1673 2373200000.0
791 0.02905 0.000337808 644.518 5692.26 400.428 400.417 1.01199 8.1923 2373270000.0
792 0.02915 0.000337817 644.495 5692.22 400.436 400.417 5.70558 16.8213 2373260000.0
793 0.02925 0.000337811 644.512 5692.25 400.43 400.416 -5.15104 -1.67873 2373270000.0
794 0.02935 0.000337813 644.505 5692.15 400.427 400.418 9.61026 10.4669 2373270000.0
795 0.02945 0.000337801 644.522 5692.06 400.406 400.408 0.511018 -17.4021 2373190000.0
796 0.02955 0.000337802 644.519 5692.13 400.412 400.411 1.08822 -11.643 2373230000.0
797 0.02965 0.000337811 644.513 5692.2 400.428 400.416 3.5574 -0.538736 2373230000.0
798 0.02975 0.000337818 644.5 5692.11 400.429 400.423 11.1796 7.56725 2373290000.0
799 0.02985 0.000337806 644.52 5692.17 400.42 400.409 -0.853696 -8.09251 2373190000.0
800 0.02995 0.000337806 644.507 5692.33 400.43 400.414 -11.7277 -15.86 2373260000.0
