TITLE = "DSMC"
VARIABLES = "ID" "X" "rho" "v1" "Ttrans" "p" "p1" "q1" "mv1v1v1" "mvvv1v1"
ZONE T="Ma=8.0_inv", I=800, J=1, K=1, F=POINT
800 -0.02995 0.000337522 -644.54 5698.46 400.525 400.526 30.5499 32.3451 2376370000.0
799 -0.02985 0.000337517 -644.542 5698.66 400.533 400.519 54.9152 54.463 2376350000.0
798 -0.02975 0.000337524 -644.537 5698.72 400.545 400.528 48.1484 39.2192 2376430000.0
797 -0.02965 0.000337542 -644.499 5698.51 400.551 400.536 22.36 14.3554 2376430000.0
796 -0.02955 0.000337547 -644.488 5698.28 400.542 400.535 4.53109 0.158439 2376400000.0
795 -0.02945 0.000337542 -644.5 5698.41 400.546 400.532 11.6466 9.33037 2376390000.0
794 -0.02935 0.000337549 -644.481 5698.25 400.542 400.537 -1.34917 0.694736 2376390000.0
793 -0.02925 0.00033754 -644.499 5698.11 400.522 400.531 -5.14142 17.422 2376350000.0
792 -0.02915 0.000337558 -644.471 5698.26 400.553 400.545 -8.53521 -16.2323 2376420000.0
791 -0.02905 0.000337555 -644.476 5698.11 400.54 400.54 -18.5136 -3.8065 2376390000.0
790 -0.02895 0.000337555 -644.47 5698.2 400.545 400.533 -4.10945 4.49535 2376330000.0
789 -0.02885 0.000337555 -644.471 5698.32 400.555 400.536 -5.2009 -6.97471 2376380000.0
788 -0.02875 0.000337554 -644.471 5698.4 400.558 400.537 0.904876 3.37789 2376390000.0
787 -0.02865 0.000337541 -644.505 5698.35 400.54 400.532 11.5442 22.873 2376380000.0
786 -0.02855 0.000337531 -644.521 5698.51 400.539 400.528 32.28 45.2131 2376410000.0
785 -0.02845 0.000337541 -644.493 5698.51 400.55 400.531 14.7547 14.7499 2376420000.0
784 -0.02835 0.000337547 -644.49 5698.39 400.55 400.533 8.39778 15.3404 2376400000.0
783 -0.02825 0.000337548 -644.487 5698.4 400.552 400.534 6.49951 0.797684 2376410000.0
782 -0.02815 0.000337543 -644.494 5698.31 400.539 400.531 8.55343 14.5393 2376410000.0
781 -0.02805 0.000337537 -644.508 5698.24 400.527 400.528 10.2909 27.624 2376410000.0
780 -0.02795 0.000337533 -644.516 5698.33 400.528 400.529 10.1414 19.6608 2376410000.0
779 -0.02785 0.00033753 -644.519 5698.27 400.521 400.527 18.5539 43.6815 2376390000.0
778 -0.02775 0.000337543 -644.494 5698.47 400.55 400.532 15.3308 19.1958 2376430000.0
777 -0.02765 0.000337544 -644.5 5698.51 400.555 400.533 20.2942 25.2129 2376420000.0
776 -0.02755 0.00033754 -644.5 5698.39 400.541 400.527 10.6178 24.1341 2376410000.0
775 -0.02745 0.000337559 -644.466 5698.22 400.552 400.536 -6.08046 0.557174 2376400000.0
774 -0.02735 0.000337564 -644.464 5698.33 400.565 400.543 -9.70607 -14.0707 2376500000.0
773 -0.02725 0.000337563 -644.456 5698.4 400.569 400.538 3.19474 -9.10966 2376490000.0
772 -0.02715 0.000337556 -644.472 5698.6 400.575 400.538 11.4497 2.42277 2376490000.0
771 -0.02705 0.000337542 -644.5 5698.58 400.557 400.527 33.6453 30.4748 2376440000.0
770 -0.02695 0.000337534 -644.511 5698.71 400.557 400.524 41.7097 33.8866 2376430000.0
769 -0.02685 0.000337543 -644.501 5698.63 400.562 400.534 26.5526 5.24364 2376510000.0
768 -0.02675 0.000337515 -644.547 5698.73 400.536 400.515 50.4976 58.3202 2376420000.0
767 -0.02665 0.000337519 -644.543 5698.63 400.533 400.522 46.1562 60.5136 2376460000.0
766 -0.02655 0.000337524 -644.533 5698.56 400.534 400.52 39.4631 51.4443 2376430000.0
765 -0.02645 0.000337532 -644.52 5698.72 400.555 400.521 38.6953 33.5285 2376420000.0
764 -0.02635 0.00033754 -644.505 5698.63 400.558 400.531 22.5683 15.3186 2376480000.0
763 -0.02625 0.000337553 -644.473 5698.5 400.564 400.532 8.32953 -8.66337 2376440000.0
762 -0.02615 0.000337548 -644.494 5698.56 400.562 400.533 18.7655 2.21684 2376460000.0
761 -0.02605 0.000337544 -644.492 5698.48 400.553 400.531 17.7081 17.1727 2376480000.0
760 -0.02595 0.000337545 -644.5 5698.51 400.555 400.53 20.9927 29.5337 2376450000.0
759 -0.02585 0.000337543 -644.499 5698.44 400.548 400.53 17.7488 32.2787 2376470000.0
758 -0.02575 0.000337527 -644.526 5698.43 400.529 400.523 24.7882 53.1127 2376450000.0
757 -0.02565 0.000337531 -644.527 5698.46 400.535 400.523 25.8377 42.823 2376440000.0
756 -0.02555 0.000337547 -644.487 5698.44 400.553 400.529 13.1859 14.1306 2376470000.0
755 -0.02545 0.000337558 -644.474 5698.42 400.564 400.535 3.10913 -10.0916 2376480000.0
754 -0.02535 0.000337553 -644.474 5698.28 400.549 400.529 3.80801 10.0628 2376430000.0
753 -0.02525 0.000337539 -644.51 5698.17 400.525 400.531 -3.83534 31.3475 2376460000.0
752 -0.02515 0.000337537 -644.506 5698.2 400.525 400.527 6.48438 35.683 2376390000.0
751 -0.02505 0.000337539 -644.5 5698.44 400.544 400.525 18.0932 22.0525 2376410000.0
750 -0.02495 0.000337531 -644.53 5698.31 400.525 400.524 14.676 30.7823 2376390000.0
749 -0.02485 0.00033754 -644.499 5698.41 400.543 400.527 16.5406 16.5334 2376410000.0
748 -0.02475 0.000337533 -644.517 5698.3 400.527 400.525 14.2607 32.5838 2376380000.0
747 -0.02465 0.000337542 -644.499 5698.3 400.537 400.528 10.0305 10.2679 2376390000.0
746 -0.02455 0.000337552 -644.482 5698.39 400.555 400.535 4.40846 -17.0048 2376450000.0
745 -0.02445 0.000337566 -644.457 5698.37 400.571 400.54 -8.96481 -49.839 2376450000.0
744 -0.02435 0.000337562 -644.461 5698.33 400.563 400.54 -5.90411 -28.7975 2376450000.0
743 -0.02425 0.000337552 -644.478 5698.3 400.55 400.531 -2.33261 -21.9602 2376380000.0
742 -0.02415 0.000337544 -644.492 5698.27 400.538 400.532 3.43828 -0.628519 2376400000.0
741 -0.02405 0.000337551 -644.48 5698.07 400.531 400.534 -19.0075 -16.7532 2376400000.0
740 -0.02395 0.000337554 -644.478 5698.17 400.542 400.537 -7.12142 -10.4719 2376390000.0
739 -0.02385 0.000337549 -644.488 5698.28 400.544 400.533 -0.445386 -12.8527 2376410000.0
738 -0.02375 0.000337546 -644.484 5698.3 400.542 400.531 2.22058 -3.71058 2376410000.0
737 -0.02365 0.000337543 -644.503 5698.22 400.532 400.529 -0.342335 4.51693 2376360000.0
736 -0.02355 0.000337547 -644.486 5698.3 400.543 400.537 1.08438 -8.62091 2376460000.0
735 -0.02345 0.00033755 -644.485 5698.16 400.536 400.53 -12.2814 -18.5322 2376390000.0
734 -0.02335 0.000337559 -644.459 5698.38 400.563 400.538 -0.19617 -20.6915 2376450000.0
733 -0.02325 0.000337552 -644.481 5698.44 400.559 400.537 4.76831 -15.8827 2376430000.0
732 -0.02315 0.000337566 -644.457 5698.4 400.573 400.541 0.229459 -20.7657 2376470000.0
731 -0.02305 0.000337564 -644.455 5698.39 400.569 400.537 -3.1605 -16.9597 2376440000.0
730 -0.02295 0.00033757 -644.442 5698.35 400.574 400.542 -11.6091 -30.7295 2376450000.0
729 -0.02285 0.000337567 -644.447 5698.43 400.576 400.54 -3.36628 -20.3709 2376440000.0
728 -0.02275 0.000337563 -644.461 5698.48 400.575 400.54 2.926 -7.10889 2376510000.0
727 -0.02265 0.000337563 -644.452 5698.47 400.574 400.538 2.90508 -5.39466 2376470000.0
726 -0.02255 0.000337566 -644.454 5698.39 400.572 400.539 -8.25495 -12.4208 2376480000.0
725 -0.02245 0.000337573 -644.438 5698.39 400.58 400.54 -6.15585 -12.6303 2376470000.0
724 -0.02235 0.000337551 -644.481 5698.54 400.565 400.531 11.1138 14.4793 2376460000.0
723 -0.02225 0.000337543 -644.493 5698.62 400.561 400.532 26.4252 29.2225 2376500000.0
722 -0.02215 0.00033755 -644.481 5698.2 400.54 400.532 -8.33356 16.2677 2376410000.0
721 -0.02205 0.000337553 -644.469 5698.2 400.543 400.534 -8.47175 12.6517 2376440000.0
720 -0.02195 0.000337551 -644.479 5698.34 400.55 400.531 -0.666089 8.97764 2376440000.0
719 -0.02185 0.000337542 -644.498 5698.59 400.558 400.532 28.4732 32.8373 2376490000.0
718 -0.02175 0.000337546 -644.485 5698.47 400.554 400.533 12.2104 20.0298 2376480000.0
717 -0.02165 0.000337544 -644.494 5698.39 400.546 400.529 5.04998 26.2885 2376440000.0
716 -0.02155 0.000337549 -644.482 5698.4 400.552 400.532 5.8515 15.229 2376440000.0
715 -0.02145 0.00033757 -644.439 5698.32 400.572 400.539 -14.3648 -25.2047 2376440000.0
714 -0.02135 0.000337561 -644.46 5698.3 400.559 400.538 -12.3529 -12.5613 2376430000.0
713 -0.02125 0.000337545 -644.491 5698.44 400.551 400.528 10.4653 16.9864 2376400000.0
712 -0.02115 0.000337543 -644.497 5698.6 400.559 400.536 24.851 36.4182 2376490000.0
711 -0.02105 0.000337547 -644.483 5698.44 400.553 400.528 8.57052 14.9984 2376360000.0
710 -0.02095 0.000337555 -644.474 5698.48 400.565 400.537 8.78509 1.55487 2376440000.0
709 -0.02085 0.000337547 -644.486 5698.41 400.551 400.532 12.6201 16.1574 2376380000.0
708 -0.02075 0.000337557 -644.464 5698.32 400.557 400.535 -9.39537 -17.3815 2376350000.0
707 -0.02065 0.000337572 -644.441 5698.32 400.574 400.544 -13.7869 -35.2884 2376410000.0
706 -0.02055 0.000337549 -644.486 5698.45 400.556 400.534 5.89694 4.27888 2376390000.0
705 -0.02045 0.000337551 -644.481 5698.35 400.551 400.538 0.61204 3.31744 2376380000.0
704 -0.02035 0.00033754 -644.5 5698.32 400.536 400.527 10.7052 24.414 2376310000.0
703 -0.02025 0.000337532 -644.51 5698.33 400.527 400.528 12.839 32.0104 2376340000.0
702 -0.02015 0.000337543 -644.495 5698.32 400.54 400.53 7.90834 17.5744 2376360000.0
701 -0.02005 0.000337538 -644.502 5698.52 400.548 400.528 19.2575 12.7173 2376390000.0
700 -0.01995 0.000337535 -644.51 5698.62 400.551 400.529 31.9348 24.8608 2376410000.0
699 -0.01985 0.000337541 -644.497 5698.38 400.542 400.529 7.32876 15.1529 2376370000.0
698 -0.01975 0.000337544 -644.491 5698.34 400.542 400.531 3.13177 12.1627 2376370000.0
697 -0.01965 0.000337562 -644.456 5698.45 400.572 400.542 -0.711133 -20.4109 2376450000.0
696 -0.01955 0.000337541 -644.496 5698.51 400.551 400.526 15.58 6.33299 2376350000.0
695 -0.01945 0.00033754 -644.499 5698.64 400.559 400.531 26.1832 14.5323 2376420000.0
694 -0.01935 0.000337544 -644.481 5698.52 400.555 400.53 17.3757 13.7991 2376360000.0
693 -0.01925 0.000337545 -644.491 5698.72 400.57 400.534 25.8958 5.0501 2376420000.0
692 -0.01915 0.00033756 -644.458 5698.66 400.585 400.539 10.8525 -21.6494 2376430000.0
691 -0.01905 0.00033757 -644.443 5698.38 400.576 400.543 -16.2383 -41.9408 2376410000.0
690 -0.01895 0.000337575 -644.423 5698.38 400.582 400.545 -16.0236 -41.3161 2376410000.0
689 -0.01885 0.00033756 -644.461 5698.51 400.573 400.538 0.257343 -14.3431 2376370000.0
688 -0.01875 0.000337539 -644.499 5698.67 400.559 400.53 29.5416 32.4663 2376370000.0
687 -0.01865 0.000337549 -644.479 5698.56 400.564 400.536 12.5007 12.1921 2376370000.0
686 -0.01855 0.000337552 -644.472 5698.57 400.568 400.538 14.4505 20.5096 2376370000.0
685 -0.01845 0.000337552 -644.476 5698.6 400.57 400.538 14.6897 13.7329 2376390000.0
684 -0.01835 0.000337541 -644.485 5698.66 400.562 400.529 28.8031 35.7304 2376320000.0
683 -0.01825 0.000337543 -644.495 5698.61 400.56 400.529 16.9979 29.5405 2376350000.0
682 -0.01815 0.00033754 -644.494 5698.59 400.555 400.529 24.2457 31.1043 2376310000.0
681 -0.01805 0.000337543 -644.491 5698.51 400.553 400.533 12.3216 20.8157 2376350000.0
680 -0.01795 0.000337542 -644.488 5698.55 400.555 400.528 18.878 17.1658 2376310000.0
679 -0.01785 0.000337536 -644.497 5698.65 400.554 400.527 28.6314 25.2603 2376300000.0
678 -0.01775 0.000337535 -644.504 5698.7 400.557 400.527 34.8992 23.1403 2376330000.0
677 -0.01765 0.000337535 -644.502 5698.6 400.55 400.523 26.7165 27.6001 2376300000.0
676 -0.01755 0.000337527 -644.517 5698.68 400.546 400.527 35.7787 33.9646 2376350000.0
675 -0.01745 0.000337539 -644.498 5698.69 400.561 400.529 27.5792 12.0185 2376350000.0
674 -0.01735 0.000337525 -644.521 5698.84 400.555 400.522 50.5963 50.0148 2376320000.0
673 -0.01725 0.000337533 -644.501 5698.85 400.565 400.527 39.7433 29.7005 2376310000.0
672 -0.01715 0.000337529 -644.514 5698.51 400.537 400.527 28.2994 37.9165 2376270000.0
671 -0.01705 0.000337525 -644.52 5698.64 400.54 400.525 34.8898 47.8266 2376270000.0
670 -0.01695 0.000337513 -644.549 5698.59 400.523 400.518 42.8525 66.7113 2376220000.0
669 -0.01685 0.000337516 -644.534 5698.71 400.535 400.521 47.7197 69.696 2376290000.0
668 -0.01675 0.00033753 -644.516 5698.74 400.554 400.528 39.2168 38.389 2376320000.0
667 -0.01665 0.000337524 -644.52 5698.84 400.554 400.521 48.3693 45.6146 2376240000.0
666 -0.01655 0.000337529 -644.515 5698.73 400.553 400.526 38.9469 41.3319 2376280000.0
665 -0.01645 0.000337527 -644.518 5698.74 400.55 400.524 39.5002 42.854 2376190000.0
664 -0.01635 0.00033753 -644.507 5698.52 400.539 400.526 23.4976 33.2031 2376200000.0
663 -0.01625 0.000337536 -644.496 5698.46 400.542 400.528 17.9143 21.5595 2376180000.0
662 -0.01615 0.000337531 -644.512 5698.69 400.552 400.529 32.1612 33.9308 2376220000.0
661 -0.01605 0.000337518 -644.531 5698.74 400.54 400.524 48.5823 57.9596 2376190000.0
660 -0.01595 0.000337502 -644.565 5698.78 400.523 400.516 62.1203 80.6861 2376150000.0
659 -0.01585 0.000337512 -644.543 5698.7 400.53 400.52 47.5084 49.1573 2376160000.0
658 -0.01575 0.000337509 -644.549 5698.76 400.531 400.516 57.8925 47.5494 2376130000.0
657 -0.01565 0.000337522 -644.528 5698.71 400.542 400.526 38.9712 21.9818 2376180000.0
656 -0.01555 0.000337511 -644.548 5698.84 400.538 400.519 60.5101 42.2303 2376130000.0
655 -0.01545 0.00033751 -644.548 5698.79 400.533 400.515 59.4065 51.0304 2376060000.0
654 -0.01535 0.000337508 -644.553 5698.86 400.535 400.518 61.5794 48.0498 2376090000.0
653 -0.01525 0.000337511 -644.55 5698.8 400.536 400.521 61.0261 44.8943 2376040000.0
652 -0.01515 0.000337506 -644.559 5698.87 400.534 400.52 66.0482 58.7001 2376040000.0
651 -0.01505 0.000337504 -644.559 5698.73 400.523 400.512 56.8105 54.3013 2375940000.0
650 -0.01495 0.000337492 -644.578 5698.85 400.516 400.508 75.8705 84.6183 2375910000.0
649 -0.01485 0.000337489 -644.588 5698.71 400.503 400.507 68.8443 85.871 2375870000.0
648 -0.01475 0.000337489 -644.586 5698.75 400.506 400.511 71.8787 89.0332 2375870000.0
647 -0.01465 0.000337494 -644.578 5698.71 400.51 400.509 57.2801 67.7957 2375830000.0
646 -0.01455 0.000337465 -644.637 5698.98 400.494 400.5 109.263 131.814 2375810000.0
645 -0.01445 0.000337488 -644.585 5698.95 400.519 400.511 88.5963 87.6047 2375840000.0
644 -0.01435 0.000337499 -644.572 5698.85 400.526 400.513 72.0012 59.2689 2375820000.0
643 -0.01425 0.000337492 -644.577 5698.87 400.518 400.512 77.731 69.7279 2375800000.0
642 -0.01415 0.00033747 -644.625 5699.0 400.5 400.497 106.925 120.312 2375670000.0
641 -0.01405 0.000337466 -644.633 5698.94 400.492 400.504 103.703 120.488 2375730000.0
640 -0.01395 0.000337468 -644.626 5699.16 400.51 400.499 113.195 107.77 2375690000.0
639 -0.01385 0.000337454 -644.659 5699.14 400.492 400.497 125.699 139.718 2375670000.0
638 -0.01375 0.000337439 -644.682 5699.14 400.474 400.489 140.132 177.72 2375600000.0
637 -0.01365 0.000337446 -644.667 5698.99 400.472 400.491 119.617 155.473 2375560000.0
636 -0.01355 0.000337439 -644.688 5699.09 400.471 400.489 132.97 171.329 2375560000.0
635 -0.01345 0.000337436 -644.688 5699.19 400.474 400.487 142.707 182.38 2375500000.0
634 -0.01335 0.000337428 -644.705 5699.21 400.466 400.483 148.484 189.037 2375460000.0
633 -0.01325 0.000337426 -644.706 5699.25 400.467 400.48 153.77 188.844 2375380000.0
632 -0.01315 0.000337432 -644.699 5699.19 400.469 400.487 148.71 183.398 2375420000.0
631 -0.01305 0.000337402 -644.757 5699.28 400.44 400.476 177.307 233.332 2375360000.0
630 -0.01295 0.000337402 -644.757 5699.54 400.458 400.473 189.384 229.866 2375310000.0
629 -0.01285 0.000337393 -644.772 5699.53 400.448 400.472 196.846 248.225 2375270000.0
628 -0.01275 0.000337383 -644.796 5699.67 400.445 400.466 215.551 267.782 2375170000.0
627 -0.01265 0.000337384 -644.794 5699.76 400.452 400.464 222.209 257.435 2375160000.0
626 -0.01255 0.000337377 -644.805 5699.65 400.436 400.461 218.345 266.756 2375070000.0
625 -0.01245 0.000337359 -644.841 5699.83 400.427 400.457 243.438 290.421 2375010000.0
624 -0.01235 0.000337355 -644.849 5699.83 400.422 400.451 248.566 297.495 2374890000.0
623 -0.01225 0.000337338 -644.88 5699.84 400.404 400.447 261.715 314.309 2374850000.0
622 -0.01215 0.000337339 -644.884 5699.97 400.413 400.447 267.224 303.461 2374810000.0
621 -0.01205 0.000337329 -644.895 5700.22 400.419 400.442 293.615 317.063 2374710000.0
620 -0.01195 0.000337329 -644.907 5699.97 400.401 400.444 275.353 307.964 2374630000.0
619 -0.01185 0.000337307 -644.939 5699.89 400.371 400.434 287.786 332.662 2374510000.0
618 -0.01175 0.000337299 -644.959 5699.99 400.368 400.429 297.417 331.435 2374380000.0
617 -0.01165 0.000337275 -645.002 5700.07 400.344 400.418 327.635 374.918 2374270000.0
616 -0.01155 0.000337251 -645.055 5700.51 400.347 400.412 370.092 410.757 2374260000.0
615 -0.01145 0.000337238 -645.07 5700.3 400.317 400.399 373.604 426.898 2374060000.0
614 -0.01135 0.000337242 -645.069 5700.3 400.322 400.401 365.553 407.69 2373990000.0
613 -0.01125 0.000337218 -645.113 5700.55 400.311 400.392 399.272 445.534 2373910000.0
612 -0.01115 0.000337199 -645.152 5700.62 400.293 400.385 422.534 463.656 2373800000.0
611 -0.01105 0.000337164 -645.215 5700.96 400.276 400.372 467.565 508.061 2373690000.0
610 -0.01095 0.000337169 -645.209 5700.96 400.281 400.375 468.116 495.7 2373580000.0
609 -0.01085 0.000337144 -645.256 5701.09 400.261 400.365 494.79 532.983 2373470000.0
608 -0.01075 0.000337117 -645.304 5701.23 400.238 400.35 523.248 562.174 2373300000.0
607 -0.01065 0.000337098 -645.345 5701.26 400.218 400.342 540.112 578.955 2373160000.0
606 -0.01055 0.000337078 -645.38 5701.34 400.2 400.339 558.357 598.538 2373040000.0
605 -0.01045 0.00033703 -645.481 5701.5 400.154 400.312 607.575 663.217 2372780000.0
604 -0.01035 0.000336998 -645.532 5701.52 400.118 400.306 635.816 705.119 2372650000.0
603 -0.01025 0.000336981 -645.562 5701.67 400.107 400.291 658.728 707.196 2372410000.0
602 -0.01015 0.000336942 -645.644 5701.79 400.07 400.279 694.505 762.196 2372250000.0
601 -0.01005 0.000336913 -645.698 5702.11 400.058 400.263 737.99 783.232 2372010000.0
600 -0.00995 0.000336888 -645.746 5702.24 400.038 400.258 763.977 798.254 2371850000.0
599 -0.00985 0.000336838 -645.845 5702.57 400.002 400.233 831.9 874.102 2371590000.0
598 -0.00975 0.000336795 -645.925 5702.71 399.96 400.215 866.161 906.497 2371330000.0
597 -0.00965 0.000336747 -646.017 5702.88 399.915 400.192 917.149 955.062 2371030000.0
596 -0.00955 0.000336699 -646.108 5702.98 399.865 400.177 960.493 1004.75 2370820000.0
595 -0.00945 0.000336648 -646.207 5703.32 399.828 400.151 1014.29 1038.23 2370520000.0
594 -0.00935 0.000336596 -646.31 5703.55 399.782 400.137 1079.16 1108.29 2370260000.0
593 -0.00925 0.000336544 -646.403 5703.67 399.73 400.105 1119.88 1131.92 2369870000.0
592 -0.00915 0.000336491 -646.503 5703.91 399.683 400.084 1178.15 1174.98 2369570000.0
591 -0.00905 0.000336424 -646.635 5704.11 399.618 400.054 1243.09 1238.81 2369170000.0
590 -0.00895 0.000336348 -646.788 5704.37 399.546 400.026 1317.14 1310.46 2368810000.0
589 -0.00885 0.000336296 -646.888 5704.62 399.501 400.005 1379.92 1355.04 2368470000.0
588 -0.00875 0.00033622 -647.033 5704.73 399.418 399.972 1441.64 1417.14 2368020000.0
587 -0.00865 0.000336143 -647.175 5705.02 399.348 399.935 1515.37 1480.02 2367570000.0
586 -0.00855 0.000336056 -647.348 5705.53 399.281 399.903 1617.36 1558.56 2367140000.0
585 -0.00845 0.00033596 -647.531 5705.55 399.168 399.861 1692.09 1644.51 2366610000.0
584 -0.00835 0.000335862 -647.718 5705.86 399.072 399.82 1787.15 1729.99 2366120000.0
583 -0.00825 0.000335748 -647.94 5706.23 398.963 399.769 1901.01 1838.08 2365530000.0
582 -0.00815 0.000335633 -648.158 5706.57 398.851 399.717 2009.94 1937.2 2364920000.0
581 -0.00805 0.000335524 -648.379 5706.94 398.746 399.672 2118.21 2023.26 2364320000.0
580 -0.00795 0.00033541 -648.588 5707.28 398.635 399.625 2234.07 2119.69 2363730000.0
579 -0.00785 0.000335292 -648.83 5707.67 398.522 399.573 2347.36 2187.59 2363040000.0
578 -0.00775 0.000335147 -649.098 5707.92 398.366 399.509 2467.48 2296.62 2362290000.0
577 -0.00765 0.000335007 -649.375 5708.25 398.224 399.453 2607.55 2421.88 2361560000.0
576 -0.00755 0.000334856 -649.671 5708.7 398.075 399.382 2746.41 2535.93 2360720000.0
575 -0.00745 0.000334696 -649.982 5709.11 397.913 399.312 2896.37 2652.58 2359870000.0
574 -0.00735 0.000334525 -650.311 5709.66 397.748 399.241 3068.24 2772.55 2359030000.0
573 -0.00725 0.000334329 -650.693 5710.3 397.56 399.157 3267.83 2939.28 2358080000.0
572 -0.00715 0.00033412 -651.098 5710.7 397.34 399.063 3450.98 3101.29 2357030000.0
571 -0.00705 0.000333917 -651.497 5711.25 397.136 398.98 3642.9 3245.7 2356030000.0
570 -0.00695 0.000333696 -651.931 5711.64 396.901 398.882 3838.24 3409.55 2354850000.0
569 -0.00685 0.00033347 -652.368 5712.18 396.669 398.781 4047.65 3557.49 2353640000.0
568 -0.00675 0.000333218 -652.86 5712.76 396.41 398.674 4288.21 3743.6 2352410000.0
567 -0.00665 0.000332929 -653.437 5713.23 396.098 398.549 4541.99 3972.15 2351040000.0
566 -0.00655 0.000332641 -653.99 5713.79 395.794 398.423 4795.57 4164.85 2349630000.0
565 -0.00645 0.000332332 -654.608 5714.45 395.472 398.289 5081.64 4381.76 2348130000.0
564 -0.00635 0.000332019 -655.219 5714.91 395.132 398.149 5358.63 4582.09 2346520000.0
563 -0.00625 0.000331664 -655.923 5715.53 394.752 397.997 5675.11 4837.03 2344840000.0
562 -0.00615 0.000331284 -656.672 5716.3 394.353 397.822 6022.85 5112.19 2342960000.0
561 -0.00605 0.000330906 -657.425 5716.83 393.94 397.662 6351.23 5344.32 2341120000.0
560 -0.00595 0.000330491 -658.254 5717.47 393.49 397.477 6725.02 5615.72 2339090000.0
559 -0.00585 0.000330037 -659.151 5718.3 393.006 397.273 7134.88 5929.21 2336960000.0
558 -0.00575 0.000329566 -660.101 5719.17 392.505 397.07 7563.99 6254.63 2334760000.0
557 -0.00565 0.000329066 -661.1 5720.14 391.975 396.844 8021.89 6578.86 2332390000.0
556 -0.00555 0.000328529 -662.177 5720.83 391.383 396.602 8492.45 6938.18 2329840000.0
555 -0.00545 0.000327977 -663.294 5721.44 390.767 396.353 8974.19 7286.13 2327170000.0
554 -0.00535 0.000327381 -664.504 5722.1 390.103 396.087 9489.78 7671.62 2324340000.0
553 -0.00525 0.000326722 -665.838 5722.99 389.378 395.791 10070.2 8124.76 2321320000.0
552 -0.00515 0.000326045 -667.222 5723.87 388.63 395.479 10678.6 8559.77 2318140000.0
551 -0.00505 0.00032533 -668.69 5724.86 387.846 395.149 11316.0 9016.28 2314760000.0
550 -0.00495 0.000324579 -670.239 5725.68 387.006 394.812 11979.6 9500.84 2311270000.0
549 -0.00485 0.00032376 -671.93 5726.53 386.086 394.431 12697.5 10039.1 2307510000.0
548 -0.00475 0.000322899 -673.727 5727.59 385.131 394.034 13468.1 10603.9 2303480000.0
547 -0.00465 0.000321974 -675.657 5728.32 384.077 393.605 14274.1 11219.7 2299250000.0
546 -0.00455 0.000321018 -677.675 5729.56 383.019 393.155 15141.8 11831.6 2294810000.0
545 -0.00445 0.000319985 -679.858 5730.5 381.85 392.672 16054.9 12524.7 2290100000.0
544 -0.00435 0.000318905 -682.164 5731.38 380.618 392.161 17005.9 13229.7 2285160000.0
543 -0.00425 0.000317762 -684.612 5732.37 379.32 391.613 18025.4 13987.4 2279850000.0
542 -0.00415 0.000316559 -687.216 5733.26 377.943 391.04 19097.1 14787.4 2274360000.0
541 -0.00405 0.000315281 -690.004 5734.19 376.477 390.42 20236.3 15643.3 2268430000.0
540 -0.00395 0.000313924 -692.984 5735.2 374.923 389.759 21461.6 16589.7 2262250000.0
539 -0.00385 0.000312506 -696.129 5736.12 373.29 389.061 22733.5 17563.7 2255710000.0
538 -0.00375 0.000310999 -699.5 5737.15 371.557 388.316 24107.0 18626.6 2248860000.0
537 -0.00365 0.000309416 -703.08 5738.04 369.722 387.524 25538.0 19751.7 2241620000.0
536 -0.00355 0.000307755 -706.868 5738.86 367.79 386.681 27052.9 20951.9 2233960000.0
535 -0.00345 0.000306015 -710.905 5739.66 365.762 385.789 28647.4 22216.4 2225930000.0
534 -0.00335 0.000304182 -715.178 5740.2 363.605 384.848 30323.2 23579.2 2217510000.0
533 -0.00325 0.000302246 -719.752 5740.81 361.33 383.829 32110.6 25058.2 2208590000.0
532 -0.00315 0.000300246 -724.558 5741.3 358.97 382.77 33967.1 26573.2 2199300000.0
531 -0.00305 0.000298129 -729.701 5741.62 356.458 381.633 35941.7 28260.3 2189510000.0
530 -0.00295 0.000295937 -735.098 5742.18 353.872 380.442 38023.7 30001.4 2179370000.0
529 -0.00285 0.000293636 -740.864 5742.27 351.126 379.171 40200.5 31888.5 2168670000.0
528 -0.00275 0.000291238 -746.967 5742.15 348.25 377.826 42492.0 33923.5 2157470000.0
527 -0.00265 0.000288758 -753.376 5742.0 345.277 376.411 44878.6 36044.9 2145840000.0
526 -0.00255 0.000286161 -760.215 5741.45 342.139 374.903 47392.4 38345.2 2133630000.0
525 -0.00245 0.000283485 -767.395 5740.96 338.91 373.328 50032.4 40775.2 2121030000.0
524 -0.00235 0.000280697 -775.016 5739.95 335.518 371.651 52782.9 43375.8 2107870000.0
523 -0.00225 0.000277823 -783.027 5738.54 332.0 369.887 55648.0 46131.9 2094180000.0
522 -0.00215 0.000274858 -791.489 5736.86 328.361 368.029 58630.0 49038.3 2079990000.0
521 -0.00205 0.000271807 -800.359 5734.74 324.597 366.079 61734.5 52125.7 2065330000.0
520 -0.00195 0.00026867 -809.718 5732.29 320.713 364.031 64962.7 55395.1 2050230000.0
519 -0.00185 0.000265454 -819.509 5729.3 316.709 361.878 68299.4 58835.7 2034600000.0
518 -0.00175 0.000262144 -829.871 5726.1 312.585 359.611 71803.2 62526.9 2018530000.0
517 -0.00165 0.000258774 -840.668 5721.9 308.341 357.246 75374.4 66366.5 2002020000.0
516 -0.00155 0.00025532 -852.049 5717.02 303.965 354.755 79075.0 70450.7 1985010000.0
515 -0.00145 0.000251827 -863.861 5711.27 299.505 352.168 82848.7 74667.0 1967590000.0
514 -0.00135 0.000248263 -876.271 5704.96 294.94 349.461 86759.4 79142.8 1949930000.0
513 -0.00125 0.000244653 -889.195 5697.68 290.281 346.633 90750.1 83796.3 1931780000.0
512 -0.00115 0.000240991 -902.706 5689.33 285.516 343.683 94839.4 88689.1 1913400000.0
511 -0.00105 0.00023731 -916.707 5679.96 280.693 340.629 98980.1 93712.5 1894730000.0
510 -0.00095 0.000233603 -931.264 5669.3 275.789 337.455 103182.0 98923.4 1875790000.0
509 -0.00085 0.000229873 -946.362 5657.57 270.825 334.159 107447.0 104312.0 1856640000.0
508 -0.00075 0.00022613 -962.024 5644.32 265.791 330.747 111747.0 109883.0 1837370000.0
507 -0.00065 0.00022238 -978.259 5629.73 260.707 327.213 116091.0 115621.0 1817960000.0
506 -0.00055 0.000218631 -995.033 5613.74 255.584 323.562 120455.0 121492.0 1798500000.0
505 -0.00045 0.000214901 -1012.29 5596.33 250.445 319.798 124823.0 127455.0 1778980000.0
504 -0.00035 0.000211177 -1030.16 5576.91 245.25 315.914 129179.0 133572.0 1759450000.0
503 -0.00025 0.000207493 -1048.45 5555.68 240.054 311.937 133478.0 139718.0 1739950000.0
502 -0.00015 0.000203814 -1067.36 5532.75 234.825 307.821 137785.0 146022.0 1720550000.0
501 -5e-05 0.000200191 -1086.69 5507.95 229.617 303.621 142010.0 152313.0 1701270000.0
500 5e-05 0.000196602 -1106.51 5481.08 224.4 299.313 146166.0 158636.0 1682140000.0
499 0.00015 0.000193064 -1126.79 5452.13 219.198 294.904 150229.0 164963.0 1663160000.0
498 0.00025 0.000189591 -1147.43 5421.11 214.03 290.422 154169.0 171201.0 1644430000.0
497 0.00035 0.000186179 -1168.47 5387.88 208.891 285.855 157981.0 177382.0 1625890000.0
496 0.00045 0.000182823 -1189.91 5352.42 203.775 281.197 161662.0 183503.0 1607580000.0
495 0.00055 0.00017953 -1211.74 5314.6 198.691 276.457 165190.0 189519.0 1589520000.0
494 0.00065 0.000176316 -1233.82 5274.45 193.659 271.666 168525.0 195353.0 1571680000.0
493 0.00075 0.00017318 -1256.16 5232.17 188.691 266.813 171680.0 200998.0 1554070000.0
492 0.00085 0.000170124 -1278.73 5187.61 183.781 261.916 174639.0 206445.0 1536740000.0
491 0.00095 0.000167142 -1301.55 5140.78 178.931 256.964 177384.0 211659.0 1519570000.0
490 0.00105 0.000164244 -1324.52 5091.67 174.148 251.982 179914.0 216638.0 1502690000.0
489 0.00115 0.000161419 -1347.69 5040.23 169.424 246.953 182220.0 221366.0 1485970000.0
488 0.00125 0.000158676 -1370.99 4986.66 164.775 241.897 184291.0 225802.0 1469440000.0
487 0.00135 0.000156021 -1394.33 4930.97 160.208 236.836 186115.0 229923.0 1453070000.0
486 0.00145 0.000153444 -1417.73 4873.14 155.714 231.754 187685.0 233712.0 1436720000.0
485 0.00155 0.000150961 -1441.06 4813.56 151.322 226.695 189006.0 237149.0 1420550000.0
484 0.00165 0.000148551 -1464.43 4752.05 147.003 221.623 190090.0 240265.0 1404460000.0
483 0.00175 0.000146207 -1487.92 4688.28 142.742 216.532 190921.0 243073.0 1388410000.0
482 0.00185 0.000143963 -1511.11 4623.14 138.598 211.498 191481.0 245450.0 1372280000.0
481 0.00195 0.00014179 -1534.26 4556.39 134.535 206.475 191807.0 247489.0 1356190000.0
480 0.00205 0.0001397 -1557.23 4488.22 130.569 201.492 191882.0 249145.0 1340000000.0
479 0.00215 0.000137682 -1580.04 4418.73 126.691 196.546 191727.0 250459.0 1323820000.0
478 0.00225 0.00013574 -1602.64 4347.83 122.899 191.642 191315.0 251386.0 1307410000.0
477 0.00235 0.000133876 -1624.95 4276.15 119.214 186.803 190692.0 251960.0 1290940000.0
476 0.00245 0.000132077 -1647.1 4203.11 115.603 181.995 189833.0 252174.0 1274190000.0
475 0.00255 0.000130346 -1668.98 4129.5 112.09 177.252 188785.0 252071.0 1257450000.0
474 0.00265 0.000128682 -1690.56 4055.16 108.666 172.569 187536.0 251627.0 1240480000.0
473 0.00275 0.00012708 -1711.87 3980.13 105.328 167.945 186085.0 250863.0 1223290000.0
472 0.00285 0.000125543 -1732.82 3904.87 102.087 163.402 184469.0 249796.0 1205970000.0
471 0.00295 0.000124071 -1753.38 3829.38 98.9392 158.938 182676.0 248423.0 1188420000.0
470 0.00305 0.000122654 -1773.63 3753.43 95.8696 154.546 180710.0 246783.0 1170650000.0
469 0.00315 0.000121294 -1793.51 3677.46 92.8876 150.231 178601.0 244869.0 1152680000.0
468 0.00325 0.000119992 -1812.99 3601.65 89.9961 146.006 176357.0 242708.0 1134520000.0
467 0.00335 0.000118737 -1832.15 3526.0 87.1845 141.85 173995.0 240312.0 1116200000.0
466 0.00345 0.000117532 -1850.94 3450.47 84.4505 137.772 171510.0 237702.0 1097700000.0
465 0.00355 0.000116374 -1869.34 3375.41 81.8 133.779 168930.0 234890.0 1079090000.0
464 0.00365 0.000115269 -1887.27 3300.69 79.2297 129.888 166235.0 231884.0 1060190000.0
463 0.00375 0.000114208 -1904.8 3226.81 76.7435 126.085 163484.0 228731.0 1041360000.0
462 0.00385 0.000113189 -1921.97 3153.36 74.3271 122.36 160643.0 225404.0 1022290000.0
461 0.00395 0.000112207 -1938.77 3080.33 71.9761 118.713 157725.0 221939.0 1003090000.0
460 0.00405 0.000111277 -1954.98 3008.93 69.7246 115.196 154788.0 218367.0 983944000.0
459 0.00415 0.000110378 -1970.89 2937.92 67.5295 111.744 151787.0 214677.0 964690000.0
458 0.00425 0.000109515 -1986.45 2867.46 65.3945 108.368 148729.0 210887.0 945320000.0
457 0.00435 0.000108693 -2001.47 2798.79 63.349 105.109 145684.0 207038.0 926118000.0
456 0.00445 0.000107899 -2016.19 2730.57 61.3535 101.912 142589.0 203097.0 906789000.0
455 0.00455 0.000107136 -2030.54 2663.43 59.4221 98.801 139488.0 199116.0 887598000.0
454 0.00465 0.000106409 -2044.41 2597.74 57.563 95.789 136388.0 195086.0 868411000.0
453 0.00475 0.00010571 -2057.94 2533.07 55.7616 92.8529 133282.0 191011.0 849280000.0
452 0.00485 0.000105045 -2070.96 2470.04 54.0315 90.0263 130206.0 186947.0 830362000.0
451 0.00495 0.000104402 -2083.71 2407.86 52.3493 87.2605 127125.0 182847.0 811484000.0
450 0.00505 0.000103788 -2096.06 2347.21 50.7303 84.5798 124081.0 178752.0 792845000.0
449 0.00515 0.000103199 -2108.0 2287.75 49.1649 81.9888 121048.0 174666.0 774272000.0
448 0.00525 0.000102629 -2119.73 2229.05 47.6387 79.4433 118022.0 170566.0 755847000.0
447 0.00535 0.000102085 -2131.02 2171.93 46.1718 76.9924 115036.0 166500.0 737626000.0
446 0.00545 0.000101564 -2141.92 2116.46 44.7633 74.6261 112107.0 162478.0 719712000.0
445 0.00555 0.000101062 -2152.61 2061.51 43.3853 72.3064 109168.0 158447.0 701815000.0
444 0.00565 0.00010058 -2162.89 2008.25 42.0632 70.0748 106296.0 154485.0 684287000.0
443 0.00575 0.000100121 -2172.81 1956.53 40.7928 67.9213 103478.0 150570.0 667025000.0
442 0.00585 9.96826e-05 -2182.37 1906.45 39.5745 65.846 100723.0 146713.0 650080000.0
441 0.00595 9.9254e-05 -2191.8 1856.7 38.3759 63.8007 97968.5 142873.0 633275000.0
440 0.00605 9.88472e-05 -2200.83 1808.5 37.2266 61.8394 95268.3 139096.0 616682000.0
439 0.00615 9.84547e-05 -2209.58 1761.64 36.1179 59.9395 92628.7 135388.0 600478000.0
438 0.00625 9.80795e-05 -2218.05 1716.19 35.052 58.1018 90050.4 131737.0 584592000.0
437 0.00635 9.77226e-05 -2226.14 1672.41 34.0335 56.3452 87548.4 128178.0 569079000.0
436 0.00645 9.73759e-05 -2234.06 1629.25 33.0377 54.6261 85062.9 124652.0 553702000.0
435 0.00655 9.70429e-05 -2241.76 1587.11 32.073 52.9546 82623.8 121180.0 538603000.0
434 0.00665 9.67235e-05 -2249.16 1546.39 31.1473 51.3503 80251.5 117799.0 523881000.0
433 0.00675 9.64161e-05 -2256.31 1506.79 30.2532 49.796 77929.5 114477.0 509428000.0
432 0.00685 9.61215e-05 -2263.22 1468.37 29.3919 48.2964 75665.8 111233.0 495312000.0
431 0.00695 9.58402e-05 -2269.88 1431.15 28.5629 46.8507 73464.3 108071.0 481564000.0
430 0.00705 9.55656e-05 -2276.39 1394.67 27.7551 45.4377 71290.3 104943.0 467957000.0
429 0.00715 9.53044e-05 -2282.65 1359.53 26.9819 44.079 69190.4 101906.0 454798000.0
428 0.00725 9.50538e-05 -2288.65 1325.43 26.2359 42.7762 67141.9 98958.6 441924000.0
427 0.00735 9.48146e-05 -2294.43 1292.49 25.5196 41.5213 65152.2 96080.3 429353000.0
426 0.00745 9.45828e-05 -2300.07 1260.19 24.821 40.2964 63198.5 93260.8 417062000.0
425 0.00755 9.43587e-05 -2305.5 1229.06 24.1504 39.1169 61302.7 90510.6 405057000.0
424 0.00765 9.41407e-05 -2310.84 1198.4 23.4936 37.9577 59431.4 87796.4 393253000.0
423 0.00775 9.39338e-05 -2315.95 1168.88 22.8645 36.8506 57622.5 85176.8 381798000.0
422 0.00785 9.37359e-05 -2320.84 1140.58 22.2639 35.7871 55883.0 82633.5 370715000.0
421 0.00795 9.35458e-05 -2325.55 1113.24 21.6861 34.7653 54198.4 80175.0 359984000.0
420 0.00805 9.33628e-05 -2330.11 1086.6 21.1257 33.7743 52548.4 77765.0 349430000.0
419 0.00815 9.31846e-05 -2334.54 1060.71 20.583 32.8123 50942.2 75417.9 339173000.0
418 0.00825 9.30158e-05 -2338.8 1035.68 20.0611 31.8881 49385.6 73142.7 329203000.0
417 0.00835 9.28511e-05 -2342.96 1011.27 19.5534 30.9859 47861.0 70908.5 319420000.0
416 0.00845 9.26922e-05 -2346.97 987.586 19.0628 30.1166 46381.3 68748.4 309948000.0
415 0.00855 9.25389e-05 -2350.83 964.676 18.5898 29.2758 44941.0 66638.0 300670000.0
414 0.00865 9.23931e-05 -2354.57 942.511 18.1341 28.4655 43549.0 64597.7 291724000.0
413 0.00875 9.22524e-05 -2358.16 921.08 17.6948 27.6857 42198.2 62619.4 283004000.0
412 0.00885 9.21153e-05 -2361.67 900.255 17.269 26.923 40881.9 60676.4 274493000.0
411 0.00895 9.19843e-05 -2365.01 880.337 16.8629 26.1972 39621.9 58817.0 266335000.0
410 0.00905 9.1858e-05 -2368.26 860.869 16.4674 25.4921 38385.8 56998.6 258317000.0
409 0.00915 9.17379e-05 -2371.37 842.186 16.0889 24.8177 37200.3 55253.9 250623000.0
408 0.00925 9.16217e-05 -2374.39 824.002 15.7216 24.1621 36039.4 53542.8 243053000.0
407 0.00935 9.15098e-05 -2377.3 806.492 15.3687 23.5306 34925.1 51893.4 235794000.0
406 0.00945 9.14012e-05 -2380.11 789.496 15.027 22.9198 33838.3 50288.1 228692000.0
405 0.00955 9.12976e-05 -2382.83 772.974 14.6958 22.3289 32778.8 48725.9 221763000.0
404 0.00965 9.11963e-05 -2385.46 757.087 14.3778 21.7592 31762.2 47220.5 215119000.0
403 0.00975 9.10989e-05 -2388.02 741.496 14.0667 21.202 30759.8 45739.2 208557000.0
402 0.00985 9.10049e-05 -2390.49 726.53 13.7685 20.6674 29798.3 44315.4 202263000.0
401 0.00995 9.09143e-05 -2392.85 712.144 13.4825 20.1546 28872.0 42942.9 196179000.0
400 0.01005 9.08292e-05 -2395.12 698.225 13.2066 19.6619 27973.5 41613.4 190251000.0
399 0.01015 9.07442e-05 -2397.35 684.576 12.9363 19.178 27090.9 40308.8 184445000.0
398 0.01025 9.06639e-05 -2399.46 671.593 12.6797 18.7184 26251.7 39062.9 178903000.0
397 0.01035 9.05851e-05 -2401.54 658.833 12.428 18.268 25427.1 37844.4 173480000.0
396 0.01045 9.05116e-05 -2403.53 646.564 12.1867 17.8365 24630.6 36665.7 168211000.0
395 0.01055 9.04391e-05 -2405.45 634.768 11.9548 17.4185 23864.4 35522.2 163124000.0
394 0.01065 9.03691e-05 -2407.3 623.325 11.7302 17.0159 23122.2 34420.5 158213000.0
393 0.01075 9.03017e-05 -2409.08 612.337 11.5148 16.6306 22407.8 33360.7 153468000.0
392 0.01085 9.02374e-05 -2410.82 601.594 11.3047 16.2532 21708.2 32319.5 148819000.0
391 0.01095 9.01725e-05 -2412.53 590.928 11.0963 15.8804 21013.3 31296.0 144236000.0
390 0.01105 9.01128e-05 -2414.15 580.911 10.901 15.5303 20359.6 30324.3 139880000.0
389 0.01115 9.00548e-05 -2415.71 571.175 10.7114 15.1909 19724.2 29382.9 135658000.0
388 0.01125 8.99975e-05 -2417.23 561.714 10.5273 14.8597 19105.7 28462.1 131535000.0
387 0.01135 8.99438e-05 -2418.69 552.715 10.3524 14.5457 18517.7 27585.3 127605000.0
386 0.01145 8.98922e-05 -2420.08 543.933 10.1821 14.2409 17942.9 26731.7 123758000.0
385 0.01155 8.98411e-05 -2421.44 535.487 10.0183 13.9481 17388.2 25907.3 120035000.0
384 0.01165 8.9792e-05 -2422.75 527.236 9.85854 13.6622 16849.1 25107.6 116439000.0
383 0.01175 8.9745e-05 -2424.04 519.201 9.70321 13.383 16321.1 24321.5 112902000.0
382 0.01185 8.96985e-05 -2425.29 511.392 9.55232 13.1117 15809.8 23561.6 109495000.0
381 0.01195 8.96557e-05 -2426.45 504.116 9.41192 12.8587 15330.2 22840.6 106241000.0
380 0.01205 8.96139e-05 -2427.59 496.956 9.27392 12.611 14860.0 22139.2 103079000.0
379 0.01215 8.95716e-05 -2428.73 489.794 9.13594 12.3651 14390.0 21445.8 99942600.0
378 0.01225 8.95325e-05 -2429.79 483.052 9.00627 12.1333 13945.1 20785.0 96941900.0
377 0.01235 8.94935e-05 -2430.85 476.473 8.87973 11.9046 13512.1 20135.4 94025900.0
376 0.01245 8.94569e-05 -2431.84 470.181 8.75889 11.6884 13098.5 19519.5 91240500.0
375 0.01255 8.94199e-05 -2432.82 464.009 8.64033 11.4755 12690.8 18912.0 88490400.0
374 0.01265 8.93859e-05 -2433.77 458.008 8.52533 11.2688 12294.9 18321.9 85823100.0
373 0.01275 8.93526e-05 -2434.69 452.213 8.41434 11.0694 11913.0 17753.4 83254300.0
372 0.01285 8.93198e-05 -2435.57 446.684 8.30841 10.8796 11547.9 17208.8 80781000.0
371 0.01295 8.92892e-05 -2436.42 441.373 8.20681 10.6952 11197.1 16679.3 78402100.0
370 0.01305 8.92579e-05 -2437.26 436.015 8.10434 10.5126 10842.3 16156.0 76013700.0
369 0.01315 8.92293e-05 -2438.04 431.04 8.0093 10.3425 10514.3 15666.2 73791900.0
368 0.01325 8.92008e-05 -2438.82 426.062 7.91428 10.1727 10184.8 15177.7 71565000.0
367 0.01335 8.91744e-05 -2439.58 421.284 7.8232 10.0094 9867.03 14705.2 69407800.0
366 0.01345 8.91469e-05 -2440.3 416.695 7.73561 9.85184 9565.04 14252.8 67368000.0
365 0.01355 8.91207e-05 -2441.0 412.225 7.65037 9.69898 9268.73 13811.5 65358900.0
364 0.01365 8.9096e-05 -2441.68 407.966 7.56923 9.55366 8986.92 13390.7 63443300.0
363 0.01375 8.9073e-05 -2442.32 403.834 7.49063 9.41373 8711.61 12981.4 61558300.0
362 0.01385 8.90505e-05 -2442.95 399.827 7.41444 9.27659 8446.61 12584.6 59757500.0
361 0.01395 8.90285e-05 -2443.55 396.018 7.34199 9.14727 8194.64 12208.7 58038200.0
360 0.01405 8.90068e-05 -2444.14 392.192 7.26929 9.0179 7940.87 11833.7 56320700.0
359 0.01415 8.89862e-05 -2444.71 388.536 7.19985 8.894 7698.1 11473.0 54666100.0
358 0.01425 8.89658e-05 -2445.27 385.004 7.13278 8.77382 7463.75 11123.2 53069900.0
357 0.01435 8.89462e-05 -2445.82 381.508 7.06644 8.65411 7231.03 10775.5 51488700.0
356 0.01445 8.89271e-05 -2446.33 378.244 7.00448 8.54311 7014.77 10451.8 50012900.0
355 0.01455 8.89089e-05 -2446.83 375.052 6.94395 8.43411 6802.65 10133.7 48559400.0
354 0.01465 8.88914e-05 -2447.3 372.027 6.88659 8.33196 6600.82 9831.82 47165500.0
353 0.01475 8.88745e-05 -2447.78 368.918 6.82774 8.22802 6395.08 9530.4 45779500.0
352 0.01485 8.88585e-05 -2448.23 366.046 6.77336 8.12983 6204.26 9241.9 44466600.0
351 0.01495 8.88423e-05 -2448.68 363.224 6.71992 8.03394 6016.27 8960.27 43174500.0
350 0.01505 8.8827e-05 -2449.1 360.501 6.66839 7.94257 5834.5 8690.84 41926200.0
349 0.01515 8.88109e-05 -2449.53 357.762 6.61654 7.84859 5653.09 8418.76 40699400.0
348 0.01525 8.87965e-05 -2449.92 355.219 6.56844 7.76284 5482.97 8164.63 39523000.0
347 0.01535 8.87827e-05 -2450.32 352.675 6.52037 7.67687 5314.18 7914.08 38378000.0
346 0.01545 8.87682e-05 -2450.71 350.195 6.47348 7.59302 5148.76 7668.74 37248800.0
345 0.01555 8.87564e-05 -2451.05 347.947 6.43105 7.51702 4999.72 7444.7 36223100.0
344 0.01565 8.87429e-05 -2451.4 345.721 6.38894 7.44238 4851.27 7223.61 35195100.0
343 0.01575 8.87315e-05 -2451.74 343.554 6.34809 7.3692 4706.32 7006.56 34194400.0
342 0.01585 8.8719e-05 -2452.06 341.456 6.30842 7.29889 4567.48 6800.51 33244600.0
341 0.01595 8.87082e-05 -2452.37 339.456 6.27071 7.23126 4433.36 6598.49 32309100.0
340 0.01605 8.86961e-05 -2452.68 337.43 6.23244 7.16295 4298.39 6398.18 31385300.0
339 0.01615 8.86871e-05 -2452.98 335.548 6.19706 7.10003 4173.21 6211.13 30519800.0
338 0.01625 8.86762e-05 -2453.26 333.715 6.16244 7.03908 4051.31 6030.32 29677400.0
337 0.01635 8.86648e-05 -2453.54 331.863 6.12746 6.97615 3927.28 5844.39 28821900.0
336 0.01645 8.86553e-05 -2453.82 330.091 6.09409 6.91574 3809.36 5666.69 28014200.0
335 0.01655 8.86463e-05 -2454.07 328.466 6.06346 6.86251 3700.83 5506.97 27256700.0
334 0.01665 8.86372e-05 -2454.34 326.725 6.03071 6.80381 3584.53 5334.49 26461500.0
333 0.01675 8.86279e-05 -2454.58 325.176 6.00149 6.75152 3481.48 5179.33 25746400.0
332 0.01685 8.86205e-05 -2454.81 323.709 5.97392 6.70194 3383.04 5029.57 25051700.0
331 0.01695 8.8611e-05 -2455.05 322.139 5.9443 6.64976 3278.81 4876.97 24343000.0
330 0.01705 8.86028e-05 -2455.28 320.651 5.91629 6.59935 3179.7 4728.14 23661100.0
329 0.01715 8.85967e-05 -2455.5 319.245 5.88995 6.55325 3085.58 4589.73 23007600.0
328 0.01725 8.85879e-05 -2455.7 317.881 5.8642 6.50766 2994.48 4455.06 22381000.0
327 0.01735 8.8579e-05 -2455.92 316.479 5.83776 6.46071 2900.97 4317.12 21742200.0
326 0.01745 8.85737e-05 -2456.1 315.245 5.81464 6.41978 2818.03 4193.09 21159600.0
325 0.01755 8.85664e-05 -2456.3 313.998 5.79116 6.37827 2735.44 4070.75 20591600.0
324 0.01765 8.85604e-05 -2456.49 312.765 5.76803 6.3373 2652.73 3948.31 20019900.0
323 0.01775 8.85523e-05 -2456.68 311.531 5.74474 6.29566 2570.33 3825.98 19455200.0
322 0.01785 8.85464e-05 -2456.84 310.478 5.72495 6.26075 2499.79 3720.19 18957300.0
321 0.01795 8.85407e-05 -2457.01 309.382 5.70438 6.2242 2426.82 3610.8 18449100.0
320 0.01805 8.85349e-05 -2457.18 308.316 5.68435 6.18819 2355.45 3503.47 17953300.0
319 0.01815 8.85291e-05 -2457.34 307.236 5.66407 6.15203 2283.62 3397.16 17462100.0
318 0.01825 8.85227e-05 -2457.5 306.234 5.64518 6.11839 2216.43 3296.64 16994800.0
317 0.01835 8.85188e-05 -2457.64 305.31 5.6279 6.08764 2155.41 3204.83 16568100.0
316 0.01845 8.85131e-05 -2457.79 304.344 5.60973 6.05499 2089.95 3106.81 16111800.0
315 0.01855 8.85078e-05 -2457.92 303.495 5.59374 6.027 2033.34 3022.12 15709700.0
314 0.01865 8.8502e-05 -2458.06 302.534 5.57567 5.99539 1969.26 2929.13 15274500.0
313 0.01875 8.84983e-05 -2458.19 301.644 5.55903 5.96673 1909.94 2843.04 14865500.0
312 0.01885 8.84935e-05 -2458.32 300.834 5.54381 5.9388 1855.38 2759.4 14481000.0
311 0.01895 8.84886e-05 -2458.44 300.068 5.52939 5.9129 1804.79 2682.37 14127600.0
310 0.01905 8.84847e-05 -2458.57 299.268 5.5144 5.88548 1750.46 2599.77 13746800.0
309 0.01915 8.84807e-05 -2458.68 298.526 5.50047 5.86141 1701.65 2528.12 13408900.0
308 0.01925 8.8476e-05 -2458.79 297.794 5.48669 5.83732 1652.15 2454.85 13058900.0
307 0.01935 8.84723e-05 -2458.9 297.049 5.47274 5.81266 1602.67 2381.91 12720300.0
306 0.01945 8.84692e-05 -2459.0 296.372 5.46008 5.79078 1557.19 2314.86 12396900.0
305 0.01955 8.8465e-05 -2459.11 295.676 5.447 5.76732 1510.68 2245.36 12076600.0
304 0.01965 8.84613e-05 -2459.21 295.046 5.43517 5.7463 1468.76 2182.32 11781700.0
303 0.01975 8.84576e-05 -2459.31 294.378 5.42263 5.7247 1423.91 2117.69 11472000.0
302 0.01985 8.84551e-05 -2459.4 293.8 5.41183 5.70556 1385.35 2059.33 11198600.0
301 0.01995 8.84514e-05 -2459.5 293.144 5.39953 5.68312 1341.27 1993.19 10896500.0
300 0.02005 8.84481e-05 -2459.58 292.569 5.38873 5.6642 1303.12 1936.93 10631700.0
299 0.02015 8.84447e-05 -2459.68 291.984 5.37774 5.64488 1263.45 1878.75 10355800.0
298 0.02025 8.84412e-05 -2459.76 291.447 5.36765 5.62739 1227.95 1826.31 10107600.0
297 0.02035 8.84389e-05 -2459.84 290.904 5.3575 5.60916 1191.65 1772.16 9857800.0
296 0.02045 8.84361e-05 -2459.92 290.405 5.34815 5.59266 1158.29 1722.24 9621940.0
295 0.02055 8.84332e-05 -2459.99 289.955 5.33968 5.57762 1127.94 1676.31 9404190.0
294 0.02065 8.84303e-05 -2460.06 289.491 5.33097 5.56202 1096.74 1628.73 9181600.0
293 0.02075 8.8428e-05 -2460.13 288.994 5.32167 5.54552 1063.78 1580.51 8957570.0
292 0.02085 8.84255e-05 -2460.2 288.558 5.3135 5.53122 1034.64 1536.94 8750390.0
291 0.02095 8.84233e-05 -2460.27 288.098 5.30489 5.51566 1003.67 1490.13 8533090.0
290 0.02105 8.84211e-05 -2460.34 287.695 5.29734 5.50237 976.412 1449.38 8337980.0
289 0.02115 8.84186e-05 -2460.39 287.299 5.2899 5.48964 950.494 1410.98 8156440.0
288 0.02125 8.84171e-05 -2460.46 286.887 5.28222 5.47563 922.532 1368.5 7958020.0
287 0.02135 8.84141e-05 -2460.52 286.444 5.2739 5.46064 892.927 1324.33 7755040.0
286 0.02145 8.84122e-05 -2460.58 286.091 5.26727 5.44914 869.537 1289.75 7591970.0
285 0.02155 8.84093e-05 -2460.64 285.696 5.25983 5.43566 842.593 1249.16 7402110.0
284 0.02165 8.84086e-05 -2460.69 285.332 5.25309 5.42431 818.414 1214.42 7232270.0
283 0.02175 8.84057e-05 -2460.75 284.954 5.24596 5.41201 793.363 1178.6 7064240.0
282 0.02185 8.84044e-05 -2460.79 284.655 5.24037 5.40215 773.051 1147.59 6914000.0
281 0.02195 8.84026e-05 -2460.84 284.364 5.23491 5.3921 753.56 1116.83 6772040.0
280 0.02205 8.84008e-05 -2460.89 284.036 5.22877 5.38158 731.984 1085.47 6622470.0
279 0.02215 8.83994e-05 -2460.94 283.707 5.22262 5.37063 709.45 1052.32 6465980.0
278 0.02225 8.83971e-05 -2460.99 283.392 5.2167 5.36024 688.642 1021.54 6320750.0
277 0.02235 8.83958e-05 -2461.03 283.107 5.21137 5.35094 669.655 993.313 6187220.0
276 0.02245 8.83939e-05 -2461.07 282.84 5.20634 5.34179 651.509 965.127 6056380.0
275 0.02255 8.83925e-05 -2461.11 282.539 5.20073 5.33186 631.507 936.013 5920580.0
274 0.02265 8.83916e-05 -2461.16 282.275 5.19582 5.32314 613.926 909.581 5795790.0
273 0.02275 8.83901e-05 -2461.19 282.021 5.19105 5.31487 596.818 884.51 5674950.0
272 0.02285 8.83882e-05 -2461.23 281.778 5.18647 5.307 580.292 860.227 5556700.0
271 0.02295 8.83876e-05 -2461.27 281.513 5.18155 5.29842 562.632 834.721 5436440.0
270 0.02305 8.83852e-05 -2461.3 281.287 5.17725 5.29071 547.392 811.228 5325850.0
269 0.02315 8.83847e-05 -2461.34 281.073 5.17328 5.28373 533.273 790.169 5227230.0
268 0.02325 8.83841e-05 -2461.37 280.857 5.16928 5.27645 519.002 768.125 5124760.0
267 0.02335 8.83827e-05 -2461.4 280.648 5.16535 5.26939 504.918 746.591 5024530.0
266 0.02345 8.83811e-05 -2461.44 280.44 5.16142 5.26261 490.892 725.737 4922930.0
265 0.02355 8.83804e-05 -2461.47 280.242 5.15773 5.25613 477.444 705.897 4827530.0
264 0.02365 8.83795e-05 -2461.49 280.037 5.15391 5.24966 463.969 686.657 4733730.0
263 0.02375 8.8378e-05 -2461.53 279.841 5.15022 5.24348 450.729 667.797 4641000.0
262 0.02385 8.83777e-05 -2461.55 279.629 5.1463 5.23653 436.564 646.91 4543500.0
261 0.02395 8.83759e-05 -2461.59 279.442 5.14274 5.23007 424.135 628.004 4456400.0
260 0.02405 8.83751e-05 -2461.61 279.269 5.13952 5.22419 412.428 609.904 4372500.0
259 0.02415 8.83738e-05 -2461.64 279.105 5.13643 5.21907 401.673 594.645 4298030.0
258 0.02425 8.83732e-05 -2461.66 278.945 5.13344 5.214 390.684 578.468 4216850.0
257 0.02435 8.8372e-05 -2461.68 278.795 5.13062 5.20908 380.789 563.725 4145090.0
256 0.02445 8.83721e-05 -2461.71 278.633 5.12763 5.20373 369.895 547.517 4069240.0
255 0.02455 8.83711e-05 -2461.73 278.476 5.12469 5.19848 359.357 531.734 3995290.0
254 0.02465 8.83703e-05 -2461.76 278.328 5.12192 5.19375 349.311 517.091 3923500.0
253 0.02475 8.83687e-05 -2461.77 278.178 5.11908 5.18899 339.6 503.072 3855440.0
252 0.02485 8.83686e-05 -2461.8 278.018 5.11611 5.18356 328.382 486.69 3777720.0
251 0.02495 8.8367e-05 -2461.82 277.877 5.11344 5.17885 319.144 472.527 3712050.0
250 0.02505 8.83671e-05 -2461.84 277.762 5.11132 5.17521 311.538 461.411 3657680.0
249 0.02515 8.83667e-05 -2461.86 277.643 5.10911 5.17156 303.442 449.544 3598020.0
248 0.02525 8.83656e-05 -2461.87 277.512 5.10663 5.16706 294.699 436.471 3536800.0
247 0.02535 8.83645e-05 -2461.9 277.394 5.1044 5.16279 286.761 423.8 3480140.0
246 0.02545 8.83643e-05 -2461.91 277.281 5.1023 5.15937 279.159 412.869 3425890.0
245 0.02555 8.83639e-05 -2461.93 277.171 5.10025 5.1558 271.748 401.949 3371620.0
244 0.02565 8.83633e-05 -2461.95 277.038 5.09779 5.15147 262.842 389.055 3311610.0
243 0.02575 8.83624e-05 -2461.96 276.944 5.096 5.14827 256.755 379.537 3267520.0
242 0.02585 8.83614e-05 -2461.97 276.849 5.0942 5.14523 250.313 369.882 3219900.0
241 0.02595 8.83616e-05 -2461.99 276.748 5.09235 5.14196 243.554 359.861 3171970.0
240 0.02605 8.83608e-05 -2462.01 276.631 5.09014 5.13817 235.539 348.237 3114590.0
239 0.02615 8.83608e-05 -2462.02 276.547 5.08859 5.13538 230.125 339.955 3076920.0
238 0.02625 8.83601e-05 -2462.04 276.448 5.08674 5.13209 223.322 329.848 3028110.0
237 0.02635 8.83595e-05 -2462.05 276.35 5.08489 5.12882 216.758 320.094 2982460.0
236 0.02645 8.8358e-05 -2462.06 276.27 5.08335 5.12613 211.627 312.372 2945560.0
235 0.02655 8.83583e-05 -2462.08 276.177 5.08164 5.12304 205.177 302.819 2900780.0
234 0.02665 8.83583e-05 -2462.09 276.085 5.07996 5.12002 199.181 293.815 2858690.0
233 0.02675 8.83574e-05 -2462.1 275.994 5.07822 5.11728 193.009 285.599 2815370.0
232 0.02685 8.83572e-05 -2462.11 275.918 5.07681 5.11485 187.934 278.09 2779110.0
231 0.02695 8.83566e-05 -2462.13 275.845 5.07544 5.11246 183.13 270.873 2745530.0
230 0.02705 8.83559e-05 -2462.14 275.755 5.07374 5.10951 176.878 261.815 2701140.0
229 0.02715 8.83564e-05 -2462.15 275.684 5.07247 5.10729 172.313 255.267 2669610.0
228 0.02725 8.83561e-05 -2462.16 275.618 5.07123 5.1052 167.762 248.232 2635260.0
227 0.02735 8.83552e-05 -2462.17 275.56 5.07011 5.10329 164.072 242.538 2608250.0
226 0.02745 8.83547e-05 -2462.18 275.497 5.06893 5.10116 159.904 236.087 2578250.0
225 0.02755 8.83539e-05 -2462.19 275.424 5.06755 5.09874 154.949 228.742 2543190.0
224 0.02765 8.83542e-05 -2462.2 275.363 5.06644 5.09687 150.91 222.907 2514900.0
223 0.02775 8.83541e-05 -2462.21 275.3 5.06527 5.09492 146.617 216.968 2484170.0
222 0.02785 8.83533e-05 -2462.22 275.245 5.06421 5.093 142.766 211.234 2456660.0
221 0.02795 8.83527e-05 -2462.22 275.175 5.0629 5.09089 138.343 205.058 2426000.0
220 0.02805 8.83535e-05 -2462.24 275.128 5.06208 5.08933 135.143 199.81 2402060.0
219 0.02815 8.83526e-05 -2462.24 275.09 5.06132 5.08816 132.455 195.901 2379530.0
218 0.02825 8.83526e-05 -2462.25 275.032 5.06026 5.08638 128.749 190.583 2354690.0
217 0.02835 8.83521e-05 -2462.26 274.987 5.0594 5.08476 125.569 185.435 2330750.0
216 0.02845 8.83518e-05 -2462.26 274.928 5.05829 5.08281 121.634 179.619 2302820.0
215 0.02855 8.83511e-05 -2462.27 274.89 5.05755 5.08147 119.049 175.638 2283860.0
214 0.02865 8.83516e-05 -2462.28 274.831 5.05649 5.07954 115.187 169.876 2257560.0
213 0.02875 8.83511e-05 -2462.28 274.777 5.05548 5.07781 111.65 164.765 2231740.0
212 0.02885 8.83509e-05 -2462.3 274.73 5.0546 5.07634 108.38 160.231 2210480.0
211 0.02895 8.83504e-05 -2462.3 274.687 5.05378 5.075 105.69 156.224 2190060.0
210 0.02905 8.83501e-05 -2462.31 274.645 5.05299 5.0737 102.815 152.219 2169650.0
209 0.02915 8.83506e-05 -2462.31 274.598 5.05214 5.07222 99.6653 147.666 2148280.0
208 0.02925 8.83492e-05 -2462.32 274.549 5.05117 5.07028 96.2899 142.26 2122660.0
207 0.02935 8.83504e-05 -2462.33 274.516 5.05063 5.06951 94.0229 139.224 2108090.0
206 0.02945 8.83489e-05 -2462.33 274.472 5.04974 5.06789 91.0056 134.784 2086840.0
205 0.02955 8.83476e-05 -2462.34 274.443 5.04913 5.06691 89.313 132.15 2073880.0
204 0.02965 8.83492e-05 -2462.34 274.406 5.04854 5.0659 86.6929 128.559 2054910.0
203 0.02975 8.83494e-05 -2462.35 274.365 5.0478 5.06453 83.872 124.282 2035440.0
202 0.02985 8.8349e-05 -2462.35 274.34 5.04732 5.06381 82.5109 122.158 2025030.0
201 0.02995 8.83489e-05 -2462.36 274.303 5.04663 5.06256 79.7531 118.091 2005700.0
200 0.03005 8.83482e-05 -2462.36 274.271 5.04599 5.06149 77.6927 115.06 1990690.0
199 0.03015 8.83478e-05 -2462.37 274.244 5.04549 5.0607 75.9705 112.43 1977930.0
198 0.03025 8.8348e-05 -2462.37 274.213 5.04492 5.05966 73.7919 109.394 1962800.0
197 0.03035 8.83483e-05 -2462.37 274.192 5.04455 5.05891 72.281 106.609 1950950.0
196 0.03045 8.83472e-05 -2462.38 274.152 5.04375 5.05746 69.7004 103.16 1934780.0
195 0.03055 8.83478e-05 -2462.38 274.126 5.04331 5.05681 67.985 100.67 1920720.0
194 0.03065 8.83481e-05 -2462.39 274.101 5.04286 5.05603 66.3281 98.1058 1910070.0
193 0.03075 8.83468e-05 -2462.39 274.068 5.0422 5.05481 64.2172 94.8989 1893810.0
192 0.03085 8.83471e-05 -2462.4 274.045 5.04179 5.05406 62.5062 92.3449 1882640.0
191 0.03095 8.83469e-05 -2462.4 274.026 5.04142 5.05354 61.1906 90.454 1872140.0
190 0.03105 8.83463e-05 -2462.4 273.997 5.04086 5.05258 59.2942 87.7918 1858690.0
189 0.03115 8.83464e-05 -2462.4 273.979 5.04053 5.05201 58.0249 85.8945 1849230.0
188 0.03125 8.8347e-05 -2462.41 273.952 5.04006 5.05116 56.3151 83.1018 1837430.0
187 0.03135 8.83465e-05 -2462.41 273.926 5.03956 5.05015 54.6603 80.6131 1826360.0
186 0.03145 8.83463e-05 -2462.42 273.905 5.03916 5.04952 53.0041 78.2592 1813880.0
185 0.03155 8.83459e-05 -2462.42 273.889 5.03884 5.04913 52.1279 77.1403 1807280.0
184 0.03165 8.83455e-05 -2462.43 273.862 5.03832 5.0481 50.2358 74.1475 1794120.0
183 0.03175 8.83469e-05 -2462.42 273.849 5.03816 5.04781 49.4053 72.958 1788030.0
182 0.03185 8.83456e-05 -2462.43 273.831 5.03776 5.04708 48.2494 71.0575 1778980.0
181 0.03195 8.83452e-05 -2462.43 273.818 5.03749 5.0467 47.1482 69.5709 1770190.0
180 0.03205 8.8346e-05 -2462.43 273.8 5.03721 5.04628 46.1733 68.2203 1763070.0
179 0.03215 8.83447e-05 -2462.44 273.777 5.03672 5.04538 44.5606 65.7327 1751600.0
178 0.03225 8.83466e-05 -2462.44 273.761 5.03652 5.04503 43.4101 64.0725 1744060.0
177 0.03235 8.83456e-05 -2462.44 273.754 5.03634 5.04474 43.0136 63.3586 1739280.0
176 0.03245 8.83449e-05 -2462.44 273.739 5.03602 5.04421 42.0954 61.9436 1732440.0
175 0.03255 8.83452e-05 -2462.44 273.715 5.0356 5.04354 40.2824 59.5784 1720650.0
174 0.03265 8.83457e-05 -2462.45 273.694 5.03524 5.04289 38.8255 57.4956 1711200.0
173 0.03275 8.83444e-05 -2462.45 273.684 5.035 5.04253 38.4485 56.6057 1707090.0
172 0.03285 8.83448e-05 -2462.45 273.668 5.03472 5.04199 37.2442 54.8642 1698040.0
171 0.03295 8.83452e-05 -2462.46 273.655 5.03449 5.04167 36.3807 53.7395 1692710.0
170 0.03305 8.83448e-05 -2462.46 273.639 5.03418 5.04098 35.1325 51.646 1683080.0
169 0.03315 8.83445e-05 -2462.46 273.622 5.03385 5.04055 34.2201 50.5242 1677080.0
168 0.03325 8.83447e-05 -2462.46 273.612 5.03368 5.04026 33.6278 49.5729 1672390.0
167 0.03335 8.83452e-05 -2462.46 273.6 5.03349 5.03987 32.6719 48.2669 1665560.0
166 0.03345 8.83446e-05 -2462.46 273.581 5.0331 5.03924 31.3844 46.4692 1657420.0
165 0.03355 8.83442e-05 -2462.47 273.571 5.03289 5.03886 30.6746 45.3071 1651720.0
164 0.03365 8.83445e-05 -2462.47 273.561 5.03272 5.03862 30.0839 44.4547 1647510.0
163 0.03375 8.8344e-05 -2462.47 273.548 5.03246 5.03813 29.2241 43.0028 1640890.0
162 0.03385 8.83435e-05 -2462.47 273.541 5.03231 5.03784 28.5709 42.1275 1636220.0
161 0.03395 8.83443e-05 -2462.47 273.526 5.03207 5.03749 27.8099 40.948 1630420.0
160 0.03405 8.83448e-05 -2462.48 273.513 5.03187 5.03698 26.9858 39.6756 1624900.0
159 0.03415 8.83445e-05 -2462.47 273.506 5.03172 5.03684 26.4165 38.9491 1620590.0
158 0.03425 8.83435e-05 -2462.48 273.495 5.03146 5.03632 25.6916 37.8368 1615470.0
157 0.03435 8.83436e-05 -2462.48 273.479 5.03116 5.03574 24.5841 36.188 1608180.0
156 0.03445 8.83444e-05 -2462.49 273.47 5.03104 5.03556 24.0185 35.3738 1604180.0
155 0.03455 8.83439e-05 -2462.48 273.462 5.03087 5.03522 23.447 34.4151 1600190.0
154 0.03465 8.83437e-05 -2462.48 273.456 5.03075 5.03502 23.1109 33.7942 1596190.0
153 0.03475 8.8344e-05 -2462.48 273.443 5.03054 5.03466 22.2152 32.8474 1590790.0
152 0.03485 8.83439e-05 -2462.49 273.438 5.03043 5.03449 21.8498 32.202 1588380.0
151 0.03495 8.83436e-05 -2462.49 273.429 5.03025 5.03423 21.3126 31.4997 1583800.0
150 0.03505 8.83449e-05 -2462.49 273.426 5.03026 5.03423 20.9536 30.8177 1581130.0
149 0.03515 8.83433e-05 -2462.49 273.413 5.02994 5.03361 20.2074 29.6589 1575630.0
148 0.03525 8.83437e-05 -2462.49 273.403 5.02978 5.03329 19.4654 28.5723 1570610.0
147 0.03535 8.83434e-05 -2462.49 273.394 5.02959 5.03302 19.0131 28.0294 1567620.0
146 0.03545 8.83433e-05 -2462.5 273.387 5.02945 5.03279 18.3369 27.0405 1562990.0
145 0.03555 8.83434e-05 -2462.5 273.376 5.02926 5.03242 17.6608 26.2117 1558540.0
144 0.03565 8.8344e-05 -2462.5 273.369 5.02916 5.03228 17.2064 25.5082 1554870.0
143 0.03575 8.8343e-05 -2462.5 273.361 5.02895 5.03191 16.813 25.0748 1552650.0
142 0.03585 8.83438e-05 -2462.5 273.354 5.02887 5.03176 16.1611 24.032 1547750.0
141 0.03595 8.8343e-05 -2462.5 273.352 5.02879 5.03162 15.9232 23.6374 1545960.0
140 0.03605 8.83432e-05 -2462.5 273.344 5.02866 5.03134 15.5198 23.0335 1542700.0
139 0.03615 8.83436e-05 -2462.5 273.345 5.0287 5.03137 15.512 22.8416 1541800.0
138 0.03625 8.83433e-05 -2462.5 273.339 5.02858 5.03124 15.1767 22.4437 1539780.0
137 0.03635 8.83429e-05 -2462.5 273.332 5.02842 5.03093 14.7422 21.8163 1536300.0
136 0.03645 8.8343e-05 -2462.51 273.331 5.02841 5.03095 14.6529 21.4371 1535210.0
135 0.03655 8.83437e-05 -2462.5 273.323 5.02831 5.03071 14.3249 20.9559 1532590.0
134 0.03665 8.8343e-05 -2462.51 273.32 5.0282 5.03049 13.7619 20.176 1529370.0
133 0.03675 8.83427e-05 -2462.51 273.31 5.02801 5.0303 13.3202 19.69 1525810.0
132 0.03685 8.83427e-05 -2462.51 273.306 5.02793 5.03017 12.9456 19.017 1523390.0
131 0.03695 8.83429e-05 -2462.51 273.305 5.02793 5.03016 12.9533 18.9978 1522590.0
130 0.03705 8.83437e-05 -2462.51 273.305 5.02796 5.03013 12.7691 18.5894 1520380.0
129 0.03715 8.83434e-05 -2462.51 273.298 5.02784 5.02994 12.5942 18.3604 1519620.0
128 0.03725 8.83426e-05 -2462.51 273.295 5.02772 5.02972 12.1356 17.6435 1515980.0
127 0.03735 8.83423e-05 -2462.51 273.286 5.02754 5.0294 11.6357 16.959 1512740.0
126 0.03745 8.83426e-05 -2462.51 273.281 5.02746 5.02936 11.3496 16.7234 1511170.0
125 0.03755 8.83433e-05 -2462.51 273.274 5.02738 5.02915 10.9305 16.0195 1507970.0
124 0.03765 8.83426e-05 -2462.51 273.273 5.02732 5.02904 10.7533 15.6925 1506580.0
123 0.03775 8.83433e-05 -2462.51 273.266 5.02722 5.02893 10.4016 15.2249 1504270.0
122 0.03785 8.83427e-05 -2462.51 273.264 5.02716 5.02882 10.2132 14.9066 1502840.0
121 0.03795 8.83427e-05 -2462.52 273.259 5.02707 5.02864 9.8447 14.325 1500160.0
120 0.03805 8.83431e-05 -2462.51 273.259 5.0271 5.02868 9.86726 14.4265 1500170.0
119 0.03815 8.83423e-05 -2462.51 273.254 5.02696 5.02843 9.37399 13.7355 1496640.0
118 0.03825 8.83428e-05 -2462.52 273.247 5.02685 5.02826 9.15376 13.4323 1495560.0
117 0.03835 8.83428e-05 -2462.52 273.241 5.02674 5.02806 8.60794 12.5499 1491450.0
116 0.03845 8.83425e-05 -2462.52 273.24 5.0267 5.02806 8.65209 12.7234 1492260.0
115 0.03855 8.83426e-05 -2462.52 273.236 5.02665 5.02789 8.33274 12.2067 1489540.0
114 0.03865 8.83427e-05 -2462.52 273.237 5.02666 5.02797 8.34432 12.1985 1489050.0
113 0.03875 8.83432e-05 -2462.52 273.235 5.02666 5.02789 8.29845 12.0403 1488690.0
112 0.03885 8.83425e-05 -2462.52 273.232 5.02656 5.02767 7.97187 11.4742 1486360.0
111 0.03895 8.83423e-05 -2462.52 273.23 5.02651 5.0276 7.94587 11.4304 1485910.0
110 0.03905 8.8343e-05 -2462.52 273.224 5.02644 5.02755 7.51766 10.9911 1483060.0
109 0.03915 8.83427e-05 -2462.52 273.222 5.02639 5.02735 7.25237 10.6892 1481540.0
108 0.03925 8.83419e-05 -2462.52 273.219 5.02629 5.02728 7.17457 10.6159 1480580.0
107 0.03935 8.83426e-05 -2462.52 273.216 5.02628 5.02728 7.13313 10.4477 1479940.0
106 0.03945 8.83423e-05 -2462.52 273.215 5.02624 5.02719 6.86503 10.0928 1478090.0
105 0.03955 8.8343e-05 -2462.52 273.209 5.02618 5.02702 6.55151 9.62834 1476200.0
104 0.03965 8.83423e-05 -2462.52 273.205 5.02606 5.02684 6.31882 9.36029 1474500.0
103 0.03975 8.83426e-05 -2462.52 273.202 5.02601 5.0268 5.95814 8.86977 1472430.0
102 0.03985 8.83426e-05 -2462.52 273.2 5.02599 5.02676 5.92692 8.83024 1472130.0
101 0.03995 8.8342e-05 -2462.53 273.2 5.02595 5.02671 5.91705 8.72961 1471540.0
100 0.04005 8.83427e-05 -2462.52 273.197 5.02593 5.02664 5.76229 8.44772 1470300.0
99 0.04015 8.8343e-05 -2462.52 273.195 5.0259 5.02659 5.5542 8.29252 1469130.0
98 0.04025 8.83423e-05 -2462.53 273.193 5.02584 5.02647 5.2783 7.87059 1467130.0
97 0.04035 8.83417e-05 -2462.53 273.187 5.02569 5.02624 5.13659 7.70732 1465970.0
96 0.04045 8.83423e-05 -2462.53 273.189 5.02576 5.02631 5.06376 7.56778 1465520.0
95 0.04055 8.83424e-05 -2462.52 273.184 5.02568 5.02621 4.93123 7.41685 1464520.0
94 0.04065 8.83429e-05 -2462.53 273.184 5.0257 5.02627 4.79198 7.14062 1463750.0
93 0.04075 8.83417e-05 -2462.53 273.18 5.02556 5.02597 4.65669 6.95945 1462410.0
92 0.04085 8.83423e-05 -2462.53 273.182 5.02563 5.02609 4.66063 6.98851 1462490.0
91 0.04095 8.83425e-05 -2462.53 273.184 5.02567 5.02615 4.66502 6.93648 1462330.0
90 0.04105 8.83426e-05 -2462.53 273.179 5.0256 5.026 4.68144 6.9255 1461980.0
89 0.04115 8.83421e-05 -2462.53 273.178 5.02555 5.02593 4.45965 6.6305 1460950.0
88 0.04125 8.83416e-05 -2462.53 273.178 5.02552 5.02579 4.34038 6.40839 1459790.0
87 0.04135 8.83423e-05 -2462.53 273.175 5.02551 5.02578 4.24082 6.24077 1459280.0
86 0.04145 8.83422e-05 -2462.53 273.177 5.02554 5.02574 4.30205 6.26249 1459130.0
85 0.04155 8.83429e-05 -2462.53 273.175 5.02555 5.02569 4.23211 6.09975 1458240.0
84 0.04165 8.83423e-05 -2462.53 273.172 5.02544 5.0256 4.02068 5.90314 1457390.0
83 0.04175 8.83421e-05 -2462.53 273.171 5.02542 5.02557 4.08843 6.0084 1457210.0
82 0.04185 8.83418e-05 -2462.53 273.173 5.02543 5.02562 4.00212 5.81966 1456650.0
81 0.04195 8.83424e-05 -2462.53 273.168 5.02538 5.02547 3.7948 5.5239 1454890.0
80 0.04205 8.83416e-05 -2462.53 273.168 5.02534 5.02549 3.91277 5.62641 1455710.0
79 0.04215 8.83426e-05 -2462.53 273.165 5.02534 5.02545 3.39055 5.01618 1452630.0
78 0.04225 8.83419e-05 -2462.53 273.164 5.02528 5.02542 3.46732 5.10142 1452890.0
77 0.04235 8.8342e-05 -2462.53 273.164 5.02529 5.02536 3.41571 4.9785 1452110.0
76 0.04245 8.83418e-05 -2462.53 273.163 5.02525 5.02526 3.31387 4.88992 1451480.0
75 0.04255 8.83426e-05 -2462.53 273.157 5.02518 5.0252 3.07995 4.57918 1450080.0
74 0.04265 8.83417e-05 -2462.53 273.158 5.02515 5.02516 3.06603 4.56765 1449800.0
73 0.04275 8.83415e-05 -2462.53 273.16 5.02518 5.02525 3.1046 4.72653 1449980.0
72 0.04285 8.83428e-05 -2462.53 273.155 5.02516 5.02506 2.9105 4.29245 1448440.0
71 0.04295 8.83423e-05 -2462.53 273.157 5.02517 5.02504 2.95713 4.3831 1448700.0
70 0.04305 8.83425e-05 -2462.53 273.157 5.02518 5.02496 2.94073 4.34138 1448540.0
69 0.04315 8.83419e-05 -2462.53 273.153 5.02506 5.0249 2.69011 4.00802 1446910.0
68 0.04325 8.83422e-05 -2462.53 273.154 5.02511 5.02492 2.70889 4.03328 1446620.0
67 0.04335 8.8342e-05 -2462.53 273.154 5.0251 5.02479 2.67275 3.96848 1446470.0
66 0.04345 8.83426e-05 -2462.54 273.149 5.02505 5.02482 2.46926 3.75798 1445370.0
65 0.04355 8.83419e-05 -2462.53 273.15 5.02503 5.02472 2.44905 3.72284 1444960.0
64 0.04365 8.83421e-05 -2462.53 273.147 5.02498 5.02466 2.31602 3.50823 1444230.0
63 0.04375 8.83421e-05 -2462.53 273.147 5.02497 5.02467 2.23642 3.45657 1443730.0
62 0.04385 8.83424e-05 -2462.53 273.147 5.02499 5.02454 2.24484 3.43644 1443380.0
61 0.04395 8.83418e-05 -2462.54 273.145 5.02493 5.02451 2.20068 3.34725 1443170.0
60 0.04405 8.83426e-05 -2462.53 273.144 5.02495 5.02447 2.11093 3.19985 1442590.0
59 0.04415 8.83418e-05 -2462.54 273.145 5.02492 5.02441 2.04001 3.10152 1442240.0
58 0.04425 8.83416e-05 -2462.53 273.142 5.02485 5.02432 1.91627 2.90215 1441360.0
57 0.04435 8.8342e-05 -2462.53 273.14 5.02484 5.02433 1.85983 2.84104 1440890.0
56 0.04445 8.83415e-05 -2462.54 273.141 5.02484 5.02428 1.90596 2.88157 1441130.0
55 0.04455 8.8342e-05 -2462.54 273.141 5.02485 5.02427 1.79138 2.76267 1440390.0
54 0.04465 8.83417e-05 -2462.54 273.141 5.02485 5.0243 1.84897 2.777 1440680.0
53 0.04475 8.83418e-05 -2462.53 273.138 5.0248 5.02414 1.78675 2.70953 1440260.0
52 0.04485 8.8342e-05 -2462.54 273.137 5.02479 5.02419 1.62897 2.49985 1439320.0
51 0.04495 8.83415e-05 -2462.54 273.136 5.02474 5.02411 1.60768 2.44834 1439250.0
50 0.04505 8.83422e-05 -2462.54 273.136 5.02478 5.02405 1.48351 2.31267 1438440.0
49 0.04515 8.83414e-05 -2462.54 273.136 5.02474 5.02399 1.47358 2.27414 1438270.0
48 0.04525 8.83419e-05 -2462.53 273.135 5.02475 5.02402 1.49706 2.31322 1438350.0
47 0.04535 8.83422e-05 -2462.54 273.136 5.02478 5.0241 1.47107 2.25979 1438150.0
46 0.04545 8.8342e-05 -2462.54 273.135 5.02476 5.02403 1.60737 2.37703 1438780.0
45 0.04555 8.83418e-05 -2462.54 273.136 5.02476 5.02407 1.54173 2.32452 1438340.0
44 0.04565 8.83422e-05 -2462.54 273.136 5.02477 5.02404 1.38814 2.14598 1437450.0
43 0.04575 8.83424e-05 -2462.54 273.135 5.02477 5.02398 1.43247 2.21797 1437650.0
42 0.04585 8.83417e-05 -2462.54 273.135 5.02474 5.02392 1.35921 2.09537 1437050.0
41 0.04595 8.83411e-05 -2462.54 273.135 5.0247 5.02389 1.41508 2.09466 1437180.0
40 0.04605 8.83424e-05 -2462.54 273.137 5.0248 5.02398 1.48501 2.17814 1437680.0
39 0.04615 8.83419e-05 -2462.54 273.133 5.0247 5.0238 1.31035 1.943 1436480.0
38 0.04625 8.83415e-05 -2462.54 273.132 5.02467 5.02377 1.21079 1.84606 1435900.0
37 0.04635 8.8342e-05 -2462.54 273.13 5.02465 5.02378 1.10269 1.71202 1435340.0
36 0.04645 8.83423e-05 -2462.54 273.131 5.02469 5.02374 1.09593 1.66501 1435110.0
35 0.04655 8.83412e-05 -2462.54 273.13 5.02461 5.0237 1.09145 1.65243 1435060.0
34 0.04665 8.83414e-05 -2462.54 273.129 5.02461 5.02364 1.01715 1.57572 1434620.0
33 0.04675 8.83427e-05 -2462.54 273.13 5.0247 5.02378 1.05086 1.59904 1434550.0
32 0.04685 8.83423e-05 -2462.54 273.13 5.02468 5.0238 1.00061 1.57191 1434330.0
31 0.04695 8.83417e-05 -2462.54 273.128 5.02461 5.02376 1.03572 1.61852 1434400.0
30 0.04705 8.8341e-05 -2462.54 273.129 5.02458 5.02372 0.919454 1.44005 1433630.0
29 0.04715 8.83425e-05 -2462.53 273.127 5.02462 5.02375 0.920108 1.44834 1433560.0
28 0.04725 8.83415e-05 -2462.54 273.13 5.02463 5.02375 0.935403 1.43844 1433550.0
27 0.04735 8.8342e-05 -2462.54 273.129 5.02464 5.02387 0.926215 1.42054 1433600.0
26 0.04745 8.83423e-05 -2462.54 273.124 5.02457 5.02368 0.837046 1.29757 1432770.0
25 0.04755 8.83419e-05 -2462.53 273.126 5.02458 5.02372 0.789967 1.26058 1432830.0
24 0.04765 8.83416e-05 -2462.54 273.127 5.02458 5.02378 0.774424 1.18422 1432800.0
23 0.04775 8.83419e-05 -2462.53 273.127 5.02459 5.02371 0.772427 1.21166 1432420.0
22 0.04785 8.83412e-05 -2462.54 273.125 5.02452 5.02363 0.726341 1.1396 1432380.0
21 0.04795 8.8342e-05 -2462.54 273.124 5.02455 5.02368 0.686112 1.11682 1432070.0
20 0.04805 8.83419e-05 -2462.54 273.125 5.02455 5.02368 0.654801 1.04545 1431920.0
19 0.04815 8.83424e-05 -2462.54 273.123 5.02455 5.02371 0.639511 1.03319 1431830.0
18 0.04825 8.83415e-05 -2462.54 273.124 5.02451 5.02359 0.64073 1.04063 1431640.0
17 0.04835 8.8342e-05 -2462.54 273.125 5.02456 5.02359 0.610903 0.984417 1431550.0
16 0.04845 8.83419e-05 -2462.54 273.123 5.02452 5.0236 0.63006 0.998416 1431500.0
15 0.04855 8.83417e-05 -2462.54 273.125 5.02456 5.02356 0.635121 1.02109 1431510.0
14 0.04865 8.83421e-05 -2462.54 273.124 5.02455 5.02361 0.597876 0.953674 1431290.0
13 0.04875 8.83413e-05 -2462.54 273.124 5.0245 5.02353 0.573184 0.9077 1430990.0
12 0.04885 8.83413e-05 -2462.54 273.122 5.02447 5.0235 0.518113 0.822905 1430690.0
11 0.04895 8.83421e-05 -2462.54 273.121 5.0245 5.02354 0.549262 0.835094 1430830.0
10 0.04905 8.83423e-05 -2462.54 273.122 5.02453 5.02353 0.451918 0.71847 1430350.0
9 0.04915 8.8342e-05 -2462.54 273.121 5.0245 5.02358 0.437672 0.70267 1430220.0
8 0.04925 8.83416e-05 -2462.54 273.121 5.02447 5.02348 0.408578 0.676005 1430200.0
7 0.04935 8.8342e-05 -2462.54 273.12 5.02448 5.02352 0.443865 0.693686 1430240.0
6 0.04945 8.83414e-05 -2462.54 273.121 5.02445 5.02352 0.341702 0.568523 1429770.0
5 0.04955 8.83417e-05 -2462.54 273.12 5.02445 5.02343 0.370467 0.563081 1429670.0
4 0.04965 8.83421e-05 -2462.54 273.12 5.02449 5.02349 0.357917 0.557915 1429660.0
3 0.04975 8.83421e-05 -2462.54 273.12 5.02448 5.02345 0.311025 0.497183 1429480.0
2 0.04985 8.83425e-05 -2462.54 273.12 5.0245 5.0235 0.28847 0.439722 1429450.0
1 0.04995 8.83415e-05 -2462.54 273.118 5.02442 5.02334 0.280032 0.459591 1429240.0
