TITLE = "DSMC"
VARIABLES = "ID" "X" "rho" "v1" "Ttrans" "p" "p1" "q1" "mv1v1v1" "mvvv1v1"
ZONE T="Ma=8.0_inv", I=800, J=1, K=1, F=POINT
800 -0.02995 0.000337546 -644.489 5698.35 400.545 400.532 -0.672068 -1.32789 2376360000.0
799 -0.02985 0.000337535 -644.507 5698.47 400.541 400.527 19.1329 27.9091 2376340000.0
798 -0.02975 0.00033754 -644.496 5698.55 400.552 400.532 8.91721 -1.52035 2376380000.0
797 -0.02965 0.000337552 -644.478 5698.51 400.564 400.538 4.35499 -12.9478 2376380000.0
796 -0.02955 0.000337555 -644.471 5698.4 400.56 400.535 -7.13353 -31.572 2376390000.0
795 -0.02945 0.000337552 -644.476 5698.33 400.551 400.533 -6.91966 -13.262 2376330000.0
794 -0.02935 0.00033755 -644.476 5698.26 400.544 400.533 -9.72879 -9.69108 2376380000.0
793 -0.02925 0.000337552 -644.476 5698.29 400.549 400.538 -12.8072 -12.2031 2376380000.0
792 -0.02915 0.000337558 -644.464 5698.34 400.559 400.537 -8.67033 -14.4835 2376390000.0
791 -0.02905 0.000337559 -644.462 5698.28 400.556 400.537 -11.1081 -7.37831 2376380000.0
790 -0.02895 0.000337561 -644.465 5698.34 400.563 400.543 -11.5153 -17.0696 2376480000.0
789 -0.02885 0.000337556 -644.466 5698.37 400.559 400.535 -7.68784 -6.01894 2376430000.0
788 -0.02875 0.000337554 -644.473 5698.54 400.568 400.537 7.09783 -2.78727 2376470000.0
787 -0.02865 0.000337527 -644.524 5698.72 400.549 400.523 40.9427 61.3591 2376460000.0
786 -0.02855 0.000337537 -644.504 5698.6 400.553 400.53 29.3709 51.87 2376470000.0
785 -0.02845 0.000337532 -644.511 5698.61 400.547 400.529 28.9284 44.4333 2376470000.0
784 -0.02835 0.000337554 -644.479 5698.67 400.578 400.538 16.327 0.517146 2376510000.0
783 -0.02825 0.000337542 -644.497 5698.53 400.554 400.533 19.8995 35.4648 2376440000.0
782 -0.02815 0.000337577 -644.43 5698.27 400.577 400.548 -30.6556 -42.5685 2376460000.0
781 -0.02805 0.000337578 -644.428 5698.37 400.585 400.545 -28.6053 -51.7541 2376440000.0
780 -0.02795 0.000337567 -644.446 5698.12 400.554 400.535 -25.044 -25.9875 2376340000.0
779 -0.02785 0.000337575 -644.439 5698.29 400.576 400.55 -30.5809 -47.9629 2376500000.0
778 -0.02775 0.000337573 -644.431 5698.47 400.587 400.546 -12.5092 -32.6022 2376510000.0
777 -0.02765 0.000337566 -644.452 5698.49 400.579 400.541 -6.69379 -18.3426 2376490000.0
776 -0.02755 0.000337566 -644.443 5698.38 400.572 400.539 -17.4163 -30.0588 2376470000.0
775 -0.02745 0.000337576 -644.433 5698.34 400.58 400.547 -23.2887 -34.6607 2376470000.0
774 -0.02735 0.000337568 -644.444 5698.22 400.562 400.542 -30.3016 -28.8045 2376420000.0
773 -0.02725 0.000337572 -644.435 5698.39 400.579 400.544 -21.1656 -31.9259 2376430000.0
772 -0.02715 0.000337567 -644.449 5698.55 400.584 400.544 -2.81281 -18.9071 2376430000.0
771 -0.02705 0.000337561 -644.459 5698.57 400.578 400.541 -3.04293 -12.4457 2376420000.0
770 -0.02695 0.000337576 -644.428 5698.23 400.573 400.546 -27.1191 -30.7898 2376410000.0
769 -0.02685 0.000337577 -644.43 5698.43 400.588 400.547 -22.1388 -37.5792 2376430000.0
768 -0.02675 0.000337561 -644.457 5698.49 400.573 400.54 -2.13102 -10.573 2376410000.0
767 -0.02665 0.000337559 -644.465 5698.34 400.56 400.542 -11.386 -10.6722 2376420000.0
766 -0.02655 0.000337563 -644.453 5698.26 400.56 400.539 -18.4383 -26.1201 2376410000.0
765 -0.02645 0.000337562 -644.458 5698.2 400.553 400.54 -24.2793 -30.0899 2376410000.0
764 -0.02635 0.000337551 -644.48 5698.17 400.538 400.538 -19.2093 -11.4095 2376420000.0
763 -0.02625 0.000337555 -644.468 5698.17 400.543 400.534 -18.664 -16.4371 2376350000.0
762 -0.02615 0.000337546 -644.491 5698.61 400.564 400.54 15.1951 4.68792 2376490000.0
761 -0.02605 0.000337557 -644.465 5698.43 400.564 400.536 0.968531 -5.26499 2376410000.0
760 -0.02595 0.000337544 -644.489 5698.49 400.553 400.534 6.75397 14.4786 2376450000.0
759 -0.02585 0.000337552 -644.463 5698.56 400.567 400.537 11.5047 9.78059 2376430000.0
758 -0.02575 0.000337539 -644.504 5698.61 400.556 400.53 17.9839 27.5279 2376410000.0
757 -0.02565 0.000337549 -644.485 5698.4 400.552 400.537 -1.78469 1.39599 2376440000.0
756 -0.02555 0.00033754 -644.494 5698.58 400.554 400.532 18.9089 17.0105 2376430000.0
755 -0.02545 0.000337531 -644.516 5698.63 400.547 400.528 30.7883 30.8053 2376400000.0
754 -0.02535 0.000337535 -644.505 5698.78 400.562 400.532 38.7607 26.6045 2376480000.0
753 -0.02525 0.00033755 -644.479 5698.68 400.573 400.536 20.1881 -0.649129 2376470000.0
752 -0.02515 0.000337543 -644.496 5698.81 400.574 400.537 31.4468 20.2298 2376510000.0
751 -0.02505 0.000337559 -644.457 5698.64 400.581 400.537 7.27403 -13.7082 2376490000.0
750 -0.02495 0.000337556 -644.469 5698.54 400.571 400.537 -1.35645 -4.33633 2376480000.0
749 -0.02485 0.000337558 -644.47 5698.7 400.584 400.544 12.6371 -5.53243 2376530000.0
748 -0.02475 0.000337562 -644.45 5698.66 400.586 400.539 6.88981 -13.6134 2376480000.0
747 -0.02465 0.000337544 -644.492 5698.67 400.566 400.535 21.0142 26.8089 2376510000.0
746 -0.02455 0.000337524 -644.535 5698.53 400.532 400.521 26.4278 60.6553 2376440000.0
745 -0.02445 0.000337531 -644.523 5698.62 400.546 400.528 32.0415 48.0871 2376450000.0
744 -0.02435 0.000337535 -644.507 5698.67 400.555 400.53 26.5079 32.6274 2376470000.0
743 -0.02425 0.000337534 -644.516 5698.59 400.549 400.529 23.4867 32.3159 2376440000.0
742 -0.02415 0.000337542 -644.496 5698.56 400.555 400.532 19.992 18.2799 2376440000.0
741 -0.02405 0.000337557 -644.469 5698.54 400.571 400.542 1.98042 -2.58965 2376520000.0
740 -0.02395 0.00033756 -644.462 5698.63 400.582 400.537 8.29587 -9.41707 2376450000.0
739 -0.02385 0.000337559 -644.461 5698.67 400.584 400.543 10.1578 0.230005 2376490000.0
738 -0.02375 0.000337566 -644.456 5698.52 400.581 400.542 0.166687 -16.8043 2376450000.0
737 -0.02365 0.00033756 -644.464 5698.6 400.58 400.54 3.3128 -2.80718 2376450000.0
736 -0.02355 0.000337566 -644.454 5698.45 400.576 400.547 -4.61393 -14.4863 2376480000.0
735 -0.02345 0.000337555 -644.479 5698.61 400.574 400.536 12.1932 2.33646 2376430000.0
734 -0.02335 0.000337556 -644.47 5698.57 400.572 400.537 4.81815 0.343275 2376440000.0
733 -0.02325 0.000337565 -644.459 5698.47 400.576 400.542 -8.31862 -17.5106 2376470000.0
732 -0.02315 0.000337569 -644.445 5698.36 400.574 400.543 -19.5143 -21.9977 2376450000.0
731 -0.02305 0.000337562 -644.455 5698.2 400.554 400.542 -23.5975 -6.79452 2376440000.0
730 -0.02295 0.000337568 -644.451 5698.24 400.564 400.546 -19.5101 -12.5257 2376490000.0
729 -0.02285 0.000337561 -644.458 5698.07 400.544 400.54 -35.0884 -14.3488 2376430000.0
728 -0.02275 0.000337564 -644.456 5698.35 400.567 400.545 -15.3847 -24.5226 2376480000.0
727 -0.02265 0.000337566 -644.45 5698.35 400.569 400.541 -13.2094 -15.922 2376440000.0
726 -0.02255 0.000337574 -644.436 5698.37 400.58 400.547 -15.4483 -36.3645 2376470000.0
725 -0.02245 0.000337568 -644.449 5698.51 400.582 400.544 -5.28522 -24.086 2376490000.0
724 -0.02235 0.000337564 -644.458 5698.42 400.571 400.541 -5.70137 -15.9519 2376450000.0
723 -0.02225 0.00033756 -644.464 5698.59 400.579 400.543 4.9521 -4.04819 2376480000.0
722 -0.02215 0.000337562 -644.458 5698.58 400.58 400.541 2.25609 -9.67761 2376450000.0
721 -0.02205 0.000337576 -644.436 5698.56 400.596 400.547 -9.99197 -30.3955 2376490000.0
720 -0.02195 0.000337563 -644.458 5698.56 400.581 400.541 5.49091 -7.54322 2376470000.0
719 -0.02185 0.000337558 -644.466 5698.6 400.577 400.54 6.68248 -9.13518 2376460000.0
718 -0.02175 0.000337553 -644.477 5698.59 400.57 400.538 11.8266 4.57451 2376450000.0
717 -0.02165 0.000337549 -644.489 5698.6 400.567 400.536 11.2251 2.88448 2376460000.0
716 -0.02155 0.000337556 -644.461 5698.61 400.575 400.539 7.27993 -5.23546 2376460000.0
715 -0.02145 0.000337553 -644.482 5698.63 400.573 400.537 19.6487 19.7612 2376450000.0
714 -0.02135 0.000337562 -644.465 5698.69 400.589 400.542 10.5011 -9.18447 2376490000.0
713 -0.02125 0.000337555 -644.472 5698.65 400.577 400.537 12.8645 4.96569 2376450000.0
712 -0.02115 0.000337547 -644.487 5698.63 400.566 400.533 18.4764 16.7665 2376420000.0
711 -0.02105 0.000337546 -644.491 5698.59 400.562 400.532 19.5265 13.8332 2376410000.0
710 -0.02095 0.00033754 -644.505 5698.63 400.558 400.534 20.196 18.3353 2376440000.0
709 -0.02085 0.000337539 -644.507 5698.57 400.552 400.529 25.5381 33.8176 2376390000.0
708 -0.02075 0.00033754 -644.497 5698.53 400.551 400.533 12.8638 17.8418 2376390000.0
707 -0.02065 0.000337551 -644.478 5698.24 400.544 400.535 -11.1904 1.94301 2376400000.0
706 -0.02055 0.000337557 -644.47 5698.27 400.553 400.54 -15.0265 -1.77349 2376420000.0
705 -0.02045 0.000337541 -644.5 5698.5 400.55 400.529 16.7081 24.4833 2376380000.0
704 -0.02035 0.000337535 -644.507 5698.51 400.543 400.526 8.83563 15.3747 2376360000.0
703 -0.02025 0.000337544 -644.497 5698.66 400.564 400.538 30.8387 31.1109 2376450000.0
702 -0.02015 0.000337572 -644.438 5698.45 400.584 400.548 -11.1389 -33.3794 2376460000.0
701 -0.02005 0.000337578 -644.427 5698.45 400.59 400.544 -19.1643 -52.8393 2376400000.0
700 -0.01995 0.000337567 -644.443 5698.25 400.563 400.538 -22.2905 -33.9208 2376340000.0
699 -0.01985 0.00033756 -644.464 5698.32 400.56 400.544 -16.1265 -10.5788 2376430000.0
698 -0.01975 0.000337554 -644.477 5698.36 400.556 400.538 -1.54192 11.2579 2376390000.0
697 -0.01965 0.00033756 -644.457 5698.33 400.561 400.541 -9.03803 1.44905 2376400000.0
696 -0.01955 0.000337554 -644.473 5698.36 400.556 400.541 -4.29695 10.0952 2376430000.0
695 -0.01945 0.000337544 -644.491 5698.42 400.548 400.533 7.58882 25.8091 2376370000.0
694 -0.01935 0.000337549 -644.485 5698.48 400.559 400.538 12.2091 21.7351 2376420000.0
693 -0.01925 0.000337545 -644.491 5698.48 400.553 400.532 10.7301 24.6802 2376360000.0
692 -0.01915 0.000337554 -644.472 5698.42 400.56 400.537 -1.13728 -7.36345 2376390000.0
691 -0.01905 0.000337547 -644.485 5698.36 400.547 400.53 -0.120239 10.7982 2376330000.0
690 -0.01895 0.000337538 -644.499 5698.4 400.54 400.527 10.1534 23.5632 2376320000.0
689 -0.01885 0.000337542 -644.497 5698.35 400.541 400.534 5.46912 14.6814 2376360000.0
688 -0.01875 0.00033754 -644.508 5698.42 400.543 400.53 8.94738 20.7777 2376350000.0
687 -0.01865 0.00033753 -644.514 5698.48 400.536 400.532 25.3317 47.3124 2376390000.0
686 -0.01855 0.000337529 -644.515 5698.49 400.535 400.521 23.3544 44.3406 2376320000.0
685 -0.01845 0.00033754 -644.504 5698.45 400.545 400.528 16.308 17.0312 2376330000.0
684 -0.01835 0.000337527 -644.53 5698.51 400.535 400.529 24.1129 39.6724 2376380000.0
683 -0.01825 0.000337535 -644.508 5698.51 400.543 400.526 23.329 29.9457 2376360000.0
682 -0.01815 0.00033754 -644.502 5698.67 400.561 400.529 25.9328 13.0968 2376370000.0
681 -0.01805 0.000337535 -644.505 5698.43 400.539 400.529 16.4462 31.214 2376320000.0
680 -0.01795 0.000337531 -644.52 5698.66 400.549 400.53 34.4264 42.0244 2376360000.0
679 -0.01785 0.000337525 -644.532 5698.79 400.552 400.527 47.0333 57.3041 2376340000.0
678 -0.01775 0.00033753 -644.515 5698.64 400.547 400.527 32.9593 55.2817 2376330000.0
677 -0.01765 0.000337541 -644.503 5698.79 400.571 400.531 36.9438 40.7577 2376350000.0
676 -0.01755 0.000337539 -644.496 5698.66 400.559 400.528 28.6886 39.619 2376320000.0
675 -0.01745 0.000337537 -644.513 5698.72 400.56 400.531 31.766 46.3381 2376330000.0
674 -0.01735 0.000337518 -644.543 5698.72 400.539 400.519 48.5201 80.9648 2376270000.0
673 -0.01725 0.000337501 -644.572 5698.68 400.515 400.513 58.4879 103.648 2376230000.0
672 -0.01715 0.000337512 -644.55 5698.75 400.533 400.517 52.5011 78.0849 2376230000.0
671 -0.01705 0.000337506 -644.565 5698.74 400.526 400.515 60.22 89.6329 2376190000.0
670 -0.01695 0.00033751 -644.556 5698.91 400.541 400.519 66.7662 78.5068 2376240000.0
669 -0.01685 0.000337517 -644.54 5698.92 400.551 400.519 67.3149 68.9507 2376210000.0
668 -0.01675 0.000337521 -644.538 5698.99 400.561 400.524 66.2942 62.4709 2376240000.0
667 -0.01665 0.000337521 -644.536 5698.81 400.549 400.523 54.5455 67.8978 2376180000.0
666 -0.01655 0.000337519 -644.542 5698.67 400.536 400.522 43.6871 61.1446 2376190000.0
665 -0.01645 0.000337535 -644.513 5698.8 400.564 400.533 47.4807 47.6113 2376260000.0
664 -0.01635 0.000337537 -644.507 5698.79 400.565 400.526 45.594 36.5186 2376190000.0
663 -0.01625 0.000337533 -644.513 5698.66 400.551 400.527 33.1428 43.1202 2376180000.0
662 -0.01615 0.000337519 -644.547 5698.61 400.532 400.522 41.8175 77.891 2376150000.0
661 -0.01605 0.000337525 -644.529 5698.56 400.536 400.523 28.7541 45.7638 2376150000.0
660 -0.01595 0.000337504 -644.574 5698.65 400.518 400.515 57.8883 94.5369 2376120000.0
659 -0.01585 0.000337518 -644.544 5698.68 400.535 400.521 47.6565 50.3821 2376120000.0
658 -0.01575 0.000337521 -644.541 5698.66 400.538 400.521 52.4946 56.372 2376100000.0
657 -0.01565 0.000337519 -644.545 5698.75 400.542 400.522 40.584 47.4656 2376130000.0
656 -0.01555 0.000337521 -644.54 5698.5 400.526 400.518 37.7968 67.8809 2376050000.0
655 -0.01545 0.000337519 -644.543 5698.68 400.537 400.521 50.8454 66.4405 2376080000.0
654 -0.01535 0.000337501 -644.584 5698.97 400.535 400.514 82.4783 108.308 2376110000.0
653 -0.01525 0.000337512 -644.553 5699.04 400.554 400.517 72.3586 77.7375 2376070000.0
652 -0.01515 0.000337503 -644.582 5698.92 400.534 400.515 74.2211 99.2937 2376050000.0
651 -0.01505 0.000337492 -644.593 5699.0 400.527 400.507 86.7622 120.338 2376030000.0
650 -0.01495 0.000337489 -644.597 5699.09 400.529 400.505 94.2298 121.504 2375960000.0
649 -0.01485 0.000337503 -644.582 5698.96 400.537 400.515 76.5782 87.2934 2375970000.0
648 -0.01475 0.000337485 -644.612 5698.77 400.503 400.506 81.6601 117.097 2375870000.0
647 -0.01465 0.000337493 -644.592 5698.87 400.519 400.507 73.9311 90.263 2375900000.0
646 -0.01455 0.000337476 -644.621 5698.83 400.496 400.501 88.8838 129.644 2375830000.0
645 -0.01445 0.00033747 -644.644 5699.08 400.506 400.503 109.608 138.612 2375860000.0
644 -0.01435 0.000337462 -644.654 5699.21 400.506 400.496 123.334 146.152 2375850000.0
643 -0.01425 0.000337458 -644.662 5699.25 400.504 400.492 128.841 152.025 2375800000.0
642 -0.01415 0.000337448 -644.681 5699.23 400.491 400.49 133.816 158.619 2375760000.0
641 -0.01405 0.000337446 -644.683 5699.2 400.486 400.493 132.703 164.54 2375750000.0
640 -0.01395 0.000337439 -644.702 5699.2 400.478 400.485 140.988 188.114 2375670000.0
639 -0.01385 0.000337434 -644.704 5699.06 400.462 400.485 132.498 186.27 2375630000.0
638 -0.01375 0.000337436 -644.704 5699.08 400.467 400.488 137.225 181.233 2375650000.0
637 -0.01365 0.000337418 -644.731 5699.14 400.449 400.48 154.687 221.01 2375580000.0
636 -0.01355 0.000337409 -644.759 5699.25 400.446 400.476 162.421 223.335 2375560000.0
635 -0.01345 0.00033743 -644.713 5699.16 400.465 400.484 145.881 193.8 2375540000.0
634 -0.01335 0.00033743 -644.718 5699.33 400.477 400.487 154.996 185.239 2375550000.0
633 -0.01325 0.000337432 -644.702 5699.43 400.486 400.479 159.516 165.159 2375410000.0
632 -0.01315 0.000337433 -644.71 5699.42 400.487 400.486 161.678 162.408 2375410000.0
631 -0.01305 0.000337428 -644.72 5699.24 400.468 400.487 143.625 165.846 2375350000.0
630 -0.01295 0.000337415 -644.741 5699.37 400.461 400.473 172.572 206.141 2375230000.0
629 -0.01285 0.000337397 -644.782 5699.62 400.458 400.471 200.28 231.577 2375210000.0
628 -0.01275 0.000337389 -644.791 5699.75 400.457 400.466 213.465 237.717 2375180000.0
627 -0.01265 0.000337379 -644.81 5699.74 400.445 400.462 223.036 267.015 2375110000.0
626 -0.01255 0.000337368 -644.83 5699.65 400.425 400.453 221.625 264.539 2375020000.0
625 -0.01245 0.000337361 -644.847 5699.66 400.418 400.456 232.17 274.54 2375030000.0
624 -0.01235 0.000337335 -644.889 5699.88 400.403 400.442 262.874 313.549 2374930000.0
623 -0.01225 0.00033733 -644.906 5699.97 400.403 400.439 275.32 321.561 2374830000.0
622 -0.01215 0.000337316 -644.928 5700.09 400.395 400.441 284.633 330.056 2374830000.0
621 -0.01205 0.000337298 -644.959 5700.03 400.369 400.425 304.743 362.023 2374670000.0
620 -0.01195 0.000337288 -644.984 5700.25 400.373 400.428 317.748 368.864 2374680000.0
619 -0.01185 0.000337266 -645.019 5700.33 400.352 400.414 343.238 413.772 2374540000.0
618 -0.01175 0.000337256 -645.045 5700.29 400.337 400.41 344.594 412.956 2374430000.0
617 -0.01165 0.000337253 -645.049 5700.45 400.345 400.412 357.67 412.598 2374380000.0
616 -0.01155 0.000337247 -645.056 5700.13 400.316 400.408 340.853 393.84 2374240000.0
615 -0.01145 0.000337233 -645.084 5700.33 400.314 400.398 372.018 424.221 2374150000.0
614 -0.01135 0.000337225 -645.102 5700.4 400.309 400.401 376.666 426.407 2374090000.0
613 -0.01125 0.000337194 -645.159 5700.64 400.289 400.385 412.915 474.43 2373940000.0
612 -0.01115 0.000337176 -645.195 5700.83 400.281 400.381 445.072 504.906 2373860000.0
611 -0.01105 0.000337146 -645.252 5700.9 400.25 400.367 467.477 544.744 2373700000.0
610 -0.01095 0.000337135 -645.276 5700.95 400.24 400.361 481.949 552.941 2373550000.0
609 -0.01085 0.000337114 -645.309 5701.1 400.227 400.356 510.643 572.554 2373460000.0
608 -0.01075 0.000337086 -645.367 5701.24 400.203 400.342 533.809 598.476 2373280000.0
607 -0.01065 0.000337066 -645.404 5701.41 400.191 400.33 568.217 629.154 2373110000.0
606 -0.01055 0.000337055 -645.432 5701.59 400.19 400.327 587.965 611.79 2372950000.0
605 -0.01045 0.000337014 -645.502 5701.81 400.157 400.311 631.435 662.846 2372810000.0
604 -0.01035 0.000336999 -645.537 5701.92 400.148 400.302 654.439 671.724 2372590000.0
603 -0.01025 0.000336956 -645.613 5701.9 400.095 400.286 680.253 718.104 2372400000.0
602 -0.01015 0.00033693 -645.665 5702.08 400.076 400.276 713.513 750.147 2372250000.0
601 -0.01005 0.000336889 -645.742 5702.17 400.034 400.252 746.956 787.392 2371970000.0
600 -0.00995 0.000336856 -645.81 5702.37 400.008 400.241 794.123 833.808 2371810000.0
599 -0.00985 0.000336818 -645.881 5702.5 399.973 400.226 824.422 857.529 2371570000.0
598 -0.00975 0.000336781 -645.95 5702.76 399.947 400.214 872.007 890.642 2371390000.0
597 -0.00965 0.000336734 -646.041 5702.92 399.903 400.191 913.798 935.554 2371100000.0
596 -0.00955 0.000336673 -646.16 5703.13 399.844 400.161 981.463 1015.86 2370780000.0
595 -0.00945 0.000336638 -646.223 5703.15 399.804 400.154 1008.83 1037.41 2370570000.0
594 -0.00935 0.000336582 -646.336 5703.45 399.759 400.126 1066.47 1091.18 2370210000.0
593 -0.00925 0.000336541 -646.411 5703.83 399.737 400.11 1123.16 1113.06 2369910000.0
592 -0.00915 0.000336479 -646.535 5703.89 399.667 400.084 1177.18 1172.89 2369570000.0
591 -0.00905 0.000336413 -646.654 5704.07 399.602 400.051 1240.38 1233.95 2369170000.0
590 -0.00895 0.000336342 -646.803 5704.3 399.534 400.024 1309.55 1295.78 2368800000.0
589 -0.00885 0.000336266 -646.941 5704.63 399.467 399.99 1390.23 1375.03 2368390000.0
588 -0.00875 0.000336195 -647.079 5704.88 399.4 399.96 1465.3 1441.82 2367980000.0
587 -0.00865 0.000336115 -647.228 5705.24 399.329 399.927 1544.25 1504.39 2367570000.0
586 -0.00855 0.000336043 -647.376 5705.68 399.275 399.894 1628.77 1560.06 2367090000.0
585 -0.00845 0.000335941 -647.565 5705.83 399.164 399.851 1717.3 1666.08 2366580000.0
584 -0.00835 0.000335851 -647.747 5705.96 399.066 399.814 1796.64 1735.39 2366090000.0
583 -0.00825 0.000335733 -647.969 5706.45 398.96 399.762 1920.76 1854.78 2365540000.0
582 -0.00815 0.000335616 -648.193 5706.87 398.85 399.717 2036.4 1964.66 2364990000.0
581 -0.00805 0.000335515 -648.388 5707.35 398.765 399.667 2146.28 2027.77 2364340000.0
580 -0.00795 0.00033539 -648.63 5707.62 398.635 399.615 2258.56 2136.84 2363700000.0
579 -0.00785 0.000335249 -648.904 5707.89 398.486 399.554 2386.68 2258.6 2363000000.0
578 -0.00775 0.000335136 -649.121 5708.31 398.381 399.508 2500.33 2339.84 2362340000.0
577 -0.00765 0.000334985 -649.406 5708.58 398.221 399.444 2634.92 2467.97 2361540000.0
576 -0.00755 0.000334829 -649.712 5708.64 398.039 399.373 2759.78 2582.68 2360700000.0
575 -0.00745 0.000334678 -650.009 5709.17 397.897 399.314 2907.35 2692.34 2359950000.0
574 -0.00735 0.000334503 -650.347 5709.64 397.72 399.234 3076.19 2832.36 2358990000.0
573 -0.00725 0.00033433 -650.685 5710.1 397.547 399.157 3240.25 2951.16 2358030000.0
572 -0.00715 0.000334123 -651.087 5710.73 397.345 399.074 3442.25 3121.59 2357100000.0
571 -0.00705 0.000333901 -651.518 5711.41 397.128 398.977 3654.67 3300.59 2356030000.0
570 -0.00695 0.000333675 -651.958 5711.96 396.898 398.875 3869.13 3470.59 2354890000.0
569 -0.00685 0.000333452 -652.394 5712.47 396.669 398.778 4073.05 3607.59 2353720000.0
568 -0.00675 0.000333197 -652.896 5712.8 396.388 398.669 4296.26 3792.16 2352470000.0
567 -0.00665 0.000332932 -653.426 5713.43 396.116 398.555 4538.66 3972.65 2351170000.0
566 -0.00655 0.000332639 -653.985 5713.93 395.802 398.421 4801.76 4194.23 2349710000.0
565 -0.00645 0.000332328 -654.607 5714.52 395.474 398.288 5079.73 4403.03 2348200000.0
564 -0.00635 0.000331999 -655.248 5715.32 395.136 398.142 5394.97 4645.62 2346590000.0
563 -0.00625 0.000331658 -655.928 5715.78 394.762 397.992 5688.54 4871.55 2344890000.0
562 -0.00615 0.000331303 -656.63 5716.38 394.382 397.835 6001.0 5080.35 2343060000.0
561 -0.00605 0.000330923 -657.385 5716.96 393.969 397.671 6340.37 5327.12 2341220000.0
560 -0.00595 0.000330514 -658.19 5717.52 393.521 397.485 6699.85 5587.8 2339150000.0
559 -0.00585 0.000330075 -659.07 5718.23 393.047 397.292 7089.32 5868.37 2337040000.0
558 -0.00575 0.000329602 -660.022 5718.91 392.53 397.082 7507.85 6198.15 2334800000.0
557 -0.00565 0.000329076 -661.069 5719.75 391.961 396.846 7974.15 6566.47 2332360000.0
556 -0.00555 0.000328546 -662.139 5720.48 391.38 396.609 8451.19 6935.44 2329830000.0
555 -0.00545 0.000327967 -663.311 5721.55 390.763 396.35 8978.11 7323.49 2327160000.0
554 -0.00535 0.000327388 -664.482 5722.48 390.137 396.089 9498.0 7669.98 2324380000.0
553 -0.00525 0.000326748 -665.78 5723.15 389.419 395.797 10055.7 8099.04 2321330000.0
552 -0.00515 0.000326082 -667.148 5723.86 388.674 395.496 10642.5 8516.66 2318160000.0
551 -0.00505 0.000325357 -668.631 5724.72 387.868 395.161 11279.2 8987.37 2314780000.0
550 -0.00495 0.000324595 -670.201 5725.84 387.035 394.821 11965.6 9486.16 2311300000.0
549 -0.00485 0.000323775 -671.898 5726.59 386.109 394.44 12678.5 10032.9 2307520000.0
548 -0.00475 0.000322924 -673.666 5727.55 385.158 394.044 13440.1 10580.3 2303500000.0
547 -0.00465 0.000322012 -675.578 5728.38 384.126 393.621 14237.3 11167.8 2299320000.0
546 -0.00455 0.00032105 -677.604 5729.36 383.044 393.17 15096.1 11802.1 2294870000.0
545 -0.00445 0.000320028 -679.766 5730.41 381.894 392.691 16005.4 12463.7 2290160000.0
544 -0.00435 0.000318918 -682.133 5731.47 380.64 392.165 17002.6 13243.2 2285170000.0
543 -0.00425 0.000317779 -684.575 5732.18 379.328 391.619 17995.7 13971.9 2279820000.0
542 -0.00415 0.000316573 -687.189 5733.19 377.954 391.043 19074.8 14784.4 2274280000.0
541 -0.00405 0.000315287 -689.984 5734.17 376.484 390.42 20222.6 15666.3 2268440000.0
540 -0.00395 0.000313935 -692.959 5735.25 374.94 389.764 21453.2 16603.8 2262310000.0
539 -0.00385 0.000312508 -696.127 5736.23 373.299 389.059 22735.3 17595.4 2255750000.0
538 -0.00375 0.000311017 -699.467 5736.89 371.561 388.321 24071.5 18620.2 2248860000.0
537 -0.00365 0.000309437 -703.035 5737.96 369.742 387.531 25509.6 19742.7 2241690000.0
536 -0.00355 0.000307772 -706.838 5738.75 367.804 386.687 27030.3 20941.1 2234010000.0
535 -0.00345 0.000306032 -710.856 5739.54 365.775 385.798 28618.3 22195.3 2226020000.0
534 -0.00335 0.000304189 -715.158 5740.38 363.626 384.844 30322.3 23578.9 2217550000.0
533 -0.00325 0.000302274 -719.693 5740.72 361.358 383.843 32072.3 25005.1 2208710000.0
532 -0.00315 0.000300257 -724.531 5741.5 358.995 382.776 33963.3 26568.2 2199420000.0
531 -0.00305 0.000298136 -729.681 5741.95 356.487 381.637 35949.6 28261.9 2189630000.0
530 -0.00295 0.000295932 -735.112 5742.18 353.866 380.438 38021.2 30040.7 2179430000.0
529 -0.00285 0.000293638 -740.865 5742.35 351.133 379.17 40202.4 31933.6 2168740000.0
528 -0.00275 0.000291245 -746.95 5742.33 348.271 377.832 42483.0 33938.9 2157590000.0
527 -0.00265 0.000288766 -753.359 5742.01 345.286 376.411 44867.2 36066.1 2145860000.0
526 -0.00255 0.000286181 -760.169 5741.66 342.175 374.913 47386.6 38337.1 2133750000.0
525 -0.00245 0.000283504 -767.348 5740.89 338.928 373.334 50004.7 40755.0 2121070000.0
524 -0.00235 0.000280717 -774.958 5739.92 335.54 371.661 52758.9 43361.5 2107930000.0
523 -0.00225 0.000277837 -782.991 5738.88 332.038 369.895 55645.6 46125.2 2094290000.0
522 -0.00215 0.000274887 -791.402 5737.08 328.409 368.05 58613.1 49008.4 2080100000.0
521 -0.00205 0.000271835 -800.281 5735.05 324.648 366.097 61719.7 52094.1 2065430000.0
520 -0.00195 0.000268692 -809.649 5732.72 320.764 364.043 64961.0 55377.6 2050310000.0
519 -0.00185 0.000265469 -819.47 5729.61 316.744 361.889 68303.3 58844.0 2034690000.0
518 -0.00175 0.000262186 -829.734 5725.91 312.625 359.641 71737.1 62456.1 2018610000.0
517 -0.00165 0.000258792 -840.622 5721.73 308.354 357.257 75338.6 66366.3 2002030000.0
516 -0.00155 0.000255357 -851.92 5716.96 304.006 354.778 79028.6 70395.6 1985050000.0
515 -0.00145 0.000251854 -863.778 5711.45 299.547 352.192 82825.7 74657.4 1967730000.0
514 -0.00135 0.000248296 -876.145 5704.95 294.979 349.483 86711.8 79093.2 1949960000.0
513 -0.00125 0.000244691 -889.069 5697.56 290.32 346.663 90696.7 83738.2 1931880000.0
512 -0.00115 0.000241046 -902.505 5689.27 285.579 343.727 94757.5 88560.6 1913480000.0
511 -0.00105 0.000237364 -916.504 5679.84 280.751 340.671 98900.9 93597.9 1894810000.0
510 -0.00095 0.000233642 -931.105 5669.44 275.843 337.49 103132.0 98850.0 1875930000.0
509 -0.00085 0.000229907 -946.237 5657.42 270.857 334.191 107393.0 104265.0 1856780000.0
508 -0.00075 0.000226162 -961.906 5644.42 265.833 330.776 111709.0 109828.0 1837530000.0
507 -0.00065 0.000222405 -978.137 5629.87 260.743 327.234 116052.0 115571.0 1818080000.0
506 -0.00055 0.000218668 -994.866 5613.85 255.632 323.594 120408.0 121420.0 1798620000.0
505 -0.00045 0.000214933 -1012.16 5596.21 250.477 319.831 124769.0 127404.0 1779090000.0
504 -0.00035 0.00021121 -1030.0 5576.8 245.284 315.951 129117.0 133509.0 1759560000.0
503 -0.00025 0.000207527 -1048.28 5555.8 240.1 311.978 133431.0 139657.0 1740100000.0
502 -0.00015 0.000203878 -1067.04 5532.96 234.908 307.894 137696.0 145858.0 1720690000.0
501 -5e-05 0.000200242 -1086.41 5508.16 229.685 303.68 141931.0 152171.0 1701370000.0
500 5e-05 0.000196658 -1106.22 5481.19 224.469 299.382 146084.0 158502.0 1682280000.0
499 0.00015 0.000193112 -1126.53 5452.16 219.254 294.962 150150.0 164837.0 1663240000.0
498 0.00025 0.000189629 -1147.21 5421.21 214.077 290.47 154107.0 171117.0 1644540000.0
497 0.00035 0.00018621 -1168.29 5387.96 208.928 285.895 157929.0 177322.0 1625980000.0
496 0.00045 0.00018286 -1189.68 5352.67 203.826 281.246 161607.0 183409.0 1607650000.0
495 0.00055 0.00017958 -1211.42 5315.04 198.763 276.531 165126.0 189392.0 1589630000.0
494 0.00065 0.000176365 -1233.5 5274.92 193.73 271.733 168465.0 195225.0 1571730000.0
493 0.00075 0.000173226 -1255.84 5232.63 188.757 266.885 171621.0 200888.0 1554170000.0
492 0.00085 0.000170166 -1278.43 5188.06 183.843 261.982 174583.0 206338.0 1536790000.0
491 0.00095 0.00016718 -1301.27 5141.09 178.982 257.025 177333.0 211582.0 1519640000.0
490 0.00105 0.000164278 -1324.26 5091.86 174.191 252.038 179858.0 216571.0 1502710000.0
489 0.00115 0.000161451 -1347.43 5040.67 169.472 247.005 182175.0 221291.0 1485990000.0
488 0.00125 0.000158706 -1370.74 4987.09 164.82 241.95 184258.0 225752.0 1469510000.0
487 0.00135 0.00015606 -1393.99 4931.44 160.264 236.908 186061.0 229828.0 1453050000.0
486 0.00145 0.00015348 -1417.42 4873.94 155.776 231.826 187665.0 233648.0 1436870000.0
485 0.00155 0.000150991 -1440.79 4814.32 151.375 226.754 188993.0 237101.0 1420670000.0
484 0.00165 0.000148577 -1464.18 4752.62 147.046 221.679 190070.0 240230.0 1404570000.0
483 0.00175 0.000146246 -1487.53 4689.25 142.809 216.615 190901.0 242999.0 1388500000.0
482 0.00185 0.000144 -1510.74 4624.06 138.661 211.579 191463.0 245387.0 1372360000.0
481 0.00195 0.000141829 -1533.86 4557.57 134.607 206.565 191805.0 247429.0 1356330000.0
480 0.00205 0.000139733 -1556.85 4489.22 130.63 201.575 191872.0 249098.0 1340100000.0
479 0.00215 0.000137714 -1579.68 4419.7 126.748 196.622 191717.0 250404.0 1323860000.0
478 0.00225 0.00013577 -1602.3 4348.74 122.952 191.715 191312.0 251349.0 1307480000.0
477 0.00235 0.000133902 -1624.66 4277.07 119.263 186.866 190697.0 251925.0 1290990000.0
476 0.00245 0.000132101 -1646.8 4204.05 115.649 182.062 189842.0 252154.0 1274310000.0
475 0.00255 0.000130371 -1668.67 4130.55 112.139 177.32 188802.0 252046.0 1257550000.0
474 0.00265 0.000128704 -1690.26 4056.16 108.712 172.633 187551.0 251610.0 1240580000.0
473 0.00275 0.000127104 -1711.54 3981.24 105.377 168.017 186105.0 250849.0 1223410000.0
472 0.00285 0.000125567 -1732.5 3905.74 102.129 163.471 184472.0 249781.0 1206020000.0
471 0.00295 0.000124083 -1753.22 3829.81 98.9596 158.974 182679.0 248432.0 1188490000.0
470 0.00305 0.000122663 -1773.51 3754.03 95.8916 154.575 180733.0 246794.0 1170780000.0
469 0.00315 0.000121305 -1793.38 3678.13 92.9127 150.263 178628.0 244886.0 1152840000.0
468 0.00325 0.000119998 -1812.89 3602.18 90.0141 146.028 176377.0 242717.0 1134610000.0
467 0.00335 0.000118744 -1832.04 3526.46 87.2009 141.876 174011.0 240335.0 1116320000.0
466 0.00345 0.000117539 -1850.84 3450.96 84.4681 137.797 171533.0 237726.0 1097840000.0
465 0.00355 0.000116383 -1869.22 3375.64 81.8119 133.806 168927.0 234901.0 1079080000.0
464 0.00365 0.000115278 -1887.11 3301.0 79.243 129.924 166240.0 231921.0 1060290000.0
463 0.00375 0.000114218 -1904.63 3226.93 76.7528 126.124 163465.0 228748.0 1041290000.0
462 0.00385 0.000113198 -1921.81 3153.4 74.334 122.396 160628.0 225432.0 1022260000.0
461 0.00395 0.000112219 -1938.56 3080.94 71.9977 118.763 157741.0 221982.0 1003210000.0
460 0.00405 0.000111286 -1954.83 3009.29 69.7391 115.233 154798.0 218407.0 984041000.0
459 0.00415 0.000110387 -1970.72 2938.36 67.5448 111.779 151792.0 214704.0 964711000.0
458 0.00425 0.000109527 -1986.23 2868.21 65.4184 108.416 148757.0 210933.0 945460000.0
457 0.00435 0.000108698 -2001.36 2798.98 63.3567 105.133 145684.0 207062.0 926131000.0
456 0.00445 0.000107906 -2016.07 2731.01 61.3673 101.941 142608.0 203132.0 906891000.0
455 0.00455 0.000107146 -2030.36 2664.22 59.4448 98.841 139521.0 199150.0 887709000.0
454 0.00465 0.000106422 -2044.18 2598.76 57.5926 95.8401 136433.0 195128.0 868562000.0
453 0.00475 0.000105719 -2057.74 2534.08 55.7885 92.8984 133334.0 191063.0 849509000.0
452 0.00485 0.000105048 -2070.92 2470.31 54.0392 90.037 130219.0 186957.0 830392000.0
451 0.00495 0.000104407 -2083.6 2408.41 52.3636 87.2837 127153.0 182877.0 811616000.0
450 0.00505 0.00010379 -2096.01 2347.35 50.7346 84.5922 124086.0 178772.0 792869000.0
449 0.00515 0.000103202 -2107.95 2287.96 49.1709 82.0001 121057.0 174681.0 774300000.0
448 0.00525 0.000102634 -2119.64 2229.46 47.6497 79.4644 118041.0 170593.0 755918000.0
447 0.00535 0.000102089 -2130.93 2172.37 46.1831 77.0133 115060.0 166534.0 737746000.0
446 0.00545 0.000101566 -2141.92 2116.4 44.7626 74.6279 112101.0 162480.0 719677000.0
445 0.00555 0.000101063 -2152.55 2061.91 43.3942 72.3202 109191.0 158471.0 701914000.0
444 0.00565 0.000100585 -2162.8 2008.87 42.0781 70.0955 106330.0 154511.0 684403000.0
443 0.00575 0.000100123 -2172.8 1956.71 40.7971 67.9269 103490.0 150585.0 667098000.0
442 0.00585 9.96808e-05 -2182.42 1906.16 39.5677 65.8364 100705.0 146703.0 649996000.0
441 0.00595 9.92588e-05 -2191.7 1857.13 38.3867 63.8229 97988.4 142899.0 633318000.0
440 0.00605 9.8851e-05 -2200.74 1808.95 37.2373 61.8609 95293.0 139127.0 616772000.0
439 0.00615 9.84631e-05 -2209.41 1762.61 36.141 59.9784 92683.4 135438.0 600663000.0
438 0.00625 9.80855e-05 -2217.9 1716.92 35.0691 58.1344 90089.0 131779.0 584706000.0
437 0.00635 9.77272e-05 -2226.06 1672.65 34.0401 56.3641 87558.1 128198.0 569060000.0
436 0.00645 9.73777e-05 -2234.03 1629.24 33.038 54.6333 85060.4 124657.0 553638000.0
435 0.00655 9.70451e-05 -2241.7 1587.4 32.0797 52.9702 82639.5 121202.0 538646000.0
434 0.00665 9.67242e-05 -2249.12 1546.51 31.15 51.3589 80253.4 117803.0 523822000.0
433 0.00675 9.64181e-05 -2256.27 1506.97 30.2574 49.8067 77940.3 114492.0 509447000.0
432 0.00685 9.61209e-05 -2263.24 1468.17 29.3876 48.2947 75653.8 111229.0 495237000.0
431 0.00695 9.58374e-05 -2269.93 1430.79 28.5549 46.8399 73437.3 108044.0 481392000.0
430 0.00705 9.55691e-05 -2276.33 1394.92 27.761 45.4526 71304.8 104965.0 467994000.0
429 0.00715 9.53043e-05 -2282.64 1359.34 26.9781 44.0833 69175.5 101907.0 454687000.0
428 0.00725 9.50536e-05 -2288.65 1325.23 26.2318 42.7785 67128.0 98956.2 441817000.0
427 0.00735 9.48136e-05 -2294.45 1292.19 25.5134 41.518 65134.5 96073.6 429257000.0
426 0.00745 9.45826e-05 -2300.06 1260.17 24.8204 40.3014 63193.4 93261.9 416985000.0
425 0.00755 9.43592e-05 -2305.51 1229.13 24.1519 39.1191 61308.7 90511.1 405063000.0
424 0.00765 9.41413e-05 -2310.85 1198.41 23.4939 37.9585 59433.9 87796.5 393242000.0
423 0.00775 9.39328e-05 -2315.92 1169.14 22.8693 36.8561 57637.9 85181.7 381831000.0
422 0.00785 9.37352e-05 -2320.86 1140.54 22.2629 35.7851 55881.6 82628.3 370694000.0
421 0.00795 9.35434e-05 -2325.6 1113.02 21.6814 34.7549 54183.6 80148.6 359865000.0
420 0.00805 9.33587e-05 -2330.21 1086.16 21.1164 33.7558 52522.4 77728.3 349288000.0
419 0.00815 9.3183e-05 -2334.61 1060.46 20.5778 32.7998 50927.4 75391.6 339076000.0
418 0.00825 9.30137e-05 -2338.85 1035.63 20.0595 31.8795 49379.5 73119.1 329122000.0
417 0.00835 9.28484e-05 -2343.02 1011.11 19.5499 30.9754 47854.3 70891.0 319386000.0
416 0.00845 9.26891e-05 -2347.03 987.528 19.0611 30.1041 46377.7 68722.8 309911000.0
415 0.00855 9.25386e-05 -2350.86 964.77 18.5916 29.2724 44947.6 66629.3 300676000.0
414 0.00865 9.23923e-05 -2354.59 942.591 18.1355 28.4631 43554.7 64593.4 291728000.0
413 0.00875 9.22499e-05 -2358.19 921.112 17.6949 27.6801 42199.2 62607.8 282985000.0
412 0.00885 9.21146e-05 -2361.68 900.366 17.271 26.9231 40889.5 60677.8 274516000.0
411 0.00895 9.19855e-05 -2365.01 880.486 16.866 26.2006 39631.9 58824.2 266359000.0
410 0.00905 9.18591e-05 -2368.25 861.085 16.4717 25.4977 38399.9 57010.0 258360000.0
409 0.00915 9.17375e-05 -2371.38 842.286 16.0907 24.8172 37205.2 55247.5 250595000.0
408 0.00925 9.16211e-05 -2374.38 824.177 15.7248 24.1656 36052.5 53552.0 243104000.0
407 0.00935 9.15094e-05 -2377.31 806.531 15.3694 23.5305 34926.3 51889.7 235755000.0
406 0.00945 9.14016e-05 -2380.11 789.639 15.0297 22.9232 33845.9 50291.7 228694000.0
405 0.00955 9.12963e-05 -2382.85 773.035 14.6968 22.3274 32785.1 48725.6 221782000.0
404 0.00965 9.11961e-05 -2385.47 757.091 14.3778 21.7583 31760.1 47213.6 215060000.0
403 0.00975 9.10975e-05 -2388.03 741.503 14.0666 21.202 30759.3 45738.8 208530000.0
402 0.00985 9.10059e-05 -2390.47 726.669 13.7713 20.673 29807.4 44326.1 202280000.0
401 0.00995 9.09147e-05 -2392.83 712.281 13.4851 20.1596 28879.2 42949.2 196169000.0
400 0.01005 9.08283e-05 -2395.13 698.243 13.2068 19.6625 27973.9 41614.3 190228000.0
399 0.01015 9.07447e-05 -2397.33 684.795 12.9405 19.1836 27106.4 40322.7 184508000.0
398 0.01025 9.06626e-05 -2399.5 671.453 12.6769 18.7123 26242.4 39049.4 178831000.0
397 0.01035 9.05853e-05 -2401.54 658.856 12.4285 18.2681 25427.2 37842.6 173450000.0
396 0.01045 9.05116e-05 -2403.51 646.744 12.1901 17.8409 24642.6 36676.4 168251000.0
395 0.01055 9.0439e-05 -2405.43 634.965 11.9585 17.4254 23876.8 35537.6 163165000.0
394 0.01065 9.03673e-05 -2407.32 623.296 11.7294 17.0139 23119.6 34415.5 158172000.0
393 0.01075 9.03015e-05 -2409.11 612.219 11.5126 16.6272 22399.3 33351.4 153397000.0
392 0.01085 9.02373e-05 -2410.83 601.502 11.303 16.2514 21701.4 32313.6 148755000.0
391 0.01095 9.01729e-05 -2412.51 591.096 11.0995 15.8871 21023.4 31308.1 144252000.0
390 0.01105 9.0113e-05 -2414.13 581.044 10.9035 15.5364 20367.0 30334.5 139879000.0
389 0.01115 9.0055e-05 -2415.69 571.363 10.7149 15.1976 19735.5 29393.1 135667000.0
388 0.01125 8.99973e-05 -2417.23 561.809 10.529 14.8645 19111.2 28468.8 131524000.0
387 0.01135 8.99435e-05 -2418.7 552.628 10.3508 14.5431 18510.4 27572.2 127516000.0
386 0.01145 8.98899e-05 -2420.12 543.772 10.1788 14.2357 17932.1 26716.3 123670000.0
385 0.01155 8.98379e-05 -2421.52 535.094 10.0106 13.9313 17363.4 25867.1 119883000.0
384 0.01165 8.97896e-05 -2422.84 526.848 9.85103 13.6453 16822.7 25064.1 116265000.0
383 0.01175 8.97415e-05 -2424.11 518.811 9.69555 13.3682 16294.5 24283.1 112732000.0
382 0.01185 8.96971e-05 -2425.34 511.093 9.54658 13.1017 15788.3 23531.5 109338000.0
381 0.01195 8.96527e-05 -2426.52 503.688 9.40361 12.8466 15302.3 22810.8 106078000.0
380 0.01205 8.96116e-05 -2427.67 496.471 9.26463 12.5968 14827.1 22102.1 102881000.0
379 0.01215 8.9569e-05 -2428.79 489.419 9.12869 12.352 14364.4 21411.7 99784800.0
378 0.01225 8.95294e-05 -2429.86 482.712 8.9996 12.1196 13921.3 20747.7 96781500.0
377 0.01235 8.94916e-05 -2430.9 476.212 8.87467 11.8949 13494.6 20110.4 93914800.0
376 0.01245 8.94544e-05 -2431.91 469.876 8.75296 11.676 13076.5 19486.6 91093900.0
375 0.01255 8.94187e-05 -2432.86 463.9 8.63819 11.4688 12682.9 18893.0 88420900.0
374 0.01265 8.93837e-05 -2433.83 457.825 8.52173 11.2586 12281.5 18294.9 85727400.0
373 0.01275 8.93492e-05 -2434.76 451.902 8.40825 11.0554 11891.2 17717.9 83117400.0
372 0.01285 8.93175e-05 -2435.64 446.423 8.30333 10.8666 11529.7 17176.1 80668200.0
371 0.01295 8.92875e-05 -2436.45 441.214 8.20371 10.6896 11185.1 16663.2 78313800.0
370 0.01305 8.92584e-05 -2437.27 435.975 8.10365 10.5106 10837.9 16147.0 75961400.0
369 0.01315 8.92283e-05 -2438.08 430.823 8.00518 10.334 10498.0 15642.1 73675900.0
368 0.01325 8.91989e-05 -2438.87 425.857 7.9103 10.1651 10169.7 15156.0 71461500.0
367 0.01335 8.9173e-05 -2439.59 421.284 7.82309 10.0086 9866.81 14701.0 69388000.0
366 0.01345 8.9147e-05 -2440.3 416.69 7.73552 9.8528 9562.78 14251.0 67327600.0
365 0.01355 8.91211e-05 -2441.0 412.277 7.65137 9.70194 9270.08 13813.9 65338000.0
364 0.01365 8.90965e-05 -2441.69 407.888 7.56783 9.55174 8979.78 13382.6 63382800.0
363 0.01375 8.90721e-05 -2442.34 403.738 7.48878 9.41068 8704.63 12972.9 61506800.0
362 0.01385 8.90498e-05 -2442.97 399.749 7.41293 9.27517 8440.37 12579.2 59709100.0
361 0.01395 8.90264e-05 -2443.57 395.874 7.33915 9.14256 8183.43 12194.9 57959400.0
360 0.01405 8.90068e-05 -2444.15 392.199 7.26941 9.01759 7940.24 11829.9 56295200.0
359 0.01415 8.89855e-05 -2444.74 388.455 7.1983 8.8907 7691.22 11461.7 54606200.0
358 0.01425 8.89651e-05 -2445.27 384.993 7.1325 8.77267 7461.27 11116.8 53032600.0
357 0.01435 8.89456e-05 -2445.81 381.563 7.06741 8.65667 7233.9 10779.6 51487900.0
356 0.01445 8.89266e-05 -2446.34 378.201 7.00364 8.54117 7010.6 10443.9 49965800.0
355 0.01455 8.89078e-05 -2446.85 374.985 6.94263 8.4314 6796.96 10124.2 48509800.0
354 0.01465 8.88913e-05 -2447.33 371.899 6.88421 8.32714 6591.69 9818.33 47105400.0
353 0.01475 8.88733e-05 -2447.8 368.88 6.82695 8.22468 6390.62 9518.77 45728900.0
352 0.01485 8.88568e-05 -2448.25 365.973 6.77187 8.12827 6198.41 9236.62 44418600.0
351 0.01495 8.88419e-05 -2448.67 363.231 6.72001 8.0347 6015.36 8959.73 43151200.0
350 0.01505 8.88258e-05 -2449.1 360.5 6.66829 7.94213 5833.6 8688.53 41907000.0
349 0.01515 8.88121e-05 -2449.51 357.88 6.6188 7.85458 5660.19 8431.28 40718500.0
348 0.01525 8.87971e-05 -2449.92 355.246 6.56897 7.76554 5483.87 8169.78 39515200.0
347 0.01535 8.87826e-05 -2450.31 352.699 6.52081 7.68024 5315.25 7921.44 38371000.0
346 0.01545 8.87685e-05 -2450.69 350.279 6.47504 7.59761 5153.73 7678.62 37263200.0
345 0.01555 8.87548e-05 -2451.05 347.929 6.43061 7.51846 4996.88 7445.61 36188200.0
344 0.01565 8.87434e-05 -2451.4 345.682 6.38826 7.44319 4847.88 7223.7 35165300.0
343 0.01575 8.87307e-05 -2451.74 343.477 6.34661 7.36905 4700.71 7004.75 34152400.0
342 0.01585 8.87192e-05 -2452.07 341.398 6.30738 7.29861 4562.41 6796.94 33199000.0
341 0.01595 8.8707e-05 -2452.39 339.272 6.26724 7.22771 4420.78 6589.12 32235900.0
340 0.01605 8.8696e-05 -2452.71 337.251 6.22913 7.15859 4285.84 6385.84 31310200.0
339 0.01615 8.86849e-05 -2453.0 335.382 6.19383 7.09516 4161.39 6197.9 30446000.0
338 0.01625 8.86753e-05 -2453.29 333.544 6.15921 7.03336 4038.91 6015.22 29603100.0
337 0.01635 8.86642e-05 -2453.57 331.725 6.12485 6.97184 3917.42 5833.47 28764600.0
336 0.01645 8.86555e-05 -2453.83 330.042 6.09319 6.91558 3805.96 5666.75 27995500.0
335 0.01655 8.86462e-05 -2454.11 328.296 6.06031 6.85623 3688.12 5489.85 27176900.0
334 0.01665 8.86362e-05 -2454.35 326.657 6.02939 6.80195 3579.8 5330.45 26437800.0
333 0.01675 8.86275e-05 -2454.6 325.065 5.9994 6.74914 3473.22 5172.92 25697500.0
332 0.01685 8.86188e-05 -2454.84 323.509 5.97011 6.69541 3369.5 5014.24 24978200.0
331 0.01695 8.86106e-05 -2455.08 322.006 5.94182 6.64494 3269.13 4864.96 24288600.0
330 0.01705 8.86017e-05 -2455.3 320.56 5.91453 6.59696 3172.87 4722.4 23622900.0
329 0.01715 8.85938e-05 -2455.52 319.103 5.88713 6.54739 3075.11 4576.19 22950900.0
328 0.01725 8.85867e-05 -2455.73 317.798 5.86259 6.50392 2988.53 4446.51 22348100.0
327 0.01735 8.85801e-05 -2455.93 316.453 5.83735 6.45963 2898.03 4313.64 21721600.0
326 0.01745 8.85722e-05 -2456.12 315.218 5.81403 6.41918 2816.24 4193.17 21155000.0
325 0.01755 8.85663e-05 -2456.31 314.008 5.79135 6.37775 2735.45 4068.92 20586000.0
324 0.01765 8.85588e-05 -2456.49 312.835 5.76922 6.33834 2656.97 3951.07 20038300.0
323 0.01775 8.8553e-05 -2456.67 311.663 5.74722 6.29958 2578.58 3835.3 19498400.0
322 0.01785 8.85466e-05 -2456.84 310.524 5.72581 6.26189 2502.6 3722.9 18969800.0
321 0.01795 8.85405e-05 -2457.01 309.384 5.7044 6.22389 2426.18 3609.71 18442600.0
320 0.01805 8.85346e-05 -2457.18 308.337 5.6847 6.18915 2356.52 3505.96 17960500.0
319 0.01815 8.85284e-05 -2457.35 307.223 5.66378 6.15213 2282.03 3396.83 17450200.0
318 0.01825 8.85231e-05 -2457.49 306.28 5.64606 6.1208 2219.4 3302.69 17011700.0
317 0.01835 8.8518e-05 -2457.64 305.289 5.62746 6.08774 2152.86 3203.93 16550400.0
316 0.01845 8.85114e-05 -2457.79 304.309 5.60898 6.05512 2087.55 3108.08 16103400.0
315 0.01855 8.85078e-05 -2457.93 303.439 5.59272 6.02556 2029.17 3018.58 15691500.0
314 0.01865 8.85027e-05 -2458.07 302.566 5.57631 5.99633 1971.01 2931.27 15285300.0
313 0.01875 8.84983e-05 -2458.19 301.699 5.56005 5.96804 1912.97 2846.17 14881100.0
312 0.01885 8.84936e-05 -2458.32 300.862 5.54434 5.94013 1856.95 2762.72 14490900.0
311 0.01895 8.84895e-05 -2458.44 300.128 5.53054 5.91589 1808.42 2689.07 14145400.0
310 0.01905 8.84845e-05 -2458.56 299.352 5.51593 5.88996 1756.52 2611.77 13783800.0
309 0.01915 8.84806e-05 -2458.67 298.568 5.50125 5.86378 1703.35 2532.31 13408700.0
308 0.01925 8.84773e-05 -2458.8 297.79 5.48671 5.83766 1652.14 2456.31 13063500.0
307 0.01935 8.84716e-05 -2458.92 297.025 5.47225 5.81231 1600.54 2381.1 12708300.0
306 0.01945 8.84686e-05 -2459.01 296.341 5.45947 5.78988 1555.21 2314.13 12395100.0
305 0.01955 8.84645e-05 -2459.12 295.651 5.44651 5.76635 1508.29 2242.88 12063300.0
304 0.01965 8.84613e-05 -2459.23 295.006 5.43444 5.74484 1465.81 2179.28 11771000.0
303 0.01975 8.84574e-05 -2459.32 294.337 5.42187 5.72319 1420.99 2114.67 11461600.0
302 0.01985 8.84539e-05 -2459.41 293.751 5.41085 5.7036 1381.81 2055.17 11182700.0
301 0.01995 8.84509e-05 -2459.5 293.16 5.39979 5.68391 1342.08 1995.51 10903800.0
300 0.02005 8.84475e-05 -2459.6 292.567 5.38865 5.66418 1302.39 1936.57 10628600.0
299 0.02015 8.84445e-05 -2459.68 292.036 5.37869 5.64675 1266.74 1883.54 10374800.0
298 0.02025 8.84416e-05 -2459.76 291.461 5.36793 5.62766 1228.71 1827.08 10111700.0
297 0.02035 8.84391e-05 -2459.84 290.953 5.35843 5.61049 1194.16 1774.25 9865130.0
296 0.02045 8.84361e-05 -2459.92 290.453 5.34903 5.59391 1160.97 1724.81 9634010.0
295 0.02055 8.84334e-05 -2459.99 289.949 5.33958 5.57775 1127.53 1676.31 9401920.0
294 0.02065 8.84311e-05 -2460.07 289.487 5.33093 5.5621 1096.28 1628.5 9178460.0
293 0.02075 8.8428e-05 -2460.14 289.027 5.32229 5.54667 1065.66 1582.34 8962980.0
292 0.02085 8.84263e-05 -2460.2 288.572 5.31381 5.53243 1035.15 1538.97 8751760.0
291 0.02095 8.84223e-05 -2460.28 288.089 5.30466 5.516 1002.6 1490.78 8526200.0
290 0.02105 8.84209e-05 -2460.35 287.629 5.29612 5.50072 972.174 1445.33 8318270.0
289 0.02115 8.8419e-05 -2460.41 287.234 5.28872 5.48738 945.449 1404.55 8127160.0
288 0.02125 8.84165e-05 -2460.47 286.831 5.28115 5.47424 918.491 1364.87 7936360.0
287 0.02135 8.84143e-05 -2460.53 286.429 5.27363 5.4608 891.777 1325.03 7753350.0
286 0.02145 8.84122e-05 -2460.59 286.055 5.26661 5.44846 866.878 1287.64 7576710.0
285 0.02155 8.84106e-05 -2460.64 285.74 5.26072 5.43795 845.303 1254.31 7415740.0
284 0.02165 8.84082e-05 -2460.7 285.358 5.25354 5.42517 820.151 1216.84 7244540.0
283 0.02175 8.84063e-05 -2460.75 284.989 5.24663 5.41324 795.273 1180.97 7070760.0
282 0.02185 8.84048e-05 -2460.8 284.65 5.2403 5.40211 772.601 1147.41 6912970.0
281 0.02195 8.84026e-05 -2460.85 284.353 5.2347 5.39272 752.804 1118.36 6770470.0
280 0.02205 8.84008e-05 -2460.9 284.014 5.22836 5.38152 729.868 1084.56 6609020.0
279 0.02215 8.83987e-05 -2460.94 283.703 5.22251 5.3711 709.181 1053.66 6465160.0
278 0.02225 8.83977e-05 -2460.99 283.395 5.21679 5.36085 688.564 1022.49 6319740.0
277 0.02235 8.83962e-05 -2461.04 283.139 5.21197 5.35218 671.554 996.245 6198210.0
276 0.02245 8.83945e-05 -2461.08 282.818 5.20598 5.34178 650.199 965.314 6050260.0
275 0.02255 8.83927e-05 -2461.12 282.535 5.20065 5.33261 631.022 937.645 5918310.0
274 0.02265 8.83914e-05 -2461.16 282.296 5.19619 5.32455 615.229 913.269 5803900.0
273 0.02275 8.83903e-05 -2461.2 282.063 5.19184 5.31671 599.444 888.85 5689450.0
272 0.02285 8.83886e-05 -2461.24 281.813 5.18713 5.30825 582.869 863.831 5572350.0
271 0.02295 8.83875e-05 -2461.27 281.546 5.18215 5.29942 565.003 837.657 5449320.0
270 0.02305 8.83858e-05 -2461.31 281.311 5.17773 5.29153 549.159 814.09 5338800.0
269 0.02315 8.83847e-05 -2461.35 281.076 5.17334 5.28379 533.676 791.024 5229910.0
268 0.02325 8.8384e-05 -2461.38 280.857 5.16927 5.27691 518.554 768.987 5120920.0
267 0.02335 8.83821e-05 -2461.41 280.64 5.16515 5.26965 504.12 747.643 5020200.0
266 0.02345 8.83806e-05 -2461.44 280.45 5.16157 5.26333 491.732 728.65 4931000.0
265 0.02355 8.838e-05 -2461.47 280.26 5.15804 5.25697 478.565 708.13 4834010.0
264 0.02365 8.83791e-05 -2461.5 280.069 5.15447 5.25079 465.946 689.609 4743700.0
263 0.02375 8.83786e-05 -2461.53 279.881 5.15099 5.24486 453.441 671.226 4655810.0
262 0.02385 8.83772e-05 -2461.56 279.66 5.14684 5.23773 438.556 649.957 4553940.0
261 0.02395 8.83763e-05 -2461.59 279.483 5.14353 5.23204 426.761 632.408 4468600.0
260 0.02405 8.83748e-05 -2461.61 279.32 5.14043 5.22659 415.994 616.085 4392240.0
259 0.02415 8.83745e-05 -2461.64 279.154 5.13736 5.22128 404.674 599.475 4310860.0
258 0.02425 8.83737e-05 -2461.66 278.984 5.13419 5.21551 393.346 582.265 4231560.0
257 0.02435 8.83723e-05 -2461.69 278.825 5.13118 5.21024 382.415 565.958 4151970.0
256 0.02445 8.83722e-05 -2461.71 278.657 5.12809 5.20508 371.64 550.475 4078480.0
255 0.02455 8.83712e-05 -2461.73 278.506 5.12525 5.20001 361.175 534.735 4002500.0
254 0.02465 8.83698e-05 -2461.76 278.355 5.12239 5.19492 351.356 519.795 3933150.0
253 0.02475 8.837e-05 -2461.78 278.205 5.11964 5.1902 341.063 504.852 3860540.0
252 0.02485 8.83685e-05 -2461.79 278.073 5.11712 5.18566 332.637 491.658 3798960.0
251 0.02495 8.83673e-05 -2461.83 277.917 5.11419 5.1806 321.924 476.369 3726080.0
250 0.02505 8.83671e-05 -2461.84 277.796 5.11195 5.17645 313.786 463.833 3667900.0
249 0.02515 8.83666e-05 -2461.86 277.663 5.10947 5.17229 305.145 451.307 3607600.0
248 0.02525 8.83651e-05 -2461.89 277.516 5.10667 5.16744 295.026 436.798 3536480.0
247 0.02535 8.83643e-05 -2461.9 277.398 5.10446 5.16361 287.188 425.462 3482270.0
246 0.02545 8.83643e-05 -2461.92 277.293 5.10253 5.16017 280.129 414.603 3430690.0
245 0.02555 8.83638e-05 -2461.94 277.16 5.10006 5.15596 271.314 401.989 3369830.0
244 0.02565 8.8363e-05 -2461.95 277.068 5.09831 5.1529 264.977 392.359 3322330.0
243 0.02575 8.83632e-05 -2461.97 276.981 5.09672 5.15012 259.277 383.342 3278720.0
242 0.02585 8.83612e-05 -2461.99 276.841 5.09403 5.14527 249.981 369.645 3217010.0
241 0.02595 8.83618e-05 -2462.0 276.744 5.09228 5.1422 243.549 360.35 3172810.0
240 0.02605 8.83601e-05 -2462.02 276.646 5.09037 5.1388 236.472 349.429 3119410.0
239 0.02615 8.83608e-05 -2462.03 276.548 5.08861 5.13582 230.449 340.823 3079580.0
238 0.02625 8.83602e-05 -2462.04 276.449 5.08676 5.13277 223.694 331.477 3030840.0
237 0.02635 8.83591e-05 -2462.06 276.346 5.0848 5.12939 216.464 321.132 2980620.0
236 0.02645 8.83583e-05 -2462.07 276.261 5.0832 5.12653 211.182 312.935 2943690.0
235 0.02655 8.83588e-05 -2462.08 276.188 5.08189 5.124 205.927 304.429 2902820.0
234 0.02665 8.83577e-05 -2462.09 276.115 5.08048 5.12194 201.292 298.186 2869780.0
233 0.02675 8.83577e-05 -2462.11 276.015 5.07864 5.11882 194.491 288.486 2822380.0
232 0.02685 8.83568e-05 -2462.12 275.919 5.07681 5.11562 187.98 279.138 2778520.0
231 0.02695 8.83568e-05 -2462.13 275.841 5.07537 5.11308 182.839 271.86 2744240.0
230 0.02705 8.83557e-05 -2462.15 275.766 5.07394 5.11038 177.882 263.628 2706740.0
229 0.02715 8.8355e-05 -2462.16 275.71 5.07287 5.10843 174.197 257.702 2678840.0
228 0.02725 8.83558e-05 -2462.16 275.646 5.07173 5.10648 169.834 251.337 2647450.0
227 0.02735 8.8355e-05 -2462.17 275.574 5.07035 5.10401 164.852 243.91 2610820.0
226 0.02745 8.83545e-05 -2462.19 275.504 5.06905 5.10166 160.251 236.974 2580050.0
225 0.02755 8.83542e-05 -2462.2 275.44 5.06785 5.09962 155.994 230.759 2549210.0
224 0.02765 8.8354e-05 -2462.2 275.385 5.06683 5.09801 152.339 225.371 2521010.0
223 0.02775 8.83537e-05 -2462.22 275.309 5.06541 5.09549 147.071 218.025 2486530.0
222 0.02785 8.83532e-05 -2462.22 275.256 5.06441 5.09384 143.622 212.953 2461200.0
221 0.02795 8.83527e-05 -2462.23 275.213 5.06359 5.09229 140.763 208.352 2439360.0
220 0.02805 8.83525e-05 -2462.24 275.139 5.06222 5.08998 135.622 201.017 2403260.0
219 0.02815 8.83525e-05 -2462.25 275.083 5.0612 5.08816 132.075 195.603 2378300.0
218 0.02825 8.83525e-05 -2462.26 275.041 5.06042 5.08665 129.286 190.839 2356550.0
217 0.02835 8.83522e-05 -2462.26 274.984 5.05934 5.08473 125.292 185.174 2329470.0
216 0.02845 8.83503e-05 -2462.28 274.917 5.058 5.08234 120.825 178.478 2298680.0
215 0.02855 8.83516e-05 -2462.28 274.875 5.0573 5.08132 118.074 174.686 2278840.0
214 0.02865 8.83505e-05 -2462.29 274.833 5.05647 5.07957 115.274 169.879 2258030.0
213 0.02875 8.83501e-05 -2462.29 274.791 5.05568 5.07835 112.523 165.798 2236810.0
212 0.02885 8.83511e-05 -2462.3 274.736 5.05472 5.07655 108.686 160.26 2211840.0
211 0.02895 8.83505e-05 -2462.31 274.697 5.05398 5.07518 106.036 156.035 2191380.0
210 0.02905 8.83493e-05 -2462.32 274.657 5.05317 5.07381 103.367 152.123 2172820.0
209 0.02915 8.83495e-05 -2462.32 274.612 5.05235 5.07248 100.634 148.02 2151620.0
208 0.02925 8.83494e-05 -2462.33 274.581 5.05177 5.07123 98.1702 144.037 2134580.0
207 0.02935 8.83492e-05 -2462.33 274.538 5.05097 5.06994 95.6112 140.313 2116370.0
206 0.02945 8.83484e-05 -2462.34 274.505 5.05032 5.06897 93.4988 137.383 2099610.0
205 0.02955 8.83494e-05 -2462.34 274.465 5.04963 5.06772 90.5621 133.409 2080140.0
204 0.02965 8.83487e-05 -2462.35 274.429 5.04894 5.06651 88.0642 129.791 2062350.0
203 0.02975 8.83482e-05 -2462.35 274.395 5.04828 5.0653 85.9107 126.411 2046360.0
202 0.02985 8.83487e-05 -2462.36 274.355 5.04758 5.06423 83.2885 122.706 2028150.0
201 0.02995 8.83474e-05 -2462.37 274.32 5.04685 5.06274 80.9842 119.062 2012260.0
200 0.03005 8.83487e-05 -2462.37 274.292 5.04642 5.06202 79.013 116.044 1996870.0
199 0.03015 8.83469e-05 -2462.38 274.263 5.04579 5.06077 77.0598 112.787 1983550.0
198 0.03025 8.83472e-05 -2462.38 274.221 5.04503 5.05956 74.1996 108.981 1962080.0
197 0.03035 8.83477e-05 -2462.38 274.198 5.04463 5.05887 72.6771 106.666 1952150.0
196 0.03045 8.83468e-05 -2462.39 274.163 5.04392 5.0576 70.447 103.355 1936100.0
195 0.03055 8.83475e-05 -2462.39 274.151 5.04375 5.05723 69.5941 102.022 1929200.0
194 0.03065 8.83468e-05 -2462.4 274.109 5.04293 5.05596 66.7957 98.2381 1910480.0
193 0.03075 8.83471e-05 -2462.4 274.087 5.04255 5.0552 65.1933 95.6898 1898020.0
192 0.03085 8.83469e-05 -2462.4 274.077 5.04236 5.05471 64.6561 94.2376 1892150.0
191 0.03095 8.83457e-05 -2462.41 274.048 5.04176 5.05382 62.7973 91.6095 1878580.0
190 0.03105 8.83465e-05 -2462.41 274.021 5.04129 5.05295 60.8683 88.8209 1865430.0
189 0.03115 8.83468e-05 -2462.42 273.994 5.04082 5.0522 58.987 86.4124 1852360.0
188 0.03125 8.83465e-05 -2462.42 273.973 5.04042 5.05163 57.719 84.7107 1842920.0
187 0.03135 8.83459e-05 -2462.43 273.94 5.03978 5.05052 55.3371 81.3396 1827230.0
186 0.03145 8.83467e-05 -2462.42 273.926 5.03956 5.05019 54.5284 80.2668 1820040.0
185 0.03155 8.83457e-05 -2462.43 273.903 5.03908 5.04932 53.0124 77.9706 1809890.0
184 0.03165 8.83463e-05 -2462.43 273.879 5.03868 5.04847 51.3028 75.1679 1797690.0
183 0.03175 8.83455e-05 -2462.44 273.853 5.03815 5.04749 49.5939 72.5394 1785370.0
182 0.03185 8.83451e-05 -2462.44 273.834 5.03778 5.04695 48.435 70.862 1777250.0
181 0.03195 8.83447e-05 -2462.44 273.815 5.03742 5.04638 47.1891 69.2359 1768630.0
180 0.03205 8.83453e-05 -2462.44 273.795 5.03708 5.04568 45.6297 66.754 1756910.0
179 0.03215 8.83452e-05 -2462.45 273.777 5.03674 5.04514 44.5496 65.2616 1749350.0
178 0.03225 8.83446e-05 -2462.45 273.762 5.03644 5.04471 43.6011 63.983 1742200.0
177 0.03235 8.83453e-05 -2462.45 273.748 5.03622 5.04434 42.5485 62.4263 1733950.0
176 0.03245 8.83452e-05 -2462.45 273.723 5.03576 5.04366 40.9343 60.3549 1723170.0
175 0.03255 8.83444e-05 -2462.46 273.706 5.03539 5.04306 39.8153 58.7002 1715450.0
174 0.03265 8.83446e-05 -2462.46 273.692 5.03515 5.04248 38.7866 57.0293 1708190.0
173 0.03275 8.83441e-05 -2462.46 273.668 5.03466 5.04169 37.202 54.8152 1698360.0
172 0.03285 8.83449e-05 -2462.46 273.661 5.0346 5.04158 36.7766 53.9449 1693490.0
171 0.03295 8.83445e-05 -2462.47 273.642 5.03421 5.04089 35.4874 52.1388 1684720.0
170 0.03305 8.83441e-05 -2462.47 273.624 5.03386 5.04033 34.248 50.6227 1677330.0
169 0.03315 8.8344e-05 -2462.47 273.605 5.03352 5.0397 33.1711 49.0086 1669690.0
168 0.03325 8.83441e-05 -2462.47 273.604 5.03349 5.03964 32.6452 48.0906 1664390.0
167 0.03335 8.83443e-05 -2462.47 273.587 5.03319 5.03923 31.86 47.2912 1659780.0
166 0.03345 8.8344e-05 -2462.48 273.575 5.03296 5.03885 31.0343 45.8189 1653980.0
165 0.03355 8.83431e-05 -2462.48 273.563 5.03269 5.03823 30.135 44.2965 1646720.0
164 0.03365 8.83434e-05 -2462.48 273.557 5.03259 5.03797 29.7912 43.5774 1643030.0
163 0.03375 8.83439e-05 -2462.48 273.539 5.03229 5.03751 28.5457 42.0 1635450.0
162 0.03385 8.83437e-05 -2462.48 273.53 5.0321 5.03715 27.8789 41.0253 1630550.0
161 0.03395 8.83438e-05 -2462.49 273.514 5.03182 5.03668 26.9616 39.7316 1624390.0
160 0.03405 8.83428e-05 -2462.49 273.506 5.03161 5.03635 26.3442 38.8143 1619560.0
159 0.03415 8.83438e-05 -2462.49 273.502 5.0316 5.03629 25.9293 38.1789 1616620.0
158 0.03425 8.83429e-05 -2462.49 273.492 5.03137 5.03595 25.5289 37.487 1612530.0
157 0.03435 8.83441e-05 -2462.49 273.485 5.0313 5.03584 25.0022 36.8462 1608910.0
156 0.03445 8.83428e-05 -2462.49 273.477 5.03108 5.03554 24.2803 35.7565 1603130.0
155 0.03455 8.83427e-05 -2462.49 273.463 5.03082 5.03513 23.5813 34.7467 1599240.0
154 0.03465 8.83429e-05 -2462.49 273.46 5.03077 5.03492 23.0382 33.8023 1593660.0
153 0.03475 8.8343e-05 -2462.5 273.448 5.03056 5.03463 22.2517 32.7891 1589530.0
152 0.03485 8.83429e-05 -2462.5 273.431 5.03025 5.03403 21.3823 31.504 1583170.0
151 0.03495 8.83428e-05 -2462.5 273.424 5.03012 5.0339 20.9751 30.8183 1580350.0
150 0.03505 8.83428e-05 -2462.5 273.423 5.03008 5.03377 20.7491 30.4552 1577940.0
149 0.03515 8.83428e-05 -2462.5 273.413 5.02991 5.03347 19.9926 29.3574 1572470.0
148 0.03525 8.83432e-05 -2462.5 273.404 5.02977 5.03323 19.4231 28.5212 1568750.0
147 0.03535 8.83419e-05 -2462.5 273.391 5.02945 5.03273 18.7577 27.6245 1564170.0
146 0.03545 8.83432e-05 -2462.5 273.383 5.02938 5.03258 17.9673 26.64 1559260.0
145 0.03555 8.83428e-05 -2462.51 273.374 5.02919 5.03226 17.5149 25.9475 1555970.0
144 0.03565 8.83434e-05 -2462.51 273.369 5.02914 5.03215 17.0567 25.2317 1552070.0
143 0.03575 8.83425e-05 -2462.51 273.368 5.02906 5.03213 17.1464 25.4732 1552740.0
142 0.03585 8.83429e-05 -2462.5 273.355 5.02884 5.03177 16.217 24.1039 1545960.0
141 0.03595 8.8343e-05 -2462.51 273.351 5.02877 5.03165 15.9295 23.6684 1544110.0
140 0.03605 8.8343e-05 -2462.51 273.343 5.02864 5.03129 15.3978 22.8536 1540800.0
139 0.03615 8.83425e-05 -2462.51 273.337 5.02849 5.0311 14.9778 22.1155 1537220.0
138 0.03625 8.83426e-05 -2462.51 273.327 5.02832 5.03087 14.3467 21.3041 1533060.0
137 0.03635 8.83432e-05 -2462.51 273.327 5.02835 5.03085 14.2636 21.0709 1532270.0
136 0.03645 8.83424e-05 -2462.51 273.322 5.0282 5.03062 14.091 20.7736 1530960.0
135 0.03655 8.83431e-05 -2462.51 273.318 5.02818 5.03067 13.7506 20.3213 1528020.0
134 0.03665 8.83421e-05 -2462.51 273.315 5.02807 5.03049 13.5556 19.9587 1525740.0
133 0.03675 8.83426e-05 -2462.51 273.317 5.02813 5.03058 13.5959 19.8725 1525800.0
132 0.03685 8.83426e-05 -2462.51 273.306 5.02793 5.03023 12.8977 18.9902 1521200.0
131 0.03695 8.8343e-05 -2462.52 273.302 5.02788 5.03003 12.6648 18.6014 1519690.0
130 0.03705 8.83418e-05 -2462.51 273.296 5.02771 5.02984 12.388 18.155 1517380.0
129 0.03715 8.83422e-05 -2462.52 273.294 5.02768 5.02977 12.0588 17.6965 1514910.0
128 0.03725 8.83426e-05 -2462.52 273.29 5.02764 5.02969 11.8699 17.5109 1513450.0
127 0.03735 8.83435e-05 -2462.52 273.285 5.0276 5.02956 11.4921 16.8299 1510820.0
126 0.03745 8.8343e-05 -2462.52 273.281 5.02749 5.0294 11.3257 16.4815 1509110.0
125 0.03755 8.83417e-05 -2462.52 273.28 5.0274 5.02924 11.2703 16.3623 1508170.0
124 0.03765 8.83431e-05 -2462.52 273.272 5.02734 5.02911 10.5873 15.4588 1504160.0
123 0.03775 8.83423e-05 -2462.52 273.266 5.02718 5.02885 10.2189 14.9515 1501710.0
122 0.03785 8.83426e-05 -2462.52 273.263 5.02714 5.02874 10.1309 14.8025 1500880.0
121 0.03795 8.8343e-05 -2462.52 273.267 5.02724 5.02882 10.3095 14.7442 1500630.0
120 0.03805 8.83425e-05 -2462.52 273.259 5.02705 5.02856 9.8473 14.2576 1497790.0
119 0.03815 8.83419e-05 -2462.53 273.25 5.02686 5.0282 9.25653 13.4662 1494410.0
118 0.03825 8.83432e-05 -2462.53 273.247 5.02688 5.02825 8.95463 13.0374 1492270.0
117 0.03835 8.83424e-05 -2462.52 273.24 5.02671 5.02786 8.67624 12.7009 1490170.0
116 0.03845 8.83423e-05 -2462.53 273.239 5.02667 5.02785 8.41352 12.2961 1488340.0
115 0.03855 8.8343e-05 -2462.52 273.239 5.02672 5.02787 8.37405 12.2386 1487830.0
114 0.03865 8.83418e-05 -2462.53 273.235 5.02657 5.02772 8.33709 12.0755 1487210.0
113 0.03875 8.83422e-05 -2462.53 273.232 5.02654 5.02763 8.00777 11.6321 1485330.0
112 0.03885 8.83421e-05 -2462.53 273.224 5.0264 5.02738 7.46739 10.924 1481740.0
111 0.03895 8.83416e-05 -2462.53 273.225 5.02637 5.02731 7.54989 10.9292 1481830.0
110 0.03905 8.83423e-05 -2462.53 273.219 5.02631 5.02727 7.2188 10.5196 1479740.0
109 0.03915 8.83424e-05 -2462.53 273.217 5.02628 5.0271 7.03257 10.2087 1478240.0
108 0.03925 8.83422e-05 -2462.53 273.216 5.02625 5.02707 6.92791 10.032 1477360.0
107 0.03935 8.83417e-05 -2462.53 273.213 5.02616 5.02699 6.77778 9.81229 1475940.0
106 0.03945 8.83419e-05 -2462.53 273.213 5.02619 5.02705 6.7943 9.72911 1476110.0
105 0.03955 8.83417e-05 -2462.53 273.206 5.02604 5.02679 6.46248 9.37743 1474040.0
104 0.03965 8.83432e-05 -2462.53 273.209 5.02618 5.027 6.34874 9.15348 1473000.0
103 0.03975 8.83415e-05 -2462.53 273.207 5.02604 5.02678 6.34986 9.20663 1472910.0
102 0.03985 8.83414e-05 -2462.53 273.202 5.02595 5.02667 6.17605 8.97737 1471350.0
101 0.03995 8.83432e-05 -2462.53 273.202 5.02605 5.02678 6.01357 8.76924 1470610.0
100 0.04005 8.83414e-05 -2462.53 273.197 5.02585 5.02642 5.7121 8.36996 1468320.0
99 0.04015 8.83422e-05 -2462.53 273.191 5.02579 5.0263 5.29317 7.8944 1465850.0
98 0.04025 8.83424e-05 -2462.53 273.187 5.02573 5.02619 5.06279 7.60149 1464520.0
97 0.04035 8.83416e-05 -2462.53 273.189 5.02571 5.02617 5.02962 7.45888 1464080.0
96 0.04045 8.83416e-05 -2462.53 273.182 5.0256 5.026 4.90034 7.29416 1463040.0
95 0.04055 8.83423e-05 -2462.53 273.183 5.02565 5.02614 4.8325 7.17791 1462390.0
94 0.04065 8.83421e-05 -2462.53 273.181 5.02561 5.02593 4.65528 6.86987 1461090.0
93 0.04075 8.83429e-05 -2462.53 273.18 5.02563 5.02605 4.69139 6.85574 1461280.0
92 0.04085 8.83416e-05 -2462.54 273.176 5.02547 5.02573 4.39573 6.4961 1459380.0
91 0.04095 8.83421e-05 -2462.53 273.173 5.02545 5.02572 4.11909 6.05865 1457370.0
90 0.04105 8.83418e-05 -2462.54 273.174 5.02546 5.02571 4.19753 6.12921 1457790.0
89 0.04115 8.83419e-05 -2462.53 273.169 5.02537 5.02555 4.07237 5.98388 1456950.0
88 0.04125 8.83425e-05 -2462.54 273.171 5.02544 5.02569 3.9919 5.8705 1456610.0
87 0.04135 8.83419e-05 -2462.54 273.171 5.02542 5.02567 4.1091 5.90319 1456700.0
86 0.04145 8.83422e-05 -2462.54 273.167 5.02535 5.02553 3.85532 5.63703 1455350.0
85 0.04155 8.83417e-05 -2462.54 273.167 5.02532 5.02542 3.65924 5.38431 1453800.0
84 0.04165 8.83415e-05 -2462.54 273.165 5.02527 5.0254 3.52911 5.23565 1453690.0
83 0.04175 8.83421e-05 -2462.54 273.159 5.02521 5.02527 3.37471 5.02532 1452030.0
82 0.04185 8.83421e-05 -2462.54 273.16 5.02522 5.02534 3.30566 4.92525 1451490.0
81 0.04195 8.83421e-05 -2462.54 273.16 5.02522 5.02525 3.32133 4.91857 1451760.0
80 0.04205 8.83424e-05 -2462.54 273.16 5.02523 5.02524 3.32287 4.8423 1451360.0
79 0.04215 8.83419e-05 -2462.53 273.158 5.02516 5.02522 3.22569 4.72221 1450780.0
78 0.04225 8.83419e-05 -2462.54 273.158 5.02517 5.02527 3.1608 4.5849 1450190.0
77 0.04235 8.83419e-05 -2462.54 273.157 5.02515 5.02519 3.17609 4.66646 1450240.0
76 0.04245 8.83416e-05 -2462.54 273.156 5.02512 5.02512 3.08179 4.48515 1449310.0
75 0.04255 8.83417e-05 -2462.54 273.155 5.0251 5.02512 3.06372 4.47239 1449360.0
74 0.04265 8.83418e-05 -2462.54 273.155 5.02511 5.02504 2.89721 4.26726 1448260.0
73 0.04275 8.83424e-05 -2462.54 273.151 5.02507 5.02507 2.89219 4.32714 1447990.0
72 0.04285 8.83415e-05 -2462.54 273.151 5.02501 5.02492 2.78775 4.06495 1447360.0
71 0.04295 8.83421e-05 -2462.54 273.15 5.02503 5.02498 2.61664 3.92165 1446170.0
70 0.04305 8.83416e-05 -2462.54 273.149 5.02499 5.0249 2.63066 3.91137 1446380.0
69 0.04315 8.83418e-05 -2462.54 273.146 5.02495 5.02484 2.48767 3.73683 1445430.0
68 0.04325 8.83419e-05 -2462.54 273.147 5.02497 5.0249 2.42232 3.65441 1445030.0
67 0.04335 8.83415e-05 -2462.54 273.145 5.0249 5.02478 2.42493 3.63527 1444910.0
66 0.04345 8.83422e-05 -2462.54 273.144 5.02493 5.02482 2.30463 3.489 1444120.0
65 0.04355 8.83416e-05 -2462.54 273.144 5.02489 5.02485 2.29606 3.4763 1444000.0
64 0.04365 8.83416e-05 -2462.54 273.145 5.02492 5.0248 2.3944 3.57326 1444170.0
63 0.04375 8.83423e-05 -2462.54 273.143 5.02492 5.02479 2.22678 3.38663 1443390.0
62 0.04385 8.83415e-05 -2462.54 273.141 5.02484 5.02466 2.23885 3.3323 1443120.0
61 0.04395 8.8342e-05 -2462.54 273.142 5.02488 5.02472 2.02533 3.05771 1441870.0
60 0.04405 8.83417e-05 -2462.54 273.14 5.02483 5.02463 2.02791 3.08754 1441770.0
59 0.04415 8.83414e-05 -2462.54 273.139 5.02478 5.02451 2.03156 3.09387 1441700.0
58 0.04425 8.83422e-05 -2462.54 273.142 5.02489 5.02469 2.07512 3.11138 1441820.0
57 0.04435 8.83418e-05 -2462.54 273.139 5.0248 5.02451 1.93663 2.91714 1441050.0
56 0.04445 8.8342e-05 -2462.54 273.139 5.02482 5.02451 1.9637 2.8994 1441050.0
55 0.04455 8.83416e-05 -2462.54 273.136 5.02474 5.02449 1.77399 2.68013 1440220.0
54 0.04465 8.8342e-05 -2462.54 273.135 5.02475 5.02449 1.8029 2.71381 1439870.0
53 0.04475 8.83417e-05 -2462.54 273.137 5.02477 5.02449 1.78873 2.70939 1439970.0
52 0.04485 8.83418e-05 -2462.54 273.136 5.02476 5.02447 1.80148 2.69288 1439920.0
51 0.04495 8.83416e-05 -2462.54 273.137 5.02477 5.02446 1.67493 2.55291 1439050.0
50 0.04505 8.83411e-05 -2462.54 273.132 5.02463 5.02429 1.613 2.4746 1438650.0
49 0.04515 8.83416e-05 -2462.54 273.134 5.02472 5.02436 1.60258 2.46649 1438600.0
48 0.04525 8.83414e-05 -2462.54 273.133 5.02467 5.02431 1.57169 2.40585 1438260.0
47 0.04535 8.83417e-05 -2462.54 273.132 5.02467 5.02428 1.53589 2.35877 1438060.0
46 0.04545 8.83426e-05 -2462.54 273.129 5.02468 5.02435 1.49424 2.32651 1437790.0
45 0.04555 8.83418e-05 -2462.54 273.132 5.02469 5.02425 1.53571 2.34189 1437830.0
44 0.04565 8.83424e-05 -2462.54 273.131 5.0247 5.02436 1.42796 2.20526 1437230.0
43 0.04575 8.83413e-05 -2462.54 273.132 5.02466 5.02425 1.47777 2.25881 1437740.0
42 0.04585 8.83411e-05 -2462.54 273.128 5.02456 5.02417 1.32502 2.07448 1436450.0
41 0.04595 8.83421e-05 -2462.54 273.128 5.02463 5.02426 1.29313 2.03961 1436520.0
40 0.04605 8.83422e-05 -2462.54 273.13 5.02466 5.02432 1.33233 2.07048 1436580.0
39 0.04615 8.83421e-05 -2462.54 273.127 5.02461 5.02426 1.27845 1.99764 1436200.0
38 0.04625 8.83408e-05 -2462.54 273.126 5.02452 5.02418 1.18178 1.87648 1435770.0
37 0.04635 8.83415e-05 -2462.54 273.127 5.02457 5.02424 1.15759 1.78473 1435430.0
36 0.04645 8.83422e-05 -2462.54 273.127 5.02461 5.02424 1.13042 1.80965 1435340.0
35 0.04655 8.83413e-05 -2462.54 273.125 5.02453 5.02413 1.0918 1.7402 1435070.0
34 0.04665 8.83423e-05 -2462.54 273.127 5.02461 5.0243 1.05672 1.69446 1434860.0
33 0.04675 8.83413e-05 -2462.54 273.123 5.0245 5.0242 1.04499 1.70862 1434820.0
32 0.04685 8.83411e-05 -2462.54 273.125 5.02451 5.02412 1.00972 1.61001 1434320.0
31 0.04695 8.83425e-05 -2462.54 273.122 5.02453 5.02407 0.898234 1.46297 1433690.0
30 0.04705 8.83418e-05 -2462.54 273.125 5.02454 5.02414 0.933743 1.55059 1433960.0
29 0.04715 8.83411e-05 -2462.54 273.122 5.02445 5.02396 0.934765 1.54719 1433690.0
28 0.04725 8.83415e-05 -2462.54 273.123 5.02449 5.02403 0.940936 1.53139 1433710.0
27 0.04735 8.83424e-05 -2462.55 273.123 5.02455 5.02405 0.918614 1.46005 1433560.0
26 0.04745 8.83419e-05 -2462.54 273.121 5.02449 5.02392 0.889719 1.44986 1433360.0
25 0.04755 8.83416e-05 -2462.54 273.124 5.02453 5.02399 0.864915 1.42561 1433400.0
24 0.04765 8.8341e-05 -2462.54 273.122 5.02446 5.02378 0.774698 1.29041 1432720.0
23 0.04775 8.8342e-05 -2462.54 273.12 5.02447 5.02387 0.738023 1.25311 1432420.0
22 0.04785 8.83409e-05 -2462.54 273.117 5.02436 5.02372 0.752626 1.27488 1432370.0
21 0.04795 8.83419e-05 -2462.54 273.121 5.02448 5.02385 0.766005 1.30103 1432650.0
20 0.04805 8.8342e-05 -2462.54 273.122 5.0245 5.02382 0.668141 1.14596 1432030.0
19 0.04815 8.83412e-05 -2462.54 273.117 5.02438 5.0236 0.671196 1.15134 1431970.0
18 0.04825 8.83416e-05 -2462.55 273.118 5.02441 5.02363 0.646388 1.12928 1431660.0
17 0.04835 8.83419e-05 -2462.55 273.119 5.02445 5.02381 0.615995 1.10724 1431810.0
16 0.04845 8.8341e-05 -2462.54 273.116 5.02434 5.02349 0.592522 1.06827 1431370.0
15 0.04855 8.83418e-05 -2462.54 273.116 5.02439 5.02358 0.595563 1.08138 1431430.0
14 0.04865 8.83419e-05 -2462.55 273.12 5.02447 5.02373 0.624963 1.12593 1431660.0
13 0.04875 8.83414e-05 -2462.55 273.118 5.02441 5.02364 0.591438 1.05713 1431340.0
12 0.04885 8.83416e-05 -2462.54 273.117 5.0244 5.02355 0.604673 1.0667 1431340.0
11 0.04895 8.83422e-05 -2462.55 273.118 5.02444 5.02363 0.578046 1.01435 1431360.0
10 0.04905 8.83416e-05 -2462.54 273.114 5.02434 5.02346 0.515026 0.914178 1430800.0
9 0.04915 8.83414e-05 -2462.55 273.117 5.02439 5.02354 0.513119 0.886667 1431040.0
8 0.04925 8.83412e-05 -2462.55 273.116 5.02435 5.02338 0.536699 0.88604 1430810.0
7 0.04935 8.83422e-05 -2462.55 273.119 5.02446 5.02353 0.517403 0.819588 1430990.0
6 0.04945 8.83416e-05 -2462.54 273.114 5.02435 5.02337 0.542837 0.864442 1430720.0
5 0.04955 8.83416e-05 -2462.55 273.116 5.02439 5.02347 0.487138 0.783664 1430840.0
4 0.04965 8.83415e-05 -2462.54 273.116 5.02437 5.02334 0.472822 0.787868 1430470.0
3 0.04975 8.83413e-05 -2462.55 273.117 5.02437 5.02337 0.495807 0.816484 1430730.0
2 0.04985 8.83418e-05 -2462.54 273.115 5.02437 5.02339 0.390656 0.69831 1430140.0
1 0.04995 8.83412e-05 -2462.55 273.113 5.0243 5.02322 0.434923 0.730244 1430250.0
